~o
<STREAMINFO> 1 6
<VECSIZE> 6<NULLD><MFCC><DIAGC>
~h "bg_white_0"
<BEGINHMM>
<NUMSTATES> 5
<STATE> 2
<MEAN> 6
 3.565871e+02 1.251734e+01 6.129132e+00 3.560360e+00 2.185298e+00 1.151334e+00
<VARIANCE> 6
 7.865859e+04 3.216133e+02 9.769249e+01 1.505558e+01 5.981175e+00 2.290048e+00
<GCONST> 3.798425e+01
<STATE> 3
<MEAN> 6
 5.918815e+02 5.477402e+01 2.373807e+01 1.786260e+01 1.710264e+01 1.155286e+01
<VARIANCE> 6
 4.261583e+04 3.335450e+03 1.286746e+03 2.072928e+02 2.965928e+02 1.526049e+02
<GCONST> 5.301382e+01
<STATE> 4
<MEAN> 6
 3.923036e+02 4.631028e+00 4.719798e+00 1.977280e+00 1.955400e+00 1.192819e+00
<VARIANCE> 6
 6.411038e+04 5.789540e+01 7.713090e+01 7.791776e+00 7.971824e+00 4.843337e+00
<GCONST> 3.620635e+01
<TRANSP> 5
 0.000000e+00 1.000000e+00 0.000000e+00 0.000000e+00 0.000000e+00
 0.000000e+00 9.539036e-01 4.609647e-02 0.000000e+00 0.000000e+00
 0.000000e+00 0.000000e+00 9.605424e-01 3.945763e-02 0.000000e+00
 0.000000e+00 0.000000e+00 0.000000e+00 9.564512e-01 4.354884e-02
 0.000000e+00 0.000000e+00 0.000000e+00 0.000000e+00 0.000000e+00
<ENDHMM>
