~o
<STREAMINFO> 1 6
<VECSIZE> 6<NULLD><MFCC><DIAGC>
~h "fp_logo_0"
<BEGINHMM>
<NUMSTATES> 5
<STATE> 2
<MEAN> 6
 1.414138e+02 5.526635e+00 9.533901e-01 9.367040e-01 5.642409e-01 2.635857e-01
<VARIANCE> 6
 6.157169e+02 4.816122e+01 1.089478e+00 1.512708e+00 2.461472e-01 3.019919e-02
<GCONST> 1.692244e+01
<STATE> 3
<MEAN> 6
 1.411559e+02 5.930479e+00 2.003810e+00 1.171249e+00 6.402370e-01 2.740793e-01
<VARIANCE> 6
 6.677075e+02 5.149371e+01 2.035352e+00 1.873055e+00 1.395077e-01 1.130230e-02
<GCONST> 1.635843e+01
<STATE> 4
<MEAN> 6
 1.369726e+02 4.551500e+00 1.266129e+00 7.377548e-01 5.964624e-01 2.491135e-01
<VARIANCE> 6
 5.707521e+02 4.291141e+01 1.285596e+00 2.561671e-01 1.551992e-01 1.609687e-02
<GCONST> 1.403048e+01
<TRANSP> 5
 0.000000e+00 1.000000e+00 0.000000e+00 0.000000e+00 0.000000e+00
 0.000000e+00 2.746092e-09 1.000000e+00 0.000000e+00 0.000000e+00
 0.000000e+00 0.000000e+00 4.128980e-03 9.958710e-01 0.000000e+00
 0.000000e+00 0.000000e+00 0.000000e+00 5.493421e-01 4.506579e-01
 0.000000e+00 0.000000e+00 0.000000e+00 0.000000e+00 0.000000e+00
<ENDHMM>
~h "fp_logo_1"
<BEGINHMM>
<NUMSTATES> 5
<STATE> 2
<MEAN> 6
 1.515950e+02 2.509679e+00 1.227758e+00 6.349959e-01 4.623125e-01 2.585244e-01
<VARIANCE> 6
 2.025105e+02 9.169663e+00 7.902009e-01 2.335614e-01 5.170747e-02 1.203930e-02
<GCONST> 9.482447e+00
<STATE> 3
<MEAN> 6
 1.367580e+02 5.272726e+00 3.325688e+00 2.145856e+00 1.663081e+00 1.043975e+00
<VARIANCE> 6
 8.592432e+02 3.531800e+01 1.069844e+01 3.909778e+00 2.417355e+00 8.952286e-01
<GCONST> 2.585328e+01
<STATE> 4
<MEAN> 6
 1.968569e+02 1.873420e+01 1.474131e+00 1.360978e+00 6.818768e-01 3.104409e-01
<VARIANCE> 6
 1.994824e+03 1.125863e+02 1.203456e+00 3.935716e-01 7.678983e-02 1.968867e-02
<GCONST> 1.610760e+01
<TRANSP> 5
 0.000000e+00 1.000000e+00 0.000000e+00 0.000000e+00 0.000000e+00
 0.000000e+00 9.122342e-01 8.776569e-02 0.000000e+00 0.000000e+00
 0.000000e+00 0.000000e+00 3.853383e-01 6.146617e-01 0.000000e+00
 0.000000e+00 0.000000e+00 0.000000e+00 7.734820e-01 2.265180e-01
 0.000000e+00 0.000000e+00 0.000000e+00 0.000000e+00 0.000000e+00
<ENDHMM>
~h "fp_logo_2"
<BEGINHMM>
<NUMSTATES> 5
<STATE> 2
<MEAN> 6
 1.359357e+02 3.163052e+00 1.949822e+00 7.078710e-01 7.207256e-01 2.648983e-01
<VARIANCE> 6
 2.991588e+02 1.193126e+01 2.020221e+00 1.793355e-01 2.427230e-01 2.173999e-02
<GCONST> 1.294767e+01
<STATE> 3
<MEAN> 6
 3.215674e+02 6.512306e+01 5.491396e+01 2.874097e+01 2.244586e+01 1.125998e+01
<VARIANCE> 6
 2.064421e+04 4.468818e+03 4.463587e+03 7.146905e+02 3.947190e+02 1.017028e+02
<GCONST> 5.494312e+01
<STATE> 4
<MEAN> 6
 1.702076e+02 1.615623e+01 7.219109e+00 6.954806e+00 3.535326e+00 3.100644e+00
<VARIANCE> 6
 8.030835e+02 4.482404e+02 1.063580e+02 7.989035e+01 1.454916e+01 6.980758e+00
<GCONST> 3.748920e+01
<TRANSP> 5
 0.000000e+00 1.000000e+00 0.000000e+00 0.000000e+00 0.000000e+00
 0.000000e+00 8.863903e-01 1.136097e-01 0.000000e+00 0.000000e+00
 0.000000e+00 0.000000e+00 6.077104e-01 3.922896e-01 0.000000e+00
 0.000000e+00 0.000000e+00 0.000000e+00 2.849132e-01 7.150868e-01
 0.000000e+00 0.000000e+00 0.000000e+00 0.000000e+00 0.000000e+00
<ENDHMM>
~h "fp_logo_3"
<BEGINHMM>
<NUMSTATES> 5
<STATE> 2
<MEAN> 6
 2.392374e+02 1.648573e+01 3.888201e+01 9.498313e+00 1.174284e+01 7.338049e+00
<VARIANCE> 6
 1.802670e+04 4.271495e+02 4.455997e+03 2.168615e+02 3.021918e+02 1.305482e+02
<GCONST> 5.124807e+01
<STATE> 3
<MEAN> 6
 3.456781e+02 4.500505e+01 9.884686e+01 1.969870e+01 3.277861e+01 9.863513e+00
<VARIANCE> 6
 2.144222e+04 1.776592e+03 7.869066e+03 3.980926e+02 6.181192e+02 9.483111e+01
<GCONST> 5.441899e+01
<STATE> 4
<MEAN> 6
 1.663893e+02 4.451184e+00 1.167173e+00 1.705798e+00 1.189673e+00 1.507130e+00
<VARIANCE> 6
 5.700369e+02 3.476810e+01 1.028827e+00 1.807418e+00 6.842171e-01 2.445500e+00
<GCONST> 2.205675e+01
<TRANSP> 5
 0.000000e+00 1.000000e+00 0.000000e+00 0.000000e+00 0.000000e+00
 0.000000e+00 4.345680e-07 9.999995e-01 0.000000e+00 0.000000e+00
 0.000000e+00 0.000000e+00 6.927162e-01 3.072838e-01 0.000000e+00
 0.000000e+00 0.000000e+00 0.000000e+00 3.416758e-01 6.583243e-01
 0.000000e+00 0.000000e+00 0.000000e+00 0.000000e+00 0.000000e+00
<ENDHMM>
~h "fp_logo_4"
<BEGINHMM>
<NUMSTATES> 5
<STATE> 2
<MEAN> 6
 1.662262e+02 3.137949e+00 1.491902e+00 5.337605e-01 4.787306e-01 2.539453e-01
<VARIANCE> 6
 3.596415e+02 8.927588e+00 1.366990e+00 1.187223e-01 8.303256e-02 1.129637e-02
<GCONST> 1.031136e+01
<STATE> 3
<MEAN> 6
 2.034808e+02 2.783200e+00 1.842111e+00 5.509988e-01 4.869907e-01 2.277543e-01
<VARIANCE> 6
 1.572404e+02 1.104636e+01 2.214944e+00 8.326703e-02 5.357857e-02 6.822070e-03
<GCONST> 8.882467e+00
<STATE> 4
<MEAN> 6
 2.453030e+02 1.500672e+01 1.219944e+00 5.467227e-01 5.338181e-01 2.286015e-01
<VARIANCE> 6
 6.263756e+02 9.166189e+01 1.533144e+00 1.115205e-01 1.223637e-01 7.724281e-03
<GCONST> 1.325495e+01
<TRANSP> 5
 0.000000e+00 1.000000e+00 0.000000e+00 0.000000e+00 0.000000e+00
 0.000000e+00 8.659444e-01 1.340556e-01 0.000000e+00 0.000000e+00
 0.000000e+00 0.000000e+00 8.211539e-01 1.788460e-01 0.000000e+00
 0.000000e+00 0.000000e+00 0.000000e+00 6.588910e-01 3.411090e-01
 0.000000e+00 0.000000e+00 0.000000e+00 0.000000e+00 0.000000e+00
<ENDHMM>
~h "fp_logo_5"
<BEGINHMM>
<NUMSTATES> 5
<STATE> 2
<MEAN> 6
 2.206032e+02 3.413157e+00 1.014582e+00 4.847170e-01 4.147806e-01 2.157173e-01
<VARIANCE> 6
 4.705008e+02 2.267389e+01 8.636516e-01 3.757978e-02 4.632429e-02 8.290402e-03
<GCONST> 9.009655e+00
<STATE> 3
<MEAN> 6
 2.215961e+02 3.636797e+00 1.379161e+00 3.511151e-01 4.238448e-01 2.915193e-01
<VARIANCE> 6
 5.215520e+02 3.256017e+01 1.296569e+00 2.191701e-02 9.381796e-02 1.399167e-02
<GCONST> 1.057070e+01
<STATE> 4
<MEAN> 6
 2.278901e+02 2.391360e+00 1.641632e+00 3.375261e-01 4.116115e-01 1.983606e-01
<VARIANCE> 6
 2.321504e+02 4.863209e+00 2.069332e+00 3.091921e-02 7.865860e-02 1.026227e-02
<GCONST> 8.185276e+00
<TRANSP> 5
 0.000000e+00 1.000000e+00 0.000000e+00 0.000000e+00 0.000000e+00
 0.000000e+00 4.510022e-02 9.548997e-01 0.000000e+00 0.000000e+00
 0.000000e+00 0.000000e+00 1.486935e-06 9.999986e-01 0.000000e+00
 0.000000e+00 0.000000e+00 0.000000e+00 8.672829e-01 1.327171e-01
 0.000000e+00 0.000000e+00 0.000000e+00 0.000000e+00 0.000000e+00
<ENDHMM>
~h "bg_white_0"
<BEGINHMM>
<NUMSTATES> 5
<STATE> 2
<MEAN> 6
 5.897216e+02 5.900823e+00 1.473493e+01 2.451888e+00 5.103253e+00 9.746746e-01
<VARIANCE> 6
 4.364614e+04 1.486507e+02 1.317343e+03 2.012036e+01 7.472355e+01 2.377757e+00
<GCONST> 4.207779e+01
<STATE> 3
<MEAN> 6
 6.530589e+02 2.975261e+01 6.460812e+01 9.066662e+00 1.782105e+01 4.309526e+00
<VARIANCE> 6
 2.257471e+04 2.017908e+03 4.978677e+03 1.188962e+02 1.880315e+02 3.038288e+01
<GCONST> 5.060333e+01
<STATE> 4
<MEAN> 6
 7.406914e+02 2.880703e+00 6.057498e+00 1.316618e+00 2.172667e+00 4.180557e-01
<VARIANCE> 6
 2.824688e+04 1.618857e+01 4.396457e+01 6.247781e+00 3.981635e+00 1.783905e-01
<GCONST> 2.933383e+01
<TRANSP> 5
 0.000000e+00 1.000000e+00 0.000000e+00 0.000000e+00 0.000000e+00
 0.000000e+00 3.023952e-01 6.976048e-01 0.000000e+00 0.000000e+00
 0.000000e+00 0.000000e+00 3.936215e-01 6.063785e-01 0.000000e+00
 0.000000e+00 0.000000e+00 0.000000e+00 3.112267e-01 6.887733e-01
 0.000000e+00 0.000000e+00 0.000000e+00 0.000000e+00 0.000000e+00
<ENDHMM>
~h "fp_screen_0"
<BEGINHMM>
<NUMSTATES> 5
<STATE> 2
<MEAN> 6
 2.340908e+02 1.637786e+00 1.826024e+00 6.474609e-01 7.016378e-01 2.440639e-01
<VARIANCE> 6
 1.472730e+02 2.095428e+00 3.065029e+00 2.345913e-01 4.287480e-01 1.043407e-02
<GCONST> 1.101989e+01
<STATE> 3
<MEAN> 6
 2.589431e+02 3.117340e+00 3.357055e+01 1.058415e+00 1.349225e+01 5.321508e-01
<VARIANCE> 6
 6.058535e+02 3.550797e+00 8.054161e+02 4.985609e-01 1.047540e+02 1.311899e-01
<GCONST> 2.731691e+01
<STATE> 4
<MEAN> 6
 2.141644e+02 3.839993e+00 1.278022e+01 1.718809e+00 5.808316e+00 7.869359e-01
<VARIANCE> 6
 1.121023e+03 1.589350e+01 4.751950e+02 3.465656e+00 6.659239e+01 9.648210e-01
<GCONST> 3.238457e+01
<TRANSP> 5
 0.000000e+00 1.000000e+00 0.000000e+00 0.000000e+00 0.000000e+00
 0.000000e+00 8.524925e-01 1.475075e-01 0.000000e+00 0.000000e+00
 0.000000e+00 0.000000e+00 1.925933e-02 9.807407e-01 0.000000e+00
 0.000000e+00 0.000000e+00 0.000000e+00 2.844352e-01 7.155648e-01
 0.000000e+00 0.000000e+00 0.000000e+00 0.000000e+00 0.000000e+00
<ENDHMM>
~h "fp_screen_1"
<BEGINHMM>
<NUMSTATES> 5
<STATE> 2
<MEAN> 6
 2.173352e+02 3.045387e+00 1.015205e+01 1.084610e+00 2.656696e+00 4.280594e-01
<VARIANCE> 6
 2.482090e+03 6.204537e+00 1.619064e+02 7.234739e-01 9.988637e+00 1.530152e-01
<GCONST> 2.585696e+01
<STATE> 3
<MEAN> 6
 5.363596e+02 2.412394e+01 4.574380e+01 6.681428e+00 1.097544e+01 2.289879e+00
<VARIANCE> 6
 4.715971e+04 1.061928e+03 2.607059e+03 5.557890e+01 4.815342e+01 5.331217e+00
<GCONST> 4.618816e+01
<STATE> 4
<MEAN> 6
 5.301183e+02 9.989001e+00 4.033219e+00 2.791162e+00 1.659303e+00 6.594185e-01
<VARIANCE> 6
 2.904949e+04 3.956389e+02 2.062108e+01 1.951517e+01 1.685326e+00 6.752737e-01
<GCONST> 3.341135e+01
<TRANSP> 5
 0.000000e+00 1.000000e+00 0.000000e+00 0.000000e+00 0.000000e+00
 0.000000e+00 6.767280e-01 3.232720e-01 0.000000e+00 0.000000e+00
 0.000000e+00 0.000000e+00 3.602525e-01 6.397475e-01 0.000000e+00
 0.000000e+00 0.000000e+00 0.000000e+00 3.517690e-01 6.482310e-01
 0.000000e+00 0.000000e+00 0.000000e+00 0.000000e+00 0.000000e+00
<ENDHMM>
~h "fp_screen_2"
<BEGINHMM>
<NUMSTATES> 5
<STATE> 2
<MEAN> 6
 5.328655e+02 6.691836e+00 3.112307e+00 1.654910e+00 1.191476e+00 6.134695e-01
<VARIANCE> 6
 7.231420e+03 1.360136e+02 6.136463e+00 5.615888e+00 6.325067e-01 6.056349e-01
<GCONST> 2.740651e+01
<STATE> 3
<MEAN> 6
 4.931814e+02 1.096542e+02 2.170155e+01 2.608599e+01 4.140107e+00 2.589489e+00
<VARIANCE> 6
 2.557335e+04 8.564676e+03 1.280927e+03 3.108688e+02 2.880582e+01 2.059243e+01
<GCONST> 4.951218e+01
<STATE> 4
<MEAN> 6
 4.908960e+02 5.447759e+01 1.111942e+01 1.001371e+01 2.611982e+00 5.469537e-01
<VARIANCE> 6
 1.752041e+04 2.819648e+03 4.292006e+02 1.130865e+02 1.229770e+01 1.789209e-01
<GCONST> 4.032143e+01
<TRANSP> 5
 0.000000e+00 1.000000e+00 0.000000e+00 0.000000e+00 0.000000e+00
 0.000000e+00 8.560602e-01 1.439398e-01 0.000000e+00 0.000000e+00
 0.000000e+00 0.000000e+00 7.147660e-01 2.852340e-01 0.000000e+00
 0.000000e+00 0.000000e+00 0.000000e+00 7.432104e-01 2.567896e-01
 0.000000e+00 0.000000e+00 0.000000e+00 0.000000e+00 0.000000e+00
<ENDHMM>
~h "fp_screen_3"
<BEGINHMM>
<NUMSTATES> 5
<STATE> 2
<MEAN> 6
 4.829012e+02 3.313842e+01 1.018272e+01 9.519093e+00 4.849125e+00 3.300252e+00
<VARIANCE> 6
 7.192889e+03 1.081107e+03 2.797782e+02 7.545246e+01 1.766018e+01 7.768950e+00
<GCONST> 4.177280e+01
<STATE> 3
<MEAN> 6
 6.608352e+02 4.700735e+01 3.505476e+01 1.542231e+01 1.381680e+01 5.205148e+00
<VARIANCE> 6
 4.850366e+04 1.512344e+03 2.272656e+03 9.159428e+01 1.730053e+02 1.925722e+01
<GCONST> 4.949535e+01
<STATE> 4
<MEAN> 6
 4.110554e+02 2.677834e+01 4.429292e+00 8.820465e+00 1.832207e+00 7.291780e-01
<VARIANCE> 6
 1.412201e+04 8.077804e+02 2.476290e+01 5.647781e+01 2.055440e+00 4.348472e-01
<GCONST> 3.440797e+01
<TRANSP> 5
 0.000000e+00 1.000000e+00 0.000000e+00 0.000000e+00 0.000000e+00
 0.000000e+00 5.740108e-01 4.259892e-01 0.000000e+00 0.000000e+00
 0.000000e+00 0.000000e+00 5.727804e-01 4.272196e-01 0.000000e+00
 0.000000e+00 0.000000e+00 0.000000e+00 6.791591e-01 3.208409e-01
 0.000000e+00 0.000000e+00 0.000000e+00 0.000000e+00 0.000000e+00
<ENDHMM>
~h "fp_screen_4"
<BEGINHMM>
<NUMSTATES> 5
<STATE> 2
<MEAN> 6
 4.498994e+02 4.363901e+01 8.885411e+00 8.516159e+00 3.235651e+00 1.105538e+00
<VARIANCE> 6
 1.463499e+04 2.241699e+03 2.494097e+02 8.135975e+01 1.602553e+01 9.990658e-01
<GCONST> 4.102465e+01
<STATE> 3
<MEAN> 6
 5.630609e+02 4.881165e+01 3.581250e+01 1.476287e+01 1.072672e+01 4.588574e+00
<VARIANCE> 6
 4.474329e+04 2.523438e+03 2.026079e+03 1.554417e+02 8.249429e+01 2.538891e+01
<GCONST> 4.987650e+01
<STATE> 4
<MEAN> 6
 3.701085e+02 1.035140e+01 4.656663e+00 2.774155e+00 1.492911e+00 6.553143e-01
<VARIANCE> 6
 9.482849e+03 6.967863e+01 2.441529e+01 5.929888e+00 1.035378e+00 4.479120e-01
<GCONST> 2.863522e+01
<TRANSP> 5
 0.000000e+00 1.000000e+00 0.000000e+00 0.000000e+00 0.000000e+00
 0.000000e+00 2.753516e-01 7.246484e-01 0.000000e+00 0.000000e+00
 0.000000e+00 0.000000e+00 5.410160e-01 4.589840e-01 0.000000e+00
 0.000000e+00 0.000000e+00 0.000000e+00 8.519320e-01 1.480680e-01
 0.000000e+00 0.000000e+00 0.000000e+00 0.000000e+00 0.000000e+00
<ENDHMM>
~h "fp_screen_5"
<BEGINHMM>
<NUMSTATES> 5
<STATE> 2
<MEAN> 6
 3.628455e+02 1.137302e+01 1.560854e+01 3.816285e+00 4.595845e+00 1.573835e+00
<VARIANCE> 6
 5.639625e+03 2.349035e+02 3.564061e+02 1.080705e+01 1.750689e+01 2.098519e+00
<GCONST> 3.698411e+01
<STATE> 3
<MEAN> 6
 3.417898e+02 3.473634e+00 6.978592e+00 9.888376e-01 1.465039e+00 4.032422e-01
<VARIANCE> 6
 4.737394e+03 8.994746e+00 8.188193e+01 3.760342e-01 1.347125e+00 7.057856e-02
<GCONST> 2.276129e+01
<STATE> 4
<MEAN> 6
 4.129545e+02 2.381007e+00 2.389211e+00 5.655555e-01 6.028166e-01 3.035692e-01
<VARIANCE> 6
 3.428744e+03 2.812268e+00 2.906548e+00 1.041883e-01 1.934376e-01 1.887090e-02
<GCONST> 1.339368e+01
<TRANSP> 5
 0.000000e+00 1.000000e+00 0.000000e+00 0.000000e+00 0.000000e+00
 0.000000e+00 3.034039e-01 6.965961e-01 0.000000e+00 0.000000e+00
 0.000000e+00 0.000000e+00 9.020958e-01 9.790426e-02 0.000000e+00
 0.000000e+00 0.000000e+00 0.000000e+00 8.406936e-01 1.593064e-01
 0.000000e+00 0.000000e+00 0.000000e+00 0.000000e+00 0.000000e+00
<ENDHMM>
~h "bg_white_0_0"
<BEGINHMM>
<NUMSTATES> 5
<STATE> 2
<MEAN> 6
 8.041763e+02 2.113368e+00 2.650738e+00 1.156015e+00 1.285832e+00 6.103749e-01
<VARIANCE> 6
 2.914619e+03 2.067556e+01 2.731528e+01 7.168739e+00 7.373573e+00 9.650093e-01
<GCONST> 2.927317e+01
<STATE> 3
<MEAN> 6
 7.971263e+02 6.579710e+00 3.505646e+00 3.118379e+00 2.963108e+00 1.853475e+00
<VARIANCE> 6
 3.638592e+03 2.566948e+02 5.230469e+01 4.298318e+01 4.342694e+01 1.773578e+01
<GCONST> 3.913906e+01
<STATE> 4
<MEAN> 6
 8.039039e+02 2.314720e+00 1.226877e+00 7.965785e-01 5.543776e-01 4.668481e-01
<VARIANCE> 6
 7.120588e+02 1.063110e+01 1.730573e+00 1.833671e+00 5.891411e-01 8.102299e-01
<GCONST> 2.037445e+01
<TRANSP> 5
 0.000000e+00 1.000000e+00 0.000000e+00 0.000000e+00 0.000000e+00
 0.000000e+00 1.176825e-02 9.882318e-01 0.000000e+00 0.000000e+00
 0.000000e+00 0.000000e+00 7.508445e-02 9.249156e-01 0.000000e+00
 0.000000e+00 0.000000e+00 0.000000e+00 8.864486e-01 1.135514e-01
 0.000000e+00 0.000000e+00 0.000000e+00 0.000000e+00 0.000000e+00
<ENDHMM>
~h "bg_white_0_1"
<BEGINHMM>
<NUMSTATES> 5
<STATE> 2
<MEAN> 6
 7.910308e+02 4.548817e+00 1.872807e+00 2.526245e+00 1.728992e+00 1.962238e+00
<VARIANCE> 6
 8.749077e+02 3.374821e+01 2.895698e+00 8.136649e+00 2.679187e+00 3.586399e+00
<GCONST> 2.674257e+01
<STATE> 3
<MEAN> 6
 7.154288e+02 6.044324e+01 2.063677e+01 1.762975e+01 1.532544e+01 1.019508e+01
<VARIANCE> 6
 3.022344e+03 1.496515e+03 4.619260e+02 8.536492e+01 9.818275e+01 3.651505e+01
<GCONST> 4.511884e+01
<STATE> 4
<MEAN> 6
 7.705895e+02 2.129390e+01 9.483998e+00 9.382324e+00 5.905238e+00 4.435585e+00
<VARIANCE> 6
 2.589542e+03 5.836202e+02 1.212466e+02 7.199796e+01 3.067916e+01 1.856306e+01
<GCONST> 4.067497e+01
<TRANSP> 5
 0.000000e+00 1.000000e+00 0.000000e+00 0.000000e+00 0.000000e+00
 0.000000e+00 7.719473e-01 2.280528e-01 0.000000e+00 0.000000e+00
 0.000000e+00 0.000000e+00 7.956972e-01 2.043028e-01 0.000000e+00
 0.000000e+00 0.000000e+00 0.000000e+00 1.903065e-01 8.096935e-01
 0.000000e+00 0.000000e+00 0.000000e+00 0.000000e+00 0.000000e+00
<ENDHMM>
~h "bg_white_0_2"
<BEGINHMM>
<NUMSTATES> 5
<STATE> 2
<MEAN> 6
 7.828782e+02 1.154792e+01 4.670514e+00 5.766950e+00 3.984065e+00 3.263895e+00
<VARIANCE> 6
 1.793446e+03 2.185948e+02 4.357794e+01 3.630434e+01 1.885160e+01 8.283533e+00
<GCONST> 3.632373e+01
<STATE> 3
<MEAN> 6
 7.265114e+02 5.302533e+01 1.608713e+01 1.518777e+01 1.365050e+01 9.123789e+00
<VARIANCE> 6
 2.516425e+03 1.183800e+03 2.584009e+02 6.102430e+01 8.847356e+01 3.167544e+01
<GCONST> 4.353837e+01
<STATE> 4
<MEAN> 6
 7.550458e+02 2.579881e+01 8.644535e+00 1.033848e+01 6.425249e+00 3.964167e+00
<VARIANCE> 6
 3.305282e+03 8.702258e+02 9.600562e+01 8.194857e+01 5.246130e+01 1.486708e+01
<GCONST> 4.152901e+01
<TRANSP> 5
 0.000000e+00 1.000000e+00 0.000000e+00 0.000000e+00 0.000000e+00
 0.000000e+00 4.271472e-01 5.728527e-01 0.000000e+00 0.000000e+00
 0.000000e+00 0.000000e+00 7.410535e-01 2.589465e-01 0.000000e+00
 0.000000e+00 0.000000e+00 0.000000e+00 6.764219e-02 9.323578e-01
 0.000000e+00 0.000000e+00 0.000000e+00 0.000000e+00 0.000000e+00
<ENDHMM>
~h "bg_white_0_3"
<BEGINHMM>
<NUMSTATES> 5
<STATE> 2
<MEAN> 6
 7.747686e+02 8.055792e+00 2.529752e+00 3.742137e+00 2.537342e+00 2.271765e+00
<VARIANCE> 6
 1.401204e+03 2.320311e+02 9.185410e+00 2.013787e+01 9.616508e+00 4.309846e+00
<GCONST> 3.266383e+01
<STATE> 3
<MEAN> 6
 6.945372e+02 6.165802e+01 1.664833e+01 1.603132e+01 1.351588e+01 9.456777e+00
<VARIANCE> 6
 3.972513e+03 2.017721e+03 3.150394e+02 8.098381e+01 1.012368e+02 3.733826e+01
<GCONST> 4.530857e+01
<STATE> 4
<MEAN> 6
 7.405331e+02 1.507375e+01 7.506216e+00 7.422815e+00 6.417267e+00 4.421982e+00
<VARIANCE> 6
 5.194742e+03 3.801517e+02 1.023124e+02 5.590508e+01 5.532910e+01 2.012820e+01
<GCONST> 4.119034e+01
<TRANSP> 5
 0.000000e+00 1.000000e+00 0.000000e+00 0.000000e+00 0.000000e+00
 0.000000e+00 7.048036e-01 2.951964e-01 0.000000e+00 0.000000e+00
 0.000000e+00 0.000000e+00 7.321116e-01 2.678884e-01 0.000000e+00
 0.000000e+00 0.000000e+00 0.000000e+00 6.968263e-02 9.303174e-01
 0.000000e+00 0.000000e+00 0.000000e+00 0.000000e+00 0.000000e+00
<ENDHMM>
~h "bg_white_0_4"
<BEGINHMM>
<NUMSTATES> 5
<STATE> 2
<MEAN> 6
 7.436927e+02 8.724207e+00 3.579705e+00 6.727923e+00 2.980285e+00 3.271470e+00
<VARIANCE> 6
 3.366630e+03 1.546756e+02 1.910839e+01 4.104309e+01 1.074789e+01 9.653292e+00
<GCONST> 3.549702e+01
<STATE> 3
<MEAN> 6
 6.528106e+02 5.663190e+01 1.450083e+01 1.829621e+01 8.374936e+00 5.928891e+00
<VARIANCE> 6
 1.467849e+04 2.564072e+03 4.024949e+02 2.218314e+02 7.854749e+01 4.031688e+01
<GCONST> 4.793083e+01
<STATE> 4
<MEAN> 6
 7.661367e+02 2.113864e+00 1.154774e+00 4.809245e-01 3.258824e-01 2.048657e-01
<VARIANCE> 6
 1.785380e+03 5.282222e+00 9.807882e-01 2.212306e-01 7.301867e-02 1.420399e-02
<GCONST> 1.177977e+01
<TRANSP> 5
 0.000000e+00 1.000000e+00 0.000000e+00 0.000000e+00 0.000000e+00
 0.000000e+00 4.489830e-01 5.510170e-01 0.000000e+00 0.000000e+00
 0.000000e+00 0.000000e+00 6.632100e-01 3.367901e-01 0.000000e+00
 0.000000e+00 0.000000e+00 0.000000e+00 9.141266e-01 8.587336e-02
 0.000000e+00 0.000000e+00 0.000000e+00 0.000000e+00 0.000000e+00
<ENDHMM>
~h "bg_white_0_5"
<BEGINHMM>
<NUMSTATES> 5
<STATE> 2
<MEAN> 6
 7.401814e+02 9.870991e+00 2.532663e+00 1.561495e+00 8.793783e-01 3.108236e-01
<VARIANCE> 6
 4.467218e+03 2.997601e+02 7.305022e+00 5.247112e+00 5.542536e-01 3.064943e-02
<GCONST> 2.470573e+01
<STATE> 3
<MEAN> 6
 5.388036e+02 1.341508e+01 4.359029e+01 4.242357e+00 1.154160e+01 1.188230e+00
<VARIANCE> 6
 4.269682e+04 4.039840e+02 4.235017e+03 3.403295e+01 1.977641e+02 1.563405e+00
<GCONST> 4.530293e+01
<STATE> 4
<MEAN> 6
 3.168928e+02 6.051680e+00 3.958061e+00 2.191229e+00 1.465677e+00 6.139270e-01
<VARIANCE> 6
 2.535733e+03 5.273083e+01 1.879067e+01 5.389670e+00 1.539820e+00 4.756469e-01
<GCONST> 2.713713e+01
<TRANSP> 5
 0.000000e+00 1.000000e+00 0.000000e+00 0.000000e+00 0.000000e+00
 0.000000e+00 5.787730e-01 4.212270e-01 0.000000e+00 0.000000e+00
 0.000000e+00 0.000000e+00 6.937945e-01 3.062055e-01 0.000000e+00
 0.000000e+00 0.000000e+00 0.000000e+00 8.592902e-01 1.407098e-01
 0.000000e+00 0.000000e+00 0.000000e+00 0.000000e+00 0.000000e+00
<ENDHMM>
~h "bg_dark_0"
<BEGINHMM>
<NUMSTATES> 5
<STATE> 2
<MEAN> 6
 4.283560e+02 1.253247e+01 7.218558e+00 5.188972e+00 4.154126e+00 2.177573e+00
<VARIANCE> 6
 1.005824e+04 2.458556e+02 2.824142e+01 1.009382e+01 4.634153e+00 1.879022e+00
<GCONST> 3.356507e+01
<STATE> 3
<MEAN> 6
 2.925474e+02 3.726529e+01 1.079305e+01 8.445311e+00 5.179483e+00 3.002095e+00
<VARIANCE> 6
 1.419008e+04 9.920274e+02 7.177218e+01 2.892563e+01 5.957256e+00 4.842349e+00
<GCONST> 3.848755e+01
<STATE> 4
<MEAN> 6
 1.113333e+02 1.108251e+01 8.128828e+00 2.838029e+00 2.457646e+00 8.148229e-01
<VARIANCE> 6
 8.530127e+03 1.543508e+02 6.254934e+01 3.992322e+00 2.989047e+00 5.643289e-01
<GCONST> 3.116101e+01
<TRANSP> 5
 0.000000e+00 1.000000e+00 0.000000e+00 0.000000e+00 0.000000e+00
 0.000000e+00 8.356009e-01 1.643991e-01 0.000000e+00 0.000000e+00
 0.000000e+00 0.000000e+00 4.769587e-01 5.230412e-01 0.000000e+00
 0.000000e+00 0.000000e+00 0.000000e+00 8.729017e-01 1.270983e-01
 0.000000e+00 0.000000e+00 0.000000e+00 0.000000e+00 0.000000e+00
<ENDHMM>
~h "bg_dark_0_0"
<BEGINHMM>
<NUMSTATES> 5
<STATE> 2
<MEAN> 6
 3.594979e+02 1.343510e+01 5.660713e+00 4.824745e+00 3.269895e+00 1.541583e+00
<VARIANCE> 6
 1.536179e+04 1.446570e+02 1.817186e+01 1.056527e+01 2.110873e+00 9.430113e-01
<GCONST> 3.158714e+01
<STATE> 3
<MEAN> 6
 3.306417e+02 2.969740e+01 1.205565e+01 1.073064e+01 5.406153e+00 3.037773e+00
<VARIANCE> 6
 1.242027e+04 7.032241e+02 7.523708e+01 4.585373e+01 7.814209e+00 3.779504e+00
<GCONST> 3.854166e+01
<STATE> 4
<MEAN> 6
 2.577905e+02 1.783796e+01 7.225881e+00 4.765512e+00 2.812433e+00 1.262981e+00
<VARIANCE> 6
 3.069850e+04 2.147430e+02 3.813121e+01 1.323429e+01 3.370089e+00 8.262788e-01
<GCONST> 3.397663e+01
<TRANSP> 5
 0.000000e+00 1.000000e+00 0.000000e+00 0.000000e+00 0.000000e+00
 0.000000e+00 5.586854e-01 4.413146e-01 0.000000e+00 0.000000e+00
 0.000000e+00 0.000000e+00 4.707309e-01 5.292691e-01 0.000000e+00
 0.000000e+00 0.000000e+00 0.000000e+00 4.056550e-01 5.943450e-01
 0.000000e+00 0.000000e+00 0.000000e+00 0.000000e+00 0.000000e+00
<ENDHMM>
~h "bg_dark_0_1"
<BEGINHMM>
<NUMSTATES> 5
<STATE> 2
<MEAN> 6
 3.046134e+02 1.264701e+01 7.903480e+00 4.231445e+00 3.522678e+00 1.623168e+00
<VARIANCE> 6
 2.875244e+04 1.146713e+02 3.541182e+01 7.407259e+00 4.335318e+00 1.913428e+00
<GCONST> 3.372100e+01
<STATE> 3
<MEAN> 6
 3.563952e+02 4.101942e+01 1.246683e+01 1.106063e+01 4.739135e+00 2.532737e+00
<VARIANCE> 6
 1.609936e+04 1.082928e+03 1.237782e+02 5.295131e+01 7.541999e+00 3.847421e+00
<GCONST> 3.985698e+01
<STATE> 4
<MEAN> 6
 4.427157e+02 1.308682e+01 5.857742e+00 4.168746e+00 3.838841e+00 1.580706e+00
<VARIANCE> 6
 1.371369e+04 2.362482e+02 2.776809e+01 4.926576e+00 4.540090e+00 1.073531e+00
<GCONST> 3.252073e+01
<TRANSP> 5
 0.000000e+00 1.000000e+00 0.000000e+00 0.000000e+00 0.000000e+00
 0.000000e+00 4.510998e-01 5.489002e-01 0.000000e+00 0.000000e+00
 0.000000e+00 0.000000e+00 5.904185e-01 4.095814e-01 0.000000e+00
 0.000000e+00 0.000000e+00 0.000000e+00 6.727769e-01 3.272231e-01
 0.000000e+00 0.000000e+00 0.000000e+00 0.000000e+00 0.000000e+00
<ENDHMM>
~h "bg_dark_0_2"
<BEGINHMM>
<NUMSTATES> 5
<STATE> 2
<MEAN> 6
 4.382308e+02 1.110503e+01 5.739542e+00 3.570626e+00 2.665375e+00 1.078864e+00
<VARIANCE> 6
 5.679645e+03 1.467421e+02 1.986815e+01 4.123019e+00 2.337487e+00 6.894182e-01
<GCONST> 2.954346e+01
<STATE> 3
<MEAN> 6
 3.220759e+02 6.630964e+01 1.360540e+01 1.298220e+01 6.014909e+00 3.480419e+00
<VARIANCE> 6
 1.181551e+04 1.963460e+03 1.068912e+02 6.646214e+01 1.629057e+01 6.276544e+00
<GCONST> 4.148274e+01
<STATE> 4
<MEAN> 6
 1.790773e+02 3.342708e+01 6.146234e+00 5.509194e+00 2.394213e+00 1.134948e+00
<VARIANCE> 6
 2.737329e+04 5.613885e+02 2.840414e+01 1.143048e+01 2.075874e+00 1.055467e+00
<GCONST> 3.414218e+01
<TRANSP> 5
 0.000000e+00 1.000000e+00 0.000000e+00 0.000000e+00 0.000000e+00
 0.000000e+00 8.601569e-01 1.398431e-01 0.000000e+00 0.000000e+00
 0.000000e+00 0.000000e+00 7.172797e-01 2.827203e-01 0.000000e+00
 0.000000e+00 0.000000e+00 0.000000e+00 7.166054e-01 2.833946e-01
 0.000000e+00 0.000000e+00 0.000000e+00 0.000000e+00 0.000000e+00
<ENDHMM>
~h "bg_dark_0_3"
<BEGINHMM>
<NUMSTATES> 5
<STATE> 2
<MEAN> 6
 3.959688e+02 1.966127e+01 8.652601e+00 5.918405e+00 3.884672e+00 2.122210e+00
<VARIANCE> 6
 2.256105e+04 3.285593e+02 5.993866e+01 1.379142e+01 3.331800e+00 2.347364e+00
<GCONST> 3.562014e+01
<STATE> 3
<MEAN> 6
 3.345276e+02 2.913314e+01 1.916634e+01 1.298376e+01 5.774653e+00 2.966597e+00
<VARIANCE> 6
 1.956949e+04 6.137273e+02 2.535715e+02 8.225594e+01 8.408187e+00 4.628806e+00
<GCONST> 4.093553e+01
<STATE> 4
<MEAN> 6
 4.108597e+02 1.225270e+01 7.335611e+00 4.169818e+00 3.677412e+00 1.414431e+00
<VARIANCE> 6
 2.455491e+04 1.136196e+02 2.804660e+01 7.299959e+00 3.032589e+00 1.277283e+00
<GCONST> 3.254467e+01
<TRANSP> 5
 0.000000e+00 1.000000e+00 0.000000e+00 0.000000e+00 0.000000e+00
 0.000000e+00 4.589596e-01 5.410404e-01 0.000000e+00 0.000000e+00
 0.000000e+00 0.000000e+00 4.689316e-01 5.310684e-01 0.000000e+00
 0.000000e+00 0.000000e+00 0.000000e+00 6.635368e-01 3.364632e-01
 0.000000e+00 0.000000e+00 0.000000e+00 0.000000e+00 0.000000e+00
<ENDHMM>
~h "bg_dark_0_4"
<BEGINHMM>
<NUMSTATES> 5
<STATE> 2
<MEAN> 6
 3.646587e+02 1.649314e+01 8.125757e+00 5.691874e+00 4.527468e+00 2.319793e+00
<VARIANCE> 6
 2.737016e+04 2.189373e+02 3.072042e+01 1.076023e+01 5.108760e+00 2.657950e+00
<GCONST> 3.504256e+01
<STATE> 3
<MEAN> 6
 2.692296e+02 3.539763e+01 3.481604e+01 8.524885e+00 9.092293e+00 4.712810e+00
<VARIANCE> 6
 1.889121e+04 7.205939e+02 1.019855e+03 3.089554e+01 3.771420e+01 1.218553e+01
<GCONST> 4.394210e+01
<STATE> 4
<MEAN> 6
 7.970895e+01 3.175449e+00 3.412772e+00 1.115804e+00 1.161307e+00 6.218249e-01
<VARIANCE> 6
 8.731915e+02 8.658017e+00 1.320193e+01 7.633870e-01 8.181013e-01 2.502738e-01
<GCONST> 2.068230e+01
<TRANSP> 5
 0.000000e+00 1.000000e+00 0.000000e+00 0.000000e+00 0.000000e+00
 0.000000e+00 5.312777e-01 4.687223e-01 0.000000e+00 0.000000e+00
 0.000000e+00 0.000000e+00 5.921556e-01 4.078445e-01 0.000000e+00
 0.000000e+00 0.000000e+00 0.000000e+00 7.373057e-01 2.626942e-01
 0.000000e+00 0.000000e+00 0.000000e+00 0.000000e+00 0.000000e+00
<ENDHMM>
~h "bg_dark_0_5"
<BEGINHMM>
<NUMSTATES> 5
<STATE> 2
<MEAN> 6
 1.338954e+02 1.528405e+00 1.327411e+00 4.077861e-01 3.342355e-01 2.369088e-01
<VARIANCE> 6
 3.799870e+02 3.390229e+00 1.382777e+00 7.868629e-02 1.018871e-01 2.223103e-02
<GCONST> 9.879951e+00
<STATE> 3
<MEAN> 6
 1.353490e+02 1.217010e+01 1.324537e+01 1.996608e+00 2.351633e+00 2.451220e+00
<VARIANCE> 6
 2.111454e+03 5.013195e+02 7.005821e+02 7.104013e+00 1.362338e+01 3.483228e+01
<GCONST> 3.957454e+01
<STATE> 4
<MEAN> 6
 1.292356e+02 1.467029e+01 7.704913e+00 3.278665e+00 2.957103e+00 1.426991e+00
<VARIANCE> 6
 9.609881e+03 4.011241e+02 2.997342e+02 1.198634e+01 1.392905e+01 9.505097e+00
<GCONST> 3.926455e+01
<TRANSP> 5
 0.000000e+00 1.000000e+00 0.000000e+00 0.000000e+00 0.000000e+00
 0.000000e+00 8.850174e-01 1.149825e-01 0.000000e+00 0.000000e+00
 0.000000e+00 0.000000e+00 8.127043e-02 9.187296e-01 0.000000e+00
 0.000000e+00 0.000000e+00 0.000000e+00 4.687427e-01 5.312573e-01
 0.000000e+00 0.000000e+00 0.000000e+00 0.000000e+00 0.000000e+00
<ENDHMM>
~h "bg_red_0"
<BEGINHMM>
<NUMSTATES> 5
<STATE> 2
<MEAN> 6
 1.774846e+02 7.456522e+00 6.330648e+00 2.896211e+00 2.557505e+00 1.109657e+00
<VARIANCE> 6
 1.272189e+04 5.913461e+01 5.285577e+01 5.479092e+00 3.038335e+00 1.096999e+00
<GCONST> 3.143055e+01
<STATE> 3
<MEAN> 6
 4.971380e+02 4.224725e+01 1.587474e+01 1.094336e+01 2.847737e+00 1.446090e+00
<VARIANCE> 6
 6.982175e+04 2.809222e+03 8.865599e+02 1.467540e+02 1.956834e+01 4.786707e+00
<GCONST> 4.643748e+01
<STATE> 4
<MEAN> 6
 2.557086e+02 3.908118e+00 2.101461e+00 1.422251e+00 1.023621e+00 4.161476e-01
<VARIANCE> 6
 1.815729e+03 1.809123e+01 5.110757e+00 1.726528e+00 1.027982e+00 1.689195e-01
<GCONST> 2.185366e+01
<TRANSP> 5
 0.000000e+00 1.000000e+00 0.000000e+00 0.000000e+00 0.000000e+00
 0.000000e+00 6.714387e-01 3.285613e-01 0.000000e+00 0.000000e+00
 0.000000e+00 0.000000e+00 5.440979e-01 4.559021e-01 0.000000e+00
 0.000000e+00 0.000000e+00 0.000000e+00 8.173308e-01 1.826693e-01
 0.000000e+00 0.000000e+00 0.000000e+00 0.000000e+00 0.000000e+00
<ENDHMM>
~h "bg_board"
<BEGINHMM>
<NUMSTATES> 5
<STATE> 2
<MEAN> 6
 3.005963e+02 2.159604e+01 1.250504e+01 1.148295e+01 6.187119e+00 3.898020e+00
<VARIANCE> 6
 7.205330e+03 4.505619e+02 1.483781e+02 4.060521e+01 1.680265e+01 7.061527e+00
<GCONST> 3.950019e+01
<STATE> 3
<MEAN> 6
 3.835372e+02 6.411984e+01 1.427370e+01 1.555558e+01 5.064491e+00 3.270688e+00
<VARIANCE> 6
 1.638927e+04 4.765710e+03 3.166828e+02 1.144851e+02 1.966533e+01 1.036537e+01
<GCONST> 4.501652e+01
<STATE> 4
<MEAN> 6
 4.363405e+02 5.297815e+00 3.578580e+00 1.089656e+00 8.047910e-01 3.053181e-01
<VARIANCE> 6
 5.966297e+03 6.713650e+01 1.177847e+01 2.313133e+00 4.973665e-01 5.908875e-02
<GCONST> 2.370561e+01
<TRANSP> 5
 0.000000e+00 1.000000e+00 0.000000e+00 0.000000e+00 0.000000e+00
 0.000000e+00 8.200758e-01 1.799242e-01 0.000000e+00 0.000000e+00
 0.000000e+00 0.000000e+00 6.994728e-01 3.005272e-01 0.000000e+00
 0.000000e+00 0.000000e+00 0.000000e+00 9.482025e-01 5.179752e-02
 0.000000e+00 0.000000e+00 0.000000e+00 0.000000e+00 0.000000e+00
<ENDHMM>
~h "fp_key_0"
<BEGINHMM>
<NUMSTATES> 5
<STATE> 2
<MEAN> 6
 2.869857e+02 7.281716e+00 5.985688e+00 2.267116e+00 3.909662e+00 9.782206e-01
<VARIANCE> 6
 2.548573e+03 1.117026e+02 6.536360e+01 6.026515e+00 2.774190e+01 7.472384e-01
<GCONST> 3.259410e+01
<STATE> 3
<MEAN> 6
 3.266611e+02 2.496870e+01 1.548309e+01 6.968489e+00 6.081954e+00 1.711337e+00
<VARIANCE> 6
 4.723211e+03 1.486610e+03 1.047410e+03 9.697803e+01 9.806027e+01 4.182834e+00
<GCONST> 4.433689e+01
<STATE> 4
<MEAN> 6
 3.035019e+02 4.089335e+00 2.391853e+00 1.387074e+00 1.356339e+00 6.989418e-01
<VARIANCE> 6
 1.201395e+03 1.516053e+01 6.979761e+00 1.424562e+00 4.016691e+00 6.007996e-01
<GCONST> 2.401504e+01
<TRANSP> 5
 0.000000e+00 1.000000e+00 0.000000e+00 0.000000e+00 0.000000e+00
 0.000000e+00 3.750642e-02 9.624936e-01 0.000000e+00 0.000000e+00
 0.000000e+00 0.000000e+00 1.937546e-01 8.062454e-01 0.000000e+00
 0.000000e+00 0.000000e+00 0.000000e+00 6.778119e-01 3.221881e-01
 0.000000e+00 0.000000e+00 0.000000e+00 0.000000e+00 0.000000e+00
<ENDHMM>
~h "fp_key_1"
<BEGINHMM>
<NUMSTATES> 5
<STATE> 2
<MEAN> 6
 3.066921e+02 1.176317e+01 7.074542e+00 5.584258e+00 2.611166e+00 1.688556e+00
<VARIANCE> 6
 1.744902e+03 1.469771e+02 8.918639e+01 2.445939e+01 4.932622e+00 2.331636e+00
<GCONST> 3.361217e+01
<STATE> 3
<MEAN> 6
 6.053187e+02 9.478762e+01 2.918114e+01 1.793656e+01 9.935537e+00 3.796248e+00
<VARIANCE> 6
 4.074059e+04 3.556873e+03 1.946483e+03 1.376218e+02 1.875534e+02 2.241886e+01
<GCONST> 5.066113e+01
<STATE> 4
<MEAN> 6
 3.203369e+02 1.046332e+01 7.227236e+00 3.590129e+00 2.491764e+00 1.071530e+00
<VARIANCE> 6
 3.687458e+03 1.413757e+02 1.217090e+02 1.242106e+01 2.076339e+01 1.500098e+00
<GCONST> 3.495112e+01
<TRANSP> 5
 0.000000e+00 1.000000e+00 0.000000e+00 0.000000e+00 0.000000e+00
 0.000000e+00 3.065070e-01 6.934930e-01 0.000000e+00 0.000000e+00
 0.000000e+00 0.000000e+00 8.217502e-01 1.782499e-01 0.000000e+00
 0.000000e+00 0.000000e+00 0.000000e+00 5.003167e-01 4.996833e-01
 0.000000e+00 0.000000e+00 0.000000e+00 0.000000e+00 0.000000e+00
<ENDHMM>
~h "fp_key_2"
<BEGINHMM>
<NUMSTATES> 5
<STATE> 2
<MEAN> 6
 2.795278e+02 6.451881e+00 3.209303e+00 2.600939e+00 1.761908e+00 1.115169e+00
<VARIANCE> 6
 6.758140e+03 8.792370e+01 2.267588e+01 8.841693e+00 6.229005e+00 1.387922e+00
<GCONST> 3.178004e+01
<STATE> 3
<MEAN> 6
 5.833918e+02 9.253339e+01 2.054528e+01 2.551389e+01 9.032037e+00 4.115976e+00
<VARIANCE> 6
 3.347603e+04 3.835524e+03 1.357864e+03 1.839452e+02 1.693667e+02 3.170845e+01
<GCONST> 5.071486e+01
<STATE> 4
<MEAN> 6
 3.374284e+02 2.768442e+01 3.759377e+01 6.313319e+00 1.012305e+01 2.633951e+00
<VARIANCE> 6
 7.946006e+03 9.858619e+02 4.442654e+03 3.230967e+01 2.011633e+02 7.328665e+00
<GCONST> 4.607148e+01
<TRANSP> 5
 0.000000e+00 1.000000e+00 0.000000e+00 0.000000e+00 0.000000e+00
 0.000000e+00 5.923815e-01 4.076186e-01 0.000000e+00 0.000000e+00
 0.000000e+00 0.000000e+00 8.277826e-01 1.722174e-01 0.000000e+00
 0.000000e+00 0.000000e+00 0.000000e+00 1.298721e-01 8.701280e-01
 0.000000e+00 0.000000e+00 0.000000e+00 0.000000e+00 0.000000e+00
<ENDHMM>
~h "fp_key_3"
<BEGINHMM>
<NUMSTATES> 5
<STATE> 2
<MEAN> 6
 3.110782e+02 1.538293e+01 7.667918e+00 3.705578e+00 4.095068e+00 1.358528e+00
<VARIANCE> 6
 3.292816e+03 4.473792e+02 1.184355e+02 1.873906e+01 4.082976e+01 3.259298e+00
<GCONST> 3.782607e+01
<STATE> 3
<MEAN> 6
 5.600814e+02 9.894560e+01 3.448579e+01 3.212843e+01 1.602542e+01 6.725368e+00
<VARIANCE> 6
 2.375883e+04 4.521450e+03 2.041106e+03 2.794904e+02 3.382039e+02 6.263483e+01
<GCONST> 5.273475e+01
<STATE> 4
<MEAN> 6
 2.645987e+02 1.717657e+01 3.361689e+00 5.364840e+00 1.318801e+00 8.351331e-01
<VARIANCE> 6
 2.463210e+04 3.724974e+02 1.765314e+01 5.767200e+01 3.257703e+00 1.264858e+00
<GCONST> 3.540097e+01
<TRANSP> 5
 0.000000e+00 1.000000e+00 0.000000e+00 0.000000e+00 0.000000e+00
 0.000000e+00 3.393698e-01 6.606303e-01 0.000000e+00 0.000000e+00
 0.000000e+00 0.000000e+00 7.429124e-01 2.570876e-01 0.000000e+00
 0.000000e+00 0.000000e+00 0.000000e+00 6.723858e-01 3.276142e-01
 0.000000e+00 0.000000e+00 0.000000e+00 0.000000e+00 0.000000e+00
<ENDHMM>
~h "fp_key_4"
<BEGINHMM>
<NUMSTATES> 5
<STATE> 2
<MEAN> 6
 3.573932e+02 1.375431e+01 4.209759e+00 5.885793e+00 1.791121e+00 1.642268e+00
<VARIANCE> 6
 1.609110e+04 3.314078e+02 1.461014e+01 5.599876e+01 2.615215e+00 3.264637e+00
<GCONST> 3.536817e+01
<STATE> 3
<MEAN> 6
 5.577186e+02 7.497238e+01 5.980938e+01 2.196550e+01 2.582749e+01 9.457667e+00
<VARIANCE> 6
 3.185505e+04 4.073717e+03 4.222631e+03 2.185277e+02 3.395822e+02 5.522490e+01
<GCONST> 5.328278e+01
<STATE> 4
<MEAN> 6
 5.817372e+02 5.889220e+01 8.189338e+00 1.379070e+01 2.429938e+00 1.729622e+00
<VARIANCE> 6
 3.282430e+04 2.192019e+03 7.913597e+01 7.142539e+01 4.830348e+00 3.029381e+00
<GCONST> 4.044186e+01
<TRANSP> 5
 0.000000e+00 1.000000e+00 0.000000e+00 0.000000e+00 0.000000e+00
 0.000000e+00 5.892748e-01 4.107252e-01 0.000000e+00 0.000000e+00
 0.000000e+00 0.000000e+00 6.496772e-01 3.503228e-01 0.000000e+00
 0.000000e+00 0.000000e+00 0.000000e+00 6.358905e-01 3.641095e-01
 0.000000e+00 0.000000e+00 0.000000e+00 0.000000e+00 0.000000e+00
<ENDHMM>
~h "fp_key_5"
<BEGINHMM>
<NUMSTATES> 5
<STATE> 2
<MEAN> 6
 4.583635e+02 4.686927e+01 1.149067e+01 9.274818e+00 3.293270e+00 1.583227e+00
<VARIANCE> 6
 3.080550e+04 3.543267e+03 2.876310e+02 8.195396e+01 1.534844e+01 2.683081e+00
<GCONST> 4.332133e+01
<STATE> 3
<MEAN> 6
 4.240049e+02 2.493169e+01 2.553806e+01 9.004694e+00 5.164261e+00 3.100151e+00
<VARIANCE> 6
 2.560112e+04 1.294204e+03 1.923290e+03 1.355917e+02 4.558137e+01 1.105109e+01
<GCONST> 4.703678e+01
<STATE> 4
<MEAN> 6
 3.423436e+02 3.779469e+00 4.963645e+00 7.152312e-01 1.214448e+00 3.448672e-01
<VARIANCE> 6
 1.938258e+04 1.024201e+01 7.716460e+01 1.532154e-01 4.815495e+00 2.937472e-02
<GCONST> 2.374014e+01
<TRANSP> 5
 0.000000e+00 1.000000e+00 0.000000e+00 0.000000e+00 0.000000e+00
 0.000000e+00 1.107094e-01 8.892906e-01 0.000000e+00 0.000000e+00
 0.000000e+00 0.000000e+00 2.167329e-01 7.832671e-01 0.000000e+00
 0.000000e+00 0.000000e+00 0.000000e+00 9.220477e-01 7.795228e-02
 0.000000e+00 0.000000e+00 0.000000e+00 0.000000e+00 0.000000e+00
<ENDHMM>
~h "bg_red_0_0"
<BEGINHMM>
<NUMSTATES> 5
<STATE> 2
<MEAN> 6
 3.177328e+02 1.132901e+01 7.423481e+00 4.657726e+00 3.613554e+00 1.941472e+00
<VARIANCE> 6
 3.400564e+03 6.655112e+01 2.964377e+01 5.205255e+00 3.775928e+00 1.545204e+00
<GCONST> 3.015965e+01
<STATE> 3
<MEAN> 6
 3.540310e+02 5.669719e+01 1.583321e+01 1.471029e+01 4.351128e+00 2.821876e+00
<VARIANCE> 6
 3.009421e+04 4.843079e+03 1.161705e+03 1.624845e+02 2.747438e+01 6.200774e+00
<GCONST> 4.711081e+01
<STATE> 4
<MEAN> 6
 2.170135e+02 1.113314e+01 4.701034e+00 5.105614e+00 2.024792e+00 1.137973e+00
<VARIANCE> 6
 1.467867e+04 9.795831e+01 1.669715e+01 1.646873e+01 2.338202e+00 1.215490e+00
<GCONST> 3.186719e+01
<TRANSP> 5
 0.000000e+00 1.000000e+00 0.000000e+00 0.000000e+00 0.000000e+00
 0.000000e+00 7.529398e-01 2.470602e-01 0.000000e+00 0.000000e+00
 0.000000e+00 0.000000e+00 3.584960e-01 6.415040e-01 0.000000e+00
 0.000000e+00 0.000000e+00 0.000000e+00 3.669090e-01 6.330910e-01
 0.000000e+00 0.000000e+00 0.000000e+00 0.000000e+00 0.000000e+00
<ENDHMM>
~h "bg_red_0_1"
<BEGINHMM>
<NUMSTATES> 5
<STATE> 2
<MEAN> 6
 2.683436e+02 1.648179e+01 7.115656e+00 5.172431e+00 2.527498e+00 1.199246e+00
<VARIANCE> 6
 1.128395e+04 2.042236e+02 4.008575e+01 1.266163e+01 2.802789e+00 7.059938e-01
<GCONST> 3.258968e+01
<STATE> 3
<MEAN> 6
 2.798252e+02 1.908837e+01 6.305855e+00 5.441029e+00 2.153775e+00 1.737128e+00
<VARIANCE> 6
 9.350521e+03 1.945564e+02 2.969131e+01 1.541344e+01 2.365203e+00 6.015176e+00
<GCONST> 3.422241e+01
<STATE> 4
<MEAN> 6
 2.918688e+02 7.278414e+00 2.843766e+00 3.226962e+00 1.664317e+00 5.159111e-01
<VARIANCE> 6
 4.918414e+03 5.148722e+01 4.525967e+00 7.617668e+00 1.571775e+00 7.889822e-02
<GCONST> 2.492225e+01
<TRANSP> 5
 0.000000e+00 1.000000e+00 0.000000e+00 0.000000e+00 0.000000e+00
 0.000000e+00 2.739400e-01 7.260600e-01 0.000000e+00 0.000000e+00
 0.000000e+00 0.000000e+00 8.499179e-02 9.150082e-01 0.000000e+00
 0.000000e+00 0.000000e+00 0.000000e+00 5.454283e-01 4.545717e-01
 0.000000e+00 0.000000e+00 0.000000e+00 0.000000e+00 0.000000e+00
<ENDHMM>
~h "bg_red_0_2"
<BEGINHMM>
<NUMSTATES> 5
<STATE> 2
<MEAN> 6
 3.039538e+02 8.482256e+00 2.559972e+00 3.153292e+00 1.403877e+00 6.984763e-01
<VARIANCE> 6
 9.169874e+03 5.733887e+01 4.355930e+00 8.088433e+00 8.181844e-01 2.938552e-01
<GCONST> 2.633656e+01
<STATE> 3
<MEAN> 6
 2.866310e+02 2.083271e+01 5.201416e+00 3.131831e+00 1.451517e+00 5.366145e-01
<VARIANCE> 6
 1.091588e+04 2.830690e+02 1.425439e+01 2.542238e+00 2.575536e+00 9.544729e-02
<GCONST> 2.815791e+01
<STATE> 4
<MEAN> 6
 3.710448e+02 3.683351e+00 2.050205e+00 1.648596e+00 7.674407e-01 3.643403e-01
<VARIANCE> 6
 5.369960e+03 1.257505e+01 3.199167e+00 1.086569e+00 3.833570e-01 6.145116e-02
<GCONST> 1.964517e+01
<TRANSP> 5
 0.000000e+00 1.000000e+00 0.000000e+00 0.000000e+00 0.000000e+00
 0.000000e+00 1.986383e-01 8.013617e-01 0.000000e+00 0.000000e+00
 0.000000e+00 0.000000e+00 5.020932e-01 4.979068e-01 0.000000e+00
 0.000000e+00 0.000000e+00 0.000000e+00 8.405311e-01 1.594689e-01
 0.000000e+00 0.000000e+00 0.000000e+00 0.000000e+00 0.000000e+00
<ENDHMM>
~h "bg_red_0_3"
<BEGINHMM>
<NUMSTATES> 5
<STATE> 2
<MEAN> 6
 3.280891e+02 3.782397e+00 1.626105e+00 9.834555e-01 5.253980e-01 2.532412e-01
<VARIANCE> 6
 5.097486e+03 1.103761e+01 1.833912e+00 4.409918e-01 1.942936e-01 1.042679e-02
<GCONST> 1.555103e+01
<STATE> 3
<MEAN> 6
 3.076946e+02 8.101744e+00 3.732994e+00 4.520734e+00 1.962315e+00 4.793759e-01
<VARIANCE> 6
 5.996183e+03 3.963980e+01 1.063235e+01 1.239328e+01 2.912324e+00 1.281377e-01
<GCONST> 2.730133e+01
<STATE> 4
<MEAN> 6
 3.388224e+02 7.111577e+00 4.008938e+00 2.468384e+00 1.172155e+00 6.133583e-01
<VARIANCE> 6
 6.488201e+03 4.252126e+01 1.541255e+01 3.070080e+00 8.691330e-01 2.428403e-01
<GCONST> 2.585628e+01
<TRANSP> 5
 0.000000e+00 1.000000e+00 0.000000e+00 0.000000e+00 0.000000e+00
 0.000000e+00 8.857661e-01 1.142339e-01 0.000000e+00 0.000000e+00
 0.000000e+00 0.000000e+00 4.591004e-01 5.408996e-01 0.000000e+00
 0.000000e+00 0.000000e+00 0.000000e+00 3.226107e-01 6.773893e-01
 0.000000e+00 0.000000e+00 0.000000e+00 0.000000e+00 0.000000e+00
<ENDHMM>
~h "bg_red_0_4"
<BEGINHMM>
<NUMSTATES> 5
<STATE> 2
<MEAN> 6
 2.361314e+02 1.688693e+01 7.327840e+00 3.993670e+00 1.707839e+00 8.229192e-01
<VARIANCE> 6
 1.053173e+04 4.247515e+02 3.879490e+01 1.345563e+01 1.500028e+00 5.037457e-01
<GCONST> 3.231840e+01
<STATE> 3
<MEAN> 6
 2.553406e+02 3.348732e+00 1.630502e+00 7.114391e-01 4.552356e-01 2.809988e-01
<VARIANCE> 6
 6.193490e+03 8.137203e+00 1.626069e+00 2.111227e-01 9.302653e-02 1.579848e-02
<GCONST> 1.426310e+01
<STATE> 4
<MEAN> 6
 2.110325e+02 1.336073e+01 7.836582e+00 3.566021e+00 2.084650e+00 7.122180e-01
<VARIANCE> 6
 6.455074e+03 1.386410e+02 3.548695e+01 4.839464e+00 2.411419e+00 3.143851e-01
<GCONST> 2.960082e+01
<TRANSP> 5
 0.000000e+00 1.000000e+00 0.000000e+00 0.000000e+00 0.000000e+00
 0.000000e+00 6.988391e-01 3.011609e-01 0.000000e+00 0.000000e+00
 0.000000e+00 0.000000e+00 8.954741e-01 1.045259e-01 0.000000e+00
 0.000000e+00 0.000000e+00 0.000000e+00 7.015072e-01 2.984928e-01
 0.000000e+00 0.000000e+00 0.000000e+00 0.000000e+00 0.000000e+00
<ENDHMM>
~h "bg_red_0_5"
<BEGINHMM>
<NUMSTATES> 5
<STATE> 2
<MEAN> 6
 1.845522e+02 7.123323e+00 4.800785e+00 2.579312e+00 1.470207e+00 7.587789e-01
<VARIANCE> 6
 5.717921e+03 5.114731e+01 1.502033e+01 3.228841e+00 1.064033e+00 5.964913e-01
<GCONST> 2.704024e+01
<STATE> 3
<MEAN> 6
 2.023821e+02 3.143691e+01 2.001420e+01 8.818259e+00 6.575222e+00 4.730711e+00
<VARIANCE> 6
 8.126449e+03 4.876480e+02 3.359344e+02 2.530020e+01 2.381160e+01 1.684455e+01
<GCONST> 4.126167e+01
<STATE> 4
<MEAN> 6
 2.290540e+02 1.122539e+01 8.853514e+00 4.813581e+00 2.967756e+00 1.712396e+00
<VARIANCE> 6
 1.307195e+04 1.391410e+02 5.986554e+01 8.696466e+00 3.024173e+00 2.335399e+00
<GCONST> 3.365081e+01
<TRANSP> 5
 0.000000e+00 1.000000e+00 0.000000e+00 0.000000e+00 0.000000e+00
 0.000000e+00 7.329387e-01 2.670613e-01 0.000000e+00 0.000000e+00
 0.000000e+00 0.000000e+00 4.342677e-01 5.657323e-01 0.000000e+00
 0.000000e+00 0.000000e+00 0.000000e+00 7.547023e-01 2.452976e-01
 0.000000e+00 0.000000e+00 0.000000e+00 0.000000e+00 0.000000e+00
<ENDHMM>
~h "fp_screen"
<BEGINHMM>
<NUMSTATES> 5
<STATE> 2
<MEAN> 6
 2.250548e+02 2.090663e+00 7.543310e+00 9.987062e-01 3.431501e+00 3.800919e-01
<VARIANCE> 6
 1.823770e+02 3.574184e+00 1.145215e+02 6.578695e-01 3.800925e+01 1.077337e-01
<GCONST> 2.323882e+01
<STATE> 3
<MEAN> 6
 2.277910e+02 3.715996e+00 3.951072e+00 1.579480e+00 1.902097e+00 9.043548e-01
<VARIANCE> 6
 2.268906e+02 2.928809e+01 4.996851e+01 5.618881e+00 8.172357e+00 2.867690e+00
<GCONST> 2.862070e+01
<STATE> 4
<MEAN> 6
 2.125440e+02 3.534051e+00 2.709565e+00 1.569489e+00 1.028054e+00 4.778759e-01
<VARIANCE> 6
 5.523789e+02 9.344175e+00 7.892447e+00 2.842103e+00 1.004807e+00 1.781282e-01
<GCONST> 2.096624e+01
<TRANSP> 5
 0.000000e+00 1.000000e+00 0.000000e+00 0.000000e+00 0.000000e+00
 0.000000e+00 3.769872e-01 6.230128e-01 0.000000e+00 0.000000e+00
 0.000000e+00 0.000000e+00 5.727979e-02 9.427202e-01 0.000000e+00
 0.000000e+00 0.000000e+00 0.000000e+00 3.535453e-01 6.464548e-01
 0.000000e+00 0.000000e+00 0.000000e+00 0.000000e+00 0.000000e+00
<ENDHMM>
~h "bg_board_0"
<BEGINHMM>
<NUMSTATES> 5
<STATE> 2
<MEAN> 6
 3.480598e+02 1.922830e+01 1.056989e+01 6.309545e+00 3.651094e+00 1.465824e+00
<VARIANCE> 6
 1.016934e+04 7.558885e+02 1.276627e+02 3.181814e+01 1.177854e+01 2.220240e+00
<GCONST> 3.845561e+01
<STATE> 3
<MEAN> 6
 3.353347e+02 2.618695e+01 1.408486e+01 9.437047e+00 5.138087e+00 2.927900e+00
<VARIANCE> 6
 8.296067e+03 6.317974e+02 1.439561e+02 5.147435e+01 1.641067e+01 5.936979e+00
<GCONST> 3.998909e+01
<STATE> 4
<MEAN> 6
 3.663148e+02 1.569228e+01 6.744858e+00 4.580281e+00 2.523628e+00 1.169979e+00
<VARIANCE> 6
 8.514308e+03 4.697964e+02 4.470193e+01 1.501967e+01 3.920537e+00 1.172497e+00
<GCONST> 3.426381e+01
<TRANSP> 5
 0.000000e+00 1.000000e+00 0.000000e+00 0.000000e+00 0.000000e+00
 0.000000e+00 9.938320e-06 9.999901e-01 0.000000e+00 0.000000e+00
 0.000000e+00 0.000000e+00 4.779498e-01 5.220503e-01 0.000000e+00
 0.000000e+00 0.000000e+00 0.000000e+00 1.650213e-01 8.349787e-01
 0.000000e+00 0.000000e+00 0.000000e+00 0.000000e+00 0.000000e+00
<ENDHMM>
~h "bg_board_1"
<BEGINHMM>
<NUMSTATES> 5
<STATE> 2
<MEAN> 6
 3.182675e+02 2.155257e+01 1.197309e+01 9.920143e+00 5.791888e+00 3.630499e+00
<VARIANCE> 6
 5.019732e+03 3.785173e+02 1.120119e+02 3.100427e+01 1.423980e+01 5.661836e+00
<GCONST> 3.802718e+01
<STATE> 3
<MEAN> 6
 3.860709e+02 3.591474e+01 1.788658e+01 1.497453e+01 6.515799e+00 4.365891e+00
<VARIANCE> 6
 1.178349e+04 1.064863e+03 3.920403e+02 1.788488e+02 2.738997e+01 1.456969e+01
<GCONST> 4.451934e+01
<STATE> 4
<MEAN> 6
 3.269798e+02 1.328676e+01 4.864336e+00 4.512972e+00 2.400937e+00 1.204887e+00
<VARIANCE> 6
 7.468836e+03 3.488436e+02 1.840865e+01 1.488727e+01 3.797674e+00 1.241721e+00
<GCONST> 3.296460e+01
<TRANSP> 5
 0.000000e+00 1.000000e+00 0.000000e+00 0.000000e+00 0.000000e+00
 0.000000e+00 7.093723e-01 2.906277e-01 0.000000e+00 0.000000e+00
 0.000000e+00 0.000000e+00 4.497273e-01 5.502728e-01 0.000000e+00
 0.000000e+00 0.000000e+00 0.000000e+00 2.860380e-01 7.139621e-01
 0.000000e+00 0.000000e+00 0.000000e+00 0.000000e+00 0.000000e+00
<ENDHMM>
~h "bg_board_2"
<BEGINHMM>
<NUMSTATES> 5
<STATE> 2
<MEAN> 6
 2.644286e+02 2.123637e+01 1.237771e+01 1.075355e+01 5.337419e+00 3.563527e+00
<VARIANCE> 6
 4.447209e+03 3.206913e+02 1.031702e+02 3.551603e+01 9.738338e+00 4.769570e+00
<GCONST> 3.724247e+01
<STATE> 3
<MEAN> 6
 3.104090e+02 2.384949e+01 1.405005e+01 7.711943e+00 4.147946e+00 2.317429e+00
<VARIANCE> 6
 9.658899e+03 6.940281e+02 2.929036e+02 4.628706e+01 1.581283e+01 6.007636e+00
<GCONST> 4.081397e+01
<STATE> 4
<MEAN> 6
 2.843722e+02 1.390971e+01 4.987099e+00 3.383642e+00 1.821923e+00 5.963649e-01
<VARIANCE> 6
 8.754532e+03 2.853141e+02 1.599810e+01 8.139592e+00 1.865727e+00 2.329497e-01
<GCONST> 2.979411e+01
<TRANSP> 5
 0.000000e+00 1.000000e+00 0.000000e+00 0.000000e+00 0.000000e+00
 0.000000e+00 8.086396e-01 1.913604e-01 0.000000e+00 0.000000e+00
 0.000000e+00 0.000000e+00 1.506765e-01 8.493236e-01 0.000000e+00
 0.000000e+00 0.000000e+00 0.000000e+00 6.650376e-01 3.349624e-01
 0.000000e+00 0.000000e+00 0.000000e+00 0.000000e+00 0.000000e+00
<ENDHMM>
~h "bg_board_3"
<BEGINHMM>
<NUMSTATES> 5
<STATE> 2
<MEAN> 6
 2.560842e+02 2.042914e+01 5.812276e+00 5.721319e+00 3.048677e+00 1.500238e+00
<VARIANCE> 6
 1.056902e+04 4.943947e+02 2.620527e+01 1.440712e+01 4.995094e+00 1.649709e+00
<GCONST> 3.453902e+01
<STATE> 3
<MEAN> 6
 2.758609e+02 2.564945e+01 1.069468e+01 8.173024e+00 4.466480e+00 2.708177e+00
<VARIANCE> 6
 9.839323e+03 7.310486e+02 1.304296e+02 4.039212e+01 1.142286e+01 5.474102e+00
<GCONST> 3.952100e+01
<STATE> 4
<MEAN> 6
 2.808351e+02 1.696764e+01 6.585894e+00 4.238564e+00 2.059465e+00 1.122557e+00
<VARIANCE> 6
 1.372304e+04 6.086831e+02 4.851345e+01 1.344625e+01 2.247612e+00 9.388421e-01
<GCONST> 3.419270e+01
<TRANSP> 5
 0.000000e+00 1.000000e+00 0.000000e+00 0.000000e+00 0.000000e+00
 0.000000e+00 4.398201e-01 5.601799e-01 0.000000e+00 0.000000e+00
 0.000000e+00 0.000000e+00 3.917437e-01 6.082563e-01 0.000000e+00
 0.000000e+00 0.000000e+00 0.000000e+00 2.409283e-01 7.590717e-01
 0.000000e+00 0.000000e+00 0.000000e+00 0.000000e+00 0.000000e+00
<ENDHMM>
~h "bg_board_4"
<BEGINHMM>
<NUMSTATES> 5
<STATE> 2
<MEAN> 6
 2.472703e+02 2.245772e+01 1.055689e+01 8.727262e+00 4.580128e+00 2.883283e+00
<VARIANCE> 6
 6.759545e+03 4.927084e+02 9.936259e+01 2.916853e+01 7.185758e+00 4.254119e+00
<GCONST> 3.743774e+01
<STATE> 3
<MEAN> 6
 2.760243e+02 8.965822e+01 5.494379e+00 1.147299e+01 1.783883e+00 6.715517e-01
<VARIANCE> 6
 9.187255e+03 8.838646e+03 3.164123e+01 8.197226e+01 3.012075e+00 6.571189e-01
<GCONST> 3.778331e+01
<STATE> 4
<MEAN> 6
 2.637595e+02 1.155619e+01 4.703431e+00 3.015970e+00 1.505440e+00 5.800296e-01
<VARIANCE> 6
 7.779068e+03 3.287543e+02 1.533249e+01 7.177733e+00 1.176689e+00 2.331362e-01
<GCONST> 2.918929e+01
<TRANSP> 5
 0.000000e+00 1.000000e+00 0.000000e+00 0.000000e+00 0.000000e+00
 0.000000e+00 6.979349e-01 3.020651e-01 0.000000e+00 0.000000e+00
 0.000000e+00 0.000000e+00 3.934775e-01 6.065225e-01 0.000000e+00
 0.000000e+00 0.000000e+00 0.000000e+00 7.137231e-01 2.862769e-01
 0.000000e+00 0.000000e+00 0.000000e+00 0.000000e+00 0.000000e+00
<ENDHMM>
~h "bg_board_5"
<BEGINHMM>
<NUMSTATES> 5
<STATE> 2
<MEAN> 6
 2.746969e+02 1.905316e+01 7.623340e+00 7.360500e+00 3.736216e+00 2.288179e+00
<VARIANCE> 6
 6.382980e+03 5.240420e+02 3.919224e+01 2.104145e+01 5.117883e+00 3.140684e+00
<GCONST> 3.554238e+01
<STATE> 3
<MEAN> 6
 3.056223e+02 2.919284e+01 1.064244e+01 8.526701e+00 3.969871e+00 2.170920e+00
<VARIANCE> 6
 8.899306e+03 2.593425e+03 1.558700e+02 5.773899e+01 1.774695e+01 6.095136e+00
<GCONST> 4.177038e+01
<STATE> 4
<MEAN> 6
 3.435006e+02 9.999098e+00 5.010067e+00 2.761724e+00 1.540680e+00 6.350158e-01
<VARIANCE> 6
 1.010190e+04 3.314262e+02 2.399385e+01 8.710075e+00 1.911861e+00 5.723826e-01
<GCONST> 3.148356e+01
<TRANSP> 5
 0.000000e+00 1.000000e+00 0.000000e+00 0.000000e+00 0.000000e+00
 0.000000e+00 6.426481e-01 3.573519e-01 0.000000e+00 0.000000e+00
 0.000000e+00 0.000000e+00 3.519102e-01 6.480898e-01 0.000000e+00
 0.000000e+00 0.000000e+00 0.000000e+00 7.565559e-01 2.434441e-01
 0.000000e+00 0.000000e+00 0.000000e+00 0.000000e+00 0.000000e+00
<ENDHMM>
~h "fp_key"
<BEGINHMM>
<NUMSTATES> 5
<STATE> 2
<MEAN> 6
 2.644955e+02 5.134167e+00 1.027706e+01 1.322085e+00 4.040214e+00 7.277172e-01
<VARIANCE> 6
 6.819471e+03 6.378183e+01 2.229621e+02 2.816057e+00 2.158787e+01 5.741843e-01
<GCONST> 3.296993e+01
<STATE> 3
<MEAN> 6
 4.380467e+02 5.957724e+01 4.143325e+01 1.314760e+01 1.167116e+01 4.657199e+00
<VARIANCE> 6
 2.505777e+04 2.930135e+03 2.235349e+03 1.317881e+02 1.028922e+02 2.042986e+01
<GCONST> 4.938303e+01
<STATE> 4
<MEAN> 6
 2.778246e+02 2.953389e+00 2.107344e+00 9.231796e-01 6.962963e-01 3.487566e-01
<VARIANCE> 6
 1.205510e+03 1.670078e+01 1.192655e+01 9.852186e-01 7.349418e-01 9.842192e-02
<GCONST> 2.077480e+01
<TRANSP> 5
 0.000000e+00 1.000000e+00 0.000000e+00 0.000000e+00 0.000000e+00
 0.000000e+00 7.049642e-01 2.950358e-01 0.000000e+00 0.000000e+00
 0.000000e+00 0.000000e+00 7.323999e-01 2.676000e-01 0.000000e+00
 0.000000e+00 0.000000e+00 0.000000e+00 8.631443e-01 1.368557e-01
 0.000000e+00 0.000000e+00 0.000000e+00 0.000000e+00 0.000000e+00
<ENDHMM>
~h "fp_logo"
<BEGINHMM>
<NUMSTATES> 5
<STATE> 2
<MEAN> 6
 1.333196e+02 9.941460e+00 2.165381e+01 2.725990e+00 7.453645e+00 4.736988e-01
<VARIANCE> 6
 6.347704e+02 2.693014e+02 1.342659e+02 3.698601e+01 3.091943e+01 3.158065e-01
<GCONST> 3.386548e+01
<STATE> 3
<MEAN> 6
 1.364566e+02 1.483846e+01 2.442360e+00 5.170304e+00 1.946371e+00 4.446554e-01
<VARIANCE> 6
 4.047461e+02 2.067852e+02 2.908691e+00 3.453085e+01 1.116455e+00 1.892548e-01
<GCONST> 2.541726e+01
<STATE> 4
<MEAN> 6
 1.451379e+02 4.361290e+00 1.822837e+00 5.518054e-01 5.686883e-01 2.619554e-01
<VARIANCE> 6
 4.698333e+02 3.800678e+01 1.410330e+00 3.191417e-01 7.835153e-02 1.128802e-02
<GCONST> 1.298855e+01
<TRANSP> 5
 0.000000e+00 1.000000e+00 0.000000e+00 0.000000e+00 0.000000e+00
 0.000000e+00 3.286104e-02 9.671389e-01 0.000000e+00 0.000000e+00
 0.000000e+00 0.000000e+00 3.333333e-01 6.666667e-01 0.000000e+00
 0.000000e+00 0.000000e+00 0.000000e+00 4.184767e-01 5.815234e-01
 0.000000e+00 0.000000e+00 0.000000e+00 0.000000e+00 0.000000e+00
<ENDHMM>
