~o
<STREAMINFO> 1 6
<VECSIZE> 6<NULLD><MFCC><DIAGC>
~h "bg_board_5"
<BEGINHMM>
<NUMSTATES> 5
<STATE> 2
<MEAN> 6
 2.595724e+02 2.099150e+01 9.396935e+00 6.735435e+00 3.717484e+00 2.101169e+00
<VARIANCE> 6
 6.286434e+03 4.185324e+02 6.872509e+01 1.779295e+01 5.127122e+00 2.617797e+00
<GCONST> 3.551596e+01
<STATE> 3
<MEAN> 6
 2.938390e+02 4.395252e+01 1.437446e+01 1.057026e+01 5.033535e+00 2.782388e+00
<VARIANCE> 6
 7.315002e+03 3.021272e+03 2.262361e+02 5.355471e+01 1.593710e+01 6.432996e+00
<GCONST> 4.197075e+01
<STATE> 4
<MEAN> 6
 3.622975e+02 1.182211e+01 5.930857e+00 3.462578e+00 2.068072e+00 8.735669e-01
<VARIANCE> 6
 8.337683e+03 3.139212e+02 2.978541e+01 1.075667e+01 2.793571e+00 9.525919e-01
<GCONST> 3.255324e+01
<TRANSP> 5
 0.000000e+00 1.000000e+00 0.000000e+00 0.000000e+00 0.000000e+00
 0.000000e+00 7.477488e-01 2.522512e-01 0.000000e+00 0.000000e+00
 0.000000e+00 0.000000e+00 5.925593e-01 4.074408e-01 0.000000e+00
 0.000000e+00 0.000000e+00 0.000000e+00 8.208320e-01 1.791680e-01
 0.000000e+00 0.000000e+00 0.000000e+00 0.000000e+00 0.000000e+00
<ENDHMM>
