~o
<STREAMINFO> 1 6
<VECSIZE> 6<NULLD><MFCC><DIAGC>
~h "bg_board_1"
<BEGINHMM>
<NUMSTATES> 5
<STATE> 2
<MEAN> 6
 2.045221e+02 1.993460e+01 9.054778e+00 5.888103e+00 3.014698e+00 1.314305e+00
<VARIANCE> 6
 1.045315e+04 4.698855e+02 6.398074e+01 1.885009e+01 4.231341e+00 1.395223e+00
<GCONST> 3.530508e+01
<STATE> 3
<MEAN> 6
 2.999109e+02 4.261382e+01 1.501813e+01 1.240839e+01 5.592957e+00 3.395439e+00
<VARIANCE> 6
 1.714615e+04 2.317994e+03 2.840951e+02 6.931824e+01 2.292072e+01 7.943110e+00
<GCONST> 4.361761e+01
<STATE> 4
<MEAN> 6
 2.920821e+02 9.850980e+00 4.920619e+00 2.884611e+00 1.553258e+00 7.074592e-01
<VARIANCE> 6
 2.162290e+04 2.484582e+02 3.173393e+01 1.434320e+01 2.840967e+00 1.076277e+00
<GCONST> 3.376236e+01
<TRANSP> 5
 0.000000e+00 1.000000e+00 0.000000e+00 0.000000e+00 0.000000e+00
 0.000000e+00 7.536339e-01 2.463662e-01 0.000000e+00 0.000000e+00
 0.000000e+00 0.000000e+00 7.042651e-01 2.957349e-01 0.000000e+00
 0.000000e+00 0.000000e+00 0.000000e+00 8.201306e-01 1.798694e-01
 0.000000e+00 0.000000e+00 0.000000e+00 0.000000e+00 0.000000e+00
<ENDHMM>
