~o
<STREAMINFO> 1 6
<VECSIZE> 6<NULLD><MFCC><DIAGC>
~h "bg_board"
<BEGINHMM>
<NUMSTATES> 5
<STATE> 2
<MEAN> 6
 1.739934e+02 1.712197e+01 9.074162e+00 5.047220e+00 2.817322e+00 1.160941e+00
<VARIANCE> 6
 6.044428e+03 2.723352e+02 7.892667e+01 1.244374e+01 4.380238e+00 1.081271e+00
<GCONST> 3.378616e+01
<STATE> 3
<MEAN> 6
 2.743187e+02 3.813464e+01 1.286648e+01 1.132052e+01 5.010243e+00 2.899848e+00
<VARIANCE> 6
 9.532756e+03 2.082734e+03 1.811296e+02 4.874770e+01 1.248314e+01 5.407488e+00
<GCONST> 4.112922e+01
<STATE> 4
<MEAN> 6
 3.808958e+02 8.112023e+00 4.377794e+00 1.915429e+00 1.291165e+00 5.011857e-01
<VARIANCE> 6
 8.493241e+03 1.332941e+02 1.874493e+01 4.832772e+00 1.458293e+00 3.480156e-01
<GCONST> 2.879495e+01
<TRANSP> 5
 0.000000e+00 1.000000e+00 0.000000e+00 0.000000e+00 0.000000e+00
 0.000000e+00 9.581854e-01 4.181459e-02 0.000000e+00 0.000000e+00
 0.000000e+00 0.000000e+00 9.591430e-01 4.085700e-02 0.000000e+00
 0.000000e+00 0.000000e+00 0.000000e+00 9.537235e-01 4.627645e-02
 0.000000e+00 0.000000e+00 0.000000e+00 0.000000e+00 0.000000e+00
<ENDHMM>
