~o
<STREAMINFO> 1 6
<VECSIZE> 6<NULLD><MFCC><DIAGC>
~h "bg_board_3"
<BEGINHMM>
<NUMSTATES> 5
<STATE> 2
<MEAN> 6
 1.914509e+02 2.037042e+01 9.232006e+00 5.792213e+00 3.067094e+00 1.282093e+00
<VARIANCE> 6
 1.021108e+04 5.069771e+02 7.575066e+01 1.799134e+01 5.086421e+00 1.328640e+00
<GCONST> 3.561502e+01
<STATE> 3
<MEAN> 6
 2.557809e+02 4.009249e+01 1.257637e+01 1.185555e+01 4.843487e+00 2.730881e+00
<VARIANCE> 6
 7.980338e+03 2.536853e+03 1.404969e+02 5.968472e+01 1.107655e+01 4.811380e+00
<GCONST> 4.086076e+01
<STATE> 4
<MEAN> 6
 2.992057e+02 1.391992e+01 6.319829e+00 3.530543e+00 2.007308e+00 8.375957e-01
<VARIANCE> 6
 1.784348e+04 3.394106e+02 4.425482e+01 1.371620e+01 2.867221e+00 1.071581e+00
<GCONST> 3.417489e+01
<TRANSP> 5
 0.000000e+00 1.000000e+00 0.000000e+00 0.000000e+00 0.000000e+00
 0.000000e+00 7.070168e-01 2.929833e-01 0.000000e+00 0.000000e+00
 0.000000e+00 0.000000e+00 6.896387e-01 3.103613e-01 0.000000e+00
 0.000000e+00 0.000000e+00 0.000000e+00 8.135992e-01 1.864008e-01
 0.000000e+00 0.000000e+00 0.000000e+00 0.000000e+00 0.000000e+00
<ENDHMM>
