~o
<STREAMINFO> 1 6
<VECSIZE> 6<NULLD><MFCC><DIAGC>
~h "bg_board_0"
<BEGINHMM>
<NUMSTATES> 5
<STATE> 2
<MEAN> 6
 2.503567e+02 1.906734e+01 9.445767e+00 6.823244e+00 3.387004e+00 1.703697e+00
<VARIANCE> 6
 1.121865e+04 4.580161e+02 7.637043e+01 2.142326e+01 5.613757e+00 2.351825e+00
<GCONST> 3.645998e+01
<STATE> 3
<MEAN> 6
 3.096379e+02 4.297781e+01 1.453799e+01 1.170634e+01 5.341163e+00 2.780175e+00
<VARIANCE> 6
 1.764745e+04 2.693337e+03 3.010377e+02 5.945525e+01 2.106893e+01 7.330553e+00
<GCONST> 4.353645e+01
<STATE> 4
<MEAN> 6
 2.832581e+02 1.092791e+01 5.251603e+00 3.202927e+00 1.827356e+00 7.255457e-01
<VARIANCE> 6
 2.231430e+04 2.935374e+02 3.457732e+01 1.437108e+01 3.169156e+00 7.544628e-01
<GCONST> 3.380238e+01
<TRANSP> 5
 0.000000e+00 1.000000e+00 0.000000e+00 0.000000e+00 0.000000e+00
 0.000000e+00 7.306291e-01 2.693709e-01 0.000000e+00 0.000000e+00
 0.000000e+00 0.000000e+00 5.892744e-01 4.107256e-01 0.000000e+00
 0.000000e+00 0.000000e+00 0.000000e+00 8.291454e-01 1.708546e-01
 0.000000e+00 0.000000e+00 0.000000e+00 0.000000e+00 0.000000e+00
<ENDHMM>
