~o
<STREAMINFO> 1 6
<VECSIZE> 6<NULLD><MFCC><DIAGC>
~h "bg_board_4"
<BEGINHMM>
<NUMSTATES> 5
<STATE> 2
<MEAN> 6
 2.153708e+02 1.957976e+01 9.780763e+00 6.813176e+00 3.721157e+00 1.865620e+00
<VARIANCE> 6
 6.338484e+03 3.966382e+02 7.318899e+01 1.848212e+01 5.099551e+00 2.249009e+00
<GCONST> 3.541418e+01
<STATE> 3
<MEAN> 6
 2.703178e+02 4.542666e+01 1.425574e+01 1.162869e+01 4.882775e+00 2.777336e+00
<VARIANCE> 6
 7.460970e+03 2.611595e+03 1.864529e+02 6.074907e+01 1.241284e+01 5.235797e+00
<GCONST> 4.132159e+01
<STATE> 4
<MEAN> 6
 3.079813e+02 1.292105e+01 5.435639e+00 3.367946e+00 1.874657e+00 8.638816e-01
<VARIANCE> 6
 9.169763e+03 3.352233e+02 3.401616e+01 1.500650e+01 2.996933e+00 1.204881e+00
<GCONST> 3.348502e+01
<TRANSP> 5
 0.000000e+00 1.000000e+00 0.000000e+00 0.000000e+00 0.000000e+00
 0.000000e+00 8.097603e-01 1.902397e-01 0.000000e+00 0.000000e+00
 0.000000e+00 0.000000e+00 6.541503e-01 3.458497e-01 0.000000e+00
 0.000000e+00 0.000000e+00 0.000000e+00 7.939011e-01 2.060990e-01
 0.000000e+00 0.000000e+00 0.000000e+00 0.000000e+00 0.000000e+00
<ENDHMM>
