~o
<STREAMINFO> 1 6
<VECSIZE> 6<NULLD><MFCC><DIAGC>
~h "bg_board_2"
<BEGINHMM>
<NUMSTATES> 5
<STATE> 2
<MEAN> 6
 2.313098e+02 2.268329e+01 1.125454e+01 8.256343e+00 3.776311e+00 1.982154e+00
<VARIANCE> 6
 9.338394e+03 4.795594e+02 1.080884e+02 3.293712e+01 6.768526e+00 2.918844e+00
<GCONST> 3.750304e+01
<STATE> 3
<MEAN> 6
 2.746066e+02 4.778497e+01 1.531357e+01 1.216873e+01 5.047328e+00 3.036487e+00
<VARIANCE> 6
 1.376727e+04 2.898675e+03 3.446821e+02 8.326348e+01 1.971031e+01 9.647322e+00
<GCONST> 4.404177e+01
<STATE> 4
<MEAN> 6
 2.668162e+02 1.314159e+01 6.847038e+00 3.387241e+00 1.923306e+00 7.476866e-01
<VARIANCE> 6
 2.017786e+04 2.761774e+02 4.651568e+01 1.171433e+01 3.132433e+00 6.866391e-01
<GCONST> 3.362711e+01
<TRANSP> 5
 0.000000e+00 1.000000e+00 0.000000e+00 0.000000e+00 0.000000e+00
 0.000000e+00 7.221974e-01 2.778026e-01 0.000000e+00 0.000000e+00
 0.000000e+00 0.000000e+00 5.634962e-01 4.365038e-01 0.000000e+00
 0.000000e+00 0.000000e+00 0.000000e+00 8.593410e-01 1.406590e-01
 0.000000e+00 0.000000e+00 0.000000e+00 0.000000e+00 0.000000e+00
<ENDHMM>
