~o
<STREAMINFO> 1 6
<VECSIZE> 6<NULLD><MFCC><DIAGC>
~h "bg_dark_0_2"
<BEGINHMM>
<NUMSTATES> 5
<STATE> 2
<MEAN> 6
 2.065167e+02 1.255466e+01 1.047898e+01 3.682169e+00 3.773462e+00 1.386154e+00
<VARIANCE> 6
 1.705004e+04 2.438697e+02 1.086087e+02 7.217803e+00 6.450862e+00 1.265880e+00
<GCONST> 3.503209e+01
<STATE> 3
<MEAN> 6
 2.100414e+02 3.235663e+01 1.840709e+01 8.207548e+00 6.336278e+00 3.087517e+00
<VARIANCE> 6
 1.128598e+04 9.629608e+02 2.555515e+02 3.257050e+01 1.947747e+01 4.872679e+00
<GCONST> 4.080832e+01
<STATE> 4
<MEAN> 6
 1.785102e+02 1.330439e+01 6.817664e+00 2.959643e+00 2.041430e+00 8.311275e-01
<VARIANCE> 6
 1.752595e+04 2.313404e+02 5.097819e+01 6.173128e+00 3.486578e+00 9.873677e-01
<GCONST> 3.323040e+01
<TRANSP> 5
 0.000000e+00 1.000000e+00 0.000000e+00 0.000000e+00 0.000000e+00
 0.000000e+00 7.637997e-01 2.362003e-01 0.000000e+00 0.000000e+00
 0.000000e+00 0.000000e+00 6.853591e-01 3.146409e-01 0.000000e+00
 0.000000e+00 0.000000e+00 0.000000e+00 8.210475e-01 1.789525e-01
 0.000000e+00 0.000000e+00 0.000000e+00 0.000000e+00 0.000000e+00
<ENDHMM>
