~o
<STREAMINFO> 1 6
<VECSIZE> 6<NULLD><MFCC><DIAGC>
~h "bg_dark_0_4"
<BEGINHMM>
<NUMSTATES> 5
<STATE> 2
<MEAN> 6
 2.025366e+02 1.232845e+01 7.669072e+00 3.653525e+00 2.943511e+00 1.374453e+00
<VARIANCE> 6
 2.216138e+04 2.243543e+02 5.204718e+01 8.985949e+00 4.691338e+00 1.877928e+00
<GCONST> 3.477030e+01
<STATE> 3
<MEAN> 6
 2.092620e+02 2.687811e+01 2.349525e+01 7.618337e+00 7.353641e+00 3.525093e+00
<VARIANCE> 6
 1.025062e+04 5.530900e+02 4.863071e+02 1.868511e+01 2.254099e+01 6.038513e+00
<GCONST> 4.060594e+01
<STATE> 4
<MEAN> 6
 9.122504e+01 7.894169e+00 8.108709e+00 2.015934e+00 2.204650e+00 7.168391e-01
<VARIANCE> 6
 1.975419e+03 9.140742e+01 9.357847e+01 4.500437e+00 4.709412e+00 6.164739e-01
<GCONST> 3.023992e+01
<TRANSP> 5
 0.000000e+00 1.000000e+00 0.000000e+00 0.000000e+00 0.000000e+00
 0.000000e+00 7.499939e-01 2.500061e-01 0.000000e+00 0.000000e+00
 0.000000e+00 0.000000e+00 7.193706e-01 2.806294e-01 0.000000e+00
 0.000000e+00 0.000000e+00 0.000000e+00 8.160642e-01 1.839357e-01
 0.000000e+00 0.000000e+00 0.000000e+00 0.000000e+00 0.000000e+00
<ENDHMM>
