~o
<STREAMINFO> 1 6
<VECSIZE> 6<NULLD><MFCC><DIAGC>
~h "bg_dark_0_0"
<BEGINHMM>
<NUMSTATES> 5
<STATE> 2
<MEAN> 6
 2.776020e+02 1.448112e+01 8.440345e+00 4.189349e+00 3.319963e+00 1.623446e+00
<VARIANCE> 6
 1.350901e+04 5.108069e+02 5.818615e+01 1.089226e+01 3.980520e+00 1.981122e+00
<GCONST> 3.529115e+01
<STATE> 3
<MEAN> 6
 2.245770e+02 3.187479e+01 1.310246e+01 8.322275e+00 5.240848e+00 2.470436e+00
<VARIANCE> 6
 1.212823e+04 1.581705e+03 1.448778e+02 8.035060e+01 1.106116e+01 3.511082e+00
<GCONST> 4.081846e+01
<STATE> 4
<MEAN> 6
 1.644603e+02 1.034321e+01 1.049268e+01 3.132844e+00 2.942527e+00 1.026598e+00
<VARIANCE> 6
 7.511600e+03 1.526160e+02 1.038556e+02 5.956804e+00 3.336281e+00 7.257786e-01
<GCONST> 3.229127e+01
<TRANSP> 5
 0.000000e+00 1.000000e+00 0.000000e+00 0.000000e+00 0.000000e+00
 0.000000e+00 7.598327e-01 2.401674e-01 0.000000e+00 0.000000e+00
 0.000000e+00 0.000000e+00 5.364441e-01 4.635559e-01 0.000000e+00
 0.000000e+00 0.000000e+00 0.000000e+00 8.239127e-01 1.760873e-01
 0.000000e+00 0.000000e+00 0.000000e+00 0.000000e+00 0.000000e+00
<ENDHMM>
