~o
<STREAMINFO> 1 6
<VECSIZE> 6<NULLD><MFCC><DIAGC>
~h "bg_dark_0_3"
<BEGINHMM>
<NUMSTATES> 5
<STATE> 2
<MEAN> 6
 1.738518e+02 1.468894e+01 9.699363e+00 4.097039e+00 3.468240e+00 1.416058e+00
<VARIANCE> 6
 1.507008e+04 2.237979e+02 9.420042e+01 7.529716e+00 6.762729e+00 1.577323e+00
<GCONST> 3.498991e+01
<STATE> 3
<MEAN> 6
 2.296212e+02 3.263718e+01 1.499993e+01 8.751108e+00 5.540319e+00 2.588864e+00
<VARIANCE> 6
 1.670894e+04 1.066543e+03 1.861010e+02 3.687761e+01 1.569115e+01 4.919964e+00
<GCONST> 4.090343e+01
<STATE> 4
<MEAN> 6
 2.122937e+02 9.925283e+00 6.891853e+00 2.814001e+00 2.568738e+00 1.011226e+00
<VARIANCE> 6
 2.367254e+04 1.489242e+02 4.396228e+01 6.265384e+00 3.871753e+00 1.149719e+00
<GCONST> 3.321437e+01
<TRANSP> 5
 0.000000e+00 1.000000e+00 0.000000e+00 0.000000e+00 0.000000e+00
 0.000000e+00 7.656124e-01 2.343876e-01 0.000000e+00 0.000000e+00
 0.000000e+00 0.000000e+00 5.995228e-01 4.004772e-01 0.000000e+00
 0.000000e+00 0.000000e+00 0.000000e+00 8.090343e-01 1.909657e-01
 0.000000e+00 0.000000e+00 0.000000e+00 0.000000e+00 0.000000e+00
<ENDHMM>
