~o
<STREAMINFO> 1 6
<VECSIZE> 6<NULLD><MFCC><DIAGC>
~h "bg_dark_0_1"
<BEGINHMM>
<NUMSTATES> 5
<STATE> 2
<MEAN> 6
 2.289402e+02 1.080876e+01 8.277303e+00 3.480495e+00 3.165860e+00 1.323609e+00
<VARIANCE> 6
 1.933006e+04 1.511462e+02 6.581856e+01 6.824504e+00 4.274570e+00 1.215058e+00
<GCONST> 3.366983e+01
<STATE> 3
<MEAN> 6
 2.190100e+02 3.011265e+01 1.877536e+01 8.041102e+00 5.892248e+00 2.364868e+00
<VARIANCE> 6
 1.227026e+04 8.218720e+02 3.120608e+02 2.841721e+01 1.591749e+01 2.891259e+00
<GCONST> 4.007308e+01
<STATE> 4
<MEAN> 6
 1.668135e+02 1.091802e+01 8.975820e+00 2.797431e+00 2.687683e+00 8.933182e-01
<VARIANCE> 6
 1.189046e+04 1.976766e+02 9.413689e+01 5.495316e+00 4.165387e+00 7.126264e-01
<GCONST> 3.303404e+01
<TRANSP> 5
 0.000000e+00 1.000000e+00 0.000000e+00 0.000000e+00 0.000000e+00
 0.000000e+00 8.027331e-01 1.972669e-01 0.000000e+00 0.000000e+00
 0.000000e+00 0.000000e+00 6.464280e-01 3.535720e-01 0.000000e+00
 0.000000e+00 0.000000e+00 0.000000e+00 8.040157e-01 1.959843e-01
 0.000000e+00 0.000000e+00 0.000000e+00 0.000000e+00 0.000000e+00
<ENDHMM>
