~o
<STREAMINFO> 1 6
<VECSIZE> 6<NULLD><MFCC><DIAGC>
~h "bg_dark_0"
<BEGINHMM>
<NUMSTATES> 5
<STATE> 2
<MEAN> 6
 2.293454e+02 1.082428e+01 9.457359e+00 3.487591e+00 3.351445e+00 1.394587e+00
<VARIANCE> 6
 1.706376e+04 1.780154e+02 9.363750e+01 7.469104e+00 5.939017e+00 1.616755e+00
<GCONST> 3.476602e+01
<STATE> 3
<MEAN> 6
 2.253867e+02 2.867582e+01 1.658316e+01 7.810342e+00 5.856665e+00 2.660195e+00
<VARIANCE> 6
 1.431225e+04 8.850413e+02 3.024535e+02 3.368766e+01 1.752761e+01 4.825814e+00
<GCONST> 4.104858e+01
<STATE> 4
<MEAN> 6
 1.052893e+02 1.028329e+01 7.638683e+00 2.403086e+00 2.126757e+00 7.642567e-01
<VARIANCE> 6
 2.964500e+03 1.598947e+02 7.849683e+01 4.168500e+00 3.946061e+00 8.010822e-01
<GCONST> 3.103778e+01
<TRANSP> 5
 0.000000e+00 1.000000e+00 0.000000e+00 0.000000e+00 0.000000e+00
 0.000000e+00 9.625373e-01 3.746266e-02 0.000000e+00 0.000000e+00
 0.000000e+00 0.000000e+00 9.429541e-01 5.704590e-02 0.000000e+00
 0.000000e+00 0.000000e+00 0.000000e+00 9.612058e-01 3.879422e-02
 0.000000e+00 0.000000e+00 0.000000e+00 0.000000e+00 0.000000e+00
<ENDHMM>
