~o
<STREAMINFO> 1 6
<VECSIZE> 6<NULLD><MFCC><DIAGC>
~h "bg_dark_0_5"
<BEGINHMM>
<NUMSTATES> 5
<STATE> 2
<MEAN> 6
 1.140406e+02 1.189219e+01 8.841630e+00 3.127911e+00 2.781307e+00 8.713269e-01
<VARIANCE> 6
 4.750488e+03 1.947375e+02 1.130444e+02 7.583921e+00 7.462975e+00 8.612536e-01
<GCONST> 3.337932e+01
<STATE> 3
<MEAN> 6
 1.559690e+02 1.952452e+01 1.750965e+01 6.146434e+00 5.717259e+00 2.444210e+00
<VARIANCE> 6
 4.527304e+03 3.598316e+02 3.188233e+02 1.864136e+01 1.651380e+01 4.818826e+00
<GCONST> 3.839752e+01
<STATE> 4
<MEAN> 6
 1.064154e+02 5.917926e+00 5.004861e+00 1.584267e+00 1.453653e+00 5.567885e-01
<VARIANCE> 6
 2.704768e+03 8.101360e+01 5.468107e+01 3.078171e+00 3.551182e+00 9.802065e-01
<GCONST> 2.969779e+01
<TRANSP> 5
 0.000000e+00 1.000000e+00 0.000000e+00 0.000000e+00 0.000000e+00
 0.000000e+00 5.748915e-01 4.251085e-01 0.000000e+00 0.000000e+00
 0.000000e+00 0.000000e+00 7.241011e-01 2.758989e-01 0.000000e+00
 0.000000e+00 0.000000e+00 0.000000e+00 8.339738e-01 1.660262e-01
 0.000000e+00 0.000000e+00 0.000000e+00 0.000000e+00 0.000000e+00
<ENDHMM>
