~o
<STREAMINFO> 1 6
<VECSIZE> 6<NULLD><MFCC><DIAGC>
~h "bg_red_0_1"
<BEGINHMM>
<NUMSTATES> 5
<STATE> 2
<MEAN> 6
 3.053688e+02 9.749393e+00 5.038170e+00 4.255187e+00 2.363431e+00 2.025351e+00
<VARIANCE> 6
 1.492998e+04 3.120430e+02 2.803260e+01 1.906946e+01 3.331297e+00 5.115518e+00
<GCONST> 3.549863e+01
<STATE> 3
<MEAN> 6
 4.321262e+02 4.079417e+01 7.107043e+00 1.128739e+01 4.023104e+00 3.855552e+00
<VARIANCE> 6
 3.149388e+04 2.737740e+03 4.155816e+01 1.145367e+02 5.619968e+01 3.303773e+01
<GCONST> 4.529425e+01
<STATE> 4
<MEAN> 6
 3.376321e+02 4.352635e+00 2.137513e+00 1.629158e+00 9.273239e-01 4.319518e-01
<VARIANCE> 6
 4.727122e+03 8.335986e+01 3.057529e+00 4.885496e+00 9.410581e-01 2.445215e-01
<GCONST> 2.514618e+01
<TRANSP> 5
 0.000000e+00 1.000000e+00 0.000000e+00 0.000000e+00 0.000000e+00
 0.000000e+00 7.556598e-01 2.443403e-01 0.000000e+00 0.000000e+00
 0.000000e+00 0.000000e+00 4.897503e-01 5.102497e-01 0.000000e+00
 0.000000e+00 0.000000e+00 0.000000e+00 8.560638e-01 1.439362e-01
 0.000000e+00 0.000000e+00 0.000000e+00 0.000000e+00 0.000000e+00
<ENDHMM>
