~o
<STREAMINFO> 1 6
<VECSIZE> 6<NULLD><MFCC><DIAGC>
~h "bg_red_0_5"
<BEGINHMM>
<NUMSTATES> 5
<STATE> 2
<MEAN> 6
 2.492335e+02 8.247269e+00 3.819747e+00 2.828343e+00 1.156227e+00 6.333109e-01
<VARIANCE> 6
 1.105471e+04 2.475006e+02 1.226477e+01 1.509208e+01 9.199408e-01 5.435277e-01
<GCONST> 3.037707e+01
<STATE> 3
<MEAN> 6
 3.502758e+02 5.950484e+01 1.567757e+01 1.574559e+01 4.700671e+00 3.019529e+00
<VARIANCE> 6
 3.239591e+04 5.305887e+03 3.416926e+02 3.651071e+02 3.905043e+01 1.335708e+01
<GCONST> 4.798062e+01
<STATE> 4
<MEAN> 6
 3.257851e+02 1.000117e+01 6.765649e+00 4.258049e+00 2.408193e+00 1.662202e+00
<VARIANCE> 6
 3.061507e+04 1.769668e+02 4.931386e+01 3.746725e+01 3.981785e+00 3.589330e+00
<GCONST> 3.671384e+01
<TRANSP> 5
 0.000000e+00 1.000000e+00 0.000000e+00 0.000000e+00 0.000000e+00
 0.000000e+00 8.634142e-01 1.365858e-01 0.000000e+00 0.000000e+00
 0.000000e+00 0.000000e+00 3.779492e-01 6.220509e-01 0.000000e+00
 0.000000e+00 0.000000e+00 0.000000e+00 6.743740e-01 3.256261e-01
 0.000000e+00 0.000000e+00 0.000000e+00 0.000000e+00 0.000000e+00
<ENDHMM>
