~o
<STREAMINFO> 1 6
<VECSIZE> 6<NULLD><MFCC><DIAGC>
~h "bg_red_0_3"
<BEGINHMM>
<NUMSTATES> 5
<STATE> 2
<MEAN> 6
 3.302097e+02 8.543900e+00 1.991661e+00 3.003218e+00 1.293396e+00 8.025423e-01
<VARIANCE> 6
 5.700993e+03 3.395443e+02 3.369205e+00 1.465783e+01 1.521287e+00 1.382583e+00
<GCONST> 3.014643e+01
<STATE> 3
<MEAN> 6
 4.000993e+02 2.977124e+01 3.776929e+00 9.339557e+00 1.369549e+00 6.937692e-01
<VARIANCE> 6
 3.462170e+04 3.545537e+03 1.091833e+01 3.011852e+02 2.042369e+00 6.350525e-01
<GCONST> 3.801118e+01
<STATE> 4
<MEAN> 6
 3.149845e+02 5.156828e+00 1.772749e+00 1.264545e+00 6.628624e-01 3.344434e-01
<VARIANCE> 6
 4.603206e+03 3.968404e+01 4.206529e+00 2.287880e+00 4.660770e-01 1.720630e-01
<GCONST> 2.288368e+01
<TRANSP> 5
 0.000000e+00 1.000000e+00 0.000000e+00 0.000000e+00 0.000000e+00
 0.000000e+00 6.699548e-01 3.300452e-01 0.000000e+00 0.000000e+00
 0.000000e+00 0.000000e+00 3.094676e-01 6.905324e-01 0.000000e+00
 0.000000e+00 0.000000e+00 0.000000e+00 8.670558e-01 1.329442e-01
 0.000000e+00 0.000000e+00 0.000000e+00 0.000000e+00 0.000000e+00
<ENDHMM>
