~o
<STREAMINFO> 1 6
<VECSIZE> 6<NULLD><MFCC><DIAGC>
~h "bg_red_0_0"
<BEGINHMM>
<NUMSTATES> 5
<STATE> 2
<MEAN> 6
 3.522721e+02 8.164331e+00 5.845885e+00 3.915787e+00 3.076636e+00 2.148464e+00
<VARIANCE> 6
 7.755135e+03 9.639442e+01 3.717767e+01 1.508957e+01 4.531281e+00 5.714519e+00
<GCONST> 3.413555e+01
<STATE> 3
<MEAN> 6
 4.499562e+02 3.914971e+01 1.466845e+01 1.226961e+01 4.174302e+00 2.665503e+00
<VARIANCE> 6
 3.838796e+04 2.404966e+03 7.483020e+02 1.405876e+02 2.909065e+01 9.374020e+00
<GCONST> 4.654005e+01
<STATE> 4
<MEAN> 6
 3.198494e+02 8.061924e+00 3.113978e+00 2.460609e+00 1.341150e+00 8.067350e-01
<VARIANCE> 6
 2.514434e+04 2.525991e+02 1.163209e+01 1.279122e+01 2.180692e+00 1.543126e+00
<GCONST> 3.290744e+01
<TRANSP> 5
 0.000000e+00 1.000000e+00 0.000000e+00 0.000000e+00 0.000000e+00
 0.000000e+00 7.866491e-01 2.133509e-01 0.000000e+00 0.000000e+00
 0.000000e+00 0.000000e+00 4.519953e-01 5.480048e-01 0.000000e+00
 0.000000e+00 0.000000e+00 0.000000e+00 8.177871e-01 1.822130e-01
 0.000000e+00 0.000000e+00 0.000000e+00 0.000000e+00 0.000000e+00
<ENDHMM>
