~o
<STREAMINFO> 1 6
<VECSIZE> 6<NULLD><MFCC><DIAGC>
~h "bg_red_0"
<BEGINHMM>
<NUMSTATES> 5
<STATE> 2
<MEAN> 6
 3.161531e+02 7.725885e+00 4.663173e+00 3.164343e+00 2.160571e+00 1.711011e+00
<VARIANCE> 6
 1.285356e+04 1.025918e+02 3.089178e+01 9.817272e+00 3.677948e+00 5.096752e+00
<GCONST> 3.376499e+01
<STATE> 3
<MEAN> 6
 4.681814e+02 4.477235e+01 8.005010e+00 1.297078e+01 2.701849e+00 2.011382e+00
<VARIANCE> 6
 4.617914e+04 3.799185e+03 2.418359e+02 2.647596e+02 2.674323e+01 1.220946e+01
<GCONST> 4.686567e+01
<STATE> 4
<MEAN> 6
 2.934344e+02 6.011550e+00 2.838738e+00 2.006270e+00 1.005286e+00 4.923374e-01
<VARIANCE> 6
 4.160558e+03 5.729182e+01 1.211513e+01 8.083206e+00 1.329681e+00 4.940493e-01
<GCONST> 2.757289e+01
<TRANSP> 5
 0.000000e+00 1.000000e+00 0.000000e+00 0.000000e+00 0.000000e+00
 0.000000e+00 9.468895e-01 5.311054e-02 0.000000e+00 0.000000e+00
 0.000000e+00 0.000000e+00 8.900309e-01 1.099691e-01 0.000000e+00
 0.000000e+00 0.000000e+00 0.000000e+00 9.762346e-01 2.376546e-02
 0.000000e+00 0.000000e+00 0.000000e+00 0.000000e+00 0.000000e+00
<ENDHMM>
