~o
<STREAMINFO> 1 6
<VECSIZE> 6<NULLD><MFCC><DIAGC>
~h "bg_red_0_2"
<BEGINHMM>
<NUMSTATES> 5
<STATE> 2
<MEAN> 6
 3.575658e+02 9.656034e+00 2.975370e+00 3.918319e+00 1.858768e+00 1.902624e+00
<VARIANCE> 6
 1.934535e+04 2.902991e+02 7.738477e+00 1.638854e+01 2.038133e+00 5.553237e+00
<GCONST> 3.383759e+01
<STATE> 3
<MEAN> 6
 3.552810e+02 2.629134e+01 3.990466e+00 1.030180e+01 1.742281e+00 1.199794e+00
<VARIANCE> 6
 7.095240e+03 2.598029e+03 1.369004e+01 3.648875e+02 2.287129e+00 4.223340e+00
<GCONST> 3.854113e+01
<STATE> 4
<MEAN> 6
 3.346745e+02 4.769961e+00 2.055205e+00 1.614926e+00 7.494650e-01 3.656990e-01
<VARIANCE> 6
 3.916557e+03 1.084858e+02 3.519433e+00 5.488010e+00 5.334552e-01 2.493850e-01
<GCONST> 2.493058e+01
<TRANSP> 5
 0.000000e+00 1.000000e+00 0.000000e+00 0.000000e+00 0.000000e+00
 0.000000e+00 5.887450e-01 4.112550e-01 0.000000e+00 0.000000e+00
 0.000000e+00 0.000000e+00 1.890396e-01 8.109604e-01 0.000000e+00
 0.000000e+00 0.000000e+00 0.000000e+00 8.928799e-01 1.071201e-01
 0.000000e+00 0.000000e+00 0.000000e+00 0.000000e+00 0.000000e+00
<ENDHMM>
