~o
<STREAMINFO> 1 6
<VECSIZE> 6<NULLD><MFCC><DIAGC>
~h "bg_red_0_4"
<BEGINHMM>
<NUMSTATES> 5
<STATE> 2
<MEAN> 6
 2.805885e+02 8.030404e+00 4.925497e+00 2.305867e+00 1.233243e+00 6.648085e-01
<VARIANCE> 6
 7.777884e+03 1.005358e+02 3.218724e+01 4.918968e+00 9.840255e-01 7.789181e-01
<GCONST> 2.939553e+01
<STATE> 3
<MEAN> 6
 3.857409e+02 3.672915e+01 4.457366e+00 1.037264e+01 1.392051e+00 1.031108e+00
<VARIANCE> 6
 4.771064e+04 3.152960e+03 2.719923e+01 2.453608e+02 2.027736e+00 2.459356e+00
<GCONST> 4.026901e+01
<STATE> 4
<MEAN> 6
 2.638667e+02 7.951061e+00 2.496246e+00 2.286623e+00 7.368280e-01 4.286783e-01
<VARIANCE> 6
 5.448397e+03 2.304503e+02 6.345468e+00 1.502921e+01 4.731674e-01 3.517518e-01
<GCONST> 2.783497e+01
<TRANSP> 5
 0.000000e+00 1.000000e+00 0.000000e+00 0.000000e+00 0.000000e+00
 0.000000e+00 7.253372e-01 2.746628e-01 0.000000e+00 0.000000e+00
 0.000000e+00 0.000000e+00 4.948207e-01 5.051793e-01 0.000000e+00
 0.000000e+00 0.000000e+00 0.000000e+00 8.644928e-01 1.355073e-01
 0.000000e+00 0.000000e+00 0.000000e+00 0.000000e+00 0.000000e+00
<ENDHMM>
