~o
<STREAMINFO> 1 6
<VECSIZE> 6<NULLD><MFCC><DIAGC>
~h "bg_white_0"
<BEGINHMM>
<NUMSTATES> 5
<STATE> 2
<MEAN> 6
 7.624382e+02 2.736881e+00 4.972718e+00 1.231797e+00 1.750159e+00 8.057498e-01
<VARIANCE> 6
 5.512075e+03 2.707853e+01 4.300098e+02 3.651852e+00 2.185029e+01 2.085166e+00
<GCONST> 3.411880e+01
<STATE> 3
<MEAN> 6
 7.110914e+02 4.367371e+01 1.676604e+01 1.544377e+01 1.434856e+01 1.029064e+01
<VARIANCE> 6
 6.453203e+03 1.759241e+03 3.946725e+02 1.244003e+02 1.717198e+02 8.611462e+01
<GCONST> 4.767534e+01
<STATE> 4
<MEAN> 6
 6.734222e+02 4.030590e+00 7.131924e+00 1.786094e+00 2.548349e+00 1.100021e+00
<VARIANCE> 6
 3.651737e+04 5.524923e+01 7.230428e+02 7.751490e+00 3.448582e+01 3.968489e+00
<GCONST> 3.909494e+01
<TRANSP> 5
 0.000000e+00 1.000000e+00 0.000000e+00 0.000000e+00 0.000000e+00
 0.000000e+00 9.515532e-01 4.844685e-02 0.000000e+00 0.000000e+00
 0.000000e+00 0.000000e+00 9.654015e-01 3.459849e-02 0.000000e+00
 0.000000e+00 0.000000e+00 0.000000e+00 9.511142e-01 4.888586e-02
 0.000000e+00 0.000000e+00 0.000000e+00 0.000000e+00 0.000000e+00
<ENDHMM>
