~o
<STREAMINFO> 1 6
<VECSIZE> 6<NULLD><MFCC><DIAGC>
~h "bg_white_0_2"
<BEGINHMM>
<NUMSTATES> 5
<STATE> 2
<MEAN> 6
 7.532017e+02 2.336536e+01 9.123823e+00 9.281034e+00 8.293268e+00 6.128253e+00
<VARIANCE> 6
 3.258440e+03 8.586057e+02 1.537576e+02 7.439438e+01 8.917142e+01 4.113953e+01
<GCONST> 4.342386e+01
<STATE> 3
<MEAN> 6
 6.870635e+02 5.633687e+01 2.217644e+01 1.878219e+01 1.799099e+01 1.296289e+01
<VARIANCE> 6
 5.591053e+03 2.001885e+03 4.928106e+02 1.352598e+02 1.960812e+02 1.052218e+02
<GCONST> 4.829995e+01
<STATE> 4
<MEAN> 6
 7.517417e+02 9.921211e+00 3.871796e+00 4.063672e+00 3.448424e+00 2.657620e+00
<VARIANCE> 6
 8.718372e+03 3.972113e+02 5.712371e+01 3.777663e+01 3.975084e+01 1.953808e+01
<GCONST> 4.041683e+01
<TRANSP> 5
 0.000000e+00 1.000000e+00 0.000000e+00 0.000000e+00 0.000000e+00
 0.000000e+00 6.827340e-01 3.172660e-01 0.000000e+00 0.000000e+00
 0.000000e+00 0.000000e+00 7.459381e-01 2.540619e-01 0.000000e+00
 0.000000e+00 0.000000e+00 0.000000e+00 8.308530e-01 1.691470e-01
 0.000000e+00 0.000000e+00 0.000000e+00 0.000000e+00 0.000000e+00
<ENDHMM>
