~o
<STREAMINFO> 1 6
<VECSIZE> 6<NULLD><MFCC><DIAGC>
~h "bg_white_0_1"
<BEGINHMM>
<NUMSTATES> 5
<STATE> 2
<MEAN> 6
 7.615659e+02 2.257976e+01 7.834661e+00 8.897831e+00 7.192824e+00 5.279106e+00
<VARIANCE> 6
 2.793370e+03 8.692291e+02 1.269813e+02 8.709357e+01 8.370653e+01 3.814881e+01
<GCONST> 4.310971e+01
<STATE> 3
<MEAN> 6
 6.969272e+02 5.875375e+01 2.028545e+01 1.836556e+01 1.792006e+01 1.255139e+01
<VARIANCE> 6
 5.054875e+03 1.931831e+03 4.132797e+02 1.265400e+02 1.825671e+02 9.208391e+01
<GCONST> 4.771609e+01
<STATE> 4
<MEAN> 6
 7.647987e+02 8.097308e+00 3.632338e+00 3.562320e+00 3.095014e+00 2.566259e+00
<VARIANCE> 6
 5.992766e+03 3.452045e+02 5.960670e+01 3.376808e+01 3.998946e+01 2.140974e+01
<GCONST> 3.992946e+01
<TRANSP> 5
 0.000000e+00 1.000000e+00 0.000000e+00 0.000000e+00 0.000000e+00
 0.000000e+00 6.301900e-01 3.698100e-01 0.000000e+00 0.000000e+00
 0.000000e+00 0.000000e+00 7.687277e-01 2.312723e-01 0.000000e+00
 0.000000e+00 0.000000e+00 0.000000e+00 8.325520e-01 1.674480e-01
 0.000000e+00 0.000000e+00 0.000000e+00 0.000000e+00 0.000000e+00
<ENDHMM>
