~o
<STREAMINFO> 1 6
<VECSIZE> 6<NULLD><MFCC><DIAGC>
~h "bg_white_0_0"
<BEGINHMM>
<NUMSTATES> 5
<STATE> 2
<MEAN> 6
 7.450465e+02 2.318266e+00 1.030435e+01 9.082769e-01 2.710047e+00 4.374686e-01
<VARIANCE> 6
 1.286734e+04 4.670599e+01 1.071443e+03 3.774026e+00 4.961721e+01 5.469302e-01
<GCONST> 3.593939e+01
<STATE> 3
<MEAN> 6
 7.049940e+02 4.094003e+01 1.958416e+01 1.381933e+01 1.476751e+01 1.010914e+01
<VARIANCE> 6
 1.030263e+04 2.383135e+03 7.506996e+02 1.527688e+02 2.258243e+02 1.175883e+02
<GCONST> 4.988047e+01
<STATE> 4
<MEAN> 6
 7.595110e+02 1.915635e+01 6.518307e+00 7.848371e+00 6.168210e+00 4.819035e+00
<VARIANCE> 6
 3.363793e+03 9.385435e+02 1.161965e+02 9.593824e+01 8.645818e+01 4.174047e+01
<GCONST> 4.350254e+01
<TRANSP> 5
 0.000000e+00 1.000000e+00 0.000000e+00 0.000000e+00 0.000000e+00
 0.000000e+00 8.682708e-01 1.317292e-01 0.000000e+00 0.000000e+00
 0.000000e+00 0.000000e+00 5.003089e-01 4.996911e-01 0.000000e+00
 0.000000e+00 0.000000e+00 0.000000e+00 5.846203e-01 4.153797e-01
 0.000000e+00 0.000000e+00 0.000000e+00 0.000000e+00 0.000000e+00
<ENDHMM>
