~o
<STREAMINFO> 1 6
<VECSIZE> 6<NULLD><MFCC><DIAGC>
~h "bg_white_0_3"
<BEGINHMM>
<NUMSTATES> 5
<STATE> 2
<MEAN> 6
 6.962003e+02 2.877055e+01 8.725202e+00 1.041259e+01 8.086326e+00 5.766629e+00
<VARIANCE> 6
 2.018610e+04 1.389423e+03 1.447869e+02 1.100515e+02 9.216326e+01 4.196157e+01
<GCONST> 4.611318e+01
<STATE> 3
<MEAN> 6
 6.989971e+02 4.806396e+01 2.005173e+01 1.719057e+01 1.713343e+01 1.219869e+01
<VARIANCE> 6
 4.844076e+03 1.815192e+03 4.093714e+02 1.316227e+02 1.829374e+02 9.975645e+01
<GCONST> 4.772316e+01
<STATE> 4
<MEAN> 6
 7.612238e+02 7.900789e+00 4.053674e+00 3.738266e+00 3.126292e+00 2.444081e+00
<VARIANCE> 6
 1.987966e+03 2.609417e+02 7.925161e+01 3.317815e+01 3.269728e+01 1.722929e+01
<GCONST> 3.839485e+01
<TRANSP> 5
 0.000000e+00 1.000000e+00 0.000000e+00 0.000000e+00 0.000000e+00
 0.000000e+00 5.525348e-01 4.474652e-01 0.000000e+00 0.000000e+00
 0.000000e+00 0.000000e+00 7.317052e-01 2.682948e-01 0.000000e+00
 0.000000e+00 0.000000e+00 0.000000e+00 8.343808e-01 1.656192e-01
 0.000000e+00 0.000000e+00 0.000000e+00 0.000000e+00 0.000000e+00
<ENDHMM>
