~o
<STREAMINFO> 1 6
<VECSIZE> 6<NULLD><MFCC><DIAGC>
~h "bg_white_0_5"
<BEGINHMM>
<NUMSTATES> 5
<STATE> 2
<MEAN> 6
 7.579169e+02 4.556830e+00 3.318034e+00 1.780007e+00 2.190044e+00 1.238326e+00
<VARIANCE> 6
 3.096815e+03 2.163580e+02 4.567358e+01 1.898733e+01 2.775172e+01 1.101175e+01
<GCONST> 3.692988e+01
<STATE> 3
<MEAN> 6
 6.304230e+02 3.568423e+01 5.475669e+01 1.264699e+01 2.081339e+01 8.591940e+00
<VARIANCE> 6
 2.224631e+04 2.017588e+03 4.745283e+03 1.802133e+02 2.599449e+02 1.182711e+02
<GCONST> 5.263935e+01
<STATE> 4
<MEAN> 6
 4.300241e+02 6.432777e+00 6.136482e+00 2.430076e+00 2.352258e+00 8.887376e-01
<VARIANCE> 6
 4.883830e+04 1.363640e+02 3.517351e+02 1.612230e+01 2.516849e+01 5.709096e+00
<GCONST> 4.034960e+01
<TRANSP> 5
 0.000000e+00 1.000000e+00 0.000000e+00 0.000000e+00 0.000000e+00
 0.000000e+00 8.255578e-01 1.744422e-01 0.000000e+00 0.000000e+00
 0.000000e+00 0.000000e+00 5.029105e-01 4.970895e-01 0.000000e+00
 0.000000e+00 0.000000e+00 0.000000e+00 7.650231e-01 2.349769e-01
 0.000000e+00 0.000000e+00 0.000000e+00 0.000000e+00 0.000000e+00
<ENDHMM>
