~o
<STREAMINFO> 1 6
<VECSIZE> 6<NULLD><MFCC><DIAGC>
~h "bg_white_0_4"
<BEGINHMM>
<NUMSTATES> 5
<STATE> 2
<MEAN> 6
 6.993259e+02 1.613114e+01 7.058126e+00 6.881032e+00 5.191483e+00 3.774709e+00
<VARIANCE> 6
 2.423127e+04 6.484861e+02 1.701192e+02 7.528530e+01 6.368132e+01 3.189454e+01
<GCONST> 4.467142e+01
<STATE> 3
<MEAN> 6
 6.956667e+02 4.723146e+01 1.891946e+01 1.635167e+01 1.520000e+01 1.090148e+01
<VARIANCE> 6
 6.227315e+03 1.677953e+03 3.890946e+02 1.285894e+02 1.709535e+02 9.152525e+01
<GCONST> 4.766775e+01
<STATE> 4
<MEAN> 6
 7.563708e+02 4.148105e+00 2.147865e+00 1.842031e+00 1.672474e+00 1.330782e+00
<VARIANCE> 6
 2.828409e+03 1.525792e+02 2.676564e+01 1.472085e+01 2.060105e+01 9.342832e+00
<GCONST> 3.523875e+01
<TRANSP> 5
 0.000000e+00 1.000000e+00 0.000000e+00 0.000000e+00 0.000000e+00
 0.000000e+00 5.680960e-01 4.319040e-01 0.000000e+00 0.000000e+00
 0.000000e+00 0.000000e+00 7.245090e-01 2.754910e-01 0.000000e+00
 0.000000e+00 0.000000e+00 0.000000e+00 8.582522e-01 1.417477e-01
 0.000000e+00 0.000000e+00 0.000000e+00 0.000000e+00 0.000000e+00
<ENDHMM>
