~o
<STREAMINFO> 1 6
<VECSIZE> 6<NULLD><MFCC><DIAGC>
~h "fp_key_4"
<BEGINHMM>
<NUMSTATES> 5
<STATE> 2
<MEAN> 6
 4.179387e+02 5.314894e+01 7.974531e+00 1.145213e+01 3.206217e+00 1.794129e+00
<VARIANCE> 6
 3.680476e+04 3.050501e+03 1.265695e+02 9.808713e+01 2.124648e+01 4.127213e+00
<GCONST> 4.346415e+01
<STATE> 3
<MEAN> 6
 4.966510e+02 7.651562e+01 5.261948e+01 2.032141e+01 1.864310e+01 7.612843e+00
<VARIANCE> 6
 3.611748e+04 3.519447e+03 3.176066e+03 1.926494e+02 2.583506e+02 4.303962e+01
<GCONST> 5.232856e+01
<STATE> 4
<MEAN> 6
 3.238052e+02 1.644851e+01 7.324800e+00 4.380392e+00 2.213979e+00 1.199006e+00
<VARIANCE> 6
 2.061741e+04 9.228848e+02 2.783276e+02 4.488969e+01 1.461734e+01 3.625525e+00
<GCONST> 4.119187e+01
<TRANSP> 5
 0.000000e+00 1.000000e+00 0.000000e+00 0.000000e+00 0.000000e+00
 0.000000e+00 7.640465e-01 2.359535e-01 0.000000e+00 0.000000e+00
 0.000000e+00 0.000000e+00 6.427554e-01 3.572446e-01 0.000000e+00
 0.000000e+00 0.000000e+00 0.000000e+00 8.322901e-01 1.677099e-01
 0.000000e+00 0.000000e+00 0.000000e+00 0.000000e+00 0.000000e+00
<ENDHMM>
