~o
<STREAMINFO> 1 6
<VECSIZE> 6<NULLD><MFCC><DIAGC>
~h "fp_key_0"
<BEGINHMM>
<NUMSTATES> 5
<STATE> 2
<MEAN> 6
 2.053088e+02 1.032431e+01 5.011167e+00 2.462609e+00 1.533600e+00 5.382884e-01
<VARIANCE> 6
 9.053872e+03 5.605257e+02 1.147586e+02 2.364370e+01 4.025969e+00 3.721748e-01
<GCONST> 3.477739e+01
<STATE> 3
<MEAN> 6
 3.344377e+02 5.911914e+01 4.479995e+01 1.446686e+01 1.473636e+01 4.830033e+00
<VARIANCE> 6
 3.197680e+04 3.522189e+03 2.616954e+03 1.426756e+02 1.986776e+02 2.117564e+01
<GCONST> 5.074174e+01
<STATE> 4
<MEAN> 6
 3.860959e+02 6.466761e+01 7.898584e+00 1.293536e+01 2.794781e+00 1.290154e+00
<VARIANCE> 6
 4.775961e+04 4.824517e+03 2.416216e+02 1.674077e+02 2.433482e+01 3.053823e+00
<GCONST> 4.519877e+01
<TRANSP> 5
 0.000000e+00 1.000000e+00 0.000000e+00 0.000000e+00 0.000000e+00
 0.000000e+00 8.159866e-01 1.840134e-01 0.000000e+00 0.000000e+00
 0.000000e+00 0.000000e+00 4.668844e-01 5.331156e-01 0.000000e+00
 0.000000e+00 0.000000e+00 0.000000e+00 7.867733e-01 2.132267e-01
 0.000000e+00 0.000000e+00 0.000000e+00 0.000000e+00 0.000000e+00
<ENDHMM>
