~o
<STREAMINFO> 1 6
<VECSIZE> 6<NULLD><MFCC><DIAGC>
~h "fp_key_3"
<BEGINHMM>
<NUMSTATES> 5
<STATE> 2
<MEAN> 6
 4.259801e+02 7.818459e+01 1.590453e+01 1.742261e+01 5.414213e+00 2.501518e+00
<VARIANCE> 6
 3.488581e+04 4.217729e+03 1.001252e+03 2.024366e+02 7.085576e+01 1.195820e+01
<GCONST> 4.879565e+01
<STATE> 3
<MEAN> 6
 4.198128e+02 7.380673e+01 6.349662e+01 2.234039e+01 2.357677e+01 8.391579e+00
<VARIANCE> 6
 3.568613e+04 4.401538e+03 4.605846e+03 2.949989e+02 4.012595e+02 5.495553e+01
<GCONST> 5.402268e+01
<STATE> 4
<MEAN> 6
 2.386741e+02 1.623746e+01 5.239817e+00 4.433005e+00 2.381793e+00 1.263441e+00
<VARIANCE> 6
 1.600656e+04 9.151290e+02 8.208873e+01 4.502579e+01 1.557242e+01 3.022534e+00
<GCONST> 3.959371e+01
<TRANSP> 5
 0.000000e+00 1.000000e+00 0.000000e+00 0.000000e+00 0.000000e+00
 0.000000e+00 7.411190e-01 2.588809e-01 0.000000e+00 0.000000e+00
 0.000000e+00 0.000000e+00 5.755775e-01 4.244225e-01 0.000000e+00
 0.000000e+00 0.000000e+00 0.000000e+00 8.270220e-01 1.729780e-01
 0.000000e+00 0.000000e+00 0.000000e+00 0.000000e+00 0.000000e+00
<ENDHMM>
