~o
<STREAMINFO> 1 6
<VECSIZE> 6<NULLD><MFCC><DIAGC>
~h "fp_key_5"
<BEGINHMM>
<NUMSTATES> 5
<STATE> 2
<MEAN> 6
 4.085047e+02 5.011796e+01 1.405728e+01 1.045615e+01 4.016154e+00 2.073277e+00
<VARIANCE> 6
 3.684502e+04 3.142283e+03 6.962960e+02 1.093511e+02 3.591718e+01 7.895322e+00
<GCONST> 4.648227e+01
<STATE> 3
<MEAN> 6
 4.331683e+02 3.355692e+01 3.404232e+01 1.007223e+01 9.813633e+00 4.364649e+00
<VARIANCE> 6
 2.988988e+04 2.609416e+03 2.918065e+03 1.980866e+02 1.985762e+02 3.584237e+01
<GCONST> 5.133710e+01
<STATE> 4
<MEAN> 6
 3.843514e+02 3.800112e+00 6.896488e+00 9.052439e-01 1.531044e+00 4.257450e-01
<VARIANCE> 6
 1.163531e+04 3.845490e+01 1.943455e+02 9.275368e-01 6.671308e+00 3.008112e-01
<GCONST> 2.992951e+01
<TRANSP> 5
 0.000000e+00 1.000000e+00 0.000000e+00 0.000000e+00 0.000000e+00
 0.000000e+00 5.373594e-01 4.626406e-01 0.000000e+00 0.000000e+00
 0.000000e+00 0.000000e+00 1.770972e-01 8.229027e-01 0.000000e+00
 0.000000e+00 0.000000e+00 0.000000e+00 8.840349e-01 1.159651e-01
 0.000000e+00 0.000000e+00 0.000000e+00 0.000000e+00 0.000000e+00
<ENDHMM>
