~o
<STREAMINFO> 1 6
<VECSIZE> 6<NULLD><MFCC><DIAGC>
~h "fp_key"
<BEGINHMM>
<NUMSTATES> 5
<STATE> 2
<MEAN> 6
 1.980667e+02 1.208144e+01 4.983195e+00 2.869706e+00 1.785660e+00 7.714422e-01
<VARIANCE> 6
 1.029654e+04 4.222388e+02 7.709220e+01 1.584502e+01 5.726072e+00 1.073117e+00
<GCONST> 3.523585e+01
<STATE> 3
<MEAN> 6
 4.132636e+02 6.487665e+01 2.608785e+01 1.559461e+01 9.120387e+00 3.730538e+00
<VARIANCE> 6
 4.329491e+04 3.978342e+03 2.070786e+03 1.909279e+02 1.842043e+02 2.628871e+01
<GCONST> 5.136444e+01
<STATE> 4
<MEAN> 6
 3.125551e+02 3.786080e+00 5.008579e+00 1.059175e+00 1.277964e+00 4.394421e-01
<VARIANCE> 6
 1.790811e+04 2.655711e+01 1.020805e+02 9.707532e-01 3.758448e+00 2.546927e-01
<GCONST> 2.865196e+01
<TRANSP> 5
 0.000000e+00 1.000000e+00 0.000000e+00 0.000000e+00 0.000000e+00
 0.000000e+00 9.333774e-01 6.662261e-02 0.000000e+00 0.000000e+00
 0.000000e+00 0.000000e+00 9.729564e-01 2.704367e-02 0.000000e+00
 0.000000e+00 0.000000e+00 0.000000e+00 9.444842e-01 5.551584e-02
 0.000000e+00 0.000000e+00 0.000000e+00 0.000000e+00 0.000000e+00
<ENDHMM>
