~o
<STREAMINFO> 1 6
<VECSIZE> 6<NULLD><MFCC><DIAGC>
~h "fp_key_1"
<BEGINHMM>
<NUMSTATES> 5
<STATE> 2
<MEAN> 6
 2.142536e+02 1.291143e+01 5.742928e+00 3.421618e+00 1.953868e+00 8.821821e-01
<VARIANCE> 6
 2.449661e+04 7.295069e+02 1.742413e+02 3.457882e+01 1.732695e+01 2.332973e+00
<GCONST> 4.012901e+01
<STATE> 3
<MEAN> 6
 3.814875e+02 6.518394e+01 6.110930e+01 2.034548e+01 1.966217e+01 7.386305e+00
<VARIANCE> 6
 3.871369e+04 3.642972e+03 4.903202e+03 3.061112e+02 3.057621e+02 5.215637e+01
<GCONST> 5.369041e+01
<STATE> 4
<MEAN> 6
 4.745544e+02 7.488503e+01 1.305391e+01 1.627315e+01 4.702899e+00 2.125963e+00
<VARIANCE> 6
 5.615325e+04 4.235561e+03 5.576553e+02 1.574501e+02 6.171625e+01 8.699682e+00
<GCONST> 4.798306e+01
<TRANSP> 5
 0.000000e+00 1.000000e+00 0.000000e+00 0.000000e+00 0.000000e+00
 0.000000e+00 8.521497e-01 1.478503e-01 0.000000e+00 0.000000e+00
 0.000000e+00 0.000000e+00 5.228888e-01 4.771112e-01 0.000000e+00
 0.000000e+00 0.000000e+00 0.000000e+00 7.584808e-01 2.415192e-01
 0.000000e+00 0.000000e+00 0.000000e+00 0.000000e+00 0.000000e+00
<ENDHMM>
