~o
<STREAMINFO> 1 6
<VECSIZE> 6<NULLD><MFCC><DIAGC>
~h "fp_key_2"
<BEGINHMM>
<NUMSTATES> 5
<STATE> 2
<MEAN> 6
 2.276145e+02 1.530486e+01 6.617826e+00 4.360940e+00 2.662103e+00 1.210084e+00
<VARIANCE> 6
 2.428879e+04 8.963245e+02 2.544562e+02 4.684923e+01 3.364397e+01 5.244052e+00
<GCONST> 4.248233e+01
<STATE> 3
<MEAN> 6
 3.987894e+02 7.714697e+01 5.944992e+01 2.295914e+01 2.175491e+01 8.149253e+00
<VARIANCE> 6
 3.424039e+04 4.649848e+03 4.414787e+03 3.424536e+02 4.020211e+02 6.347045e+01
<GCONST> 5.428894e+01
<STATE> 4
<MEAN> 6
 4.072497e+02 7.491879e+01 2.016474e+01 1.491374e+01 6.738883e+00 2.616885e+00
<VARIANCE> 6
 4.533119e+04 4.191053e+03 1.494119e+03 1.535832e+02 9.660712e+01 1.140374e+01
<GCONST> 4.943785e+01
<TRANSP> 5
 0.000000e+00 1.000000e+00 0.000000e+00 0.000000e+00 0.000000e+00
 0.000000e+00 8.560292e-01 1.439708e-01 0.000000e+00 0.000000e+00
 0.000000e+00 0.000000e+00 5.219110e-01 4.780890e-01 0.000000e+00
 0.000000e+00 0.000000e+00 0.000000e+00 7.476334e-01 2.523666e-01
 0.000000e+00 0.000000e+00 0.000000e+00 0.000000e+00 0.000000e+00
<ENDHMM>
