~o
<STREAMINFO> 1 6
<VECSIZE> 6<NULLD><MFCC><DIAGC>
~h "fp_logo_1"
<BEGINHMM>
<NUMSTATES> 5
<STATE> 2
<MEAN> 6
 1.532151e+02 5.700078e+00 2.828111e+00 2.008205e+00 1.361845e+00 6.202589e-01
<VARIANCE> 6
 4.276723e+03 1.448859e+02 8.230878e+00 1.068524e+01 1.626582e+00 4.994973e-01
<GCONST> 2.863324e+01
<STATE> 3
<MEAN> 6
 3.471588e+02 7.130490e+01 4.555646e+01 1.901042e+01 1.345146e+01 5.532034e+00
<VARIANCE> 6
 5.109657e+04 6.240605e+03 4.724926e+03 3.430949e+02 2.710820e+02 3.962376e+01
<GCONST> 5.418803e+01
<STATE> 4
<MEAN> 6
 1.991312e+02 2.512780e+01 1.664649e+01 8.966849e+00 5.843369e+00 2.738323e+00
<VARIANCE> 6
 1.377263e+04 1.912594e+03 1.583914e+03 1.120456e+02 9.702351e+01 1.530074e+01
<GCONST> 4.750333e+01
<TRANSP> 5
 0.000000e+00 1.000000e+00 0.000000e+00 0.000000e+00 0.000000e+00
 0.000000e+00 8.826147e-01 1.173853e-01 0.000000e+00 0.000000e+00
 0.000000e+00 0.000000e+00 5.353072e-01 4.646928e-01 0.000000e+00
 0.000000e+00 0.000000e+00 0.000000e+00 5.706474e-01 4.293526e-01
 0.000000e+00 0.000000e+00 0.000000e+00 0.000000e+00 0.000000e+00
<ENDHMM>
