~o
<STREAMINFO> 1 6
<VECSIZE> 6<NULLD><MFCC><DIAGC>
~h "fp_logo_0"
<BEGINHMM>
<NUMSTATES> 5
<STATE> 2
<MEAN> 6
 1.421083e+02 1.025648e+01 4.428763e+00 3.970488e+00 1.942274e+00 7.192704e-01
<VARIANCE> 6
 1.816302e+03 2.477600e+02 3.559942e+01 2.295268e+01 4.206376e+00 4.280031e-01
<GCONST> 3.133802e+01
<STATE> 3
<MEAN> 6
 1.998644e+02 4.375374e+01 6.935379e+00 1.040547e+01 2.729895e+00 1.423323e+00
<VARIANCE> 6
 1.890177e+04 6.156299e+03 2.035616e+02 1.834002e+02 7.621376e+00 2.407671e+00
<GCONST> 4.303676e+01
<STATE> 4
<MEAN> 6
 1.433712e+02 5.012033e+00 2.474127e+00 1.593069e+00 9.690974e-01 3.729453e-01
<VARIANCE> 6
 3.493850e+03 1.449116e+02 5.399314e+00 1.051383e+01 8.838053e-01 1.110531e-01
<GCONST> 2.587984e+01
<TRANSP> 5
 0.000000e+00 1.000000e+00 0.000000e+00 0.000000e+00 0.000000e+00
 0.000000e+00 6.626604e-01 3.373396e-01 0.000000e+00 0.000000e+00
 0.000000e+00 0.000000e+00 3.549155e-01 6.450845e-01 0.000000e+00
 0.000000e+00 0.000000e+00 0.000000e+00 8.664074e-01 1.335926e-01
 0.000000e+00 0.000000e+00 0.000000e+00 0.000000e+00 0.000000e+00
<ENDHMM>
