~o
<STREAMINFO> 1 6
<VECSIZE> 6<NULLD><MFCC><DIAGC>
~h "fp_logo_3"
<BEGINHMM>
<NUMSTATES> 5
<STATE> 2
<MEAN> 6
 2.126373e+02 2.601991e+01 1.419451e+01 8.836584e+00 4.936705e+00 2.496099e+00
<VARIANCE> 6
 1.393824e+04 1.843390e+03 1.671129e+03 1.942187e+02 1.015502e+02 1.683053e+01
<GCONST> 4.822300e+01
<STATE> 3
<MEAN> 6
 3.276837e+02 6.731442e+01 3.999845e+01 1.594941e+01 1.235933e+01 6.111748e+00
<VARIANCE> 6
 3.067782e+04 7.182990e+03 4.464384e+03 3.215379e+02 3.146646e+02 6.613243e+01
<GCONST> 5.435820e+01
<STATE> 4
<MEAN> 6
 2.119429e+02 6.922383e+00 3.311354e+00 2.399307e+00 1.454336e+00 6.424689e-01
<VARIANCE> 6
 6.734569e+03 2.218925e+02 7.725007e+00 1.179685e+01 1.307609e+00 5.668873e-01
<GCONST> 2.945737e+01
<TRANSP> 5
 0.000000e+00 1.000000e+00 0.000000e+00 0.000000e+00 0.000000e+00
 0.000000e+00 3.164247e-01 6.835753e-01 0.000000e+00 0.000000e+00
 0.000000e+00 0.000000e+00 5.037233e-01 4.962768e-01 0.000000e+00
 0.000000e+00 0.000000e+00 0.000000e+00 8.826580e-01 1.173420e-01
 0.000000e+00 0.000000e+00 0.000000e+00 0.000000e+00 0.000000e+00
<ENDHMM>
