~o
<STREAMINFO> 1 6
<VECSIZE> 6<NULLD><MFCC><DIAGC>
~h "fp_logo_2"
<BEGINHMM>
<NUMSTATES> 5
<STATE> 2
<MEAN> 6
 2.092319e+02 2.463217e+01 2.241925e+01 7.202896e+00 6.642051e+00 2.663018e+00
<VARIANCE> 6
 1.836605e+04 2.895045e+03 2.520606e+03 1.362113e+02 1.494282e+02 2.153124e+01
<GCONST> 4.963906e+01
<STATE> 3
<MEAN> 6
 3.722238e+02 7.052628e+01 6.861644e+01 2.008807e+01 2.031501e+01 7.946546e+00
<VARIANCE> 6
 3.523823e+04 5.802145e+03 6.469304e+03 4.046554e+02 3.402608e+02 5.928972e+01
<GCONST> 5.485314e+01
<STATE> 4
<MEAN> 6
 1.810459e+02 9.644882e+00 5.140485e+00 3.815441e+00 2.110380e+00 1.160556e+00
<VARIANCE> 6
 7.155898e+03 4.161828e+02 3.304057e+02 4.826169e+01 2.195741e+01 4.927263e+00
<GCONST> 4.029493e+01
<TRANSP> 5
 0.000000e+00 1.000000e+00 0.000000e+00 0.000000e+00 0.000000e+00
 0.000000e+00 2.865721e-01 7.134280e-01 0.000000e+00 0.000000e+00
 0.000000e+00 0.000000e+00 7.160431e-01 2.839569e-01 0.000000e+00
 0.000000e+00 0.000000e+00 0.000000e+00 8.761864e-01 1.238136e-01
 0.000000e+00 0.000000e+00 0.000000e+00 0.000000e+00 0.000000e+00
<ENDHMM>
