~o
<STREAMINFO> 1 6
<VECSIZE> 6<NULLD><MFCC><DIAGC>
~h "fp_logo"
<BEGINHMM>
<NUMSTATES> 5
<STATE> 2
<MEAN> 6
 1.646414e+02 1.203818e+01 3.759490e+00 4.340176e+00 1.868941e+00 9.878857e-01
<VARIANCE> 6
 4.213473e+03 2.783926e+02 1.908471e+01 2.807356e+01 3.266788e+00 1.715719e+00
<GCONST> 3.300969e+01
<STATE> 3
<MEAN> 6
 3.818554e+02 7.805433e+01 5.656791e+01 2.050288e+01 1.664143e+01 7.086019e+00
<VARIANCE> 6
 4.063978e+04 6.890917e+03 5.407702e+03 3.641221e+02 3.082146e+02 5.134335e+01
<GCONST> 5.464012e+01
<STATE> 4
<MEAN> 6
 2.444182e+02 3.277067e+00 3.233939e+00 1.335276e+00 1.364924e+00 4.842128e-01
<VARIANCE> 6
 1.114429e+04 7.439180e+00 1.265160e+01 1.180663e+00 1.864968e+00 2.164891e-01
<GCONST> 2.414959e+01
<TRANSP> 5
 0.000000e+00 1.000000e+00 0.000000e+00 0.000000e+00 0.000000e+00
 0.000000e+00 9.536610e-01 4.633900e-02 0.000000e+00 0.000000e+00
 0.000000e+00 0.000000e+00 8.861403e-01 1.138597e-01 0.000000e+00
 0.000000e+00 0.000000e+00 0.000000e+00 9.747711e-01 2.522885e-02
 0.000000e+00 0.000000e+00 0.000000e+00 0.000000e+00 0.000000e+00
<ENDHMM>
