~o
<STREAMINFO> 1 6
<VECSIZE> 6<NULLD><MFCC><DIAGC>
~h "fp_logo_4"
<BEGINHMM>
<NUMSTATES> 5
<STATE> 2
<MEAN> 6
 2.408453e+02 1.723740e+01 5.358894e+00 4.994992e+00 2.224128e+00 1.007308e+00
<VARIANCE> 6
 5.071341e+03 7.236169e+02 3.185915e+01 3.578476e+01 2.580163e+00 8.592519e-01
<GCONST> 3.397789e+01
<STATE> 3
<MEAN> 6
 3.394223e+02 3.481676e+01 1.573309e+01 9.122064e+00 4.110016e+00 1.880457e+00
<VARIANCE> 6
 4.608411e+04 4.057665e+03 9.312562e+02 1.735367e+02 4.003653e+01 6.584268e+00
<GCONST> 4.764125e+01
<STATE> 4
<MEAN> 6
 2.752932e+02 3.680792e+00 3.482411e+00 1.498741e+00 1.601487e+00 5.684670e-01
<VARIANCE> 6
 6.157900e+03 1.497163e+01 1.373165e+01 1.694648e+00 1.836568e+00 3.031707e-01
<GCONST> 2.502053e+01
<TRANSP> 5
 0.000000e+00 1.000000e+00 0.000000e+00 0.000000e+00 0.000000e+00
 0.000000e+00 6.033171e-01 3.966828e-01 0.000000e+00 0.000000e+00
 0.000000e+00 0.000000e+00 3.163927e-01 6.836073e-01 0.000000e+00
 0.000000e+00 0.000000e+00 0.000000e+00 8.890894e-01 1.109106e-01
 0.000000e+00 0.000000e+00 0.000000e+00 0.000000e+00 0.000000e+00
<ENDHMM>
