~o
<STREAMINFO> 1 6
<VECSIZE> 6<NULLD><MFCC><DIAGC>
~h "fp_logo_5"
<BEGINHMM>
<NUMSTATES> 5
<STATE> 2
<MEAN> 6
 2.929393e+02 4.773882e+00 3.317790e+00 1.612406e+00 1.541440e+00 5.534045e-01
<VARIANCE> 6
 3.159835e+03 3.534109e+01 1.762920e+01 2.656677e+00 1.925417e+00 3.714885e-01
<GCONST> 2.616212e+01
<STATE> 3
<MEAN> 6
 3.215461e+02 6.336650e+00 1.033217e+01 2.863462e+00 3.870032e+00 1.278795e+00
<VARIANCE> 6
 6.233344e+03 5.926889e+01 2.115639e+02 1.537893e+01 1.425034e+01 4.792838e+00
<GCONST> 3.615844e+01
<STATE> 4
<MEAN> 6
 3.619103e+02 2.498533e+00 3.008404e+00 1.017659e+00 1.095047e+00 3.639950e-01
<VARIANCE> 6
 1.087500e+04 7.336980e+00 8.923491e+00 1.703638e+00 1.287643e+00 1.113253e-01
<GCONST> 2.309338e+01
<TRANSP> 5
 0.000000e+00 1.000000e+00 0.000000e+00 0.000000e+00 0.000000e+00
 0.000000e+00 7.384744e-01 2.615256e-01 0.000000e+00 0.000000e+00
 0.000000e+00 0.000000e+00 4.298290e-01 5.701711e-01 0.000000e+00
 0.000000e+00 0.000000e+00 0.000000e+00 8.442955e-01 1.557045e-01
 0.000000e+00 0.000000e+00 0.000000e+00 0.000000e+00 0.000000e+00
<ENDHMM>
