~o
<STREAMINFO> 1 6
<VECSIZE> 6<NULLD><MFCC><DIAGC>
~h "fp_screen_2"
<BEGINHMM>
<NUMSTATES> 5
<STATE> 2
<MEAN> 6
 3.919026e+02 9.829439e+00 8.318072e+00 3.032139e+00 2.708627e+00 9.640710e-01
<VARIANCE> 6
 1.906903e+04 3.305494e+02 3.131026e+02 2.353758e+01 1.407375e+01 2.416136e+00
<GCONST> 3.911545e+01
<STATE> 3
<MEAN> 6
 5.791447e+02 7.461751e+01 3.947222e+01 2.098828e+01 1.560095e+01 7.186762e+00
<VARIANCE> 6
 3.817579e+04 5.381506e+03 2.469310e+03 2.538391e+02 2.662015e+02 5.647607e+01
<GCONST> 5.313441e+01
<STATE> 4
<MEAN> 6
 4.650956e+02 3.922366e+01 1.717653e+01 1.104426e+01 5.706661e+00 2.706924e+00
<VARIANCE> 6
 2.400524e+04 1.978273e+03 1.052047e+03 1.360632e+02 7.496837e+01 1.484135e+01
<GCONST> 4.758937e+01
<TRANSP> 5
 0.000000e+00 1.000000e+00 0.000000e+00 0.000000e+00 0.000000e+00
 0.000000e+00 8.699032e-01 1.300968e-01 0.000000e+00 0.000000e+00
 0.000000e+00 0.000000e+00 6.334257e-01 3.665743e-01 0.000000e+00
 0.000000e+00 0.000000e+00 0.000000e+00 6.132207e-01 3.867793e-01
 0.000000e+00 0.000000e+00 0.000000e+00 0.000000e+00 0.000000e+00
<ENDHMM>
