~o
<STREAMINFO> 1 6
<VECSIZE> 6<NULLD><MFCC><DIAGC>
~h "fp_screen_4"
<BEGINHMM>
<NUMSTATES> 5
<STATE> 2
<MEAN> 6
 3.710654e+02 1.857860e+01 6.824752e+00 5.982206e+00 2.854753e+00 1.489905e+00
<VARIANCE> 6
 1.281373e+04 8.222752e+02 1.078037e+02 4.831915e+01 1.396429e+01 3.496503e+00
<GCONST> 3.964402e+01
<STATE> 3
<MEAN> 6
 4.756227e+02 4.067712e+01 2.745211e+01 1.098113e+01 8.113221e+00 3.807421e+00
<VARIANCE> 6
 3.992391e+04 3.217136e+03 2.128787e+03 1.596359e+02 1.233920e+02 2.244402e+01
<GCONST> 5.036083e+01
<STATE> 4
<MEAN> 6
 3.286009e+02 5.532572e+00 8.041515e+00 1.942034e+00 2.199440e+00 7.470559e-01
<VARIANCE> 6
 8.240040e+03 5.225948e+01 1.308790e+02 5.412269e+00 5.873353e+00 5.824617e-01
<GCONST> 3.179312e+01
<TRANSP> 5
 0.000000e+00 1.000000e+00 0.000000e+00 0.000000e+00 0.000000e+00
 0.000000e+00 5.533674e-01 4.466326e-01 0.000000e+00 0.000000e+00
 0.000000e+00 0.000000e+00 3.708119e-01 6.291881e-01 0.000000e+00
 0.000000e+00 0.000000e+00 0.000000e+00 8.909686e-01 1.090314e-01
 0.000000e+00 0.000000e+00 0.000000e+00 0.000000e+00 0.000000e+00
<ENDHMM>
