~o
<STREAMINFO> 1 6
<VECSIZE> 6<NULLD><MFCC><DIAGC>
~h "fp_screen_5"
<BEGINHMM>
<NUMSTATES> 5
<STATE> 2
<MEAN> 6
 3.024731e+02 6.490741e+00 1.018206e+01 3.036110e+00 3.887434e+00 1.471972e+00
<VARIANCE> 6
 8.160097e+03 1.114516e+02 2.134617e+02 1.228626e+01 1.463919e+01 2.054808e+00
<GCONST> 3.602369e+01
<STATE> 3
<MEAN> 6
 3.579575e+02 1.850917e+01 2.801166e+01 5.634586e+00 7.696971e+00 2.433456e+00
<VARIANCE> 6
 1.686191e+04 1.532154e+03 9.400947e+02 7.444144e+01 7.848499e+01 1.427865e+01
<GCONST> 4.627217e+01
<STATE> 4
<MEAN> 6
 4.270613e+02 2.455448e+00 4.195365e+00 9.620833e-01 1.125012e+00 4.112510e-01
<VARIANCE> 6
 1.271041e+04 5.541243e+00 2.187448e+01 7.649922e-01 1.435380e+00 2.146881e-01
<GCONST> 2.382995e+01
<TRANSP> 5
 0.000000e+00 1.000000e+00 0.000000e+00 0.000000e+00 0.000000e+00
 0.000000e+00 6.806971e-01 3.193029e-01 0.000000e+00 0.000000e+00
 0.000000e+00 0.000000e+00 2.126023e-01 7.873977e-01 0.000000e+00
 0.000000e+00 0.000000e+00 0.000000e+00 8.683894e-01 1.316106e-01
 0.000000e+00 0.000000e+00 0.000000e+00 0.000000e+00 0.000000e+00
<ENDHMM>
