~o
<STREAMINFO> 1 6
<VECSIZE> 6<NULLD><MFCC><DIAGC>
~h "fp_screen"
<BEGINHMM>
<NUMSTATES> 5
<STATE> 2
<MEAN> 6
 3.308636e+02 8.194899e+00 7.982620e+00 2.652939e+00 2.850566e+00 9.599698e-01
<VARIANCE> 6
 2.488736e+04 1.206045e+02 2.700469e+02 1.049831e+01 1.932295e+01 1.969924e+00
<GCONST> 3.753099e+01
<STATE> 3
<MEAN> 6
 5.276256e+02 6.050576e+01 2.746039e+01 1.625209e+01 1.002390e+01 4.797537e+00
<VARIANCE> 6
 3.513492e+04 3.608208e+03 1.809133e+03 1.834061e+02 1.607357e+02 3.593443e+01
<GCONST> 5.105894e+01
<STATE> 4
<MEAN> 6
 3.797220e+02 4.580695e+00 6.048442e+00 1.601129e+00 1.847494e+00 6.841377e-01
<VARIANCE> 6
 1.041567e+04 2.544757e+01 1.034203e+02 2.480074e+00 5.443650e+00 7.270170e-01
<GCONST> 3.043768e+01
<TRANSP> 5
 0.000000e+00 1.000000e+00 0.000000e+00 0.000000e+00 0.000000e+00
 0.000000e+00 9.514215e-01 4.857847e-02 0.000000e+00 0.000000e+00
 0.000000e+00 0.000000e+00 9.304856e-01 6.951438e-02 0.000000e+00
 0.000000e+00 0.000000e+00 0.000000e+00 9.714524e-01 2.854756e-02
 0.000000e+00 0.000000e+00 0.000000e+00 0.000000e+00 0.000000e+00
<ENDHMM>
