~o
<STREAMINFO> 1 6
<VECSIZE> 6<NULLD><MFCC><DIAGC>
~h "fp_screen_0"
<BEGINHMM>
<NUMSTATES> 5
<STATE> 2
<MEAN> 6
 2.200208e+02 4.540053e+00 9.616532e+00 1.683787e+00 3.315184e+00 7.111896e-01
<VARIANCE> 6
 1.058412e+04 9.828864e+01 2.838824e+02 5.719330e+00 2.846096e+01 1.398698e+00
<GCONST> 3.595877e+01
<STATE> 3
<MEAN> 6
 4.551777e+02 3.768835e+01 3.886198e+01 1.049829e+01 1.236522e+01 4.606355e+00
<VARIANCE> 6
 4.060915e+04 1.833642e+03 1.463502e+03 1.188816e+02 1.141708e+02 3.602185e+01
<GCONST> 4.954161e+01
<STATE> 4
<MEAN> 6
 4.320907e+02 8.102875e+00 4.297440e+00 2.455652e+00 1.711710e+00 7.842267e-01
<VARIANCE> 6
 1.406723e+04 2.368716e+02 1.162312e+02 1.871833e+01 1.359122e+01 2.947366e+00
<GCONST> 3.742181e+01
<TRANSP> 5
 0.000000e+00 1.000000e+00 0.000000e+00 0.000000e+00 0.000000e+00
 0.000000e+00 8.127992e-01 1.872008e-01 0.000000e+00 0.000000e+00
 0.000000e+00 0.000000e+00 4.884985e-01 5.115014e-01 0.000000e+00
 0.000000e+00 0.000000e+00 0.000000e+00 7.873749e-01 2.126252e-01
 0.000000e+00 0.000000e+00 0.000000e+00 0.000000e+00 0.000000e+00
<ENDHMM>
