~o
<STREAMINFO> 1 6
<VECSIZE> 6<NULLD><MFCC><DIAGC>
~h "fp_screen_1"
<BEGINHMM>
<NUMSTATES> 5
<STATE> 2
<MEAN> 6
 3.939279e+02 9.733626e+00 6.722881e+00 2.901902e+00 2.474448e+00 1.098012e+00
<VARIANCE> 6
 3.128793e+04 3.644467e+02 2.419299e+02 2.641104e+01 2.234047e+01 5.002351e+00
<GCONST> 4.075537e+01
<STATE> 3
<MEAN> 6
 5.097489e+02 5.182378e+01 2.388342e+01 1.624070e+01 7.577526e+00 4.122771e+00
<VARIANCE> 6
 3.552068e+04 3.136858e+03 1.366199e+03 2.466520e+02 8.247378e+01 3.124045e+01
<GCONST> 5.013807e+01
<STATE> 4
<MEAN> 6
 4.162331e+02 9.315496e+00 3.916316e+00 2.732247e+00 1.524767e+00 7.075549e-01
<VARIANCE> 6
 2.035372e+04 3.359426e+02 1.116215e+02 2.300601e+01 6.152475e+00 1.939530e+00
<GCONST> 3.709539e+01
<TRANSP> 5
 0.000000e+00 1.000000e+00 0.000000e+00 0.000000e+00 0.000000e+00
 0.000000e+00 6.579352e-01 3.420648e-01 0.000000e+00 0.000000e+00
 0.000000e+00 0.000000e+00 5.554778e-01 4.445222e-01 0.000000e+00
 0.000000e+00 0.000000e+00 0.000000e+00 8.722367e-01 1.277633e-01
 0.000000e+00 0.000000e+00 0.000000e+00 0.000000e+00 0.000000e+00
<ENDHMM>
