~o
<STREAMINFO> 1 6
<VECSIZE> 6<NULLD><MFCC><DIAGC>
~h "fp_screen_3"
<BEGINHMM>
<NUMSTATES> 5
<STATE> 2
<MEAN> 6
 4.494456e+02 4.478047e+01 1.719152e+01 1.103531e+01 5.904479e+00 2.735190e+00
<VARIANCE> 6
 2.228245e+04 1.893840e+03 1.151419e+03 1.097857e+02 8.695921e+01 1.627817e+01
<GCONST> 4.758772e+01
<STATE> 3
<MEAN> 6
 5.592806e+02 7.588335e+01 3.277899e+01 1.693489e+01 1.333981e+01 5.975924e+00
<VARIANCE> 6
 4.400357e+04 5.430667e+03 2.630115e+03 1.760898e+02 2.202057e+02 4.068461e+01
<GCONST> 5.246529e+01
<STATE> 4
<MEAN> 6
 3.634430e+02 9.945059e+00 4.493438e+00 2.815179e+00 1.882621e+00 9.016176e-01
<VARIANCE> 6
 1.032538e+04 2.687663e+02 3.810169e+01 1.415298e+01 5.643936e+00 1.434751e+00
<GCONST> 3.424522e+01
<TRANSP> 5
 0.000000e+00 1.000000e+00 0.000000e+00 0.000000e+00 0.000000e+00
 0.000000e+00 5.187470e-01 4.812530e-01 0.000000e+00 0.000000e+00
 0.000000e+00 0.000000e+00 5.487041e-01 4.512959e-01 0.000000e+00
 0.000000e+00 0.000000e+00 0.000000e+00 8.702351e-01 1.297649e-01
 0.000000e+00 0.000000e+00 0.000000e+00 0.000000e+00 0.000000e+00
<ENDHMM>
