~o
<STREAMINFO> 1 6
<VECSIZE> 6<NULLD><MFCC><DIAGC>
~h "bg_red_0"
<BEGINHMM>
<NUMSTATES> 5
<STATE> 2
<MEAN> 6
 3.161531e+02 7.725885e+00 4.663173e+00 3.164343e+00 2.160571e+00 1.711011e+00
<VARIANCE> 6
 1.285356e+04 1.025918e+02 3.089178e+01 9.817272e+00 3.677948e+00 5.096752e+00
<GCONST> 3.376499e+01
<STATE> 3
<MEAN> 6
 4.681814e+02 4.477235e+01 8.005010e+00 1.297078e+01 2.701849e+00 2.011382e+00
<VARIANCE> 6
 4.617914e+04 3.799185e+03 2.418359e+02 2.647596e+02 2.674323e+01 1.220946e+01
<GCONST> 4.686567e+01
<STATE> 4
<MEAN> 6
 2.934344e+02 6.011550e+00 2.838738e+00 2.006270e+00 1.005286e+00 4.923374e-01
<VARIANCE> 6
 4.160558e+03 5.729182e+01 1.211513e+01 8.083206e+00 1.329681e+00 4.940493e-01
<GCONST> 2.757289e+01
<TRANSP> 5
 0.000000e+00 1.000000e+00 0.000000e+00 0.000000e+00 0.000000e+00
 0.000000e+00 9.468895e-01 5.311054e-02 0.000000e+00 0.000000e+00
 0.000000e+00 0.000000e+00 8.900309e-01 1.099691e-01 0.000000e+00
 0.000000e+00 0.000000e+00 0.000000e+00 9.762346e-01 2.376546e-02
 0.000000e+00 0.000000e+00 0.000000e+00 0.000000e+00 0.000000e+00
<ENDHMM>
~h "bg_red_0_0"
<BEGINHMM>
<NUMSTATES> 5
<STATE> 2
<MEAN> 6
 3.522721e+02 8.164331e+00 5.845885e+00 3.915787e+00 3.076636e+00 2.148464e+00
<VARIANCE> 6
 7.755135e+03 9.639442e+01 3.717767e+01 1.508957e+01 4.531281e+00 5.714519e+00
<GCONST> 3.413555e+01
<STATE> 3
<MEAN> 6
 4.499562e+02 3.914971e+01 1.466845e+01 1.226961e+01 4.174302e+00 2.665503e+00
<VARIANCE> 6
 3.838796e+04 2.404966e+03 7.483020e+02 1.405876e+02 2.909065e+01 9.374020e+00
<GCONST> 4.654005e+01
<STATE> 4
<MEAN> 6
 3.198494e+02 8.061924e+00 3.113978e+00 2.460609e+00 1.341150e+00 8.067350e-01
<VARIANCE> 6
 2.514434e+04 2.525991e+02 1.163209e+01 1.279122e+01 2.180692e+00 1.543126e+00
<GCONST> 3.290744e+01
<TRANSP> 5
 0.000000e+00 1.000000e+00 0.000000e+00 0.000000e+00 0.000000e+00
 0.000000e+00 7.866491e-01 2.133509e-01 0.000000e+00 0.000000e+00
 0.000000e+00 0.000000e+00 4.519953e-01 5.480048e-01 0.000000e+00
 0.000000e+00 0.000000e+00 0.000000e+00 8.177871e-01 1.822130e-01
 0.000000e+00 0.000000e+00 0.000000e+00 0.000000e+00 0.000000e+00
<ENDHMM>
~h "bg_red_0_1"
<BEGINHMM>
<NUMSTATES> 5
<STATE> 2
<MEAN> 6
 3.053688e+02 9.749393e+00 5.038170e+00 4.255187e+00 2.363431e+00 2.025351e+00
<VARIANCE> 6
 1.492998e+04 3.120430e+02 2.803260e+01 1.906946e+01 3.331297e+00 5.115518e+00
<GCONST> 3.549863e+01
<STATE> 3
<MEAN> 6
 4.321262e+02 4.079417e+01 7.107043e+00 1.128739e+01 4.023104e+00 3.855552e+00
<VARIANCE> 6
 3.149388e+04 2.737740e+03 4.155816e+01 1.145367e+02 5.619968e+01 3.303773e+01
<GCONST> 4.529425e+01
<STATE> 4
<MEAN> 6
 3.376321e+02 4.352635e+00 2.137513e+00 1.629158e+00 9.273239e-01 4.319518e-01
<VARIANCE> 6
 4.727122e+03 8.335986e+01 3.057529e+00 4.885496e+00 9.410581e-01 2.445215e-01
<GCONST> 2.514618e+01
<TRANSP> 5
 0.000000e+00 1.000000e+00 0.000000e+00 0.000000e+00 0.000000e+00
 0.000000e+00 7.556598e-01 2.443403e-01 0.000000e+00 0.000000e+00
 0.000000e+00 0.000000e+00 4.897503e-01 5.102497e-01 0.000000e+00
 0.000000e+00 0.000000e+00 0.000000e+00 8.560638e-01 1.439362e-01
 0.000000e+00 0.000000e+00 0.000000e+00 0.000000e+00 0.000000e+00
<ENDHMM>
~h "bg_red_0_2"
<BEGINHMM>
<NUMSTATES> 5
<STATE> 2
<MEAN> 6
 3.575658e+02 9.656034e+00 2.975370e+00 3.918319e+00 1.858768e+00 1.902624e+00
<VARIANCE> 6
 1.934535e+04 2.902991e+02 7.738477e+00 1.638854e+01 2.038133e+00 5.553237e+00
<GCONST> 3.383759e+01
<STATE> 3
<MEAN> 6
 3.552810e+02 2.629134e+01 3.990466e+00 1.030180e+01 1.742281e+00 1.199794e+00
<VARIANCE> 6
 7.095240e+03 2.598029e+03 1.369004e+01 3.648875e+02 2.287129e+00 4.223340e+00
<GCONST> 3.854113e+01
<STATE> 4
<MEAN> 6
 3.346745e+02 4.769961e+00 2.055205e+00 1.614926e+00 7.494650e-01 3.656990e-01
<VARIANCE> 6
 3.916557e+03 1.084858e+02 3.519433e+00 5.488010e+00 5.334552e-01 2.493850e-01
<GCONST> 2.493058e+01
<TRANSP> 5
 0.000000e+00 1.000000e+00 0.000000e+00 0.000000e+00 0.000000e+00
 0.000000e+00 5.887450e-01 4.112550e-01 0.000000e+00 0.000000e+00
 0.000000e+00 0.000000e+00 1.890396e-01 8.109604e-01 0.000000e+00
 0.000000e+00 0.000000e+00 0.000000e+00 8.928799e-01 1.071201e-01
 0.000000e+00 0.000000e+00 0.000000e+00 0.000000e+00 0.000000e+00
<ENDHMM>
~h "bg_red_0_3"
<BEGINHMM>
<NUMSTATES> 5
<STATE> 2
<MEAN> 6
 3.302097e+02 8.543900e+00 1.991661e+00 3.003218e+00 1.293396e+00 8.025423e-01
<VARIANCE> 6
 5.700993e+03 3.395443e+02 3.369205e+00 1.465783e+01 1.521287e+00 1.382583e+00
<GCONST> 3.014643e+01
<STATE> 3
<MEAN> 6
 4.000993e+02 2.977124e+01 3.776929e+00 9.339557e+00 1.369549e+00 6.937692e-01
<VARIANCE> 6
 3.462170e+04 3.545537e+03 1.091833e+01 3.011852e+02 2.042369e+00 6.350525e-01
<GCONST> 3.801118e+01
<STATE> 4
<MEAN> 6
 3.149845e+02 5.156828e+00 1.772749e+00 1.264545e+00 6.628624e-01 3.344434e-01
<VARIANCE> 6
 4.603206e+03 3.968404e+01 4.206529e+00 2.287880e+00 4.660770e-01 1.720630e-01
<GCONST> 2.288368e+01
<TRANSP> 5
 0.000000e+00 1.000000e+00 0.000000e+00 0.000000e+00 0.000000e+00
 0.000000e+00 6.699548e-01 3.300452e-01 0.000000e+00 0.000000e+00
 0.000000e+00 0.000000e+00 3.094676e-01 6.905324e-01 0.000000e+00
 0.000000e+00 0.000000e+00 0.000000e+00 8.670558e-01 1.329442e-01
 0.000000e+00 0.000000e+00 0.000000e+00 0.000000e+00 0.000000e+00
<ENDHMM>
~h "bg_red_0_4"
<BEGINHMM>
<NUMSTATES> 5
<STATE> 2
<MEAN> 6
 2.805885e+02 8.030404e+00 4.925497e+00 2.305867e+00 1.233243e+00 6.648085e-01
<VARIANCE> 6
 7.777884e+03 1.005358e+02 3.218724e+01 4.918968e+00 9.840255e-01 7.789181e-01
<GCONST> 2.939553e+01
<STATE> 3
<MEAN> 6
 3.857409e+02 3.672915e+01 4.457366e+00 1.037264e+01 1.392051e+00 1.031108e+00
<VARIANCE> 6
 4.771064e+04 3.152960e+03 2.719923e+01 2.453608e+02 2.027736e+00 2.459356e+00
<GCONST> 4.026901e+01
<STATE> 4
<MEAN> 6
 2.638667e+02 7.951061e+00 2.496246e+00 2.286623e+00 7.368280e-01 4.286783e-01
<VARIANCE> 6
 5.448397e+03 2.304503e+02 6.345468e+00 1.502921e+01 4.731674e-01 3.517518e-01
<GCONST> 2.783497e+01
<TRANSP> 5
 0.000000e+00 1.000000e+00 0.000000e+00 0.000000e+00 0.000000e+00
 0.000000e+00 7.253372e-01 2.746628e-01 0.000000e+00 0.000000e+00
 0.000000e+00 0.000000e+00 4.948207e-01 5.051793e-01 0.000000e+00
 0.000000e+00 0.000000e+00 0.000000e+00 8.644928e-01 1.355073e-01
 0.000000e+00 0.000000e+00 0.000000e+00 0.000000e+00 0.000000e+00
<ENDHMM>
~h "bg_red_0_5"
<BEGINHMM>
<NUMSTATES> 5
<STATE> 2
<MEAN> 6
 2.492335e+02 8.247269e+00 3.819747e+00 2.828343e+00 1.156227e+00 6.333109e-01
<VARIANCE> 6
 1.105471e+04 2.475006e+02 1.226477e+01 1.509208e+01 9.199408e-01 5.435277e-01
<GCONST> 3.037707e+01
<STATE> 3
<MEAN> 6
 3.502758e+02 5.950484e+01 1.567757e+01 1.574559e+01 4.700671e+00 3.019529e+00
<VARIANCE> 6
 3.239591e+04 5.305887e+03 3.416926e+02 3.651071e+02 3.905043e+01 1.335708e+01
<GCONST> 4.798062e+01
<STATE> 4
<MEAN> 6
 3.257851e+02 1.000117e+01 6.765649e+00 4.258049e+00 2.408193e+00 1.662202e+00
<VARIANCE> 6
 3.061507e+04 1.769668e+02 4.931386e+01 3.746725e+01 3.981785e+00 3.589330e+00
<GCONST> 3.671384e+01
<TRANSP> 5
 0.000000e+00 1.000000e+00 0.000000e+00 0.000000e+00 0.000000e+00
 0.000000e+00 8.634142e-01 1.365858e-01 0.000000e+00 0.000000e+00
 0.000000e+00 0.000000e+00 3.779492e-01 6.220509e-01 0.000000e+00
 0.000000e+00 0.000000e+00 0.000000e+00 6.743740e-01 3.256261e-01
 0.000000e+00 0.000000e+00 0.000000e+00 0.000000e+00 0.000000e+00
<ENDHMM>
~h "bg_dark_0"
<BEGINHMM>
<NUMSTATES> 5
<STATE> 2
<MEAN> 6
 2.293454e+02 1.082428e+01 9.457359e+00 3.487591e+00 3.351445e+00 1.394587e+00
<VARIANCE> 6
 1.706376e+04 1.780154e+02 9.363750e+01 7.469104e+00 5.939017e+00 1.616755e+00
<GCONST> 3.476602e+01
<STATE> 3
<MEAN> 6
 2.253867e+02 2.867582e+01 1.658316e+01 7.810342e+00 5.856665e+00 2.660195e+00
<VARIANCE> 6
 1.431225e+04 8.850413e+02 3.024535e+02 3.368766e+01 1.752761e+01 4.825814e+00
<GCONST> 4.104858e+01
<STATE> 4
<MEAN> 6
 1.052893e+02 1.028329e+01 7.638683e+00 2.403086e+00 2.126757e+00 7.642567e-01
<VARIANCE> 6
 2.964500e+03 1.598947e+02 7.849683e+01 4.168500e+00 3.946061e+00 8.010822e-01
<GCONST> 3.103778e+01
<TRANSP> 5
 0.000000e+00 1.000000e+00 0.000000e+00 0.000000e+00 0.000000e+00
 0.000000e+00 9.625373e-01 3.746266e-02 0.000000e+00 0.000000e+00
 0.000000e+00 0.000000e+00 9.429541e-01 5.704590e-02 0.000000e+00
 0.000000e+00 0.000000e+00 0.000000e+00 9.612058e-01 3.879422e-02
 0.000000e+00 0.000000e+00 0.000000e+00 0.000000e+00 0.000000e+00
<ENDHMM>
~h "bg_dark_0_0"
<BEGINHMM>
<NUMSTATES> 5
<STATE> 2
<MEAN> 6
 2.776020e+02 1.448112e+01 8.440345e+00 4.189349e+00 3.319963e+00 1.623446e+00
<VARIANCE> 6
 1.350901e+04 5.108069e+02 5.818615e+01 1.089226e+01 3.980520e+00 1.981122e+00
<GCONST> 3.529115e+01
<STATE> 3
<MEAN> 6
 2.245770e+02 3.187479e+01 1.310246e+01 8.322275e+00 5.240848e+00 2.470436e+00
<VARIANCE> 6
 1.212823e+04 1.581705e+03 1.448778e+02 8.035060e+01 1.106116e+01 3.511082e+00
<GCONST> 4.081846e+01
<STATE> 4
<MEAN> 6
 1.644603e+02 1.034321e+01 1.049268e+01 3.132844e+00 2.942527e+00 1.026598e+00
<VARIANCE> 6
 7.511600e+03 1.526160e+02 1.038556e+02 5.956804e+00 3.336281e+00 7.257786e-01
<GCONST> 3.229127e+01
<TRANSP> 5
 0.000000e+00 1.000000e+00 0.000000e+00 0.000000e+00 0.000000e+00
 0.000000e+00 7.598327e-01 2.401674e-01 0.000000e+00 0.000000e+00
 0.000000e+00 0.000000e+00 5.364441e-01 4.635559e-01 0.000000e+00
 0.000000e+00 0.000000e+00 0.000000e+00 8.239127e-01 1.760873e-01
 0.000000e+00 0.000000e+00 0.000000e+00 0.000000e+00 0.000000e+00
<ENDHMM>
~h "bg_dark_0_1"
<BEGINHMM>
<NUMSTATES> 5
<STATE> 2
<MEAN> 6
 2.289402e+02 1.080876e+01 8.277303e+00 3.480495e+00 3.165860e+00 1.323609e+00
<VARIANCE> 6
 1.933006e+04 1.511462e+02 6.581856e+01 6.824504e+00 4.274570e+00 1.215058e+00
<GCONST> 3.366983e+01
<STATE> 3
<MEAN> 6
 2.190100e+02 3.011265e+01 1.877536e+01 8.041102e+00 5.892248e+00 2.364868e+00
<VARIANCE> 6
 1.227026e+04 8.218720e+02 3.120608e+02 2.841721e+01 1.591749e+01 2.891259e+00
<GCONST> 4.007308e+01
<STATE> 4
<MEAN> 6
 1.668135e+02 1.091802e+01 8.975820e+00 2.797431e+00 2.687683e+00 8.933182e-01
<VARIANCE> 6
 1.189046e+04 1.976766e+02 9.413689e+01 5.495316e+00 4.165387e+00 7.126264e-01
<GCONST> 3.303404e+01
<TRANSP> 5
 0.000000e+00 1.000000e+00 0.000000e+00 0.000000e+00 0.000000e+00
 0.000000e+00 8.027331e-01 1.972669e-01 0.000000e+00 0.000000e+00
 0.000000e+00 0.000000e+00 6.464280e-01 3.535720e-01 0.000000e+00
 0.000000e+00 0.000000e+00 0.000000e+00 8.040157e-01 1.959843e-01
 0.000000e+00 0.000000e+00 0.000000e+00 0.000000e+00 0.000000e+00
<ENDHMM>
~h "bg_dark_0_2"
<BEGINHMM>
<NUMSTATES> 5
<STATE> 2
<MEAN> 6
 2.065167e+02 1.255466e+01 1.047898e+01 3.682169e+00 3.773462e+00 1.386154e+00
<VARIANCE> 6
 1.705004e+04 2.438697e+02 1.086087e+02 7.217803e+00 6.450862e+00 1.265880e+00
<GCONST> 3.503209e+01
<STATE> 3
<MEAN> 6
 2.100414e+02 3.235663e+01 1.840709e+01 8.207548e+00 6.336278e+00 3.087517e+00
<VARIANCE> 6
 1.128598e+04 9.629608e+02 2.555515e+02 3.257050e+01 1.947747e+01 4.872679e+00
<GCONST> 4.080832e+01
<STATE> 4
<MEAN> 6
 1.785102e+02 1.330439e+01 6.817664e+00 2.959643e+00 2.041430e+00 8.311275e-01
<VARIANCE> 6
 1.752595e+04 2.313404e+02 5.097819e+01 6.173128e+00 3.486578e+00 9.873677e-01
<GCONST> 3.323040e+01
<TRANSP> 5
 0.000000e+00 1.000000e+00 0.000000e+00 0.000000e+00 0.000000e+00
 0.000000e+00 7.637997e-01 2.362003e-01 0.000000e+00 0.000000e+00
 0.000000e+00 0.000000e+00 6.853591e-01 3.146409e-01 0.000000e+00
 0.000000e+00 0.000000e+00 0.000000e+00 8.210475e-01 1.789525e-01
 0.000000e+00 0.000000e+00 0.000000e+00 0.000000e+00 0.000000e+00
<ENDHMM>
~h "bg_dark_0_3"
<BEGINHMM>
<NUMSTATES> 5
<STATE> 2
<MEAN> 6
 1.738518e+02 1.468894e+01 9.699363e+00 4.097039e+00 3.468240e+00 1.416058e+00
<VARIANCE> 6
 1.507008e+04 2.237979e+02 9.420042e+01 7.529716e+00 6.762729e+00 1.577323e+00
<GCONST> 3.498991e+01
<STATE> 3
<MEAN> 6
 2.296212e+02 3.263718e+01 1.499993e+01 8.751108e+00 5.540319e+00 2.588864e+00
<VARIANCE> 6
 1.670894e+04 1.066543e+03 1.861010e+02 3.687761e+01 1.569115e+01 4.919964e+00
<GCONST> 4.090343e+01
<STATE> 4
<MEAN> 6
 2.122937e+02 9.925283e+00 6.891853e+00 2.814001e+00 2.568738e+00 1.011226e+00
<VARIANCE> 6
 2.367254e+04 1.489242e+02 4.396228e+01 6.265384e+00 3.871753e+00 1.149719e+00
<GCONST> 3.321437e+01
<TRANSP> 5
 0.000000e+00 1.000000e+00 0.000000e+00 0.000000e+00 0.000000e+00
 0.000000e+00 7.656124e-01 2.343876e-01 0.000000e+00 0.000000e+00
 0.000000e+00 0.000000e+00 5.995228e-01 4.004772e-01 0.000000e+00
 0.000000e+00 0.000000e+00 0.000000e+00 8.090343e-01 1.909657e-01
 0.000000e+00 0.000000e+00 0.000000e+00 0.000000e+00 0.000000e+00
<ENDHMM>
~h "bg_dark_0_4"
<BEGINHMM>
<NUMSTATES> 5
<STATE> 2
<MEAN> 6
 2.025366e+02 1.232845e+01 7.669072e+00 3.653525e+00 2.943511e+00 1.374453e+00
<VARIANCE> 6
 2.216138e+04 2.243543e+02 5.204718e+01 8.985949e+00 4.691338e+00 1.877928e+00
<GCONST> 3.477030e+01
<STATE> 3
<MEAN> 6
 2.092620e+02 2.687811e+01 2.349525e+01 7.618337e+00 7.353641e+00 3.525093e+00
<VARIANCE> 6
 1.025062e+04 5.530900e+02 4.863071e+02 1.868511e+01 2.254099e+01 6.038513e+00
<GCONST> 4.060594e+01
<STATE> 4
<MEAN> 6
 9.122504e+01 7.894169e+00 8.108709e+00 2.015934e+00 2.204650e+00 7.168391e-01
<VARIANCE> 6
 1.975419e+03 9.140742e+01 9.357847e+01 4.500437e+00 4.709412e+00 6.164739e-01
<GCONST> 3.023992e+01
<TRANSP> 5
 0.000000e+00 1.000000e+00 0.000000e+00 0.000000e+00 0.000000e+00
 0.000000e+00 7.499939e-01 2.500061e-01 0.000000e+00 0.000000e+00
 0.000000e+00 0.000000e+00 7.193706e-01 2.806294e-01 0.000000e+00
 0.000000e+00 0.000000e+00 0.000000e+00 8.160642e-01 1.839357e-01
 0.000000e+00 0.000000e+00 0.000000e+00 0.000000e+00 0.000000e+00
<ENDHMM>
~h "bg_dark_0_5"
<BEGINHMM>
<NUMSTATES> 5
<STATE> 2
<MEAN> 6
 1.140406e+02 1.189219e+01 8.841630e+00 3.127911e+00 2.781307e+00 8.713269e-01
<VARIANCE> 6
 4.750488e+03 1.947375e+02 1.130444e+02 7.583921e+00 7.462975e+00 8.612536e-01
<GCONST> 3.337932e+01
<STATE> 3
<MEAN> 6
 1.559690e+02 1.952452e+01 1.750965e+01 6.146434e+00 5.717259e+00 2.444210e+00
<VARIANCE> 6
 4.527304e+03 3.598316e+02 3.188233e+02 1.864136e+01 1.651380e+01 4.818826e+00
<GCONST> 3.839752e+01
<STATE> 4
<MEAN> 6
 1.064154e+02 5.917926e+00 5.004861e+00 1.584267e+00 1.453653e+00 5.567885e-01
<VARIANCE> 6
 2.704768e+03 8.101360e+01 5.468107e+01 3.078171e+00 3.551182e+00 9.802065e-01
<GCONST> 2.969779e+01
<TRANSP> 5
 0.000000e+00 1.000000e+00 0.000000e+00 0.000000e+00 0.000000e+00
 0.000000e+00 5.748915e-01 4.251085e-01 0.000000e+00 0.000000e+00
 0.000000e+00 0.000000e+00 7.241011e-01 2.758989e-01 0.000000e+00
 0.000000e+00 0.000000e+00 0.000000e+00 8.339738e-01 1.660262e-01
 0.000000e+00 0.000000e+00 0.000000e+00 0.000000e+00 0.000000e+00
<ENDHMM>
~h "bg_white_0"
<BEGINHMM>
<NUMSTATES> 5
<STATE> 2
<MEAN> 6
 7.624382e+02 2.736881e+00 4.972718e+00 1.231797e+00 1.750159e+00 8.057498e-01
<VARIANCE> 6
 5.512075e+03 2.707853e+01 4.300098e+02 3.651852e+00 2.185029e+01 2.085166e+00
<GCONST> 3.411880e+01
<STATE> 3
<MEAN> 6
 7.110914e+02 4.367371e+01 1.676604e+01 1.544377e+01 1.434856e+01 1.029064e+01
<VARIANCE> 6
 6.453203e+03 1.759241e+03 3.946725e+02 1.244003e+02 1.717198e+02 8.611462e+01
<GCONST> 4.767534e+01
<STATE> 4
<MEAN> 6
 6.734222e+02 4.030590e+00 7.131924e+00 1.786094e+00 2.548349e+00 1.100021e+00
<VARIANCE> 6
 3.651737e+04 5.524923e+01 7.230428e+02 7.751490e+00 3.448582e+01 3.968489e+00
<GCONST> 3.909494e+01
<TRANSP> 5
 0.000000e+00 1.000000e+00 0.000000e+00 0.000000e+00 0.000000e+00
 0.000000e+00 9.515532e-01 4.844685e-02 0.000000e+00 0.000000e+00
 0.000000e+00 0.000000e+00 9.654015e-01 3.459849e-02 0.000000e+00
 0.000000e+00 0.000000e+00 0.000000e+00 9.511142e-01 4.888586e-02
 0.000000e+00 0.000000e+00 0.000000e+00 0.000000e+00 0.000000e+00
<ENDHMM>
~h "bg_white_0_0"
<BEGINHMM>
<NUMSTATES> 5
<STATE> 2
<MEAN> 6
 7.450465e+02 2.318266e+00 1.030435e+01 9.082769e-01 2.710047e+00 4.374686e-01
<VARIANCE> 6
 1.286734e+04 4.670599e+01 1.071443e+03 3.774026e+00 4.961721e+01 5.469302e-01
<GCONST> 3.593939e+01
<STATE> 3
<MEAN> 6
 7.049940e+02 4.094003e+01 1.958416e+01 1.381933e+01 1.476751e+01 1.010914e+01
<VARIANCE> 6
 1.030263e+04 2.383135e+03 7.506996e+02 1.527688e+02 2.258243e+02 1.175883e+02
<GCONST> 4.988047e+01
<STATE> 4
<MEAN> 6
 7.595110e+02 1.915635e+01 6.518307e+00 7.848371e+00 6.168210e+00 4.819035e+00
<VARIANCE> 6
 3.363793e+03 9.385435e+02 1.161965e+02 9.593824e+01 8.645818e+01 4.174047e+01
<GCONST> 4.350254e+01
<TRANSP> 5
 0.000000e+00 1.000000e+00 0.000000e+00 0.000000e+00 0.000000e+00
 0.000000e+00 8.682708e-01 1.317292e-01 0.000000e+00 0.000000e+00
 0.000000e+00 0.000000e+00 5.003089e-01 4.996911e-01 0.000000e+00
 0.000000e+00 0.000000e+00 0.000000e+00 5.846203e-01 4.153797e-01
 0.000000e+00 0.000000e+00 0.000000e+00 0.000000e+00 0.000000e+00
<ENDHMM>
~h "bg_white_0_1"
<BEGINHMM>
<NUMSTATES> 5
<STATE> 2
<MEAN> 6
 7.615659e+02 2.257976e+01 7.834661e+00 8.897831e+00 7.192824e+00 5.279106e+00
<VARIANCE> 6
 2.793370e+03 8.692291e+02 1.269813e+02 8.709357e+01 8.370653e+01 3.814881e+01
<GCONST> 4.310971e+01
<STATE> 3
<MEAN> 6
 6.969272e+02 5.875375e+01 2.028545e+01 1.836556e+01 1.792006e+01 1.255139e+01
<VARIANCE> 6
 5.054875e+03 1.931831e+03 4.132797e+02 1.265400e+02 1.825671e+02 9.208391e+01
<GCONST> 4.771609e+01
<STATE> 4
<MEAN> 6
 7.647987e+02 8.097308e+00 3.632338e+00 3.562320e+00 3.095014e+00 2.566259e+00
<VARIANCE> 6
 5.992766e+03 3.452045e+02 5.960670e+01 3.376808e+01 3.998946e+01 2.140974e+01
<GCONST> 3.992946e+01
<TRANSP> 5
 0.000000e+00 1.000000e+00 0.000000e+00 0.000000e+00 0.000000e+00
 0.000000e+00 6.301900e-01 3.698100e-01 0.000000e+00 0.000000e+00
 0.000000e+00 0.000000e+00 7.687277e-01 2.312723e-01 0.000000e+00
 0.000000e+00 0.000000e+00 0.000000e+00 8.325520e-01 1.674480e-01
 0.000000e+00 0.000000e+00 0.000000e+00 0.000000e+00 0.000000e+00
<ENDHMM>
~h "bg_white_0_2"
<BEGINHMM>
<NUMSTATES> 5
<STATE> 2
<MEAN> 6
 7.532017e+02 2.336536e+01 9.123823e+00 9.281034e+00 8.293268e+00 6.128253e+00
<VARIANCE> 6
 3.258440e+03 8.586057e+02 1.537576e+02 7.439438e+01 8.917142e+01 4.113953e+01
<GCONST> 4.342386e+01
<STATE> 3
<MEAN> 6
 6.870635e+02 5.633687e+01 2.217644e+01 1.878219e+01 1.799099e+01 1.296289e+01
<VARIANCE> 6
 5.591053e+03 2.001885e+03 4.928106e+02 1.352598e+02 1.960812e+02 1.052218e+02
<GCONST> 4.829995e+01
<STATE> 4
<MEAN> 6
 7.517417e+02 9.921211e+00 3.871796e+00 4.063672e+00 3.448424e+00 2.657620e+00
<VARIANCE> 6
 8.718372e+03 3.972113e+02 5.712371e+01 3.777663e+01 3.975084e+01 1.953808e+01
<GCONST> 4.041683e+01
<TRANSP> 5
 0.000000e+00 1.000000e+00 0.000000e+00 0.000000e+00 0.000000e+00
 0.000000e+00 6.827340e-01 3.172660e-01 0.000000e+00 0.000000e+00
 0.000000e+00 0.000000e+00 7.459381e-01 2.540619e-01 0.000000e+00
 0.000000e+00 0.000000e+00 0.000000e+00 8.308530e-01 1.691470e-01
 0.000000e+00 0.000000e+00 0.000000e+00 0.000000e+00 0.000000e+00
<ENDHMM>
~h "bg_white_0_3"
<BEGINHMM>
<NUMSTATES> 5
<STATE> 2
<MEAN> 6
 6.962003e+02 2.877055e+01 8.725202e+00 1.041259e+01 8.086326e+00 5.766629e+00
<VARIANCE> 6
 2.018610e+04 1.389423e+03 1.447869e+02 1.100515e+02 9.216326e+01 4.196157e+01
<GCONST> 4.611318e+01
<STATE> 3
<MEAN> 6
 6.989971e+02 4.806396e+01 2.005173e+01 1.719057e+01 1.713343e+01 1.219869e+01
<VARIANCE> 6
 4.844076e+03 1.815192e+03 4.093714e+02 1.316227e+02 1.829374e+02 9.975645e+01
<GCONST> 4.772316e+01
<STATE> 4
<MEAN> 6
 7.612238e+02 7.900789e+00 4.053674e+00 3.738266e+00 3.126292e+00 2.444081e+00
<VARIANCE> 6
 1.987966e+03 2.609417e+02 7.925161e+01 3.317815e+01 3.269728e+01 1.722929e+01
<GCONST> 3.839485e+01
<TRANSP> 5
 0.000000e+00 1.000000e+00 0.000000e+00 0.000000e+00 0.000000e+00
 0.000000e+00 5.525348e-01 4.474652e-01 0.000000e+00 0.000000e+00
 0.000000e+00 0.000000e+00 7.317052e-01 2.682948e-01 0.000000e+00
 0.000000e+00 0.000000e+00 0.000000e+00 8.343808e-01 1.656192e-01
 0.000000e+00 0.000000e+00 0.000000e+00 0.000000e+00 0.000000e+00
<ENDHMM>
~h "bg_white_0_4"
<BEGINHMM>
<NUMSTATES> 5
<STATE> 2
<MEAN> 6
 6.993259e+02 1.613114e+01 7.058126e+00 6.881032e+00 5.191483e+00 3.774709e+00
<VARIANCE> 6
 2.423127e+04 6.484861e+02 1.701192e+02 7.528530e+01 6.368132e+01 3.189454e+01
<GCONST> 4.467142e+01
<STATE> 3
<MEAN> 6
 6.956667e+02 4.723146e+01 1.891946e+01 1.635167e+01 1.520000e+01 1.090148e+01
<VARIANCE> 6
 6.227315e+03 1.677953e+03 3.890946e+02 1.285894e+02 1.709535e+02 9.152525e+01
<GCONST> 4.766775e+01
<STATE> 4
<MEAN> 6
 7.563708e+02 4.148105e+00 2.147865e+00 1.842031e+00 1.672474e+00 1.330782e+00
<VARIANCE> 6
 2.828409e+03 1.525792e+02 2.676564e+01 1.472085e+01 2.060105e+01 9.342832e+00
<GCONST> 3.523875e+01
<TRANSP> 5
 0.000000e+00 1.000000e+00 0.000000e+00 0.000000e+00 0.000000e+00
 0.000000e+00 5.680960e-01 4.319040e-01 0.000000e+00 0.000000e+00
 0.000000e+00 0.000000e+00 7.245090e-01 2.754910e-01 0.000000e+00
 0.000000e+00 0.000000e+00 0.000000e+00 8.582522e-01 1.417477e-01
 0.000000e+00 0.000000e+00 0.000000e+00 0.000000e+00 0.000000e+00
<ENDHMM>
~h "bg_white_0_5"
<BEGINHMM>
<NUMSTATES> 5
<STATE> 2
<MEAN> 6
 7.579169e+02 4.556830e+00 3.318034e+00 1.780007e+00 2.190044e+00 1.238326e+00
<VARIANCE> 6
 3.096815e+03 2.163580e+02 4.567358e+01 1.898733e+01 2.775172e+01 1.101175e+01
<GCONST> 3.692988e+01
<STATE> 3
<MEAN> 6
 6.304230e+02 3.568423e+01 5.475669e+01 1.264699e+01 2.081339e+01 8.591940e+00
<VARIANCE> 6
 2.224631e+04 2.017588e+03 4.745283e+03 1.802133e+02 2.599449e+02 1.182711e+02
<GCONST> 5.263935e+01
<STATE> 4
<MEAN> 6
 4.300241e+02 6.432777e+00 6.136482e+00 2.430076e+00 2.352258e+00 8.887376e-01
<VARIANCE> 6
 4.883830e+04 1.363640e+02 3.517351e+02 1.612230e+01 2.516849e+01 5.709096e+00
<GCONST> 4.034960e+01
<TRANSP> 5
 0.000000e+00 1.000000e+00 0.000000e+00 0.000000e+00 0.000000e+00
 0.000000e+00 8.255578e-01 1.744422e-01 0.000000e+00 0.000000e+00
 0.000000e+00 0.000000e+00 5.029105e-01 4.970895e-01 0.000000e+00
 0.000000e+00 0.000000e+00 0.000000e+00 7.650231e-01 2.349769e-01
 0.000000e+00 0.000000e+00 0.000000e+00 0.000000e+00 0.000000e+00
<ENDHMM>
~h "bg_board"
<BEGINHMM>
<NUMSTATES> 5
<STATE> 2
<MEAN> 6
 1.739934e+02 1.712197e+01 9.074162e+00 5.047220e+00 2.817322e+00 1.160941e+00
<VARIANCE> 6
 6.044428e+03 2.723352e+02 7.892667e+01 1.244374e+01 4.380238e+00 1.081271e+00
<GCONST> 3.378616e+01
<STATE> 3
<MEAN> 6
 2.743187e+02 3.813464e+01 1.286648e+01 1.132052e+01 5.010243e+00 2.899848e+00
<VARIANCE> 6
 9.532756e+03 2.082734e+03 1.811296e+02 4.874770e+01 1.248314e+01 5.407488e+00
<GCONST> 4.112922e+01
<STATE> 4
<MEAN> 6
 3.808958e+02 8.112023e+00 4.377794e+00 1.915429e+00 1.291165e+00 5.011857e-01
<VARIANCE> 6
 8.493241e+03 1.332941e+02 1.874493e+01 4.832772e+00 1.458293e+00 3.480156e-01
<GCONST> 2.879495e+01
<TRANSP> 5
 0.000000e+00 1.000000e+00 0.000000e+00 0.000000e+00 0.000000e+00
 0.000000e+00 9.581854e-01 4.181459e-02 0.000000e+00 0.000000e+00
 0.000000e+00 0.000000e+00 9.591430e-01 4.085700e-02 0.000000e+00
 0.000000e+00 0.000000e+00 0.000000e+00 9.537235e-01 4.627645e-02
 0.000000e+00 0.000000e+00 0.000000e+00 0.000000e+00 0.000000e+00
<ENDHMM>
~h "bg_board_0"
<BEGINHMM>
<NUMSTATES> 5
<STATE> 2
<MEAN> 6
 2.503567e+02 1.906734e+01 9.445767e+00 6.823244e+00 3.387004e+00 1.703697e+00
<VARIANCE> 6
 1.121865e+04 4.580161e+02 7.637043e+01 2.142326e+01 5.613757e+00 2.351825e+00
<GCONST> 3.645998e+01
<STATE> 3
<MEAN> 6
 3.096379e+02 4.297781e+01 1.453799e+01 1.170634e+01 5.341163e+00 2.780175e+00
<VARIANCE> 6
 1.764745e+04 2.693337e+03 3.010377e+02 5.945525e+01 2.106893e+01 7.330553e+00
<GCONST> 4.353645e+01
<STATE> 4
<MEAN> 6
 2.832581e+02 1.092791e+01 5.251603e+00 3.202927e+00 1.827356e+00 7.255457e-01
<VARIANCE> 6
 2.231430e+04 2.935374e+02 3.457732e+01 1.437108e+01 3.169156e+00 7.544628e-01
<GCONST> 3.380238e+01
<TRANSP> 5
 0.000000e+00 1.000000e+00 0.000000e+00 0.000000e+00 0.000000e+00
 0.000000e+00 7.306291e-01 2.693709e-01 0.000000e+00 0.000000e+00
 0.000000e+00 0.000000e+00 5.892744e-01 4.107256e-01 0.000000e+00
 0.000000e+00 0.000000e+00 0.000000e+00 8.291454e-01 1.708546e-01
 0.000000e+00 0.000000e+00 0.000000e+00 0.000000e+00 0.000000e+00
<ENDHMM>
~h "bg_board_1"
<BEGINHMM>
<NUMSTATES> 5
<STATE> 2
<MEAN> 6
 2.045221e+02 1.993460e+01 9.054778e+00 5.888103e+00 3.014698e+00 1.314305e+00
<VARIANCE> 6
 1.045315e+04 4.698855e+02 6.398074e+01 1.885009e+01 4.231341e+00 1.395223e+00
<GCONST> 3.530508e+01
<STATE> 3
<MEAN> 6
 2.999109e+02 4.261382e+01 1.501813e+01 1.240839e+01 5.592957e+00 3.395439e+00
<VARIANCE> 6
 1.714615e+04 2.317994e+03 2.840951e+02 6.931824e+01 2.292072e+01 7.943110e+00
<GCONST> 4.361761e+01
<STATE> 4
<MEAN> 6
 2.920821e+02 9.850980e+00 4.920619e+00 2.884611e+00 1.553258e+00 7.074592e-01
<VARIANCE> 6
 2.162290e+04 2.484582e+02 3.173393e+01 1.434320e+01 2.840967e+00 1.076277e+00
<GCONST> 3.376236e+01
<TRANSP> 5
 0.000000e+00 1.000000e+00 0.000000e+00 0.000000e+00 0.000000e+00
 0.000000e+00 7.536339e-01 2.463662e-01 0.000000e+00 0.000000e+00
 0.000000e+00 0.000000e+00 7.042651e-01 2.957349e-01 0.000000e+00
 0.000000e+00 0.000000e+00 0.000000e+00 8.201306e-01 1.798694e-01
 0.000000e+00 0.000000e+00 0.000000e+00 0.000000e+00 0.000000e+00
<ENDHMM>
~h "bg_board_2"
<BEGINHMM>
<NUMSTATES> 5
<STATE> 2
<MEAN> 6
 2.313098e+02 2.268329e+01 1.125454e+01 8.256343e+00 3.776311e+00 1.982154e+00
<VARIANCE> 6
 9.338394e+03 4.795594e+02 1.080884e+02 3.293712e+01 6.768526e+00 2.918844e+00
<GCONST> 3.750304e+01
<STATE> 3
<MEAN> 6
 2.746066e+02 4.778497e+01 1.531357e+01 1.216873e+01 5.047328e+00 3.036487e+00
<VARIANCE> 6
 1.376727e+04 2.898675e+03 3.446821e+02 8.326348e+01 1.971031e+01 9.647322e+00
<GCONST> 4.404177e+01
<STATE> 4
<MEAN> 6
 2.668162e+02 1.314159e+01 6.847038e+00 3.387241e+00 1.923306e+00 7.476866e-01
<VARIANCE> 6
 2.017786e+04 2.761774e+02 4.651568e+01 1.171433e+01 3.132433e+00 6.866391e-01
<GCONST> 3.362711e+01
<TRANSP> 5
 0.000000e+00 1.000000e+00 0.000000e+00 0.000000e+00 0.000000e+00
 0.000000e+00 7.221974e-01 2.778026e-01 0.000000e+00 0.000000e+00
 0.000000e+00 0.000000e+00 5.634962e-01 4.365038e-01 0.000000e+00
 0.000000e+00 0.000000e+00 0.000000e+00 8.593410e-01 1.406590e-01
 0.000000e+00 0.000000e+00 0.000000e+00 0.000000e+00 0.000000e+00
<ENDHMM>
~h "bg_board_3"
<BEGINHMM>
<NUMSTATES> 5
<STATE> 2
<MEAN> 6
 1.914509e+02 2.037042e+01 9.232006e+00 5.792213e+00 3.067094e+00 1.282093e+00
<VARIANCE> 6
 1.021108e+04 5.069771e+02 7.575066e+01 1.799134e+01 5.086421e+00 1.328640e+00
<GCONST> 3.561502e+01
<STATE> 3
<MEAN> 6
 2.557809e+02 4.009249e+01 1.257637e+01 1.185555e+01 4.843487e+00 2.730881e+00
<VARIANCE> 6
 7.980338e+03 2.536853e+03 1.404969e+02 5.968472e+01 1.107655e+01 4.811380e+00
<GCONST> 4.086076e+01
<STATE> 4
<MEAN> 6
 2.992057e+02 1.391992e+01 6.319829e+00 3.530543e+00 2.007308e+00 8.375957e-01
<VARIANCE> 6
 1.784348e+04 3.394106e+02 4.425482e+01 1.371620e+01 2.867221e+00 1.071581e+00
<GCONST> 3.417489e+01
<TRANSP> 5
 0.000000e+00 1.000000e+00 0.000000e+00 0.000000e+00 0.000000e+00
 0.000000e+00 7.070168e-01 2.929833e-01 0.000000e+00 0.000000e+00
 0.000000e+00 0.000000e+00 6.896387e-01 3.103613e-01 0.000000e+00
 0.000000e+00 0.000000e+00 0.000000e+00 8.135992e-01 1.864008e-01
 0.000000e+00 0.000000e+00 0.000000e+00 0.000000e+00 0.000000e+00
<ENDHMM>
~h "bg_board_4"
<BEGINHMM>
<NUMSTATES> 5
<STATE> 2
<MEAN> 6
 2.153708e+02 1.957976e+01 9.780763e+00 6.813176e+00 3.721157e+00 1.865620e+00
<VARIANCE> 6
 6.338484e+03 3.966382e+02 7.318899e+01 1.848212e+01 5.099551e+00 2.249009e+00
<GCONST> 3.541418e+01
<STATE> 3
<MEAN> 6
 2.703178e+02 4.542666e+01 1.425574e+01 1.162869e+01 4.882775e+00 2.777336e+00
<VARIANCE> 6
 7.460970e+03 2.611595e+03 1.864529e+02 6.074907e+01 1.241284e+01 5.235797e+00
<GCONST> 4.132159e+01
<STATE> 4
<MEAN> 6
 3.079813e+02 1.292105e+01 5.435639e+00 3.367946e+00 1.874657e+00 8.638816e-01
<VARIANCE> 6
 9.169763e+03 3.352233e+02 3.401616e+01 1.500650e+01 2.996933e+00 1.204881e+00
<GCONST> 3.348502e+01
<TRANSP> 5
 0.000000e+00 1.000000e+00 0.000000e+00 0.000000e+00 0.000000e+00
 0.000000e+00 8.097603e-01 1.902397e-01 0.000000e+00 0.000000e+00
 0.000000e+00 0.000000e+00 6.541503e-01 3.458497e-01 0.000000e+00
 0.000000e+00 0.000000e+00 0.000000e+00 7.939011e-01 2.060990e-01
 0.000000e+00 0.000000e+00 0.000000e+00 0.000000e+00 0.000000e+00
<ENDHMM>
~h "bg_board_5"
<BEGINHMM>
<NUMSTATES> 5
<STATE> 2
<MEAN> 6
 2.595724e+02 2.099150e+01 9.396935e+00 6.735435e+00 3.717484e+00 2.101169e+00
<VARIANCE> 6
 6.286434e+03 4.185324e+02 6.872509e+01 1.779295e+01 5.127122e+00 2.617797e+00
<GCONST> 3.551596e+01
<STATE> 3
<MEAN> 6
 2.938390e+02 4.395252e+01 1.437446e+01 1.057026e+01 5.033535e+00 2.782388e+00
<VARIANCE> 6
 7.315002e+03 3.021272e+03 2.262361e+02 5.355471e+01 1.593710e+01 6.432996e+00
<GCONST> 4.197075e+01
<STATE> 4
<MEAN> 6
 3.622975e+02 1.182211e+01 5.930857e+00 3.462578e+00 2.068072e+00 8.735669e-01
<VARIANCE> 6
 8.337683e+03 3.139212e+02 2.978541e+01 1.075667e+01 2.793571e+00 9.525919e-01
<GCONST> 3.255324e+01
<TRANSP> 5
 0.000000e+00 1.000000e+00 0.000000e+00 0.000000e+00 0.000000e+00
 0.000000e+00 7.477488e-01 2.522512e-01 0.000000e+00 0.000000e+00
 0.000000e+00 0.000000e+00 5.925593e-01 4.074408e-01 0.000000e+00
 0.000000e+00 0.000000e+00 0.000000e+00 8.208320e-01 1.791680e-01
 0.000000e+00 0.000000e+00 0.000000e+00 0.000000e+00 0.000000e+00
<ENDHMM>
~h "fp_logo"
<BEGINHMM>
<NUMSTATES> 5
<STATE> 2
<MEAN> 6
 1.646414e+02 1.203818e+01 3.759490e+00 4.340176e+00 1.868941e+00 9.878857e-01
<VARIANCE> 6
 4.213473e+03 2.783926e+02 1.908471e+01 2.807356e+01 3.266788e+00 1.715719e+00
<GCONST> 3.300969e+01
<STATE> 3
<MEAN> 6
 3.818554e+02 7.805433e+01 5.656791e+01 2.050288e+01 1.664143e+01 7.086019e+00
<VARIANCE> 6
 4.063978e+04 6.890917e+03 5.407702e+03 3.641221e+02 3.082146e+02 5.134335e+01
<GCONST> 5.464012e+01
<STATE> 4
<MEAN> 6
 2.444182e+02 3.277067e+00 3.233939e+00 1.335276e+00 1.364924e+00 4.842128e-01
<VARIANCE> 6
 1.114429e+04 7.439180e+00 1.265160e+01 1.180663e+00 1.864968e+00 2.164891e-01
<GCONST> 2.414959e+01
<TRANSP> 5
 0.000000e+00 1.000000e+00 0.000000e+00 0.000000e+00 0.000000e+00
 0.000000e+00 9.536610e-01 4.633900e-02 0.000000e+00 0.000000e+00
 0.000000e+00 0.000000e+00 8.861403e-01 1.138597e-01 0.000000e+00
 0.000000e+00 0.000000e+00 0.000000e+00 9.747711e-01 2.522885e-02
 0.000000e+00 0.000000e+00 0.000000e+00 0.000000e+00 0.000000e+00
<ENDHMM>
~h "fp_logo_0"
<BEGINHMM>
<NUMSTATES> 5
<STATE> 2
<MEAN> 6
 1.421083e+02 1.025648e+01 4.428763e+00 3.970488e+00 1.942274e+00 7.192704e-01
<VARIANCE> 6
 1.816302e+03 2.477600e+02 3.559942e+01 2.295268e+01 4.206376e+00 4.280031e-01
<GCONST> 3.133802e+01
<STATE> 3
<MEAN> 6
 1.998644e+02 4.375374e+01 6.935379e+00 1.040547e+01 2.729895e+00 1.423323e+00
<VARIANCE> 6
 1.890177e+04 6.156299e+03 2.035616e+02 1.834002e+02 7.621376e+00 2.407671e+00
<GCONST> 4.303676e+01
<STATE> 4
<MEAN> 6
 1.433712e+02 5.012033e+00 2.474127e+00 1.593069e+00 9.690974e-01 3.729453e-01
<VARIANCE> 6
 3.493850e+03 1.449116e+02 5.399314e+00 1.051383e+01 8.838053e-01 1.110531e-01
<GCONST> 2.587984e+01
<TRANSP> 5
 0.000000e+00 1.000000e+00 0.000000e+00 0.000000e+00 0.000000e+00
 0.000000e+00 6.626604e-01 3.373396e-01 0.000000e+00 0.000000e+00
 0.000000e+00 0.000000e+00 3.549155e-01 6.450845e-01 0.000000e+00
 0.000000e+00 0.000000e+00 0.000000e+00 8.664074e-01 1.335926e-01
 0.000000e+00 0.000000e+00 0.000000e+00 0.000000e+00 0.000000e+00
<ENDHMM>
~h "fp_logo_1"
<BEGINHMM>
<NUMSTATES> 5
<STATE> 2
<MEAN> 6
 1.532151e+02 5.700078e+00 2.828111e+00 2.008205e+00 1.361845e+00 6.202589e-01
<VARIANCE> 6
 4.276723e+03 1.448859e+02 8.230878e+00 1.068524e+01 1.626582e+00 4.994973e-01
<GCONST> 2.863324e+01
<STATE> 3
<MEAN> 6
 3.471588e+02 7.130490e+01 4.555646e+01 1.901042e+01 1.345146e+01 5.532034e+00
<VARIANCE> 6
 5.109657e+04 6.240605e+03 4.724926e+03 3.430949e+02 2.710820e+02 3.962376e+01
<GCONST> 5.418803e+01
<STATE> 4
<MEAN> 6
 1.991312e+02 2.512780e+01 1.664649e+01 8.966849e+00 5.843369e+00 2.738323e+00
<VARIANCE> 6
 1.377263e+04 1.912594e+03 1.583914e+03 1.120456e+02 9.702351e+01 1.530074e+01
<GCONST> 4.750333e+01
<TRANSP> 5
 0.000000e+00 1.000000e+00 0.000000e+00 0.000000e+00 0.000000e+00
 0.000000e+00 8.826147e-01 1.173853e-01 0.000000e+00 0.000000e+00
 0.000000e+00 0.000000e+00 5.353072e-01 4.646928e-01 0.000000e+00
 0.000000e+00 0.000000e+00 0.000000e+00 5.706474e-01 4.293526e-01
 0.000000e+00 0.000000e+00 0.000000e+00 0.000000e+00 0.000000e+00
<ENDHMM>
~h "fp_logo_2"
<BEGINHMM>
<NUMSTATES> 5
<STATE> 2
<MEAN> 6
 2.092319e+02 2.463217e+01 2.241925e+01 7.202896e+00 6.642051e+00 2.663018e+00
<VARIANCE> 6
 1.836605e+04 2.895045e+03 2.520606e+03 1.362113e+02 1.494282e+02 2.153124e+01
<GCONST> 4.963906e+01
<STATE> 3
<MEAN> 6
 3.722238e+02 7.052628e+01 6.861644e+01 2.008807e+01 2.031501e+01 7.946546e+00
<VARIANCE> 6
 3.523823e+04 5.802145e+03 6.469304e+03 4.046554e+02 3.402608e+02 5.928972e+01
<GCONST> 5.485314e+01
<STATE> 4
<MEAN> 6
 1.810459e+02 9.644882e+00 5.140485e+00 3.815441e+00 2.110380e+00 1.160556e+00
<VARIANCE> 6
 7.155898e+03 4.161828e+02 3.304057e+02 4.826169e+01 2.195741e+01 4.927263e+00
<GCONST> 4.029493e+01
<TRANSP> 5
 0.000000e+00 1.000000e+00 0.000000e+00 0.000000e+00 0.000000e+00
 0.000000e+00 2.865721e-01 7.134280e-01 0.000000e+00 0.000000e+00
 0.000000e+00 0.000000e+00 7.160431e-01 2.839569e-01 0.000000e+00
 0.000000e+00 0.000000e+00 0.000000e+00 8.761864e-01 1.238136e-01
 0.000000e+00 0.000000e+00 0.000000e+00 0.000000e+00 0.000000e+00
<ENDHMM>
~h "fp_logo_3"
<BEGINHMM>
<NUMSTATES> 5
<STATE> 2
<MEAN> 6
 2.126373e+02 2.601991e+01 1.419451e+01 8.836584e+00 4.936705e+00 2.496099e+00
<VARIANCE> 6
 1.393824e+04 1.843390e+03 1.671129e+03 1.942187e+02 1.015502e+02 1.683053e+01
<GCONST> 4.822300e+01
<STATE> 3
<MEAN> 6
 3.276837e+02 6.731442e+01 3.999845e+01 1.594941e+01 1.235933e+01 6.111748e+00
<VARIANCE> 6
 3.067782e+04 7.182990e+03 4.464384e+03 3.215379e+02 3.146646e+02 6.613243e+01
<GCONST> 5.435820e+01
<STATE> 4
<MEAN> 6
 2.119429e+02 6.922383e+00 3.311354e+00 2.399307e+00 1.454336e+00 6.424689e-01
<VARIANCE> 6
 6.734569e+03 2.218925e+02 7.725007e+00 1.179685e+01 1.307609e+00 5.668873e-01
<GCONST> 2.945737e+01
<TRANSP> 5
 0.000000e+00 1.000000e+00 0.000000e+00 0.000000e+00 0.000000e+00
 0.000000e+00 3.164247e-01 6.835753e-01 0.000000e+00 0.000000e+00
 0.000000e+00 0.000000e+00 5.037233e-01 4.962768e-01 0.000000e+00
 0.000000e+00 0.000000e+00 0.000000e+00 8.826580e-01 1.173420e-01
 0.000000e+00 0.000000e+00 0.000000e+00 0.000000e+00 0.000000e+00
<ENDHMM>
~h "fp_logo_4"
<BEGINHMM>
<NUMSTATES> 5
<STATE> 2
<MEAN> 6
 2.408453e+02 1.723740e+01 5.358894e+00 4.994992e+00 2.224128e+00 1.007308e+00
<VARIANCE> 6
 5.071341e+03 7.236169e+02 3.185915e+01 3.578476e+01 2.580163e+00 8.592519e-01
<GCONST> 3.397789e+01
<STATE> 3
<MEAN> 6
 3.394223e+02 3.481676e+01 1.573309e+01 9.122064e+00 4.110016e+00 1.880457e+00
<VARIANCE> 6
 4.608411e+04 4.057665e+03 9.312562e+02 1.735367e+02 4.003653e+01 6.584268e+00
<GCONST> 4.764125e+01
<STATE> 4
<MEAN> 6
 2.752932e+02 3.680792e+00 3.482411e+00 1.498741e+00 1.601487e+00 5.684670e-01
<VARIANCE> 6
 6.157900e+03 1.497163e+01 1.373165e+01 1.694648e+00 1.836568e+00 3.031707e-01
<GCONST> 2.502053e+01
<TRANSP> 5
 0.000000e+00 1.000000e+00 0.000000e+00 0.000000e+00 0.000000e+00
 0.000000e+00 6.033171e-01 3.966828e-01 0.000000e+00 0.000000e+00
 0.000000e+00 0.000000e+00 3.163927e-01 6.836073e-01 0.000000e+00
 0.000000e+00 0.000000e+00 0.000000e+00 8.890894e-01 1.109106e-01
 0.000000e+00 0.000000e+00 0.000000e+00 0.000000e+00 0.000000e+00
<ENDHMM>
~h "fp_logo_5"
<BEGINHMM>
<NUMSTATES> 5
<STATE> 2
<MEAN> 6
 2.929393e+02 4.773882e+00 3.317790e+00 1.612406e+00 1.541440e+00 5.534045e-01
<VARIANCE> 6
 3.159835e+03 3.534109e+01 1.762920e+01 2.656677e+00 1.925417e+00 3.714885e-01
<GCONST> 2.616212e+01
<STATE> 3
<MEAN> 6
 3.215461e+02 6.336650e+00 1.033217e+01 2.863462e+00 3.870032e+00 1.278795e+00
<VARIANCE> 6
 6.233344e+03 5.926889e+01 2.115639e+02 1.537893e+01 1.425034e+01 4.792838e+00
<GCONST> 3.615844e+01
<STATE> 4
<MEAN> 6
 3.619103e+02 2.498533e+00 3.008404e+00 1.017659e+00 1.095047e+00 3.639950e-01
<VARIANCE> 6
 1.087500e+04 7.336980e+00 8.923491e+00 1.703638e+00 1.287643e+00 1.113253e-01
<GCONST> 2.309338e+01
<TRANSP> 5
 0.000000e+00 1.000000e+00 0.000000e+00 0.000000e+00 0.000000e+00
 0.000000e+00 7.384744e-01 2.615256e-01 0.000000e+00 0.000000e+00
 0.000000e+00 0.000000e+00 4.298290e-01 5.701711e-01 0.000000e+00
 0.000000e+00 0.000000e+00 0.000000e+00 8.442955e-01 1.557045e-01
 0.000000e+00 0.000000e+00 0.000000e+00 0.000000e+00 0.000000e+00
<ENDHMM>
~h "fp_screen"
<BEGINHMM>
<NUMSTATES> 5
<STATE> 2
<MEAN> 6
 3.308636e+02 8.194899e+00 7.982620e+00 2.652939e+00 2.850566e+00 9.599698e-01
<VARIANCE> 6
 2.488736e+04 1.206045e+02 2.700469e+02 1.049831e+01 1.932295e+01 1.969924e+00
<GCONST> 3.753099e+01
<STATE> 3
<MEAN> 6
 5.276256e+02 6.050576e+01 2.746039e+01 1.625209e+01 1.002390e+01 4.797537e+00
<VARIANCE> 6
 3.513492e+04 3.608208e+03 1.809133e+03 1.834061e+02 1.607357e+02 3.593443e+01
<GCONST> 5.105894e+01
<STATE> 4
<MEAN> 6
 3.797220e+02 4.580695e+00 6.048442e+00 1.601129e+00 1.847494e+00 6.841377e-01
<VARIANCE> 6
 1.041567e+04 2.544757e+01 1.034203e+02 2.480074e+00 5.443650e+00 7.270170e-01
<GCONST> 3.043768e+01
<TRANSP> 5
 0.000000e+00 1.000000e+00 0.000000e+00 0.000000e+00 0.000000e+00
 0.000000e+00 9.514215e-01 4.857847e-02 0.000000e+00 0.000000e+00
 0.000000e+00 0.000000e+00 9.304856e-01 6.951438e-02 0.000000e+00
 0.000000e+00 0.000000e+00 0.000000e+00 9.714524e-01 2.854756e-02
 0.000000e+00 0.000000e+00 0.000000e+00 0.000000e+00 0.000000e+00
<ENDHMM>
~h "fp_screen_0"
<BEGINHMM>
<NUMSTATES> 5
<STATE> 2
<MEAN> 6
 2.200208e+02 4.540053e+00 9.616532e+00 1.683787e+00 3.315184e+00 7.111896e-01
<VARIANCE> 6
 1.058412e+04 9.828864e+01 2.838824e+02 5.719330e+00 2.846096e+01 1.398698e+00
<GCONST> 3.595877e+01
<STATE> 3
<MEAN> 6
 4.551777e+02 3.768835e+01 3.886198e+01 1.049829e+01 1.236522e+01 4.606355e+00
<VARIANCE> 6
 4.060915e+04 1.833642e+03 1.463502e+03 1.188816e+02 1.141708e+02 3.602185e+01
<GCONST> 4.954161e+01
<STATE> 4
<MEAN> 6
 4.320907e+02 8.102875e+00 4.297440e+00 2.455652e+00 1.711710e+00 7.842267e-01
<VARIANCE> 6
 1.406723e+04 2.368716e+02 1.162312e+02 1.871833e+01 1.359122e+01 2.947366e+00
<GCONST> 3.742181e+01
<TRANSP> 5
 0.000000e+00 1.000000e+00 0.000000e+00 0.000000e+00 0.000000e+00
 0.000000e+00 8.127992e-01 1.872008e-01 0.000000e+00 0.000000e+00
 0.000000e+00 0.000000e+00 4.884985e-01 5.115014e-01 0.000000e+00
 0.000000e+00 0.000000e+00 0.000000e+00 7.873749e-01 2.126252e-01
 0.000000e+00 0.000000e+00 0.000000e+00 0.000000e+00 0.000000e+00
<ENDHMM>
~h "fp_screen_1"
<BEGINHMM>
<NUMSTATES> 5
<STATE> 2
<MEAN> 6
 3.939279e+02 9.733626e+00 6.722881e+00 2.901902e+00 2.474448e+00 1.098012e+00
<VARIANCE> 6
 3.128793e+04 3.644467e+02 2.419299e+02 2.641104e+01 2.234047e+01 5.002351e+00
<GCONST> 4.075537e+01
<STATE> 3
<MEAN> 6
 5.097489e+02 5.182378e+01 2.388342e+01 1.624070e+01 7.577526e+00 4.122771e+00
<VARIANCE> 6
 3.552068e+04 3.136858e+03 1.366199e+03 2.466520e+02 8.247378e+01 3.124045e+01
<GCONST> 5.013807e+01
<STATE> 4
<MEAN> 6
 4.162331e+02 9.315496e+00 3.916316e+00 2.732247e+00 1.524767e+00 7.075549e-01
<VARIANCE> 6
 2.035372e+04 3.359426e+02 1.116215e+02 2.300601e+01 6.152475e+00 1.939530e+00
<GCONST> 3.709539e+01
<TRANSP> 5
 0.000000e+00 1.000000e+00 0.000000e+00 0.000000e+00 0.000000e+00
 0.000000e+00 6.579352e-01 3.420648e-01 0.000000e+00 0.000000e+00
 0.000000e+00 0.000000e+00 5.554778e-01 4.445222e-01 0.000000e+00
 0.000000e+00 0.000000e+00 0.000000e+00 8.722367e-01 1.277633e-01
 0.000000e+00 0.000000e+00 0.000000e+00 0.000000e+00 0.000000e+00
<ENDHMM>
~h "fp_screen_2"
<BEGINHMM>
<NUMSTATES> 5
<STATE> 2
<MEAN> 6
 3.919026e+02 9.829439e+00 8.318072e+00 3.032139e+00 2.708627e+00 9.640710e-01
<VARIANCE> 6
 1.906903e+04 3.305494e+02 3.131026e+02 2.353758e+01 1.407375e+01 2.416136e+00
<GCONST> 3.911545e+01
<STATE> 3
<MEAN> 6
 5.791447e+02 7.461751e+01 3.947222e+01 2.098828e+01 1.560095e+01 7.186762e+00
<VARIANCE> 6
 3.817579e+04 5.381506e+03 2.469310e+03 2.538391e+02 2.662015e+02 5.647607e+01
<GCONST> 5.313441e+01
<STATE> 4
<MEAN> 6
 4.650956e+02 3.922366e+01 1.717653e+01 1.104426e+01 5.706661e+00 2.706924e+00
<VARIANCE> 6
 2.400524e+04 1.978273e+03 1.052047e+03 1.360632e+02 7.496837e+01 1.484135e+01
<GCONST> 4.758937e+01
<TRANSP> 5
 0.000000e+00 1.000000e+00 0.000000e+00 0.000000e+00 0.000000e+00
 0.000000e+00 8.699032e-01 1.300968e-01 0.000000e+00 0.000000e+00
 0.000000e+00 0.000000e+00 6.334257e-01 3.665743e-01 0.000000e+00
 0.000000e+00 0.000000e+00 0.000000e+00 6.132207e-01 3.867793e-01
 0.000000e+00 0.000000e+00 0.000000e+00 0.000000e+00 0.000000e+00
<ENDHMM>
~h "fp_screen_3"
<BEGINHMM>
<NUMSTATES> 5
<STATE> 2
<MEAN> 6
 4.494456e+02 4.478047e+01 1.719152e+01 1.103531e+01 5.904479e+00 2.735190e+00
<VARIANCE> 6
 2.228245e+04 1.893840e+03 1.151419e+03 1.097857e+02 8.695921e+01 1.627817e+01
<GCONST> 4.758772e+01
<STATE> 3
<MEAN> 6
 5.592806e+02 7.588335e+01 3.277899e+01 1.693489e+01 1.333981e+01 5.975924e+00
<VARIANCE> 6
 4.400357e+04 5.430667e+03 2.630115e+03 1.760898e+02 2.202057e+02 4.068461e+01
<GCONST> 5.246529e+01
<STATE> 4
<MEAN> 6
 3.634430e+02 9.945059e+00 4.493438e+00 2.815179e+00 1.882621e+00 9.016176e-01
<VARIANCE> 6
 1.032538e+04 2.687663e+02 3.810169e+01 1.415298e+01 5.643936e+00 1.434751e+00
<GCONST> 3.424522e+01
<TRANSP> 5
 0.000000e+00 1.000000e+00 0.000000e+00 0.000000e+00 0.000000e+00
 0.000000e+00 5.187470e-01 4.812530e-01 0.000000e+00 0.000000e+00
 0.000000e+00 0.000000e+00 5.487041e-01 4.512959e-01 0.000000e+00
 0.000000e+00 0.000000e+00 0.000000e+00 8.702351e-01 1.297649e-01
 0.000000e+00 0.000000e+00 0.000000e+00 0.000000e+00 0.000000e+00
<ENDHMM>
~h "fp_screen_4"
<BEGINHMM>
<NUMSTATES> 5
<STATE> 2
<MEAN> 6
 3.710654e+02 1.857860e+01 6.824752e+00 5.982206e+00 2.854753e+00 1.489905e+00
<VARIANCE> 6
 1.281373e+04 8.222752e+02 1.078037e+02 4.831915e+01 1.396429e+01 3.496503e+00
<GCONST> 3.964402e+01
<STATE> 3
<MEAN> 6
 4.756227e+02 4.067712e+01 2.745211e+01 1.098113e+01 8.113221e+00 3.807421e+00
<VARIANCE> 6
 3.992391e+04 3.217136e+03 2.128787e+03 1.596359e+02 1.233920e+02 2.244402e+01
<GCONST> 5.036083e+01
<STATE> 4
<MEAN> 6
 3.286009e+02 5.532572e+00 8.041515e+00 1.942034e+00 2.199440e+00 7.470559e-01
<VARIANCE> 6
 8.240040e+03 5.225948e+01 1.308790e+02 5.412269e+00 5.873353e+00 5.824617e-01
<GCONST> 3.179312e+01
<TRANSP> 5
 0.000000e+00 1.000000e+00 0.000000e+00 0.000000e+00 0.000000e+00
 0.000000e+00 5.533674e-01 4.466326e-01 0.000000e+00 0.000000e+00
 0.000000e+00 0.000000e+00 3.708119e-01 6.291881e-01 0.000000e+00
 0.000000e+00 0.000000e+00 0.000000e+00 8.909686e-01 1.090314e-01
 0.000000e+00 0.000000e+00 0.000000e+00 0.000000e+00 0.000000e+00
<ENDHMM>
~h "fp_screen_5"
<BEGINHMM>
<NUMSTATES> 5
<STATE> 2
<MEAN> 6
 3.024731e+02 6.490741e+00 1.018206e+01 3.036110e+00 3.887434e+00 1.471972e+00
<VARIANCE> 6
 8.160097e+03 1.114516e+02 2.134617e+02 1.228626e+01 1.463919e+01 2.054808e+00
<GCONST> 3.602369e+01
<STATE> 3
<MEAN> 6
 3.579575e+02 1.850917e+01 2.801166e+01 5.634586e+00 7.696971e+00 2.433456e+00
<VARIANCE> 6
 1.686191e+04 1.532154e+03 9.400947e+02 7.444144e+01 7.848499e+01 1.427865e+01
<GCONST> 4.627217e+01
<STATE> 4
<MEAN> 6
 4.270613e+02 2.455448e+00 4.195365e+00 9.620833e-01 1.125012e+00 4.112510e-01
<VARIANCE> 6
 1.271041e+04 5.541243e+00 2.187448e+01 7.649922e-01 1.435380e+00 2.146881e-01
<GCONST> 2.382995e+01
<TRANSP> 5
 0.000000e+00 1.000000e+00 0.000000e+00 0.000000e+00 0.000000e+00
 0.000000e+00 6.806971e-01 3.193029e-01 0.000000e+00 0.000000e+00
 0.000000e+00 0.000000e+00 2.126023e-01 7.873977e-01 0.000000e+00
 0.000000e+00 0.000000e+00 0.000000e+00 8.683894e-01 1.316106e-01
 0.000000e+00 0.000000e+00 0.000000e+00 0.000000e+00 0.000000e+00
<ENDHMM>
~h "fp_key"
<BEGINHMM>
<NUMSTATES> 5
<STATE> 2
<MEAN> 6
 1.980667e+02 1.208144e+01 4.983195e+00 2.869706e+00 1.785660e+00 7.714422e-01
<VARIANCE> 6
 1.029654e+04 4.222388e+02 7.709220e+01 1.584502e+01 5.726072e+00 1.073117e+00
<GCONST> 3.523585e+01
<STATE> 3
<MEAN> 6
 4.132636e+02 6.487665e+01 2.608785e+01 1.559461e+01 9.120387e+00 3.730538e+00
<VARIANCE> 6
 4.329491e+04 3.978342e+03 2.070786e+03 1.909279e+02 1.842043e+02 2.628871e+01
<GCONST> 5.136444e+01
<STATE> 4
<MEAN> 6
 3.125551e+02 3.786080e+00 5.008579e+00 1.059175e+00 1.277964e+00 4.394421e-01
<VARIANCE> 6
 1.790811e+04 2.655711e+01 1.020805e+02 9.707532e-01 3.758448e+00 2.546927e-01
<GCONST> 2.865196e+01
<TRANSP> 5
 0.000000e+00 1.000000e+00 0.000000e+00 0.000000e+00 0.000000e+00
 0.000000e+00 9.333774e-01 6.662261e-02 0.000000e+00 0.000000e+00
 0.000000e+00 0.000000e+00 9.729564e-01 2.704367e-02 0.000000e+00
 0.000000e+00 0.000000e+00 0.000000e+00 9.444842e-01 5.551584e-02
 0.000000e+00 0.000000e+00 0.000000e+00 0.000000e+00 0.000000e+00
<ENDHMM>
~h "fp_key_0"
<BEGINHMM>
<NUMSTATES> 5
<STATE> 2
<MEAN> 6
 2.053088e+02 1.032431e+01 5.011167e+00 2.462609e+00 1.533600e+00 5.382884e-01
<VARIANCE> 6
 9.053872e+03 5.605257e+02 1.147586e+02 2.364370e+01 4.025969e+00 3.721748e-01
<GCONST> 3.477739e+01
<STATE> 3
<MEAN> 6
 3.344377e+02 5.911914e+01 4.479995e+01 1.446686e+01 1.473636e+01 4.830033e+00
<VARIANCE> 6
 3.197680e+04 3.522189e+03 2.616954e+03 1.426756e+02 1.986776e+02 2.117564e+01
<GCONST> 5.074174e+01
<STATE> 4
<MEAN> 6
 3.860959e+02 6.466761e+01 7.898584e+00 1.293536e+01 2.794781e+00 1.290154e+00
<VARIANCE> 6
 4.775961e+04 4.824517e+03 2.416216e+02 1.674077e+02 2.433482e+01 3.053823e+00
<GCONST> 4.519877e+01
<TRANSP> 5
 0.000000e+00 1.000000e+00 0.000000e+00 0.000000e+00 0.000000e+00
 0.000000e+00 8.159866e-01 1.840134e-01 0.000000e+00 0.000000e+00
 0.000000e+00 0.000000e+00 4.668844e-01 5.331156e-01 0.000000e+00
 0.000000e+00 0.000000e+00 0.000000e+00 7.867733e-01 2.132267e-01
 0.000000e+00 0.000000e+00 0.000000e+00 0.000000e+00 0.000000e+00
<ENDHMM>
~h "fp_key_1"
<BEGINHMM>
<NUMSTATES> 5
<STATE> 2
<MEAN> 6
 2.142536e+02 1.291143e+01 5.742928e+00 3.421618e+00 1.953868e+00 8.821821e-01
<VARIANCE> 6
 2.449661e+04 7.295069e+02 1.742413e+02 3.457882e+01 1.732695e+01 2.332973e+00
<GCONST> 4.012901e+01
<STATE> 3
<MEAN> 6
 3.814875e+02 6.518394e+01 6.110930e+01 2.034548e+01 1.966217e+01 7.386305e+00
<VARIANCE> 6
 3.871369e+04 3.642972e+03 4.903202e+03 3.061112e+02 3.057621e+02 5.215637e+01
<GCONST> 5.369041e+01
<STATE> 4
<MEAN> 6
 4.745544e+02 7.488503e+01 1.305391e+01 1.627315e+01 4.702899e+00 2.125963e+00
<VARIANCE> 6
 5.615325e+04 4.235561e+03 5.576553e+02 1.574501e+02 6.171625e+01 8.699682e+00
<GCONST> 4.798306e+01
<TRANSP> 5
 0.000000e+00 1.000000e+00 0.000000e+00 0.000000e+00 0.000000e+00
 0.000000e+00 8.521497e-01 1.478503e-01 0.000000e+00 0.000000e+00
 0.000000e+00 0.000000e+00 5.228888e-01 4.771112e-01 0.000000e+00
 0.000000e+00 0.000000e+00 0.000000e+00 7.584808e-01 2.415192e-01
 0.000000e+00 0.000000e+00 0.000000e+00 0.000000e+00 0.000000e+00
<ENDHMM>
~h "fp_key_2"
<BEGINHMM>
<NUMSTATES> 5
<STATE> 2
<MEAN> 6
 2.276145e+02 1.530486e+01 6.617826e+00 4.360940e+00 2.662103e+00 1.210084e+00
<VARIANCE> 6
 2.428879e+04 8.963245e+02 2.544562e+02 4.684923e+01 3.364397e+01 5.244052e+00
<GCONST> 4.248233e+01
<STATE> 3
<MEAN> 6
 3.987894e+02 7.714697e+01 5.944992e+01 2.295914e+01 2.175491e+01 8.149253e+00
<VARIANCE> 6
 3.424039e+04 4.649848e+03 4.414787e+03 3.424536e+02 4.020211e+02 6.347045e+01
<GCONST> 5.428894e+01
<STATE> 4
<MEAN> 6
 4.072497e+02 7.491879e+01 2.016474e+01 1.491374e+01 6.738883e+00 2.616885e+00
<VARIANCE> 6
 4.533119e+04 4.191053e+03 1.494119e+03 1.535832e+02 9.660712e+01 1.140374e+01
<GCONST> 4.943785e+01
<TRANSP> 5
 0.000000e+00 1.000000e+00 0.000000e+00 0.000000e+00 0.000000e+00
 0.000000e+00 8.560292e-01 1.439708e-01 0.000000e+00 0.000000e+00
 0.000000e+00 0.000000e+00 5.219110e-01 4.780890e-01 0.000000e+00
 0.000000e+00 0.000000e+00 0.000000e+00 7.476334e-01 2.523666e-01
 0.000000e+00 0.000000e+00 0.000000e+00 0.000000e+00 0.000000e+00
<ENDHMM>
~h "fp_key_3"
<BEGINHMM>
<NUMSTATES> 5
<STATE> 2
<MEAN> 6
 4.259801e+02 7.818459e+01 1.590453e+01 1.742261e+01 5.414213e+00 2.501518e+00
<VARIANCE> 6
 3.488581e+04 4.217729e+03 1.001252e+03 2.024366e+02 7.085576e+01 1.195820e+01
<GCONST> 4.879565e+01
<STATE> 3
<MEAN> 6
 4.198128e+02 7.380673e+01 6.349662e+01 2.234039e+01 2.357677e+01 8.391579e+00
<VARIANCE> 6
 3.568613e+04 4.401538e+03 4.605846e+03 2.949989e+02 4.012595e+02 5.495553e+01
<GCONST> 5.402268e+01
<STATE> 4
<MEAN> 6
 2.386741e+02 1.623746e+01 5.239817e+00 4.433005e+00 2.381793e+00 1.263441e+00
<VARIANCE> 6
 1.600656e+04 9.151290e+02 8.208873e+01 4.502579e+01 1.557242e+01 3.022534e+00
<GCONST> 3.959371e+01
<TRANSP> 5
 0.000000e+00 1.000000e+00 0.000000e+00 0.000000e+00 0.000000e+00
 0.000000e+00 7.411190e-01 2.588809e-01 0.000000e+00 0.000000e+00
 0.000000e+00 0.000000e+00 5.755775e-01 4.244225e-01 0.000000e+00
 0.000000e+00 0.000000e+00 0.000000e+00 8.270220e-01 1.729780e-01
 0.000000e+00 0.000000e+00 0.000000e+00 0.000000e+00 0.000000e+00
<ENDHMM>
~h "fp_key_4"
<BEGINHMM>
<NUMSTATES> 5
<STATE> 2
<MEAN> 6
 4.179387e+02 5.314894e+01 7.974531e+00 1.145213e+01 3.206217e+00 1.794129e+00
<VARIANCE> 6
 3.680476e+04 3.050501e+03 1.265695e+02 9.808713e+01 2.124648e+01 4.127213e+00
<GCONST> 4.346415e+01
<STATE> 3
<MEAN> 6
 4.966510e+02 7.651562e+01 5.261948e+01 2.032141e+01 1.864310e+01 7.612843e+00
<VARIANCE> 6
 3.611748e+04 3.519447e+03 3.176066e+03 1.926494e+02 2.583506e+02 4.303962e+01
<GCONST> 5.232856e+01
<STATE> 4
<MEAN> 6
 3.238052e+02 1.644851e+01 7.324800e+00 4.380392e+00 2.213979e+00 1.199006e+00
<VARIANCE> 6
 2.061741e+04 9.228848e+02 2.783276e+02 4.488969e+01 1.461734e+01 3.625525e+00
<GCONST> 4.119187e+01
<TRANSP> 5
 0.000000e+00 1.000000e+00 0.000000e+00 0.000000e+00 0.000000e+00
 0.000000e+00 7.640465e-01 2.359535e-01 0.000000e+00 0.000000e+00
 0.000000e+00 0.000000e+00 6.427554e-01 3.572446e-01 0.000000e+00
 0.000000e+00 0.000000e+00 0.000000e+00 8.322901e-01 1.677099e-01
 0.000000e+00 0.000000e+00 0.000000e+00 0.000000e+00 0.000000e+00
<ENDHMM>
~h "fp_key_5"
<BEGINHMM>
<NUMSTATES> 5
<STATE> 2
<MEAN> 6
 4.085047e+02 5.011796e+01 1.405728e+01 1.045615e+01 4.016154e+00 2.073277e+00
<VARIANCE> 6
 3.684502e+04 3.142283e+03 6.962960e+02 1.093511e+02 3.591718e+01 7.895322e+00
<GCONST> 4.648227e+01
<STATE> 3
<MEAN> 6
 4.331683e+02 3.355692e+01 3.404232e+01 1.007223e+01 9.813633e+00 4.364649e+00
<VARIANCE> 6
 2.988988e+04 2.609416e+03 2.918065e+03 1.980866e+02 1.985762e+02 3.584237e+01
<GCONST> 5.133710e+01
<STATE> 4
<MEAN> 6
 3.843514e+02 3.800112e+00 6.896488e+00 9.052439e-01 1.531044e+00 4.257450e-01
<VARIANCE> 6
 1.163531e+04 3.845490e+01 1.943455e+02 9.275368e-01 6.671308e+00 3.008112e-01
<GCONST> 2.992951e+01
<TRANSP> 5
 0.000000e+00 1.000000e+00 0.000000e+00 0.000000e+00 0.000000e+00
 0.000000e+00 5.373594e-01 4.626406e-01 0.000000e+00 0.000000e+00
 0.000000e+00 0.000000e+00 1.770972e-01 8.229027e-01 0.000000e+00
 0.000000e+00 0.000000e+00 0.000000e+00 8.840349e-01 1.159651e-01
 0.000000e+00 0.000000e+00 0.000000e+00 0.000000e+00 0.000000e+00
<ENDHMM>
