~o
<STREAMINFO> 1 6
<VECSIZE> 6<NULLD><MFCC><DIAGC>
~h "bg_board_1"
<BEGINHMM>
<NUMSTATES> 5
<STATE> 2
<MEAN> 6
 1.547744e+02 1.744151e+01 9.294629e+00 4.245907e+00 2.544641e+00 8.526886e-01
<VARIANCE> 6
 3.330897e+03 2.584275e+02 5.908475e+01 7.590365e+00 1.925715e+00 4.360951e-01
<GCONST> 3.062413e+01
<STATE> 3
<MEAN> 6
 2.342329e+02 4.856174e+01 1.455431e+01 8.192012e+00 4.211464e+00 1.689935e+00
<VARIANCE> 6
 9.393622e+03 2.388879e+03 2.749299e+02 3.071734e+01 3.309977e+01 2.485570e+00
<GCONST> 4.140500e+01
<STATE> 4
<MEAN> 6
 2.308844e+02 1.068156e+01 5.139304e+00 2.652823e+00 1.610472e+00 5.300885e-01
<VARIANCE> 6
 1.012521e+04 2.499970e+02 3.530193e+01 6.160510e+00 8.777683e-01 1.253533e-01
<GCONST> 2.894660e+01
<TRANSP> 5
 0.000000e+00 1.000000e+00 0.000000e+00 0.000000e+00 0.000000e+00
 0.000000e+00 8.285134e-01 1.714866e-01 0.000000e+00 0.000000e+00
 0.000000e+00 0.000000e+00 5.891523e-01 4.108477e-01 0.000000e+00
 0.000000e+00 0.000000e+00 0.000000e+00 7.887911e-01 2.112090e-01
 0.000000e+00 0.000000e+00 0.000000e+00 0.000000e+00 0.000000e+00
<ENDHMM>
