~o
<STREAMINFO> 1 6
<VECSIZE> 6<NULLD><MFCC><DIAGC>
~h "bg_board_0"
<BEGINHMM>
<NUMSTATES> 5
<STATE> 2
<MEAN> 6
 2.278753e+02 8.568712e+00 5.009680e+00 2.860605e+00 1.833293e+00 6.267055e-01
<VARIANCE> 6
 3.530649e+03 1.302484e+02 2.197831e+01 4.935372e+00 2.050368e+00 2.646417e-01
<GCONST> 2.814107e+01
<STATE> 3
<MEAN> 6
 2.121575e+02 3.762877e+01 1.278238e+01 8.446248e+00 3.380817e+00 1.625611e+00
<VARIANCE> 6
 3.808958e+03 1.999083e+03 1.563515e+02 2.754754e+01 6.068042e+00 2.412335e+00
<GCONST> 3.792447e+01
<STATE> 4
<MEAN> 6
 1.663284e+02 1.493712e+01 7.488828e+00 3.486270e+00 2.526919e+00 8.752974e-01
<VARIANCE> 6
 3.287729e+03 2.647943e+02 3.514973e+01 4.996371e+00 1.741312e+00 5.533791e-01
<GCONST> 2.983542e+01
<TRANSP> 5
 0.000000e+00 1.000000e+00 0.000000e+00 0.000000e+00 0.000000e+00
 0.000000e+00 8.289849e-01 1.710151e-01 0.000000e+00 0.000000e+00
 0.000000e+00 0.000000e+00 5.115327e-01 4.884673e-01 0.000000e+00
 0.000000e+00 0.000000e+00 0.000000e+00 7.564151e-01 2.435850e-01
 0.000000e+00 0.000000e+00 0.000000e+00 0.000000e+00 0.000000e+00
<ENDHMM>
