~o
<STREAMINFO> 1 6
<VECSIZE> 6<NULLD><MFCC><DIAGC>
~h "bg_board_3"
<BEGINHMM>
<NUMSTATES> 5
<STATE> 2
<MEAN> 6
 1.338632e+02 1.771793e+01 7.888302e+00 4.712646e+00 2.509519e+00 8.803253e-01
<VARIANCE> 6
 1.005404e+04 5.706392e+02 4.799103e+01 1.970030e+01 3.424073e+00 6.450360e-01
<GCONST> 3.423378e+01
<STATE> 3
<MEAN> 6
 2.429529e+02 5.541980e+01 1.490479e+01 1.177726e+01 4.987826e+00 1.795403e+00
<VARIANCE> 6
 9.097725e+03 4.590761e+03 3.154846e+02 6.422829e+01 1.468242e+01 3.232200e+00
<GCONST> 4.235121e+01
<STATE> 4
<MEAN> 6
 2.457555e+02 1.647572e+01 8.462480e+00 4.045181e+00 2.681748e+00 1.203687e+00
<VARIANCE> 6
 1.523050e+04 3.447380e+02 5.805273e+01 8.858271e+00 3.057697e+00 1.387044e+00
<GCONST> 3.418864e+01
<TRANSP> 5
 0.000000e+00 1.000000e+00 0.000000e+00 0.000000e+00 0.000000e+00
 0.000000e+00 7.308940e-01 2.691060e-01 0.000000e+00 0.000000e+00
 0.000000e+00 0.000000e+00 5.070825e-01 4.929176e-01 0.000000e+00
 0.000000e+00 0.000000e+00 0.000000e+00 8.401345e-01 1.598656e-01
 0.000000e+00 0.000000e+00 0.000000e+00 0.000000e+00 0.000000e+00
<ENDHMM>
