~o
<STREAMINFO> 1 6
<VECSIZE> 6<NULLD><MFCC><DIAGC>
~h "bg_board_2"
<BEGINHMM>
<NUMSTATES> 5
<STATE> 2
<MEAN> 6
 1.335313e+02 1.646619e+01 7.726651e+00 3.904683e+00 2.374485e+00 7.689892e-01
<VARIANCE> 6
 3.673292e+03 2.783654e+02 4.709997e+01 5.965230e+00 2.435019e+00 2.728221e-01
<GCONST> 3.009428e+01
<STATE> 3
<MEAN> 6
 2.039985e+02 4.663575e+01 1.353840e+01 8.365337e+00 3.337011e+00 1.408845e+00
<VARIANCE> 6
 4.571150e+03 3.537792e+03 2.811346e+02 3.568957e+01 4.843186e+00 1.230088e+00
<GCONST> 3.862439e+01
<STATE> 4
<MEAN> 6
 3.019448e+02 1.488185e+01 6.137981e+00 3.229158e+00 1.989663e+00 7.037117e-01
<VARIANCE> 6
 1.355764e+04 5.313689e+02 3.018528e+01 1.463278e+01 2.171974e+00 4.764627e-01
<GCONST> 3.294231e+01
<TRANSP> 5
 0.000000e+00 1.000000e+00 0.000000e+00 0.000000e+00 0.000000e+00
 0.000000e+00 8.457330e-01 1.542669e-01 0.000000e+00 0.000000e+00
 0.000000e+00 0.000000e+00 6.158736e-01 3.841263e-01 0.000000e+00
 0.000000e+00 0.000000e+00 0.000000e+00 7.445343e-01 2.554658e-01
 0.000000e+00 0.000000e+00 0.000000e+00 0.000000e+00 0.000000e+00
<ENDHMM>
