~o
<STREAMINFO> 1 6
<VECSIZE> 6<NULLD><MFCC><DIAGC>
~h "bg_board_5"
<BEGINHMM>
<NUMSTATES> 5
<STATE> 2
<MEAN> 6
 2.462026e+02 2.026878e+01 1.181308e+01 6.341646e+00 4.483430e+00 2.215422e+00
<VARIANCE> 6
 3.488510e+03 4.484797e+02 1.002578e+02 1.189250e+01 6.066001e+00 2.724869e+00
<GCONST> 3.517913e+01
<STATE> 3
<MEAN> 6
 2.689035e+02 4.692707e+01 1.670805e+01 1.150412e+01 6.485769e+00 3.429461e+00
<VARIANCE> 6
 3.383041e+03 4.207351e+03 3.086866e+02 6.019005e+01 2.468449e+01 7.684795e+00
<GCONST> 4.257364e+01
<STATE> 4
<MEAN> 6
 3.099178e+02 1.567088e+01 6.778529e+00 4.440098e+00 2.851194e+00 1.262974e+00
<VARIANCE> 6
 8.688813e+03 4.553465e+02 5.206860e+01 1.153828e+01 2.826912e+00 1.048404e+00
<GCONST> 3.370280e+01
<TRANSP> 5
 0.000000e+00 1.000000e+00 0.000000e+00 0.000000e+00 0.000000e+00
 0.000000e+00 7.641410e-01 2.358590e-01 0.000000e+00 0.000000e+00
 0.000000e+00 0.000000e+00 5.783973e-01 4.216028e-01 0.000000e+00
 0.000000e+00 0.000000e+00 0.000000e+00 8.144119e-01 1.855881e-01
 0.000000e+00 0.000000e+00 0.000000e+00 0.000000e+00 0.000000e+00
<ENDHMM>
