~o
<STREAMINFO> 1 6
<VECSIZE> 6<NULLD><MFCC><DIAGC>
~h "bg_board"
<BEGINHMM>
<NUMSTATES> 5
<STATE> 2
<MEAN> 6
 1.467388e+02 1.638795e+01 9.779012e+00 4.506072e+00 2.900335e+00 1.058891e+00
<VARIANCE> 6
 3.252684e+03 2.132276e+02 7.644587e+01 8.360472e+00 3.594530e+00 8.382469e-01
<GCONST> 3.203993e+01
<STATE> 3
<MEAN> 6
 2.254536e+02 4.615021e+01 1.237126e+01 9.609730e+00 4.664079e+00 2.274400e+00
<VARIANCE> 6
 4.942005e+03 3.066094e+03 2.067139e+02 3.973764e+01 1.479790e+01 4.152459e+00
<GCONST> 4.069277e+01
<STATE> 4
<MEAN> 6
 3.272198e+02 1.035281e+01 5.220793e+00 2.756678e+00 1.986275e+00 7.796081e-01
<VARIANCE> 6
 4.515670e+03 1.650159e+02 3.366966e+01 6.074159e+00 2.033484e+00 6.016324e-01
<GCONST> 3.007090e+01
<TRANSP> 5
 0.000000e+00 1.000000e+00 0.000000e+00 0.000000e+00 0.000000e+00
 0.000000e+00 9.690891e-01 3.091092e-02 0.000000e+00 0.000000e+00
 0.000000e+00 0.000000e+00 9.410343e-01 5.896572e-02 0.000000e+00
 0.000000e+00 0.000000e+00 0.000000e+00 9.516674e-01 4.833259e-02
 0.000000e+00 0.000000e+00 0.000000e+00 0.000000e+00 0.000000e+00
<ENDHMM>
