~o
<STREAMINFO> 1 6
<VECSIZE> 6<NULLD><MFCC><DIAGC>
~h "bg_board_4"
<BEGINHMM>
<NUMSTATES> 5
<STATE> 2
<MEAN> 6
 1.779960e+02 1.812469e+01 1.025152e+01 5.227111e+00 3.539799e+00 1.501840e+00
<VARIANCE> 6
 5.649823e+03 3.798861e+02 6.498116e+01 1.029017e+01 4.787159e+00 1.609687e+00
<GCONST> 3.415378e+01
<STATE> 3
<MEAN> 6
 2.219143e+02 5.107163e+01 1.482093e+01 1.076192e+01 5.585467e+00 2.932158e+00
<VARIANCE> 6
 4.769689e+03 3.013740e+03 2.220688e+02 3.998338e+01 1.097612e+01 5.120630e+00
<GCONST> 4.062869e+01
<STATE> 4
<MEAN> 6
 2.816418e+02 1.621552e+01 6.771790e+00 4.572993e+00 2.793481e+00 1.160290e+00
<VARIANCE> 6
 7.786937e+03 4.131631e+02 5.678422e+01 1.231647e+01 3.208961e+00 1.297617e+00
<GCONST> 3.398798e+01
<TRANSP> 5
 0.000000e+00 1.000000e+00 0.000000e+00 0.000000e+00 0.000000e+00
 0.000000e+00 8.193367e-01 1.806633e-01 0.000000e+00 0.000000e+00
 0.000000e+00 0.000000e+00 6.652145e-01 3.347855e-01 0.000000e+00
 0.000000e+00 0.000000e+00 0.000000e+00 7.766787e-01 2.233213e-01
 0.000000e+00 0.000000e+00 0.000000e+00 0.000000e+00 0.000000e+00
<ENDHMM>
