~o
<STREAMINFO> 1 6
<VECSIZE> 6<NULLD><MFCC><DIAGC>
~h "bg_dark_0_2"
<BEGINHMM>
<NUMSTATES> 5
<STATE> 2
<MEAN> 6
 1.116754e+02 7.996393e+00 8.867543e+00 2.599669e+00 3.282118e+00 9.764645e-01
<VARIANCE> 6
 5.165176e+02 1.041901e+02 7.689036e+01 3.409181e+00 4.087410e+00 5.166456e-01
<GCONST> 2.823696e+01
<STATE> 3
<MEAN> 6
 1.160424e+02 1.599440e+01 2.492201e+01 4.257562e+00 6.034304e+00 2.571854e+00
<VARIANCE> 6
 1.232154e+03 1.990493e+02 3.680687e+02 3.871326e+00 1.410920e+01 5.220389e+00
<GCONST> 3.499860e+01
<STATE> 4
<MEAN> 6
 1.128437e+02 1.733736e+01 1.096854e+01 4.478820e+00 4.688427e+00 1.438932e+00
<VARIANCE> 6
 2.181764e+03 2.662332e+02 1.101895e+02 9.291190e+00 1.287661e+01 1.998798e+00
<GCONST> 3.447875e+01
<TRANSP> 5
 0.000000e+00 1.000000e+00 0.000000e+00 0.000000e+00 0.000000e+00
 0.000000e+00 8.685349e-01 1.314651e-01 0.000000e+00 0.000000e+00
 0.000000e+00 0.000000e+00 6.022405e-05 9.999398e-01 0.000000e+00
 0.000000e+00 0.000000e+00 0.000000e+00 7.723839e-01 2.276162e-01
 0.000000e+00 0.000000e+00 0.000000e+00 0.000000e+00 0.000000e+00
<ENDHMM>
