~o
<STREAMINFO> 1 6
<VECSIZE> 6<NULLD><MFCC><DIAGC>
~h "bg_dark_0_3"
<BEGINHMM>
<NUMSTATES> 5
<STATE> 2
<MEAN> 6
 1.237345e+02 1.229291e+01 1.387502e+01 5.434865e+00 5.978066e+00 2.146653e+00
<VARIANCE> 6
 1.090248e+03 1.014422e+02 1.591962e+02 9.636243e+00 1.080420e+01 2.836102e+00
<GCONST> 3.339895e+01
<STATE> 3
<MEAN> 6
 1.071404e+02 2.846818e+01 5.179335e+00 5.693582e+00 2.482942e+00 9.163519e-01
<VARIANCE> 6
 1.537410e+03 8.403628e+02 1.885509e+01 1.560834e+01 5.649904e+00 5.521994e-01
<GCONST> 3.192133e+01
<STATE> 4
<MEAN> 6
 1.179791e+02 8.835882e+00 6.862863e+00 2.675423e+00 2.808536e+00 1.034111e+00
<VARIANCE> 6
 5.966778e+02 1.078792e+02 3.841653e+01 3.186727e+00 3.850298e+00 6.217524e-01
<GCONST> 2.778007e+01
<TRANSP> 5
 0.000000e+00 1.000000e+00 0.000000e+00 0.000000e+00 0.000000e+00
 0.000000e+00 7.186797e-01 2.813204e-01 0.000000e+00 0.000000e+00
 0.000000e+00 0.000000e+00 5.732499e-01 4.267501e-01 0.000000e+00
 0.000000e+00 0.000000e+00 0.000000e+00 8.361205e-01 1.638796e-01
 0.000000e+00 0.000000e+00 0.000000e+00 0.000000e+00 0.000000e+00
<ENDHMM>
