~o
<STREAMINFO> 1 6
<VECSIZE> 6<NULLD><MFCC><DIAGC>
~h "bg_dark_0_5"
<BEGINHMM>
<NUMSTATES> 5
<STATE> 2
<MEAN> 6
 1.363715e+02 1.262713e+01 1.311912e+01 4.545121e+00 5.279528e+00 1.511993e+00
<VARIANCE> 6
 1.950268e+03 1.180840e+02 1.354661e+02 5.595635e+00 9.435986e+00 1.229485e+00
<GCONST> 3.245622e+01
<STATE> 3
<MEAN> 6
 1.349547e+02 2.896907e+01 1.383078e+01 8.263411e+00 6.796021e+00 2.868134e+00
<VARIANCE> 6
 2.212400e+03 3.711722e+02 1.697388e+02 1.681748e+01 1.244009e+01 3.317448e+00
<GCONST> 3.632256e+01
<STATE> 4
<MEAN> 6
 1.182867e+02 1.161591e+01 1.300025e+01 5.249550e+00 5.658519e+00 2.113551e+00
<VARIANCE> 6
 6.333120e+02 9.006003e+01 1.514251e+02 4.644865e+00 8.321782e+00 1.693053e+00
<GCONST> 3.117997e+01
<TRANSP> 5
 0.000000e+00 1.000000e+00 0.000000e+00 0.000000e+00 0.000000e+00
 0.000000e+00 7.705147e-01 2.294853e-01 0.000000e+00 0.000000e+00
 0.000000e+00 0.000000e+00 7.125642e-01 2.874359e-01 0.000000e+00
 0.000000e+00 0.000000e+00 0.000000e+00 7.598107e-01 2.401892e-01
 0.000000e+00 0.000000e+00 0.000000e+00 0.000000e+00 0.000000e+00
<ENDHMM>
