~o
<STREAMINFO> 1 6
<VECSIZE> 6<NULLD><MFCC><DIAGC>
~h "bg_dark_0"
<BEGINHMM>
<NUMSTATES> 5
<STATE> 2
<MEAN> 6
 1.927974e+02 8.634010e+00 1.056974e+01 3.292026e+00 3.486992e+00 1.342808e+00
<VARIANCE> 6
 3.934555e+03 1.062966e+02 9.806478e+01 4.484133e+00 3.782782e+00 1.022640e+00
<GCONST> 3.141007e+01
<STATE> 3
<MEAN> 6
 9.565561e+01 1.938530e+01 4.643831e+00 3.414374e+00 2.020690e+00 5.823513e-01
<VARIANCE> 6
 9.543030e+02 6.551163e+02 1.940111e+01 1.086505e+01 3.022747e+00 2.068162e-01
<GCONST> 2.925418e+01
<STATE> 4
<MEAN> 6
 1.278519e+02 1.150665e+01 1.240971e+01 4.324567e+00 5.076815e+00 1.796617e+00
<VARIANCE> 6
 1.180125e+03 1.143683e+02 1.400725e+02 8.922045e+00 1.012590e+01 2.051615e+00
<GCONST> 3.300447e+01
<TRANSP> 5
 0.000000e+00 1.000000e+00 0.000000e+00 0.000000e+00 0.000000e+00
 0.000000e+00 9.463229e-01 5.367707e-02 0.000000e+00 0.000000e+00
 0.000000e+00 0.000000e+00 9.364279e-01 6.357209e-02 0.000000e+00
 0.000000e+00 0.000000e+00 0.000000e+00 9.719416e-01 2.805845e-02
 0.000000e+00 0.000000e+00 0.000000e+00 0.000000e+00 0.000000e+00
<ENDHMM>
