~o
<STREAMINFO> 1 6
<VECSIZE> 6<NULLD><MFCC><DIAGC>
~h "bg_dark_0_4"
<BEGINHMM>
<NUMSTATES> 5
<STATE> 2
<MEAN> 6
 1.199824e+02 5.480056e+00 5.035179e+00 1.544883e+00 1.883444e+00 6.514517e-01
<VARIANCE> 6
 4.276030e+02 8.330853e+01 3.499222e+01 2.481580e+00 3.758135e+00 5.054639e-01
<GCONST> 2.661367e+01
<STATE> 3
<MEAN> 6
 1.482060e+02 1.486501e+01 2.013559e+01 5.869738e+00 6.905716e+00 2.404526e+00
<VARIANCE> 6
 1.805190e+03 1.638000e+02 2.231740e+02 8.267838e+00 1.092457e+01 2.051646e+00
<GCONST> 3.425431e+01
<STATE> 4
<MEAN> 6
 1.111091e+02 1.600552e+01 9.259049e+00 4.014349e+00 3.612777e+00 1.358940e+00
<VARIANCE> 6
 1.183588e+03 2.987425e+02 8.755933e+01 6.687270e+00 6.287777e+00 1.908044e+00
<GCONST> 3.266036e+01
<TRANSP> 5
 0.000000e+00 1.000000e+00 0.000000e+00 0.000000e+00 0.000000e+00
 0.000000e+00 8.245575e-01 1.754424e-01 0.000000e+00 0.000000e+00
 0.000000e+00 0.000000e+00 6.694427e-01 3.305573e-01 0.000000e+00
 0.000000e+00 0.000000e+00 0.000000e+00 7.660780e-01 2.339219e-01
 0.000000e+00 0.000000e+00 0.000000e+00 0.000000e+00 0.000000e+00
<ENDHMM>
