~o
<STREAMINFO> 1 6
<VECSIZE> 6<NULLD><MFCC><DIAGC>
~h "bg_dark_0_1"
<BEGINHMM>
<NUMSTATES> 5
<STATE> 2
<MEAN> 6
 1.521702e+02 9.745847e+00 8.151273e+00 3.394208e+00 3.867280e+00 1.357398e+00
<VARIANCE> 6
 1.337899e+03 8.768616e+01 4.211845e+01 3.503246e+00 5.732562e+00 6.562672e-01
<GCONST> 2.901904e+01
<STATE> 3
<MEAN> 6
 1.110601e+02 5.478677e+00 7.389014e+00 1.752194e+00 2.745938e+00 7.042392e-01
<VARIANCE> 6
 9.943752e+02 2.043980e+01 8.193630e+01 6.617513e-01 1.876095e+00 2.101137e-01
<GCONST> 2.400903e+01
<STATE> 4
<MEAN> 6
 1.180534e+02 1.555142e+01 1.373337e+01 4.050683e+00 3.839427e+00 1.622168e+00
<VARIANCE> 6
 2.926367e+03 3.412497e+02 1.790323e+02 8.092155e+00 5.577172e+00 1.809682e+00
<GCONST> 3.443169e+01
<TRANSP> 5
 0.000000e+00 1.000000e+00 0.000000e+00 0.000000e+00 0.000000e+00
 0.000000e+00 7.213430e-01 2.786570e-01 0.000000e+00 0.000000e+00
 0.000000e+00 0.000000e+00 8.205210e-01 1.794790e-01 0.000000e+00
 0.000000e+00 0.000000e+00 0.000000e+00 7.395615e-01 2.604385e-01
 0.000000e+00 0.000000e+00 0.000000e+00 0.000000e+00 0.000000e+00
<ENDHMM>
