~o
<STREAMINFO> 1 6
<VECSIZE> 6<NULLD><MFCC><DIAGC>
~h "bg_dark_0_0"
<BEGINHMM>
<NUMSTATES> 5
<STATE> 2
<MEAN> 6
 2.554963e+02 8.607277e+00 8.100035e+00 3.208859e+00 3.047745e+00 1.132350e+00
<VARIANCE> 6
 1.441067e+03 1.763490e+02 3.957200e+01 3.712878e+00 2.137570e+00 5.241220e-01
<GCONST> 2.857644e+01
<STATE> 3
<MEAN> 6
 1.772342e+02 3.819124e+01 1.373176e+01 7.466543e+00 4.221805e+00 1.617086e+00
<VARIANCE> 6
 4.569161e+03 1.179039e+03 7.879201e+01 1.096702e+01 6.600801e+00 2.231128e+00
<GCONST> 3.597821e+01
<STATE> 4
<MEAN> 6
 1.985882e+02 5.389588e+00 8.971946e+00 2.856671e+00 3.430868e+00 1.250116e+00
<VARIANCE> 6
 2.031707e+03 2.622431e+01 5.326492e+01 2.006300e+00 3.585568e+00 6.463354e-01
<GCONST> 2.742263e+01
<TRANSP> 5
 0.000000e+00 1.000000e+00 0.000000e+00 0.000000e+00 0.000000e+00
 0.000000e+00 8.174338e-01 1.825662e-01 0.000000e+00 0.000000e+00
 0.000000e+00 0.000000e+00 4.691477e-01 5.308523e-01 0.000000e+00
 0.000000e+00 0.000000e+00 0.000000e+00 7.844256e-01 2.155744e-01
 0.000000e+00 0.000000e+00 0.000000e+00 0.000000e+00 0.000000e+00
<ENDHMM>
