~o
<STREAMINFO> 1 6
<VECSIZE> 6<NULLD><MFCC><DIAGC>
~h "bg_red_0_3"
<BEGINHMM>
<NUMSTATES> 5
<STATE> 2
<MEAN> 6
 2.793334e+02 4.495382e+00 1.492268e+00 1.165071e+00 4.426753e-01 2.874037e-01
<VARIANCE> 6
 8.020802e+02 7.188826e+00 1.050134e+00 3.843400e-01 1.463245e-01 3.361115e-02
<GCONST> 1.346486e+01
<STATE> 3
<MEAN> 6
 2.363789e+02 2.170682e+01 3.632402e+00 4.978896e+00 8.850644e-01 4.311053e-01
<VARIANCE> 6
 2.378223e+03 3.175305e+02 4.386558e+00 1.619664e+01 4.196723e-01 5.935709e-02
<GCONST> 2.513283e+01
<STATE> 4
<MEAN> 6
 2.694487e+02 6.749316e+00 1.314086e+00 1.575167e+00 5.408987e-01 2.624511e-01
<VARIANCE> 6
 9.494463e+02 1.536247e+01 1.029262e+00 2.009778e+00 1.215691e-01 1.298743e-02
<GCONST> 1.489089e+01
<TRANSP> 5
 0.000000e+00 1.000000e+00 0.000000e+00 0.000000e+00 0.000000e+00
 0.000000e+00 8.096936e-01 1.903064e-01 0.000000e+00 0.000000e+00
 0.000000e+00 0.000000e+00 6.087315e-01 3.912685e-01 0.000000e+00
 0.000000e+00 0.000000e+00 0.000000e+00 7.613096e-01 2.386904e-01
 0.000000e+00 0.000000e+00 0.000000e+00 0.000000e+00 0.000000e+00
<ENDHMM>
