~o
<STREAMINFO> 1 6
<VECSIZE> 6<NULLD><MFCC><DIAGC>
~h "bg_red_0_2"
<BEGINHMM>
<NUMSTATES> 5
<STATE> 2
<MEAN> 6
 3.727884e+02 3.464742e+01 6.402301e+00 9.658399e+00 1.340110e+00 9.566714e-01
<VARIANCE> 6
 1.628835e+03 2.981709e+03 1.990335e+01 1.546238e+02 7.500585e-01 1.298644e+00
<GCONST> 3.442873e+01
<STATE> 3
<MEAN> 6
 3.288029e+02 3.237957e+00 2.292386e+00 8.695526e-01 5.734828e-01 2.530637e-01
<VARIANCE> 6
 6.648198e+02 5.967851e+00 2.804705e+00 3.954184e-01 1.553769e-01 1.602761e-02
<GCONST> 1.342131e+01
<STATE> 4
<MEAN> 6
 3.180787e+02 6.233346e+00 3.462185e+00 2.142847e+00 1.610199e+00 3.945301e-01
<VARIANCE> 6
 9.965076e+02 1.404855e+01 1.274512e+01 2.121656e+00 1.679174e+00 5.393552e-02
<GCONST> 2.146972e+01
<TRANSP> 5
 0.000000e+00 1.000000e+00 0.000000e+00 0.000000e+00 0.000000e+00
 0.000000e+00 3.076956e-01 6.923044e-01 0.000000e+00 0.000000e+00
 0.000000e+00 0.000000e+00 8.674773e-01 1.325227e-01 0.000000e+00
 0.000000e+00 0.000000e+00 0.000000e+00 7.506029e-01 2.493970e-01
 0.000000e+00 0.000000e+00 0.000000e+00 0.000000e+00 0.000000e+00
<ENDHMM>
