~o
<STREAMINFO> 1 6
<VECSIZE> 6<NULLD><MFCC><DIAGC>
~h "bg_red_0_4"
<BEGINHMM>
<NUMSTATES> 5
<STATE> 2
<MEAN> 6
 2.392723e+02 7.142685e+00 1.737177e+00 1.696715e+00 5.089347e-01 3.028378e-01
<VARIANCE> 6
 9.464534e+02 1.900308e+01 1.853177e+00 2.496665e+00 9.359349e-02 1.684764e-02
<GCONST> 1.590410e+01
<STATE> 3
<MEAN> 6
 2.359115e+02 9.581810e+00 1.464221e+00 4.412376e+00 6.877359e-01 4.382311e-01
<VARIANCE> 6
 1.531980e+03 2.878065e+01 7.823044e-01 8.400549e+00 5.025838e-02 1.368974e-02
<GCONST> 1.632238e+01
<STATE> 4
<MEAN> 6
 2.409624e+02 1.530399e+01 4.177435e+00 4.812404e+00 1.250878e+00 7.112114e-01
<VARIANCE> 6
 1.656622e+03 1.312415e+02 1.766871e+01 2.130290e+01 7.982804e-01 3.933228e-01
<GCONST> 2.808906e+01
<TRANSP> 5
 0.000000e+00 1.000000e+00 0.000000e+00 0.000000e+00 0.000000e+00
 0.000000e+00 7.799750e-01 2.200250e-01 0.000000e+00 0.000000e+00
 0.000000e+00 0.000000e+00 1.055529e-04 9.998945e-01 0.000000e+00
 0.000000e+00 0.000000e+00 0.000000e+00 8.658611e-01 1.341390e-01
 0.000000e+00 0.000000e+00 0.000000e+00 0.000000e+00 0.000000e+00
<ENDHMM>
