~o
<STREAMINFO> 1 6
<VECSIZE> 6<NULLD><MFCC><DIAGC>
~h "bg_red_0_0"
<BEGINHMM>
<NUMSTATES> 5
<STATE> 2
<MEAN> 6
 4.485919e+02 6.796906e+00 4.421703e+00 2.872882e+00 2.398528e+00 1.607932e+00
<VARIANCE> 6
 2.388188e+03 4.155400e+01 1.390162e+01 3.830774e+00 4.523217e+00 2.733259e+00
<GCONST> 2.902234e+01
<STATE> 3
<MEAN> 6
 5.363854e+02 2.725971e+01 1.699159e+01 1.011102e+01 6.189864e+00 2.172658e+00
<VARIANCE> 6
 1.810361e+04 1.019796e+03 5.123227e+02 6.228687e+01 6.590211e+01 3.039846e+00
<GCONST> 4.342918e+01
<STATE> 4
<MEAN> 6
 4.696836e+02 1.234951e+01 6.700808e+00 3.983356e+00 2.311129e+00 1.474454e+00
<VARIANCE> 6
 1.559402e+04 5.356095e+02 3.571170e+01 1.397580e+01 2.611830e+00 2.326953e+00
<GCONST> 3.498273e+01
<TRANSP> 5
 0.000000e+00 1.000000e+00 0.000000e+00 0.000000e+00 0.000000e+00
 0.000000e+00 8.222122e-01 1.777878e-01 0.000000e+00 0.000000e+00
 0.000000e+00 0.000000e+00 4.093622e-01 5.906379e-01 0.000000e+00
 0.000000e+00 0.000000e+00 0.000000e+00 7.864267e-01 2.135733e-01
 0.000000e+00 0.000000e+00 0.000000e+00 0.000000e+00 0.000000e+00
<ENDHMM>
