~o
<STREAMINFO> 1 6
<VECSIZE> 6<NULLD><MFCC><DIAGC>
~h "bg_red_0_5"
<BEGINHMM>
<NUMSTATES> 5
<STATE> 2
<MEAN> 6
 2.542564e+02 1.333860e+01 3.233421e+00 3.504079e+00 8.285521e-01 5.190721e-01
<VARIANCE> 6
 9.489204e+02 7.504215e+01 6.562674e+00 9.363481e+00 2.157542e-01 1.924960e-01
<GCONST> 2.313756e+01
<STATE> 3
<MEAN> 6
 2.502222e+02 2.188807e+01 6.601452e+00 8.068838e+00 1.309656e+00 1.241192e+00
<VARIANCE> 6
 1.548481e+03 2.312122e+02 9.147004e+00 1.489412e+01 3.406688e-01 4.497376e-01
<GCONST> 2.685408e+01
<STATE> 4
<MEAN> 6
 2.908816e+02 1.051451e+01 5.688159e+00 4.066010e+00 2.038629e+00 1.213954e+00
<VARIANCE> 6
 8.911610e+02 1.008527e+02 3.502979e+01 9.699881e+00 3.109287e+00 1.181238e+00
<GCONST> 2.956272e+01
<TRANSP> 5
 0.000000e+00 1.000000e+00 0.000000e+00 0.000000e+00 0.000000e+00
 0.000000e+00 7.067761e-01 2.932239e-01 0.000000e+00 0.000000e+00
 0.000000e+00 0.000000e+00 6.295508e-01 3.704492e-01 0.000000e+00
 0.000000e+00 0.000000e+00 0.000000e+00 8.302268e-01 1.697732e-01
 0.000000e+00 0.000000e+00 0.000000e+00 0.000000e+00 0.000000e+00
<ENDHMM>
