~o
<STREAMINFO> 1 6
<VECSIZE> 6<NULLD><MFCC><DIAGC>
~h "bg_red_0_1"
<BEGINHMM>
<NUMSTATES> 5
<STATE> 2
<MEAN> 6
 5.231729e+02 1.276819e+01 5.926611e+00 4.388378e+00 2.209315e+00 1.932003e+00
<VARIANCE> 6
 1.512787e+04 9.464151e+02 3.632201e+01 2.597374e+01 3.740401e+00 4.425480e+00
<GCONST> 3.716032e+01
<STATE> 3
<MEAN> 6
 4.771712e+02 6.388734e+01 6.883493e+00 1.489834e+01 2.611544e+00 3.233515e+00
<VARIANCE> 6
 4.443856e+03 4.231017e+03 2.034683e+01 1.021521e+02 4.382626e+00 5.180482e+00
<GCONST> 3.853867e+01
<STATE> 4
<MEAN> 6
 3.848325e+02 5.905100e+00 2.666596e+00 1.730514e+00 1.242258e+00 5.930894e-01
<VARIANCE> 6
 5.624647e+02 3.499570e+02 5.218053e+00 1.131478e+01 1.425983e+00 5.104488e-01
<GCONST> 2.697803e+01
<TRANSP> 5
 0.000000e+00 1.000000e+00 0.000000e+00 0.000000e+00 0.000000e+00
 0.000000e+00 5.565394e-01 4.434606e-01 0.000000e+00 0.000000e+00
 0.000000e+00 0.000000e+00 5.149924e-01 4.850076e-01 0.000000e+00
 0.000000e+00 0.000000e+00 0.000000e+00 8.848349e-01 1.151651e-01
 0.000000e+00 0.000000e+00 0.000000e+00 0.000000e+00 0.000000e+00
<ENDHMM>
