~o
<STREAMINFO> 1 6
<VECSIZE> 6<NULLD><MFCC><DIAGC>
~h "bg_red_0"
<BEGINHMM>
<NUMSTATES> 5
<STATE> 2
<MEAN> 6
 4.731268e+02 8.477143e+00 7.211440e+00 3.266194e+00 3.088969e+00 1.599424e+00
<VARIANCE> 6
 1.159756e+04 7.405351e+01 1.168335e+02 5.099969e+00 1.447353e+01 2.218863e+00
<GCONST> 3.454990e+01
<STATE> 3
<MEAN> 6
 4.945793e+02 6.566882e+01 7.964566e+00 1.676063e+01 2.267036e+00 3.083600e+00
<VARIANCE> 6
 8.603097e+03 3.734574e+03 1.836823e+01 9.955711e+01 3.623616e+00 5.599559e+00
<GCONST> 3.883404e+01
<STATE> 4
<MEAN> 6
 2.942447e+02 8.801329e+00 3.173776e+00 2.774564e+00 1.038583e+00 5.495279e-01
<VARIANCE> 6
 3.667131e+03 9.720134e+01 1.169141e+01 1.012765e+01 1.126287e+00 3.592674e-01
<GCONST> 2.768057e+01
<TRANSP> 5
 0.000000e+00 1.000000e+00 0.000000e+00 0.000000e+00 0.000000e+00
 0.000000e+00 9.134889e-01 8.651116e-02 0.000000e+00 0.000000e+00
 0.000000e+00 0.000000e+00 7.159314e-01 2.840686e-01 0.000000e+00
 0.000000e+00 0.000000e+00 0.000000e+00 9.817919e-01 1.820813e-02
 0.000000e+00 0.000000e+00 0.000000e+00 0.000000e+00 0.000000e+00
<ENDHMM>
