~o
<STREAMINFO> 1 6
<VECSIZE> 6<NULLD><MFCC><DIAGC>
~h "bg_white_0_5"
<BEGINHMM>
<NUMSTATES> 5
<STATE> 2
<MEAN> 6
 7.539150e+02 3.472302e+00 3.621601e+00 1.296769e+00 1.878556e+00 7.274853e-01
<VARIANCE> 6
 1.152336e+03 1.269571e+02 3.593963e+01 9.648307e+00 1.232242e+01 4.810726e+00
<GCONST> 3.285155e+01
<STATE> 3
<MEAN> 6
 5.996197e+02 3.004575e+01 7.093559e+01 8.562812e+00 1.971785e+01 3.574359e+00
<VARIANCE> 6
 2.311721e+04 1.568424e+03 4.895893e+03 9.092227e+01 1.740916e+02 2.319296e+01
<GCONST> 4.974301e+01
<STATE> 4
<MEAN> 6
 5.575137e+02 6.658549e+00 1.273697e+01 2.847138e+00 4.545985e+00 8.112708e-01
<VARIANCE> 6
 5.497524e+04 2.486306e+02 9.508733e+02 2.079675e+01 5.609375e+01 1.790906e+00
<GCONST> 4.195979e+01
<TRANSP> 5
 0.000000e+00 1.000000e+00 0.000000e+00 0.000000e+00 0.000000e+00
 0.000000e+00 8.740318e-01 1.259681e-01 0.000000e+00 0.000000e+00
 0.000000e+00 0.000000e+00 2.824453e-01 7.175547e-01 0.000000e+00
 0.000000e+00 0.000000e+00 0.000000e+00 6.251678e-01 3.748322e-01
 0.000000e+00 0.000000e+00 0.000000e+00 0.000000e+00 0.000000e+00
<ENDHMM>
