~o
<STREAMINFO> 1 6
<VECSIZE> 6<NULLD><MFCC><DIAGC>
~h "bg_white_0_2"
<BEGINHMM>
<NUMSTATES> 5
<STATE> 2
<MEAN> 6
 7.494500e+02 9.280149e+00 4.526187e+00 4.054917e+00 3.766112e+00 2.880992e+00
<VARIANCE> 6
 1.392368e+03 2.717839e+02 5.556040e+01 2.756845e+01 2.621032e+01 1.635715e+01
<GCONST> 3.726600e+01
<STATE> 3
<MEAN> 6
 6.735426e+02 5.755976e+01 1.915001e+01 1.936148e+01 1.413343e+01 9.886623e+00
<VARIANCE> 6
 4.298764e+03 2.447493e+03 3.884217e+02 1.260317e+02 1.013495e+02 4.233976e+01
<GCONST> 4.635909e+01
<STATE> 4
<MEAN> 6
 6.826943e+02 2.866762e+01 7.560683e+00 9.511447e+00 7.347460e+00 5.013788e+00
<VARIANCE> 6
 2.645039e+04 1.579266e+03 9.709185e+01 8.415878e+01 8.376428e+01 2.936724e+01
<GCONST> 4.539125e+01
<TRANSP> 5
 0.000000e+00 1.000000e+00 0.000000e+00 0.000000e+00 0.000000e+00
 0.000000e+00 8.626921e-01 1.373079e-01 0.000000e+00 0.000000e+00
 0.000000e+00 0.000000e+00 7.623100e-01 2.376899e-01 0.000000e+00
 0.000000e+00 0.000000e+00 0.000000e+00 3.377203e-01 6.622797e-01
 0.000000e+00 0.000000e+00 0.000000e+00 0.000000e+00 0.000000e+00
<ENDHMM>
