~o
<STREAMINFO> 1 6
<VECSIZE> 6<NULLD><MFCC><DIAGC>
~h "bg_white_0_3"
<BEGINHMM>
<NUMSTATES> 5
<STATE> 2
<MEAN> 6
 7.331813e+02 2.410237e+01 8.925237e+00 8.466088e+00 8.491958e+00 5.640831e+00
<VARIANCE> 6
 2.952965e+03 1.128611e+03 1.169869e+02 6.436369e+01 7.738908e+01 2.749436e+01
<GCONST> 4.263601e+01
<STATE> 3
<MEAN> 6
 6.780268e+02 5.488698e+01 1.903435e+01 1.848390e+01 1.395395e+01 9.765486e+00
<VARIANCE> 6
 6.024941e+03 2.225420e+03 3.032204e+02 1.211204e+02 8.867379e+01 3.721031e+01
<GCONST> 4.605142e+01
<STATE> 4
<MEAN> 6
 7.433799e+02 7.710300e+00 3.497115e+00 3.487129e+00 2.457399e+00 2.100090e+00
<VARIANCE> 6
 7.909302e+03 2.750165e+02 3.904443e+01 2.849749e+01 1.221934e+01 7.989361e+00
<GCONST> 3.721553e+01
<TRANSP> 5
 0.000000e+00 1.000000e+00 0.000000e+00 0.000000e+00 0.000000e+00
 0.000000e+00 6.212258e-01 3.787743e-01 0.000000e+00 0.000000e+00
 0.000000e+00 0.000000e+00 7.389530e-01 2.610470e-01 0.000000e+00
 0.000000e+00 0.000000e+00 0.000000e+00 8.191413e-01 1.808587e-01
 0.000000e+00 0.000000e+00 0.000000e+00 0.000000e+00 0.000000e+00
<ENDHMM>
