~o
<STREAMINFO> 1 6
<VECSIZE> 6<NULLD><MFCC><DIAGC>
~h "bg_white_0_0"
<BEGINHMM>
<NUMSTATES> 5
<STATE> 2
<MEAN> 6
 7.243911e+02 2.750130e+00 8.961356e+00 9.203751e-01 2.383533e+00 3.251146e-01
<VARIANCE> 6
 1.146429e+04 5.594613e+01 8.489880e+02 3.647356e+00 3.813034e+01 1.154990e-01
<GCONST> 3.391921e+01
<STATE> 3
<MEAN> 6
 7.075652e+02 3.339465e+01 1.333692e+01 1.044253e+01 8.221186e+00 5.389235e+00
<VARIANCE> 6
 6.730792e+03 1.961785e+03 5.349404e+02 1.349530e+02 1.036552e+02 3.937449e+01
<GCONST> 4.692459e+01
<STATE> 4
<MEAN> 6
 7.292388e+02 1.965866e+01 5.506932e+00 7.103791e+00 4.856537e+00 3.787363e+00
<VARIANCE> 6
 2.971345e+03 1.019974e+03 6.208158e+01 7.413694e+01 4.031313e+01 2.440339e+01
<GCONST> 4.127732e+01
<TRANSP> 5
 0.000000e+00 1.000000e+00 0.000000e+00 0.000000e+00 0.000000e+00
 0.000000e+00 8.658879e-01 1.341121e-01 0.000000e+00 0.000000e+00
 0.000000e+00 0.000000e+00 4.865786e-01 5.134215e-01 0.000000e+00
 0.000000e+00 0.000000e+00 0.000000e+00 6.147674e-01 3.852326e-01
 0.000000e+00 0.000000e+00 0.000000e+00 0.000000e+00 0.000000e+00
<ENDHMM>
