~o
<STREAMINFO> 1 6
<VECSIZE> 6<NULLD><MFCC><DIAGC>
~h "bg_white_0_1"
<BEGINHMM>
<NUMSTATES> 5
<STATE> 2
<MEAN> 6
 7.509876e+02 8.354925e+00 3.160650e+00 3.386405e+00 2.535592e+00 2.088068e+00
<VARIANCE> 6
 1.629312e+03 3.869292e+02 2.840378e+01 3.105643e+01 1.908923e+01 1.067848e+01
<GCONST> 3.648110e+01
<STATE> 3
<MEAN> 6
 6.811822e+02 5.695085e+01 1.724002e+01 1.789559e+01 1.387186e+01 1.070616e+01
<VARIANCE> 6
 3.765952e+03 2.035801e+03 2.772388e+02 9.782176e+01 8.562482e+01 4.307383e+01
<GCONST> 4.530058e+01
<STATE> 4
<MEAN> 6
 7.050886e+02 1.686861e+01 7.713414e+00 7.620233e+00 5.794837e+00 4.950781e+00
<VARIANCE> 6
 2.021356e+04 7.426501e+02 1.062718e+02 6.635148e+01 4.318974e+01 3.339505e+01
<GCONST> 4.368657e+01
<TRANSP> 5
 0.000000e+00 1.000000e+00 0.000000e+00 0.000000e+00 0.000000e+00
 0.000000e+00 8.433500e-01 1.566501e-01 0.000000e+00 0.000000e+00
 0.000000e+00 0.000000e+00 7.752943e-01 2.247057e-01 0.000000e+00
 0.000000e+00 0.000000e+00 0.000000e+00 5.383365e-01 4.616635e-01
 0.000000e+00 0.000000e+00 0.000000e+00 0.000000e+00 0.000000e+00
<ENDHMM>
