~o
<STREAMINFO> 1 6
<VECSIZE> 6<NULLD><MFCC><DIAGC>
~h "bg_white_0"
<BEGINHMM>
<NUMSTATES> 5
<STATE> 2
<MEAN> 6
 7.471016e+02 3.393232e+00 4.654444e+00 1.556805e+00 1.908025e+00 1.001481e+00
<VARIANCE> 6
 3.377398e+03 3.602984e+01 3.130409e+02 5.166277e+00 1.701698e+01 2.792958e+00
<GCONST> 3.398627e+01
<STATE> 3
<MEAN> 6
 6.984835e+02 4.499153e+01 1.515940e+01 1.524954e+01 1.151387e+01 8.284070e+00
<VARIANCE> 6
 4.029129e+03 2.026889e+03 3.026213e+02 1.189967e+02 9.124233e+01 4.197506e+01
<GCONST> 4.568500e+01
<STATE> 4
<MEAN> 6
 7.085928e+02 4.266564e+00 8.347740e+00 1.986250e+00 3.146028e+00 1.131972e+00
<VARIANCE> 6
 2.306647e+04 7.090499e+01 7.239937e+02 8.226699e+00 3.895591e+01 2.832597e+00
<GCONST> 3.873053e+01
<TRANSP> 5
 0.000000e+00 1.000000e+00 0.000000e+00 0.000000e+00 0.000000e+00
 0.000000e+00 9.556688e-01 4.433122e-02 0.000000e+00 0.000000e+00
 0.000000e+00 0.000000e+00 9.617622e-01 3.823777e-02 0.000000e+00
 0.000000e+00 0.000000e+00 0.000000e+00 9.530304e-01 4.696958e-02
 0.000000e+00 0.000000e+00 0.000000e+00 0.000000e+00 0.000000e+00
<ENDHMM>
