~o
<STREAMINFO> 1 6
<VECSIZE> 6<NULLD><MFCC><DIAGC>
~h "bg_white_0_4"
<BEGINHMM>
<NUMSTATES> 5
<STATE> 2
<MEAN> 6
 7.569753e+02 5.675572e+00 2.576246e+00 2.703289e+00 1.868827e+00 1.550434e+00
<VARIANCE> 6
 1.131475e+03 2.041269e+02 2.700043e+01 2.203014e+01 9.691658e+00 6.319231e+00
<GCONST> 3.388041e+01
<STATE> 3
<MEAN> 6
 6.907261e+02 4.834620e+01 1.788330e+01 1.659005e+01 1.195491e+01 8.472348e+00
<VARIANCE> 6
 5.511345e+03 2.065282e+03 4.061559e+02 1.353909e+02 9.732229e+01 4.573342e+01
<GCONST> 4.659061e+01
<STATE> 4
<MEAN> 6
 7.150734e+02 9.355000e+00 5.089257e+00 3.856675e+00 3.579032e+00 2.095925e+00
<VARIANCE> 6
 2.345426e+04 4.631622e+02 9.348756e+01 3.525106e+01 4.155126e+01 1.803005e+01
<GCONST> 4.194744e+01
<TRANSP> 5
 0.000000e+00 1.000000e+00 0.000000e+00 0.000000e+00 0.000000e+00
 0.000000e+00 8.683360e-01 1.316640e-01 0.000000e+00 0.000000e+00
 0.000000e+00 0.000000e+00 7.141419e-01 2.858581e-01 0.000000e+00
 0.000000e+00 0.000000e+00 0.000000e+00 4.755248e-01 5.244753e-01
 0.000000e+00 0.000000e+00 0.000000e+00 0.000000e+00 0.000000e+00
<ENDHMM>
