~o
<STREAMINFO> 1 6
<VECSIZE> 6<NULLD><MFCC><DIAGC>
~h "fp_key_5"
<BEGINHMM>
<NUMSTATES> 5
<STATE> 2
<MEAN> 6
 3.319130e+02 2.132174e+01 2.963712e+01 5.980142e+00 7.787668e+00 2.849321e+00
<VARIANCE> 6
 2.007191e+04 1.284912e+03 2.552531e+03 4.061876e+01 1.078168e+02 1.489326e+01
<GCONST> 4.702320e+01
<STATE> 3
<MEAN> 6
 2.648817e+02 1.929021e+01 7.853158e+00 3.692338e+00 2.920381e+00 1.205779e+00
<VARIANCE> 6
 4.067254e+03 5.722460e+02 1.011430e+02 7.718221e+00 4.877239e+00 1.100351e+00
<GCONST> 3.402789e+01
<STATE> 4
<MEAN> 6
 3.124767e+02 3.966724e+00 7.240315e+00 1.059623e+00 1.630849e+00 4.050340e-01
<VARIANCE> 6
 6.721713e+03 4.499301e+01 1.603795e+02 1.117145e+00 5.987211e+00 1.105146e-01
<GCONST> 2.842220e+01
<TRANSP> 5
 0.000000e+00 1.000000e+00 0.000000e+00 0.000000e+00 0.000000e+00
 0.000000e+00 6.546327e-02 9.345368e-01 0.000000e+00 0.000000e+00
 0.000000e+00 0.000000e+00 5.504412e-01 4.495588e-01 0.000000e+00
 0.000000e+00 0.000000e+00 0.000000e+00 8.851307e-01 1.148693e-01
 0.000000e+00 0.000000e+00 0.000000e+00 0.000000e+00 0.000000e+00
<ENDHMM>
