~o
<STREAMINFO> 1 6
<VECSIZE> 6<NULLD><MFCC><DIAGC>
~h "fp_key_4"
<BEGINHMM>
<NUMSTATES> 5
<STATE> 2
<MEAN> 6
 3.921508e+02 6.573984e+01 7.744020e+00 1.260023e+01 2.773215e+00 1.587253e+00
<VARIANCE> 6
 4.053024e+04 3.063822e+03 8.400397e+01 9.597832e+01 8.743825e+00 2.330180e+00
<GCONST> 4.167376e+01
<STATE> 3
<MEAN> 6
 4.195004e+02 8.395604e+01 5.196174e+01 2.083191e+01 1.539185e+01 7.153374e+00
<VARIANCE> 6
 2.295466e+04 3.442665e+03 2.581557e+03 1.621931e+02 1.799279e+02 4.062550e+01
<GCONST> 5.105442e+01
<STATE> 4
<MEAN> 6
 2.347479e+02 1.190315e+01 8.599331e+00 3.439389e+00 2.865215e+00 1.406380e+00
<VARIANCE> 6
 9.897765e+03 3.752837e+02 3.967133e+02 1.193391e+01 2.255576e+01 3.882380e+00
<GCONST> 3.909005e+01
<TRANSP> 5
 0.000000e+00 1.000000e+00 0.000000e+00 0.000000e+00 0.000000e+00
 0.000000e+00 7.706675e-01 2.293325e-01 0.000000e+00 0.000000e+00
 0.000000e+00 0.000000e+00 6.675336e-01 3.324664e-01 0.000000e+00
 0.000000e+00 0.000000e+00 0.000000e+00 8.224336e-01 1.775664e-01
 0.000000e+00 0.000000e+00 0.000000e+00 0.000000e+00 0.000000e+00
<ENDHMM>
