~o
<STREAMINFO> 1 6
<VECSIZE> 6<NULLD><MFCC><DIAGC>
~h "fp_key_3"
<BEGINHMM>
<NUMSTATES> 5
<STATE> 2
<MEAN> 6
 3.894760e+02 8.729201e+01 1.239254e+01 2.072158e+01 4.932338e+00 3.182037e+00
<VARIANCE> 6
 3.311425e+04 3.927471e+03 5.102901e+02 2.214958e+02 3.931068e+01 2.340613e+01
<GCONST> 4.817061e+01
<STATE> 3
<MEAN> 6
 2.978202e+02 6.423345e+01 7.346606e+01 1.567988e+01 2.377290e+01 7.132427e+00
<VARIANCE> 6
 2.488993e+04 3.367273e+03 5.618610e+03 1.337177e+02 3.423774e+02 3.204213e+01
<GCONST> 5.210387e+01
<STATE> 4
<MEAN> 6
 1.545230e+02 1.677938e+01 4.843639e+00 4.158433e+00 2.153905e+00 1.063614e+00
<VARIANCE> 6
 8.890916e+03 9.322408e+02 4.629179e+01 4.421394e+01 6.923262e+00 1.734252e+00
<GCONST> 3.706711e+01
<TRANSP> 5
 0.000000e+00 1.000000e+00 0.000000e+00 0.000000e+00 0.000000e+00
 0.000000e+00 7.135856e-01 2.864144e-01 0.000000e+00 0.000000e+00
 0.000000e+00 0.000000e+00 5.696001e-01 4.303999e-01 0.000000e+00
 0.000000e+00 0.000000e+00 0.000000e+00 8.383220e-01 1.616780e-01
 0.000000e+00 0.000000e+00 0.000000e+00 0.000000e+00 0.000000e+00
<ENDHMM>
