~o
<STREAMINFO> 1 6
<VECSIZE> 6<NULLD><MFCC><DIAGC>
~h "fp_key"
<BEGINHMM>
<NUMSTATES> 5
<STATE> 2
<MEAN> 6
 1.521754e+02 3.865668e+00 3.327720e+00 1.167771e+00 1.074195e+00 3.931248e-01
<VARIANCE> 6
 4.284484e+03 1.398510e+01 8.284050e+00 6.603000e-01 6.540298e-01 1.239379e-01
<GCONST> 2.121470e+01
<STATE> 3
<MEAN> 6
 3.347579e+02 6.815128e+01 2.722013e+01 1.603853e+01 9.102573e+00 3.707401e+00
<VARIANCE> 6
 3.872557e+04 3.908248e+03 2.178875e+03 1.778764e+02 1.619818e+02 2.253988e+01
<GCONST> 5.093279e+01
<STATE> 4
<MEAN> 6
 2.212211e+02 1.133538e+01 6.038880e+00 2.330580e+00 1.801852e+00 6.802568e-01
<VARIANCE> 6
 1.120203e+04 2.703943e+02 8.039747e+01 4.855610e+00 3.749036e+00 7.090458e-01
<GCONST> 3.289577e+01
<TRANSP> 5
 0.000000e+00 1.000000e+00 0.000000e+00 0.000000e+00 0.000000e+00
 0.000000e+00 9.174180e-01 8.258201e-02 0.000000e+00 0.000000e+00
 0.000000e+00 0.000000e+00 9.695789e-01 3.042119e-02 0.000000e+00
 0.000000e+00 0.000000e+00 0.000000e+00 9.600304e-01 3.996965e-02
 0.000000e+00 0.000000e+00 0.000000e+00 0.000000e+00 0.000000e+00
<ENDHMM>
