~o
<STREAMINFO> 1 6
<VECSIZE> 6<NULLD><MFCC><DIAGC>
~h "fp_key_2"
<BEGINHMM>
<NUMSTATES> 5
<STATE> 2
<MEAN> 6
 2.554839e+02 4.993855e+01 9.802584e+00 1.356616e+01 5.358307e+00 2.345271e+00
<VARIANCE> 6
 3.538957e+04 2.537272e+03 3.194761e+02 1.610300e+02 9.658476e+01 1.244925e+01
<GCONST> 4.728063e+01
<STATE> 3
<MEAN> 6
 3.178104e+02 8.722434e+01 5.221562e+01 1.866610e+01 1.614234e+01 5.191886e+00
<VARIANCE> 6
 2.665686e+04 4.381721e+03 4.157467e+03 2.200173e+02 2.633175e+02 3.013305e+01
<GCONST> 5.230861e+01
<STATE> 4
<MEAN> 6
 1.350798e+02 1.760870e+01 7.000513e+00 5.309219e+00 2.551767e+00 1.493070e+00
<VARIANCE> 6
 1.445506e+04 1.265470e+03 2.890902e+02 1.127838e+02 2.487680e+01 1.395975e+01
<GCONST> 4.399158e+01
<TRANSP> 5
 0.000000e+00 1.000000e+00 0.000000e+00 0.000000e+00 0.000000e+00
 0.000000e+00 7.546315e-01 2.453685e-01 0.000000e+00 0.000000e+00
 0.000000e+00 0.000000e+00 6.434126e-01 3.565874e-01 0.000000e+00
 0.000000e+00 0.000000e+00 0.000000e+00 8.366049e-01 1.633951e-01
 0.000000e+00 0.000000e+00 0.000000e+00 0.000000e+00 0.000000e+00
<ENDHMM>
