~o
<STREAMINFO> 1 6
<VECSIZE> 6<NULLD><MFCC><DIAGC>
~h "fp_key_1"
<BEGINHMM>
<NUMSTATES> 5
<STATE> 2
<MEAN> 6
 1.413112e+02 1.502176e+01 5.282025e+00 3.179333e+00 1.805790e+00 8.221739e-01
<VARIANCE> 6
 9.528294e+03 1.111056e+03 1.101726e+02 3.475728e+01 1.232484e+01 2.736439e+00
<GCONST> 3.897106e+01
<STATE> 3
<MEAN> 6
 3.268137e+02 7.420813e+01 5.126428e+01 2.061608e+01 1.514400e+01 5.638823e+00
<VARIANCE> 6
 3.508207e+04 4.051162e+03 4.256307e+03 2.743944e+02 2.554031e+02 4.143559e+01
<GCONST> 5.303717e+01
<STATE> 4
<MEAN> 6
 3.793537e+02 6.814117e+01 1.096032e+01 1.794405e+01 5.342558e+00 2.416645e+00
<VARIANCE> 6
 4.556696e+04 3.159074e+03 3.057611e+02 1.765477e+02 9.339534e+01 9.528216e+00
<GCONST> 4.749973e+01
<TRANSP> 5
 0.000000e+00 1.000000e+00 0.000000e+00 0.000000e+00 0.000000e+00
 0.000000e+00 8.695115e-01 1.304885e-01 0.000000e+00 0.000000e+00
 0.000000e+00 0.000000e+00 6.300917e-01 3.699083e-01 0.000000e+00
 0.000000e+00 0.000000e+00 0.000000e+00 6.202216e-01 3.797784e-01
 0.000000e+00 0.000000e+00 0.000000e+00 0.000000e+00 0.000000e+00
<ENDHMM>
