~o
<STREAMINFO> 1 6
<VECSIZE> 6<NULLD><MFCC><DIAGC>
~h "fp_key_0"
<BEGINHMM>
<NUMSTATES> 5
<STATE> 2
<MEAN> 6
 1.862455e+02 4.227047e+00 3.731287e+00 1.266183e+00 1.268384e+00 4.577383e-01
<VARIANCE> 6
 2.541584e+03 1.817426e+01 1.094412e+01 9.836585e-01 8.531476e-01 1.647307e-01
<GCONST> 2.218187e+01
<STATE> 3
<MEAN> 6
 2.424879e+02 4.782326e+01 3.225610e+01 1.196728e+01 1.199342e+01 3.718438e+00
<VARIANCE> 6
 1.458513e+04 2.757614e+03 1.677505e+03 1.019798e+02 1.462368e+02 1.351422e+01
<GCONST> 4.817595e+01
<STATE> 4
<MEAN> 6
 3.679914e+02 8.212846e+01 7.630510e+00 1.444452e+01 2.366614e+00 1.339976e+00
<VARIANCE> 6
 5.003048e+04 5.152680e+03 1.586035e+02 1.719479e+02 8.182611e+00 4.071874e+00
<GCONST> 4.411464e+01
<TRANSP> 5
 0.000000e+00 1.000000e+00 0.000000e+00 0.000000e+00 0.000000e+00
 0.000000e+00 8.141019e-01 1.858982e-01 0.000000e+00 0.000000e+00
 0.000000e+00 0.000000e+00 5.956410e-01 4.043590e-01 0.000000e+00
 0.000000e+00 0.000000e+00 0.000000e+00 7.589003e-01 2.410997e-01
 0.000000e+00 0.000000e+00 0.000000e+00 0.000000e+00 0.000000e+00
<ENDHMM>
