~o
<STREAMINFO> 1 6
<VECSIZE> 6<NULLD><MFCC><DIAGC>
~h "fp_logo"
<BEGINHMM>
<NUMSTATES> 5
<STATE> 2
<MEAN> 6
 1.026992e+02 3.095443e+00 2.688426e+00 9.129887e-01 9.453158e-01 3.385379e-01
<VARIANCE> 6
 4.995067e+02 9.219862e+00 7.483082e+00 4.993892e-01 1.052875e+00 4.868652e-02
<GCONST> 1.780969e+01
<STATE> 3
<MEAN> 6
 2.016019e+02 4.244770e+01 2.911896e+01 1.387097e+01 9.173178e+00 3.953915e+00
<VARIANCE> 6
 1.363609e+04 2.185363e+03 3.211266e+03 1.200091e+02 1.850847e+02 2.326820e+01
<GCONST> 4.946716e+01
<STATE> 4
<MEAN> 6
 2.120168e+02 3.925853e+00 3.705159e+00 1.541133e+00 1.549096e+00 5.614257e-01
<VARIANCE> 6
 4.309123e+03 9.298470e+00 1.061149e+01 9.563594e-01 1.151744e+00 2.432928e-01
<GCONST> 2.267070e+01
<TRANSP> 5
 0.000000e+00 1.000000e+00 0.000000e+00 0.000000e+00 0.000000e+00
 0.000000e+00 9.501436e-01 4.985645e-02 0.000000e+00 0.000000e+00
 0.000000e+00 0.000000e+00 9.421247e-01 5.787535e-02 0.000000e+00
 0.000000e+00 0.000000e+00 0.000000e+00 9.693851e-01 3.061483e-02
 0.000000e+00 0.000000e+00 0.000000e+00 0.000000e+00 0.000000e+00
<ENDHMM>
