~o
<STREAMINFO> 1 6
<VECSIZE> 6<NULLD><MFCC><DIAGC>
~h "fp_logo_5"
<BEGINHMM>
<NUMSTATES> 5
<STATE> 2
<MEAN> 6
 2.478068e+02 5.030850e+00 4.456394e+00 2.317195e+00 1.568025e+00 9.448516e-01
<VARIANCE> 6
 8.531177e+02 3.535425e+01 2.434728e+01 3.401958e+00 1.363474e+00 1.916228e+00
<GCONST> 2.671875e+01
<STATE> 3
<MEAN> 6
 2.542130e+02 7.900258e+00 5.282695e+00 3.162884e+00 2.864856e+00 2.357005e+00
<VARIANCE> 6
 9.325453e+02 6.340796e+01 2.180722e+01 2.837590e+00 4.577268e+00 9.581653e+00
<GCONST> 2.992092e+01
<STATE> 4
<MEAN> 6
 2.871183e+02 3.084260e+00 3.558021e+00 1.456687e+00 1.717573e+00 5.340230e-01
<VARIANCE> 6
 3.258126e+02 6.530740e+00 8.950856e+00 5.462028e-01 1.030174e+00 2.864216e-01
<GCONST> 1.905653e+01
<TRANSP> 5
 0.000000e+00 1.000000e+00 0.000000e+00 0.000000e+00 0.000000e+00
 0.000000e+00 5.139896e-01 4.860104e-01 0.000000e+00 0.000000e+00
 0.000000e+00 0.000000e+00 2.263587e-01 7.736413e-01 0.000000e+00
 0.000000e+00 0.000000e+00 0.000000e+00 8.843910e-01 1.156090e-01
 0.000000e+00 0.000000e+00 0.000000e+00 0.000000e+00 0.000000e+00
<ENDHMM>
