~o
<STREAMINFO> 1 6
<VECSIZE> 6<NULLD><MFCC><DIAGC>
~h "fp_logo_1"
<BEGINHMM>
<NUMSTATES> 5
<STATE> 2
<MEAN> 6
 1.075170e+02 4.210747e+00 3.120172e+00 1.444178e+00 1.234650e+00 5.276987e-01
<VARIANCE> 6
 8.289114e+02 5.020492e+01 9.082370e+00 3.356402e+00 1.365485e+00 2.921805e-01
<GCONST> 2.416182e+01
<STATE> 3
<MEAN> 6
 2.751667e+02 5.348690e+01 5.764201e+01 1.486116e+01 1.709510e+01 7.344570e+00
<VARIANCE> 6
 2.899971e+04 3.353250e+03 5.682580e+03 1.659843e+02 2.724259e+02 4.120394e+01
<GCONST> 5.250294e+01
<STATE> 4
<MEAN> 6
 1.472356e+02 2.541781e+01 1.260296e+01 9.922557e+00 5.181918e+00 2.944571e+00
<VARIANCE> 6
 4.051310e+03 7.586793e+02 7.982162e+02 5.640550e+01 6.220399e+01 1.547816e+01
<GCONST> 4.355043e+01
<TRANSP> 5
 0.000000e+00 1.000000e+00 0.000000e+00 0.000000e+00 0.000000e+00
 0.000000e+00 8.745822e-01 1.254178e-01 0.000000e+00 0.000000e+00
 0.000000e+00 0.000000e+00 4.006380e-01 5.993620e-01 0.000000e+00
 0.000000e+00 0.000000e+00 0.000000e+00 7.022219e-01 2.977781e-01
 0.000000e+00 0.000000e+00 0.000000e+00 0.000000e+00 0.000000e+00
<ENDHMM>
