~o
<STREAMINFO> 1 6
<VECSIZE> 6<NULLD><MFCC><DIAGC>
~h "fp_logo_2"
<BEGINHMM>
<NUMSTATES> 5
<STATE> 2
<MEAN> 6
 1.557890e+02 2.377445e+01 2.621325e+01 7.731955e+00 7.988786e+00 3.739194e+00
<VARIANCE> 6
 9.645222e+03 1.440625e+03 2.075221e+03 9.042044e+01 1.610477e+02 3.371276e+01
<GCONST> 4.821618e+01
<STATE> 3
<MEAN> 6
 2.909378e+02 6.120966e+01 8.508709e+01 1.671169e+01 2.387399e+01 7.400048e+00
<VARIANCE> 6
 2.640264e+04 3.532669e+03 7.075222e+03 1.829275e+02 3.208149e+02 3.279327e+01
<GCONST> 5.271283e+01
<STATE> 4
<MEAN> 6
 1.226563e+02 1.394935e+01 3.680413e+00 5.553929e+00 1.447045e+00 1.139235e+00
<VARIANCE> 6
 1.985631e+03 9.012292e+02 4.825965e+01 8.302544e+01 1.940488e+00 3.603404e+00
<GCONST> 3.566528e+01
<TRANSP> 5
 0.000000e+00 1.000000e+00 0.000000e+00 0.000000e+00 0.000000e+00
 0.000000e+00 1.140691e-01 8.859309e-01 0.000000e+00 0.000000e+00
 0.000000e+00 0.000000e+00 7.120036e-01 2.879964e-01 0.000000e+00
 0.000000e+00 0.000000e+00 0.000000e+00 8.809379e-01 1.190621e-01
 0.000000e+00 0.000000e+00 0.000000e+00 0.000000e+00 0.000000e+00
<ENDHMM>
