~o
<STREAMINFO> 1 6
<VECSIZE> 6<NULLD><MFCC><DIAGC>
~h "fp_logo_3"
<BEGINHMM>
<NUMSTATES> 5
<STATE> 2
<MEAN> 6
 1.597743e+02 4.788601e+01 6.606611e+00 1.510359e+01 2.341862e+00 1.943536e+00
<VARIANCE> 6
 4.358462e+03 3.061990e+03 1.557381e+02 2.173856e+02 3.821335e+00 7.550663e+00
<GCONST> 4.122604e+01
<STATE> 3
<MEAN> 6
 1.542779e+02 2.399938e+01 1.579489e+01 1.014419e+01 5.479577e+00 3.040908e+00
<VARIANCE> 6
 6.904242e+03 1.696652e+03 8.986827e+02 2.258441e+02 1.747163e+02 3.654441e+01
<GCONST> 4.828603e+01
<STATE> 4
<MEAN> 6
 1.450391e+02 4.975374e+00 3.519946e+00 2.284080e+00 1.176410e+00 4.361282e-01
<VARIANCE> 6
 1.100372e+03 6.583694e+01 7.846425e+00 1.359140e+01 5.508336e-01 6.623299e-02
<GCONST> 2.357644e+01
<TRANSP> 5
 0.000000e+00 1.000000e+00 0.000000e+00 0.000000e+00 0.000000e+00
 0.000000e+00 4.554878e-01 5.445122e-01 0.000000e+00 0.000000e+00
 0.000000e+00 0.000000e+00 6.548149e-02 9.345185e-01 0.000000e+00
 0.000000e+00 0.000000e+00 0.000000e+00 8.900304e-01 1.099696e-01
 0.000000e+00 0.000000e+00 0.000000e+00 0.000000e+00 0.000000e+00
<ENDHMM>
