~o
<STREAMINFO> 1 6
<VECSIZE> 6<NULLD><MFCC><DIAGC>
~h "fp_logo_4"
<BEGINHMM>
<NUMSTATES> 5
<STATE> 2
<MEAN> 6
 1.795208e+02 1.229310e+01 4.746568e+00 4.440347e+00 1.524882e+00 5.152342e-01
<VARIANCE> 6
 7.117084e+02 2.465384e+02 8.645263e+00 2.857660e+01 7.267115e-01 1.024123e-01
<GCONST> 2.601407e+01
<STATE> 3
<MEAN> 6
 2.129386e+02 4.692687e+01 1.000195e+01 1.243914e+01 2.341583e+00 9.635581e-01
<VARIANCE> 6
 3.293628e+03 3.283170e+03 1.096676e+02 1.886751e+02 2.541268e+00 4.817311e-01
<GCONST> 3.736335e+01
<STATE> 4
<MEAN> 6
 2.309047e+02 4.455218e+00 4.419017e+00 1.745502e+00 1.898359e+00 6.476090e-01
<VARIANCE> 6
 5.731507e+02 1.462037e+01 1.527762e+01 1.542912e+00 1.974683e+00 6.249371e-01
<GCONST> 2.343119e+01
<TRANSP> 5
 0.000000e+00 1.000000e+00 0.000000e+00 0.000000e+00 0.000000e+00
 0.000000e+00 5.951868e-01 4.048133e-01 0.000000e+00 0.000000e+00
 0.000000e+00 0.000000e+00 4.066532e-01 5.933469e-01 0.000000e+00
 0.000000e+00 0.000000e+00 0.000000e+00 8.869337e-01 1.130663e-01
 0.000000e+00 0.000000e+00 0.000000e+00 0.000000e+00 0.000000e+00
<ENDHMM>
