~o
<STREAMINFO> 1 6
<VECSIZE> 6<NULLD><MFCC><DIAGC>
~h "fp_logo_0"
<BEGINHMM>
<NUMSTATES> 5
<STATE> 2
<MEAN> 6
 1.001261e+02 4.746913e+00 3.386440e+00 1.114131e+00 9.522654e-01 4.252569e-01
<VARIANCE> 6
 4.010032e+02 4.539269e+01 8.485321e+00 1.519086e+00 8.999887e-01 1.217427e-01
<GCONST> 2.118181e+01
<STATE> 3
<MEAN> 6
 1.289061e+02 2.264778e+01 5.399204e+00 6.342866e+00 3.009754e+00 1.325919e+00
<VARIANCE> 6
 7.242504e+02 4.739541e+02 2.050734e+01 2.561895e+01 5.415379e+00 1.339048e+00
<GCONST> 3.201883e+01
<STATE> 4
<MEAN> 6
 1.081894e+02 3.414263e+00 2.238540e+00 1.041959e+00 7.743990e-01 3.155444e-01
<VARIANCE> 6
 4.172733e+02 3.576740e+01 3.839458e+00 2.960104e+00 3.173947e-01 6.787038e-02
<GCONST> 1.923083e+01
<TRANSP> 5
 0.000000e+00 1.000000e+00 0.000000e+00 0.000000e+00 0.000000e+00
 0.000000e+00 3.459679e-01 6.540321e-01 0.000000e+00 0.000000e+00
 0.000000e+00 0.000000e+00 6.481109e-01 3.518891e-01 0.000000e+00
 0.000000e+00 0.000000e+00 0.000000e+00 8.689250e-01 1.310750e-01
 0.000000e+00 0.000000e+00 0.000000e+00 0.000000e+00 0.000000e+00
<ENDHMM>
