~o
<STREAMINFO> 1 6
<VECSIZE> 6<NULLD><MFCC><DIAGC>
~h "fp_screen_3"
<BEGINHMM>
<NUMSTATES> 5
<STATE> 2
<MEAN> 6
 3.193587e+02 3.258781e+01 1.054493e+01 7.710328e+00 3.198562e+00 1.678330e+00
<VARIANCE> 6
 3.504706e+04 7.456803e+02 5.897654e+02 5.360596e+01 1.712316e+01 5.431163e+00
<GCONST> 4.299998e+01
<STATE> 3
<MEAN> 6
 4.938672e+02 4.189857e+01 2.605740e+01 9.601430e+00 4.426957e+00 3.035478e+00
<VARIANCE> 6
 4.411896e+04 2.821382e+03 2.277278e+03 1.124514e+02 2.760482e+01 1.796939e+01
<GCONST> 4.832681e+01
<STATE> 4
<MEAN> 6
 3.854970e+02 7.637364e+00 3.262302e+00 1.235802e+00 8.555056e-01 4.906220e-01
<VARIANCE> 6
 8.529490e+03 5.520589e+01 9.902648e+00 1.777446e+00 5.872481e-01 2.588864e-01
<GCONST> 2.507393e+01
<TRANSP> 5
 0.000000e+00 1.000000e+00 0.000000e+00 0.000000e+00 0.000000e+00
 0.000000e+00 6.630687e-01 3.369313e-01 0.000000e+00 0.000000e+00
 0.000000e+00 0.000000e+00 2.538162e-01 7.461838e-01 0.000000e+00
 0.000000e+00 0.000000e+00 0.000000e+00 8.699929e-01 1.300072e-01
 0.000000e+00 0.000000e+00 0.000000e+00 0.000000e+00 0.000000e+00
<ENDHMM>
