~o
<STREAMINFO> 1 6
<VECSIZE> 6<NULLD><MFCC><DIAGC>
~h "fp_screen_0"
<BEGINHMM>
<NUMSTATES> 5
<STATE> 2
<MEAN> 6
 1.270547e+02 4.887638e+00 1.522455e+01 1.545719e+00 5.155247e+00 9.178367e-01
<VARIANCE> 6
 2.303054e+03 2.810849e+01 5.367394e+02 1.486986e+00 6.554161e+01 1.617876e+00
<GCONST> 3.345139e+01
<STATE> 3
<MEAN> 6
 4.193800e+02 2.530382e+01 4.355503e+01 8.020737e+00 1.456202e+01 5.905409e+00
<VARIANCE> 6
 3.166156e+04 1.205327e+03 1.426532e+03 6.013105e+01 1.111947e+02 4.308394e+01
<GCONST> 4.831858e+01
<STATE> 4
<MEAN> 6
 3.980584e+02 7.181118e+00 2.469489e+00 2.466962e+00 1.218267e+00 6.706432e-01
<VARIANCE> 6
 2.249642e+04 1.547224e+02 1.165176e+01 1.523402e+01 7.742488e+00 2.609866e+00
<GCONST> 3.427502e+01
<TRANSP> 5
 0.000000e+00 1.000000e+00 0.000000e+00 0.000000e+00 0.000000e+00
 0.000000e+00 6.905544e-01 3.094456e-01 0.000000e+00 0.000000e+00
 0.000000e+00 0.000000e+00 6.041843e-01 3.958157e-01 0.000000e+00
 0.000000e+00 0.000000e+00 0.000000e+00 8.397946e-01 1.602054e-01
 0.000000e+00 0.000000e+00 0.000000e+00 0.000000e+00 0.000000e+00
<ENDHMM>
