~o
<STREAMINFO> 1 6
<VECSIZE> 6<NULLD><MFCC><DIAGC>
~h "fp_screen_1"
<BEGINHMM>
<NUMSTATES> 5
<STATE> 2
<MEAN> 6
 4.141293e+02 6.292488e+00 1.882401e+00 1.529619e+00 9.159758e-01 5.787463e-01
<VARIANCE> 6
 1.728816e+04 1.052072e+02 8.757437e+00 5.964877e+00 5.949689e+00 2.085465e+00
<GCONST> 3.191509e+01
<STATE> 3
<MEAN> 6
 4.868662e+02 4.077717e+01 2.391416e+01 1.190753e+01 8.603654e+00 4.987947e+00
<VARIANCE> 6
 4.356789e+04 1.890997e+03 1.076933e+03 8.460455e+01 9.342416e+01 4.445724e+01
<GCONST> 4.900574e+01
<STATE> 4
<MEAN> 6
 3.966946e+02 2.129256e+01 1.229369e+01 5.482063e+00 3.494365e+00 1.949713e+00
<VARIANCE> 6
 3.246824e+04 6.218109e+02 1.028415e+03 2.926665e+01 3.462235e+01 1.321810e+01
<GCONST> 4.428623e+01
<TRANSP> 5
 0.000000e+00 1.000000e+00 0.000000e+00 0.000000e+00 0.000000e+00
 0.000000e+00 8.749400e-01 1.250600e-01 0.000000e+00 0.000000e+00
 0.000000e+00 0.000000e+00 5.778527e-01 4.221473e-01 0.000000e+00
 0.000000e+00 0.000000e+00 0.000000e+00 6.204930e-01 3.795070e-01
 0.000000e+00 0.000000e+00 0.000000e+00 0.000000e+00 0.000000e+00
<ENDHMM>
