~o
<STREAMINFO> 1 6
<VECSIZE> 6<NULLD><MFCC><DIAGC>
~h "fp_screen_5"
<BEGINHMM>
<NUMSTATES> 5
<STATE> 2
<MEAN> 6
 1.867397e+02 5.866156e+00 9.045127e+00 2.443092e+00 3.432417e+00 1.235553e+00
<VARIANCE> 6
 1.912424e+03 4.213659e+01 7.923509e+01 1.095302e+01 6.893231e+00 1.778293e+00
<GCONST> 3.159653e+01
<STATE> 3
<MEAN> 6
 2.569997e+02 8.159093e+00 2.590566e+01 2.708546e+00 8.387706e+00 1.452091e+00
<VARIANCE> 6
 1.674703e+03 1.077009e+02 3.210716e+02 4.001929e+00 2.557771e+01 1.637415e+00
<GCONST> 3.402329e+01
<STATE> 4
<MEAN> 6
 3.459931e+02 2.458309e+00 3.070508e+00 1.155056e+00 1.355023e+00 3.868256e-01
<VARIANCE> 6
 7.640968e+02 4.407172e+00 5.649115e+00 4.512163e-01 7.326197e-01 6.301240e-02
<GCONST> 1.700933e+01
<TRANSP> 5
 0.000000e+00 1.000000e+00 0.000000e+00 0.000000e+00 0.000000e+00
 0.000000e+00 3.458830e-01 6.541170e-01 0.000000e+00 0.000000e+00
 0.000000e+00 0.000000e+00 3.609410e-01 6.390589e-01 0.000000e+00
 0.000000e+00 0.000000e+00 0.000000e+00 8.877215e-01 1.122785e-01
 0.000000e+00 0.000000e+00 0.000000e+00 0.000000e+00 0.000000e+00
<ENDHMM>
