~o
<STREAMINFO> 1 6
<VECSIZE> 6<NULLD><MFCC><DIAGC>
~h "fp_screen_2"
<BEGINHMM>
<NUMSTATES> 5
<STATE> 2
<MEAN> 6
 4.815810e+02 1.883334e+01 2.113987e+01 4.621450e+00 5.757059e+00 3.261692e+00
<VARIANCE> 6
 3.442396e+04 8.503616e+02 1.676292e+03 3.078876e+01 5.677903e+01 2.135139e+01
<GCONST> 4.617120e+01
<STATE> 3
<MEAN> 6
 6.199905e+02 6.022178e+01 4.056064e+01 1.761786e+01 1.515957e+01 7.318329e+00
<VARIANCE> 6
 3.092843e+04 2.742870e+03 2.322798e+03 1.501514e+02 2.516306e+02 4.169658e+01
<GCONST> 5.130400e+01
<STATE> 4
<MEAN> 6
 3.591775e+02 1.935084e+01 5.472069e+00 3.506339e+00 1.638206e+00 1.093211e+00
<VARIANCE> 6
 2.201145e+04 5.657170e+02 2.652986e+02 2.140292e+01 8.070355e+00 3.340392e+00
<GCONST> 3.930334e+01
<TRANSP> 5
 0.000000e+00 1.000000e+00 0.000000e+00 0.000000e+00 0.000000e+00
 0.000000e+00 3.708798e-01 6.291202e-01 0.000000e+00 0.000000e+00
 0.000000e+00 0.000000e+00 7.717546e-01 2.282454e-01 0.000000e+00
 0.000000e+00 0.000000e+00 0.000000e+00 8.577369e-01 1.422631e-01
 0.000000e+00 0.000000e+00 0.000000e+00 0.000000e+00 0.000000e+00
<ENDHMM>
