~o
<STREAMINFO> 1 6
<VECSIZE> 6<NULLD><MFCC><DIAGC>
~h "fp_screen"
<BEGINHMM>
<NUMSTATES> 5
<STATE> 2
<MEAN> 6
 3.314062e+02 5.356112e+00 7.438308e+00 1.310280e+00 2.642197e+00 8.168951e-01
<VARIANCE> 6
 3.056834e+04 2.114256e+01 3.355420e+02 1.550817e+00 3.065490e+01 1.696134e+00
<GCONST> 3.461194e+01
<STATE> 3
<MEAN> 6
 4.851830e+02 4.357239e+01 2.784296e+01 1.213816e+01 9.183391e+00 4.738679e+00
<VARIANCE> 6
 4.547775e+04 1.822053e+03 1.817622e+03 9.730054e+01 1.410491e+02 3.382133e+01
<GCONST> 4.981325e+01
<STATE> 4
<MEAN> 6
 3.356627e+02 6.202283e+00 5.370137e+00 1.579072e+00 1.625580e+00 5.648249e-01
<VARIANCE> 6
 1.038068e+04 4.101675e+01 6.663631e+01 2.578922e+00 5.176753e+00 3.330097e-01
<GCONST> 2.968016e+01
<TRANSP> 5
 0.000000e+00 1.000000e+00 0.000000e+00 0.000000e+00 0.000000e+00
 0.000000e+00 9.309998e-01 6.900018e-02 0.000000e+00 0.000000e+00
 0.000000e+00 0.000000e+00 9.405221e-01 5.947797e-02 0.000000e+00
 0.000000e+00 0.000000e+00 0.000000e+00 9.741564e-01 2.584357e-02
 0.000000e+00 0.000000e+00 0.000000e+00 0.000000e+00 0.000000e+00
<ENDHMM>
