~o
<STREAMINFO> 1 6
<VECSIZE> 6<NULLD><MFCC><DIAGC>
~h "fp_screen_4"
<BEGINHMM>
<NUMSTATES> 5
<STATE> 2
<MEAN> 6
 3.610868e+02 7.241572e+00 4.497612e+00 1.319100e+00 9.344220e-01 5.099303e-01
<VARIANCE> 6
 8.171091e+03 5.846297e+01 1.914422e+01 2.543456e+00 6.696012e-01 2.294879e-01
<GCONST> 2.611656e+01
<STATE> 3
<MEAN> 6
 3.731451e+02 2.250781e+01 4.158040e+01 8.929839e+00 9.086671e+00 2.983724e+00
<VARIANCE> 6
 4.394446e+04 8.799366e+02 2.725929e+03 8.343919e+01 1.169630e+02 1.274622e+01
<GCONST> 4.813957e+01
<STATE> 4
<MEAN> 6
 1.997182e+02 6.262673e+00 8.164880e+00 2.456060e+00 2.531871e+00 9.485763e-01
<VARIANCE> 6
 2.041690e+03 3.315152e+01 5.874999e+01 6.224793e+00 4.550165e+00 8.381842e-01
<GCONST> 2.939036e+01
<TRANSP> 5
 0.000000e+00 1.000000e+00 0.000000e+00 0.000000e+00 0.000000e+00
 0.000000e+00 8.488929e-01 1.511071e-01 0.000000e+00 0.000000e+00
 0.000000e+00 0.000000e+00 4.642035e-01 5.357965e-01 0.000000e+00
 0.000000e+00 0.000000e+00 0.000000e+00 7.785552e-01 2.214448e-01
 0.000000e+00 0.000000e+00 0.000000e+00 0.000000e+00 0.000000e+00
<ENDHMM>
