~o
<STREAMINFO> 1 6
<VECSIZE> 6<NULLD><MFCC><DIAGC>
~h "bg_red_0"
<BEGINHMM>
<NUMSTATES> 5
<STATE> 2
<MEAN> 6
 4.731268e+02 8.477143e+00 7.211440e+00 3.266194e+00 3.088969e+00 1.599424e+00
<VARIANCE> 6
 1.159756e+04 7.405351e+01 1.168335e+02 5.099969e+00 1.447353e+01 2.218863e+00
<GCONST> 3.454990e+01
<STATE> 3
<MEAN> 6
 4.945793e+02 6.566882e+01 7.964566e+00 1.676063e+01 2.267036e+00 3.083600e+00
<VARIANCE> 6
 8.603097e+03 3.734574e+03 1.836823e+01 9.955711e+01 3.623616e+00 5.599559e+00
<GCONST> 3.883404e+01
<STATE> 4
<MEAN> 6
 2.942447e+02 8.801329e+00 3.173776e+00 2.774564e+00 1.038583e+00 5.495279e-01
<VARIANCE> 6
 3.667131e+03 9.720134e+01 1.169141e+01 1.012765e+01 1.126287e+00 3.592674e-01
<GCONST> 2.768057e+01
<TRANSP> 5
 0.000000e+00 1.000000e+00 0.000000e+00 0.000000e+00 0.000000e+00
 0.000000e+00 9.134889e-01 8.651116e-02 0.000000e+00 0.000000e+00
 0.000000e+00 0.000000e+00 7.159314e-01 2.840686e-01 0.000000e+00
 0.000000e+00 0.000000e+00 0.000000e+00 9.817919e-01 1.820813e-02
 0.000000e+00 0.000000e+00 0.000000e+00 0.000000e+00 0.000000e+00
<ENDHMM>
~h "bg_red_0_0"
<BEGINHMM>
<NUMSTATES> 5
<STATE> 2
<MEAN> 6
 4.485919e+02 6.796906e+00 4.421703e+00 2.872882e+00 2.398528e+00 1.607932e+00
<VARIANCE> 6
 2.388188e+03 4.155400e+01 1.390162e+01 3.830774e+00 4.523217e+00 2.733259e+00
<GCONST> 2.902234e+01
<STATE> 3
<MEAN> 6
 5.363854e+02 2.725971e+01 1.699159e+01 1.011102e+01 6.189864e+00 2.172658e+00
<VARIANCE> 6
 1.810361e+04 1.019796e+03 5.123227e+02 6.228687e+01 6.590211e+01 3.039846e+00
<GCONST> 4.342918e+01
<STATE> 4
<MEAN> 6
 4.696836e+02 1.234951e+01 6.700808e+00 3.983356e+00 2.311129e+00 1.474454e+00
<VARIANCE> 6
 1.559402e+04 5.356095e+02 3.571170e+01 1.397580e+01 2.611830e+00 2.326953e+00
<GCONST> 3.498273e+01
<TRANSP> 5
 0.000000e+00 1.000000e+00 0.000000e+00 0.000000e+00 0.000000e+00
 0.000000e+00 8.222122e-01 1.777878e-01 0.000000e+00 0.000000e+00
 0.000000e+00 0.000000e+00 4.093622e-01 5.906379e-01 0.000000e+00
 0.000000e+00 0.000000e+00 0.000000e+00 7.864267e-01 2.135733e-01
 0.000000e+00 0.000000e+00 0.000000e+00 0.000000e+00 0.000000e+00
<ENDHMM>
~h "bg_red_0_1"
<BEGINHMM>
<NUMSTATES> 5
<STATE> 2
<MEAN> 6
 5.231729e+02 1.276819e+01 5.926611e+00 4.388378e+00 2.209315e+00 1.932003e+00
<VARIANCE> 6
 1.512787e+04 9.464151e+02 3.632201e+01 2.597374e+01 3.740401e+00 4.425480e+00
<GCONST> 3.716032e+01
<STATE> 3
<MEAN> 6
 4.771712e+02 6.388734e+01 6.883493e+00 1.489834e+01 2.611544e+00 3.233515e+00
<VARIANCE> 6
 4.443856e+03 4.231017e+03 2.034683e+01 1.021521e+02 4.382626e+00 5.180482e+00
<GCONST> 3.853867e+01
<STATE> 4
<MEAN> 6
 3.848325e+02 5.905100e+00 2.666596e+00 1.730514e+00 1.242258e+00 5.930894e-01
<VARIANCE> 6
 5.624647e+02 3.499570e+02 5.218053e+00 1.131478e+01 1.425983e+00 5.104488e-01
<GCONST> 2.697803e+01
<TRANSP> 5
 0.000000e+00 1.000000e+00 0.000000e+00 0.000000e+00 0.000000e+00
 0.000000e+00 5.565394e-01 4.434606e-01 0.000000e+00 0.000000e+00
 0.000000e+00 0.000000e+00 5.149924e-01 4.850076e-01 0.000000e+00
 0.000000e+00 0.000000e+00 0.000000e+00 8.848349e-01 1.151651e-01
 0.000000e+00 0.000000e+00 0.000000e+00 0.000000e+00 0.000000e+00
<ENDHMM>
~h "bg_red_0_2"
<BEGINHMM>
<NUMSTATES> 5
<STATE> 2
<MEAN> 6
 3.727884e+02 3.464742e+01 6.402301e+00 9.658399e+00 1.340110e+00 9.566714e-01
<VARIANCE> 6
 1.628835e+03 2.981709e+03 1.990335e+01 1.546238e+02 7.500585e-01 1.298644e+00
<GCONST> 3.442873e+01
<STATE> 3
<MEAN> 6
 3.288029e+02 3.237957e+00 2.292386e+00 8.695526e-01 5.734828e-01 2.530637e-01
<VARIANCE> 6
 6.648198e+02 5.967851e+00 2.804705e+00 3.954184e-01 1.553769e-01 1.602761e-02
<GCONST> 1.342131e+01
<STATE> 4
<MEAN> 6
 3.180787e+02 6.233346e+00 3.462185e+00 2.142847e+00 1.610199e+00 3.945301e-01
<VARIANCE> 6
 9.965076e+02 1.404855e+01 1.274512e+01 2.121656e+00 1.679174e+00 5.393552e-02
<GCONST> 2.146972e+01
<TRANSP> 5
 0.000000e+00 1.000000e+00 0.000000e+00 0.000000e+00 0.000000e+00
 0.000000e+00 3.076956e-01 6.923044e-01 0.000000e+00 0.000000e+00
 0.000000e+00 0.000000e+00 8.674773e-01 1.325227e-01 0.000000e+00
 0.000000e+00 0.000000e+00 0.000000e+00 7.506029e-01 2.493970e-01
 0.000000e+00 0.000000e+00 0.000000e+00 0.000000e+00 0.000000e+00
<ENDHMM>
~h "bg_red_0_3"
<BEGINHMM>
<NUMSTATES> 5
<STATE> 2
<MEAN> 6
 2.793334e+02 4.495382e+00 1.492268e+00 1.165071e+00 4.426753e-01 2.874037e-01
<VARIANCE> 6
 8.020802e+02 7.188826e+00 1.050134e+00 3.843400e-01 1.463245e-01 3.361115e-02
<GCONST> 1.346486e+01
<STATE> 3
<MEAN> 6
 2.363789e+02 2.170682e+01 3.632402e+00 4.978896e+00 8.850644e-01 4.311053e-01
<VARIANCE> 6
 2.378223e+03 3.175305e+02 4.386558e+00 1.619664e+01 4.196723e-01 5.935709e-02
<GCONST> 2.513283e+01
<STATE> 4
<MEAN> 6
 2.694487e+02 6.749316e+00 1.314086e+00 1.575167e+00 5.408987e-01 2.624511e-01
<VARIANCE> 6
 9.494463e+02 1.536247e+01 1.029262e+00 2.009778e+00 1.215691e-01 1.298743e-02
<GCONST> 1.489089e+01
<TRANSP> 5
 0.000000e+00 1.000000e+00 0.000000e+00 0.000000e+00 0.000000e+00
 0.000000e+00 8.096936e-01 1.903064e-01 0.000000e+00 0.000000e+00
 0.000000e+00 0.000000e+00 6.087315e-01 3.912685e-01 0.000000e+00
 0.000000e+00 0.000000e+00 0.000000e+00 7.613096e-01 2.386904e-01
 0.000000e+00 0.000000e+00 0.000000e+00 0.000000e+00 0.000000e+00
<ENDHMM>
~h "bg_red_0_4"
<BEGINHMM>
<NUMSTATES> 5
<STATE> 2
<MEAN> 6
 2.392723e+02 7.142685e+00 1.737177e+00 1.696715e+00 5.089347e-01 3.028378e-01
<VARIANCE> 6
 9.464534e+02 1.900308e+01 1.853177e+00 2.496665e+00 9.359349e-02 1.684764e-02
<GCONST> 1.590410e+01
<STATE> 3
<MEAN> 6
 2.359115e+02 9.581810e+00 1.464221e+00 4.412376e+00 6.877359e-01 4.382311e-01
<VARIANCE> 6
 1.531980e+03 2.878065e+01 7.823044e-01 8.400549e+00 5.025838e-02 1.368974e-02
<GCONST> 1.632238e+01
<STATE> 4
<MEAN> 6
 2.409624e+02 1.530399e+01 4.177435e+00 4.812404e+00 1.250878e+00 7.112114e-01
<VARIANCE> 6
 1.656622e+03 1.312415e+02 1.766871e+01 2.130290e+01 7.982804e-01 3.933228e-01
<GCONST> 2.808906e+01
<TRANSP> 5
 0.000000e+00 1.000000e+00 0.000000e+00 0.000000e+00 0.000000e+00
 0.000000e+00 7.799750e-01 2.200250e-01 0.000000e+00 0.000000e+00
 0.000000e+00 0.000000e+00 1.055529e-04 9.998945e-01 0.000000e+00
 0.000000e+00 0.000000e+00 0.000000e+00 8.658611e-01 1.341390e-01
 0.000000e+00 0.000000e+00 0.000000e+00 0.000000e+00 0.000000e+00
<ENDHMM>
~h "bg_red_0_5"
<BEGINHMM>
<NUMSTATES> 5
<STATE> 2
<MEAN> 6
 2.542564e+02 1.333860e+01 3.233421e+00 3.504079e+00 8.285521e-01 5.190721e-01
<VARIANCE> 6
 9.489204e+02 7.504215e+01 6.562674e+00 9.363481e+00 2.157542e-01 1.924960e-01
<GCONST> 2.313756e+01
<STATE> 3
<MEAN> 6
 2.502222e+02 2.188807e+01 6.601452e+00 8.068838e+00 1.309656e+00 1.241192e+00
<VARIANCE> 6
 1.548481e+03 2.312122e+02 9.147004e+00 1.489412e+01 3.406688e-01 4.497376e-01
<GCONST> 2.685408e+01
<STATE> 4
<MEAN> 6
 2.908816e+02 1.051451e+01 5.688159e+00 4.066010e+00 2.038629e+00 1.213954e+00
<VARIANCE> 6
 8.911610e+02 1.008527e+02 3.502979e+01 9.699881e+00 3.109287e+00 1.181238e+00
<GCONST> 2.956272e+01
<TRANSP> 5
 0.000000e+00 1.000000e+00 0.000000e+00 0.000000e+00 0.000000e+00
 0.000000e+00 7.067761e-01 2.932239e-01 0.000000e+00 0.000000e+00
 0.000000e+00 0.000000e+00 6.295508e-01 3.704492e-01 0.000000e+00
 0.000000e+00 0.000000e+00 0.000000e+00 8.302268e-01 1.697732e-01
 0.000000e+00 0.000000e+00 0.000000e+00 0.000000e+00 0.000000e+00
<ENDHMM>
~h "bg_dark_0"
<BEGINHMM>
<NUMSTATES> 5
<STATE> 2
<MEAN> 6
 1.927974e+02 8.634010e+00 1.056974e+01 3.292026e+00 3.486992e+00 1.342808e+00
<VARIANCE> 6
 3.934555e+03 1.062966e+02 9.806478e+01 4.484133e+00 3.782782e+00 1.022640e+00
<GCONST> 3.141007e+01
<STATE> 3
<MEAN> 6
 9.565561e+01 1.938530e+01 4.643831e+00 3.414374e+00 2.020690e+00 5.823513e-01
<VARIANCE> 6
 9.543030e+02 6.551163e+02 1.940111e+01 1.086505e+01 3.022747e+00 2.068162e-01
<GCONST> 2.925418e+01
<STATE> 4
<MEAN> 6
 1.278519e+02 1.150665e+01 1.240971e+01 4.324567e+00 5.076815e+00 1.796617e+00
<VARIANCE> 6
 1.180125e+03 1.143683e+02 1.400725e+02 8.922045e+00 1.012590e+01 2.051615e+00
<GCONST> 3.300447e+01
<TRANSP> 5
 0.000000e+00 1.000000e+00 0.000000e+00 0.000000e+00 0.000000e+00
 0.000000e+00 9.463229e-01 5.367707e-02 0.000000e+00 0.000000e+00
 0.000000e+00 0.000000e+00 9.364279e-01 6.357209e-02 0.000000e+00
 0.000000e+00 0.000000e+00 0.000000e+00 9.719416e-01 2.805845e-02
 0.000000e+00 0.000000e+00 0.000000e+00 0.000000e+00 0.000000e+00
<ENDHMM>
~h "bg_dark_0_0"
<BEGINHMM>
<NUMSTATES> 5
<STATE> 2
<MEAN> 6
 2.554963e+02 8.607277e+00 8.100035e+00 3.208859e+00 3.047745e+00 1.132350e+00
<VARIANCE> 6
 1.441067e+03 1.763490e+02 3.957200e+01 3.712878e+00 2.137570e+00 5.241220e-01
<GCONST> 2.857644e+01
<STATE> 3
<MEAN> 6
 1.772342e+02 3.819124e+01 1.373176e+01 7.466543e+00 4.221805e+00 1.617086e+00
<VARIANCE> 6
 4.569161e+03 1.179039e+03 7.879201e+01 1.096702e+01 6.600801e+00 2.231128e+00
<GCONST> 3.597821e+01
<STATE> 4
<MEAN> 6
 1.985882e+02 5.389588e+00 8.971946e+00 2.856671e+00 3.430868e+00 1.250116e+00
<VARIANCE> 6
 2.031707e+03 2.622431e+01 5.326492e+01 2.006300e+00 3.585568e+00 6.463354e-01
<GCONST> 2.742263e+01
<TRANSP> 5
 0.000000e+00 1.000000e+00 0.000000e+00 0.000000e+00 0.000000e+00
 0.000000e+00 8.174338e-01 1.825662e-01 0.000000e+00 0.000000e+00
 0.000000e+00 0.000000e+00 4.691477e-01 5.308523e-01 0.000000e+00
 0.000000e+00 0.000000e+00 0.000000e+00 7.844256e-01 2.155744e-01
 0.000000e+00 0.000000e+00 0.000000e+00 0.000000e+00 0.000000e+00
<ENDHMM>
~h "bg_dark_0_1"
<BEGINHMM>
<NUMSTATES> 5
<STATE> 2
<MEAN> 6
 1.521702e+02 9.745847e+00 8.151273e+00 3.394208e+00 3.867280e+00 1.357398e+00
<VARIANCE> 6
 1.337899e+03 8.768616e+01 4.211845e+01 3.503246e+00 5.732562e+00 6.562672e-01
<GCONST> 2.901904e+01
<STATE> 3
<MEAN> 6
 1.110601e+02 5.478677e+00 7.389014e+00 1.752194e+00 2.745938e+00 7.042392e-01
<VARIANCE> 6
 9.943752e+02 2.043980e+01 8.193630e+01 6.617513e-01 1.876095e+00 2.101137e-01
<GCONST> 2.400903e+01
<STATE> 4
<MEAN> 6
 1.180534e+02 1.555142e+01 1.373337e+01 4.050683e+00 3.839427e+00 1.622168e+00
<VARIANCE> 6
 2.926367e+03 3.412497e+02 1.790323e+02 8.092155e+00 5.577172e+00 1.809682e+00
<GCONST> 3.443169e+01
<TRANSP> 5
 0.000000e+00 1.000000e+00 0.000000e+00 0.000000e+00 0.000000e+00
 0.000000e+00 7.213430e-01 2.786570e-01 0.000000e+00 0.000000e+00
 0.000000e+00 0.000000e+00 8.205210e-01 1.794790e-01 0.000000e+00
 0.000000e+00 0.000000e+00 0.000000e+00 7.395615e-01 2.604385e-01
 0.000000e+00 0.000000e+00 0.000000e+00 0.000000e+00 0.000000e+00
<ENDHMM>
~h "bg_dark_0_2"
<BEGINHMM>
<NUMSTATES> 5
<STATE> 2
<MEAN> 6
 1.116754e+02 7.996393e+00 8.867543e+00 2.599669e+00 3.282118e+00 9.764645e-01
<VARIANCE> 6
 5.165176e+02 1.041901e+02 7.689036e+01 3.409181e+00 4.087410e+00 5.166456e-01
<GCONST> 2.823696e+01
<STATE> 3
<MEAN> 6
 1.160424e+02 1.599440e+01 2.492201e+01 4.257562e+00 6.034304e+00 2.571854e+00
<VARIANCE> 6
 1.232154e+03 1.990493e+02 3.680687e+02 3.871326e+00 1.410920e+01 5.220389e+00
<GCONST> 3.499860e+01
<STATE> 4
<MEAN> 6
 1.128437e+02 1.733736e+01 1.096854e+01 4.478820e+00 4.688427e+00 1.438932e+00
<VARIANCE> 6
 2.181764e+03 2.662332e+02 1.101895e+02 9.291190e+00 1.287661e+01 1.998798e+00
<GCONST> 3.447875e+01
<TRANSP> 5
 0.000000e+00 1.000000e+00 0.000000e+00 0.000000e+00 0.000000e+00
 0.000000e+00 8.685349e-01 1.314651e-01 0.000000e+00 0.000000e+00
 0.000000e+00 0.000000e+00 6.022405e-05 9.999398e-01 0.000000e+00
 0.000000e+00 0.000000e+00 0.000000e+00 7.723839e-01 2.276162e-01
 0.000000e+00 0.000000e+00 0.000000e+00 0.000000e+00 0.000000e+00
<ENDHMM>
~h "bg_dark_0_3"
<BEGINHMM>
<NUMSTATES> 5
<STATE> 2
<MEAN> 6
 1.237345e+02 1.229291e+01 1.387502e+01 5.434865e+00 5.978066e+00 2.146653e+00
<VARIANCE> 6
 1.090248e+03 1.014422e+02 1.591962e+02 9.636243e+00 1.080420e+01 2.836102e+00
<GCONST> 3.339895e+01
<STATE> 3
<MEAN> 6
 1.071404e+02 2.846818e+01 5.179335e+00 5.693582e+00 2.482942e+00 9.163519e-01
<VARIANCE> 6
 1.537410e+03 8.403628e+02 1.885509e+01 1.560834e+01 5.649904e+00 5.521994e-01
<GCONST> 3.192133e+01
<STATE> 4
<MEAN> 6
 1.179791e+02 8.835882e+00 6.862863e+00 2.675423e+00 2.808536e+00 1.034111e+00
<VARIANCE> 6
 5.966778e+02 1.078792e+02 3.841653e+01 3.186727e+00 3.850298e+00 6.217524e-01
<GCONST> 2.778007e+01
<TRANSP> 5
 0.000000e+00 1.000000e+00 0.000000e+00 0.000000e+00 0.000000e+00
 0.000000e+00 7.186797e-01 2.813204e-01 0.000000e+00 0.000000e+00
 0.000000e+00 0.000000e+00 5.732499e-01 4.267501e-01 0.000000e+00
 0.000000e+00 0.000000e+00 0.000000e+00 8.361205e-01 1.638796e-01
 0.000000e+00 0.000000e+00 0.000000e+00 0.000000e+00 0.000000e+00
<ENDHMM>
~h "bg_dark_0_4"
<BEGINHMM>
<NUMSTATES> 5
<STATE> 2
<MEAN> 6
 1.199824e+02 5.480056e+00 5.035179e+00 1.544883e+00 1.883444e+00 6.514517e-01
<VARIANCE> 6
 4.276030e+02 8.330853e+01 3.499222e+01 2.481580e+00 3.758135e+00 5.054639e-01
<GCONST> 2.661367e+01
<STATE> 3
<MEAN> 6
 1.482060e+02 1.486501e+01 2.013559e+01 5.869738e+00 6.905716e+00 2.404526e+00
<VARIANCE> 6
 1.805190e+03 1.638000e+02 2.231740e+02 8.267838e+00 1.092457e+01 2.051646e+00
<GCONST> 3.425431e+01
<STATE> 4
<MEAN> 6
 1.111091e+02 1.600552e+01 9.259049e+00 4.014349e+00 3.612777e+00 1.358940e+00
<VARIANCE> 6
 1.183588e+03 2.987425e+02 8.755933e+01 6.687270e+00 6.287777e+00 1.908044e+00
<GCONST> 3.266036e+01
<TRANSP> 5
 0.000000e+00 1.000000e+00 0.000000e+00 0.000000e+00 0.000000e+00
 0.000000e+00 8.245575e-01 1.754424e-01 0.000000e+00 0.000000e+00
 0.000000e+00 0.000000e+00 6.694427e-01 3.305573e-01 0.000000e+00
 0.000000e+00 0.000000e+00 0.000000e+00 7.660780e-01 2.339219e-01
 0.000000e+00 0.000000e+00 0.000000e+00 0.000000e+00 0.000000e+00
<ENDHMM>
~h "bg_dark_0_5"
<BEGINHMM>
<NUMSTATES> 5
<STATE> 2
<MEAN> 6
 1.363715e+02 1.262713e+01 1.311912e+01 4.545121e+00 5.279528e+00 1.511993e+00
<VARIANCE> 6
 1.950268e+03 1.180840e+02 1.354661e+02 5.595635e+00 9.435986e+00 1.229485e+00
<GCONST> 3.245622e+01
<STATE> 3
<MEAN> 6
 1.349547e+02 2.896907e+01 1.383078e+01 8.263411e+00 6.796021e+00 2.868134e+00
<VARIANCE> 6
 2.212400e+03 3.711722e+02 1.697388e+02 1.681748e+01 1.244009e+01 3.317448e+00
<GCONST> 3.632256e+01
<STATE> 4
<MEAN> 6
 1.182867e+02 1.161591e+01 1.300025e+01 5.249550e+00 5.658519e+00 2.113551e+00
<VARIANCE> 6
 6.333120e+02 9.006003e+01 1.514251e+02 4.644865e+00 8.321782e+00 1.693053e+00
<GCONST> 3.117997e+01
<TRANSP> 5
 0.000000e+00 1.000000e+00 0.000000e+00 0.000000e+00 0.000000e+00
 0.000000e+00 7.705147e-01 2.294853e-01 0.000000e+00 0.000000e+00
 0.000000e+00 0.000000e+00 7.125642e-01 2.874359e-01 0.000000e+00
 0.000000e+00 0.000000e+00 0.000000e+00 7.598107e-01 2.401892e-01
 0.000000e+00 0.000000e+00 0.000000e+00 0.000000e+00 0.000000e+00
<ENDHMM>
~h "bg_white_0"
<BEGINHMM>
<NUMSTATES> 5
<STATE> 2
<MEAN> 6
 7.471016e+02 3.393232e+00 4.654444e+00 1.556805e+00 1.908025e+00 1.001481e+00
<VARIANCE> 6
 3.377398e+03 3.602984e+01 3.130409e+02 5.166277e+00 1.701698e+01 2.792958e+00
<GCONST> 3.398627e+01
<STATE> 3
<MEAN> 6
 6.984835e+02 4.499153e+01 1.515940e+01 1.524954e+01 1.151387e+01 8.284070e+00
<VARIANCE> 6
 4.029129e+03 2.026889e+03 3.026213e+02 1.189967e+02 9.124233e+01 4.197506e+01
<GCONST> 4.568500e+01
<STATE> 4
<MEAN> 6
 7.085928e+02 4.266564e+00 8.347740e+00 1.986250e+00 3.146028e+00 1.131972e+00
<VARIANCE> 6
 2.306647e+04 7.090499e+01 7.239937e+02 8.226699e+00 3.895591e+01 2.832597e+00
<GCONST> 3.873053e+01
<TRANSP> 5
 0.000000e+00 1.000000e+00 0.000000e+00 0.000000e+00 0.000000e+00
 0.000000e+00 9.556688e-01 4.433122e-02 0.000000e+00 0.000000e+00
 0.000000e+00 0.000000e+00 9.617622e-01 3.823777e-02 0.000000e+00
 0.000000e+00 0.000000e+00 0.000000e+00 9.530304e-01 4.696958e-02
 0.000000e+00 0.000000e+00 0.000000e+00 0.000000e+00 0.000000e+00
<ENDHMM>
~h "bg_white_0_0"
<BEGINHMM>
<NUMSTATES> 5
<STATE> 2
<MEAN> 6
 7.243911e+02 2.750130e+00 8.961356e+00 9.203751e-01 2.383533e+00 3.251146e-01
<VARIANCE> 6
 1.146429e+04 5.594613e+01 8.489880e+02 3.647356e+00 3.813034e+01 1.154990e-01
<GCONST> 3.391921e+01
<STATE> 3
<MEAN> 6
 7.075652e+02 3.339465e+01 1.333692e+01 1.044253e+01 8.221186e+00 5.389235e+00
<VARIANCE> 6
 6.730792e+03 1.961785e+03 5.349404e+02 1.349530e+02 1.036552e+02 3.937449e+01
<GCONST> 4.692459e+01
<STATE> 4
<MEAN> 6
 7.292388e+02 1.965866e+01 5.506932e+00 7.103791e+00 4.856537e+00 3.787363e+00
<VARIANCE> 6
 2.971345e+03 1.019974e+03 6.208158e+01 7.413694e+01 4.031313e+01 2.440339e+01
<GCONST> 4.127732e+01
<TRANSP> 5
 0.000000e+00 1.000000e+00 0.000000e+00 0.000000e+00 0.000000e+00
 0.000000e+00 8.658879e-01 1.341121e-01 0.000000e+00 0.000000e+00
 0.000000e+00 0.000000e+00 4.865786e-01 5.134215e-01 0.000000e+00
 0.000000e+00 0.000000e+00 0.000000e+00 6.147674e-01 3.852326e-01
 0.000000e+00 0.000000e+00 0.000000e+00 0.000000e+00 0.000000e+00
<ENDHMM>
~h "bg_white_0_1"
<BEGINHMM>
<NUMSTATES> 5
<STATE> 2
<MEAN> 6
 7.509876e+02 8.354925e+00 3.160650e+00 3.386405e+00 2.535592e+00 2.088068e+00
<VARIANCE> 6
 1.629312e+03 3.869292e+02 2.840378e+01 3.105643e+01 1.908923e+01 1.067848e+01
<GCONST> 3.648110e+01
<STATE> 3
<MEAN> 6
 6.811822e+02 5.695085e+01 1.724002e+01 1.789559e+01 1.387186e+01 1.070616e+01
<VARIANCE> 6
 3.765952e+03 2.035801e+03 2.772388e+02 9.782176e+01 8.562482e+01 4.307383e+01
<GCONST> 4.530058e+01
<STATE> 4
<MEAN> 6
 7.050886e+02 1.686861e+01 7.713414e+00 7.620233e+00 5.794837e+00 4.950781e+00
<VARIANCE> 6
 2.021356e+04 7.426501e+02 1.062718e+02 6.635148e+01 4.318974e+01 3.339505e+01
<GCONST> 4.368657e+01
<TRANSP> 5
 0.000000e+00 1.000000e+00 0.000000e+00 0.000000e+00 0.000000e+00
 0.000000e+00 8.433500e-01 1.566501e-01 0.000000e+00 0.000000e+00
 0.000000e+00 0.000000e+00 7.752943e-01 2.247057e-01 0.000000e+00
 0.000000e+00 0.000000e+00 0.000000e+00 5.383365e-01 4.616635e-01
 0.000000e+00 0.000000e+00 0.000000e+00 0.000000e+00 0.000000e+00
<ENDHMM>
~h "bg_white_0_2"
<BEGINHMM>
<NUMSTATES> 5
<STATE> 2
<MEAN> 6
 7.494500e+02 9.280149e+00 4.526187e+00 4.054917e+00 3.766112e+00 2.880992e+00
<VARIANCE> 6
 1.392368e+03 2.717839e+02 5.556040e+01 2.756845e+01 2.621032e+01 1.635715e+01
<GCONST> 3.726600e+01
<STATE> 3
<MEAN> 6
 6.735426e+02 5.755976e+01 1.915001e+01 1.936148e+01 1.413343e+01 9.886623e+00
<VARIANCE> 6
 4.298764e+03 2.447493e+03 3.884217e+02 1.260317e+02 1.013495e+02 4.233976e+01
<GCONST> 4.635909e+01
<STATE> 4
<MEAN> 6
 6.826943e+02 2.866762e+01 7.560683e+00 9.511447e+00 7.347460e+00 5.013788e+00
<VARIANCE> 6
 2.645039e+04 1.579266e+03 9.709185e+01 8.415878e+01 8.376428e+01 2.936724e+01
<GCONST> 4.539125e+01
<TRANSP> 5
 0.000000e+00 1.000000e+00 0.000000e+00 0.000000e+00 0.000000e+00
 0.000000e+00 8.626921e-01 1.373079e-01 0.000000e+00 0.000000e+00
 0.000000e+00 0.000000e+00 7.623100e-01 2.376899e-01 0.000000e+00
 0.000000e+00 0.000000e+00 0.000000e+00 3.377203e-01 6.622797e-01
 0.000000e+00 0.000000e+00 0.000000e+00 0.000000e+00 0.000000e+00
<ENDHMM>
~h "bg_white_0_3"
<BEGINHMM>
<NUMSTATES> 5
<STATE> 2
<MEAN> 6
 7.331813e+02 2.410237e+01 8.925237e+00 8.466088e+00 8.491958e+00 5.640831e+00
<VARIANCE> 6
 2.952965e+03 1.128611e+03 1.169869e+02 6.436369e+01 7.738908e+01 2.749436e+01
<GCONST> 4.263601e+01
<STATE> 3
<MEAN> 6
 6.780268e+02 5.488698e+01 1.903435e+01 1.848390e+01 1.395395e+01 9.765486e+00
<VARIANCE> 6
 6.024941e+03 2.225420e+03 3.032204e+02 1.211204e+02 8.867379e+01 3.721031e+01
<GCONST> 4.605142e+01
<STATE> 4
<MEAN> 6
 7.433799e+02 7.710300e+00 3.497115e+00 3.487129e+00 2.457399e+00 2.100090e+00
<VARIANCE> 6
 7.909302e+03 2.750165e+02 3.904443e+01 2.849749e+01 1.221934e+01 7.989361e+00
<GCONST> 3.721553e+01
<TRANSP> 5
 0.000000e+00 1.000000e+00 0.000000e+00 0.000000e+00 0.000000e+00
 0.000000e+00 6.212258e-01 3.787743e-01 0.000000e+00 0.000000e+00
 0.000000e+00 0.000000e+00 7.389530e-01 2.610470e-01 0.000000e+00
 0.000000e+00 0.000000e+00 0.000000e+00 8.191413e-01 1.808587e-01
 0.000000e+00 0.000000e+00 0.000000e+00 0.000000e+00 0.000000e+00
<ENDHMM>
~h "bg_white_0_4"
<BEGINHMM>
<NUMSTATES> 5
<STATE> 2
<MEAN> 6
 7.569753e+02 5.675572e+00 2.576246e+00 2.703289e+00 1.868827e+00 1.550434e+00
<VARIANCE> 6
 1.131475e+03 2.041269e+02 2.700043e+01 2.203014e+01 9.691658e+00 6.319231e+00
<GCONST> 3.388041e+01
<STATE> 3
<MEAN> 6
 6.907261e+02 4.834620e+01 1.788330e+01 1.659005e+01 1.195491e+01 8.472348e+00
<VARIANCE> 6
 5.511345e+03 2.065282e+03 4.061559e+02 1.353909e+02 9.732229e+01 4.573342e+01
<GCONST> 4.659061e+01
<STATE> 4
<MEAN> 6
 7.150734e+02 9.355000e+00 5.089257e+00 3.856675e+00 3.579032e+00 2.095925e+00
<VARIANCE> 6
 2.345426e+04 4.631622e+02 9.348756e+01 3.525106e+01 4.155126e+01 1.803005e+01
<GCONST> 4.194744e+01
<TRANSP> 5
 0.000000e+00 1.000000e+00 0.000000e+00 0.000000e+00 0.000000e+00
 0.000000e+00 8.683360e-01 1.316640e-01 0.000000e+00 0.000000e+00
 0.000000e+00 0.000000e+00 7.141419e-01 2.858581e-01 0.000000e+00
 0.000000e+00 0.000000e+00 0.000000e+00 4.755248e-01 5.244753e-01
 0.000000e+00 0.000000e+00 0.000000e+00 0.000000e+00 0.000000e+00
<ENDHMM>
~h "bg_white_0_5"
<BEGINHMM>
<NUMSTATES> 5
<STATE> 2
<MEAN> 6
 7.539150e+02 3.472302e+00 3.621601e+00 1.296769e+00 1.878556e+00 7.274853e-01
<VARIANCE> 6
 1.152336e+03 1.269571e+02 3.593963e+01 9.648307e+00 1.232242e+01 4.810726e+00
<GCONST> 3.285155e+01
<STATE> 3
<MEAN> 6
 5.996197e+02 3.004575e+01 7.093559e+01 8.562812e+00 1.971785e+01 3.574359e+00
<VARIANCE> 6
 2.311721e+04 1.568424e+03 4.895893e+03 9.092227e+01 1.740916e+02 2.319296e+01
<GCONST> 4.974301e+01
<STATE> 4
<MEAN> 6
 5.575137e+02 6.658549e+00 1.273697e+01 2.847138e+00 4.545985e+00 8.112708e-01
<VARIANCE> 6
 5.497524e+04 2.486306e+02 9.508733e+02 2.079675e+01 5.609375e+01 1.790906e+00
<GCONST> 4.195979e+01
<TRANSP> 5
 0.000000e+00 1.000000e+00 0.000000e+00 0.000000e+00 0.000000e+00
 0.000000e+00 8.740318e-01 1.259681e-01 0.000000e+00 0.000000e+00
 0.000000e+00 0.000000e+00 2.824453e-01 7.175547e-01 0.000000e+00
 0.000000e+00 0.000000e+00 0.000000e+00 6.251678e-01 3.748322e-01
 0.000000e+00 0.000000e+00 0.000000e+00 0.000000e+00 0.000000e+00
<ENDHMM>
~h "bg_board"
<BEGINHMM>
<NUMSTATES> 5
<STATE> 2
<MEAN> 6
 1.467388e+02 1.638795e+01 9.779012e+00 4.506072e+00 2.900335e+00 1.058891e+00
<VARIANCE> 6
 3.252684e+03 2.132276e+02 7.644587e+01 8.360472e+00 3.594530e+00 8.382469e-01
<GCONST> 3.203993e+01
<STATE> 3
<MEAN> 6
 2.254536e+02 4.615021e+01 1.237126e+01 9.609730e+00 4.664079e+00 2.274400e+00
<VARIANCE> 6
 4.942005e+03 3.066094e+03 2.067139e+02 3.973764e+01 1.479790e+01 4.152459e+00
<GCONST> 4.069277e+01
<STATE> 4
<MEAN> 6
 3.272198e+02 1.035281e+01 5.220793e+00 2.756678e+00 1.986275e+00 7.796081e-01
<VARIANCE> 6
 4.515670e+03 1.650159e+02 3.366966e+01 6.074159e+00 2.033484e+00 6.016324e-01
<GCONST> 3.007090e+01
<TRANSP> 5
 0.000000e+00 1.000000e+00 0.000000e+00 0.000000e+00 0.000000e+00
 0.000000e+00 9.690891e-01 3.091092e-02 0.000000e+00 0.000000e+00
 0.000000e+00 0.000000e+00 9.410343e-01 5.896572e-02 0.000000e+00
 0.000000e+00 0.000000e+00 0.000000e+00 9.516674e-01 4.833259e-02
 0.000000e+00 0.000000e+00 0.000000e+00 0.000000e+00 0.000000e+00
<ENDHMM>
~h "bg_board_0"
<BEGINHMM>
<NUMSTATES> 5
<STATE> 2
<MEAN> 6
 2.278753e+02 8.568712e+00 5.009680e+00 2.860605e+00 1.833293e+00 6.267055e-01
<VARIANCE> 6
 3.530649e+03 1.302484e+02 2.197831e+01 4.935372e+00 2.050368e+00 2.646417e-01
<GCONST> 2.814107e+01
<STATE> 3
<MEAN> 6
 2.121575e+02 3.762877e+01 1.278238e+01 8.446248e+00 3.380817e+00 1.625611e+00
<VARIANCE> 6
 3.808958e+03 1.999083e+03 1.563515e+02 2.754754e+01 6.068042e+00 2.412335e+00
<GCONST> 3.792447e+01
<STATE> 4
<MEAN> 6
 1.663284e+02 1.493712e+01 7.488828e+00 3.486270e+00 2.526919e+00 8.752974e-01
<VARIANCE> 6
 3.287729e+03 2.647943e+02 3.514973e+01 4.996371e+00 1.741312e+00 5.533791e-01
<GCONST> 2.983542e+01
<TRANSP> 5
 0.000000e+00 1.000000e+00 0.000000e+00 0.000000e+00 0.000000e+00
 0.000000e+00 8.289849e-01 1.710151e-01 0.000000e+00 0.000000e+00
 0.000000e+00 0.000000e+00 5.115327e-01 4.884673e-01 0.000000e+00
 0.000000e+00 0.000000e+00 0.000000e+00 7.564151e-01 2.435850e-01
 0.000000e+00 0.000000e+00 0.000000e+00 0.000000e+00 0.000000e+00
<ENDHMM>
~h "bg_board_1"
<BEGINHMM>
<NUMSTATES> 5
<STATE> 2
<MEAN> 6
 1.547744e+02 1.744151e+01 9.294629e+00 4.245907e+00 2.544641e+00 8.526886e-01
<VARIANCE> 6
 3.330897e+03 2.584275e+02 5.908475e+01 7.590365e+00 1.925715e+00 4.360951e-01
<GCONST> 3.062413e+01
<STATE> 3
<MEAN> 6
 2.342329e+02 4.856174e+01 1.455431e+01 8.192012e+00 4.211464e+00 1.689935e+00
<VARIANCE> 6
 9.393622e+03 2.388879e+03 2.749299e+02 3.071734e+01 3.309977e+01 2.485570e+00
<GCONST> 4.140500e+01
<STATE> 4
<MEAN> 6
 2.308844e+02 1.068156e+01 5.139304e+00 2.652823e+00 1.610472e+00 5.300885e-01
<VARIANCE> 6
 1.012521e+04 2.499970e+02 3.530193e+01 6.160510e+00 8.777683e-01 1.253533e-01
<GCONST> 2.894660e+01
<TRANSP> 5
 0.000000e+00 1.000000e+00 0.000000e+00 0.000000e+00 0.000000e+00
 0.000000e+00 8.285134e-01 1.714866e-01 0.000000e+00 0.000000e+00
 0.000000e+00 0.000000e+00 5.891523e-01 4.108477e-01 0.000000e+00
 0.000000e+00 0.000000e+00 0.000000e+00 7.887911e-01 2.112090e-01
 0.000000e+00 0.000000e+00 0.000000e+00 0.000000e+00 0.000000e+00
<ENDHMM>
~h "bg_board_2"
<BEGINHMM>
<NUMSTATES> 5
<STATE> 2
<MEAN> 6
 1.335313e+02 1.646619e+01 7.726651e+00 3.904683e+00 2.374485e+00 7.689892e-01
<VARIANCE> 6
 3.673292e+03 2.783654e+02 4.709997e+01 5.965230e+00 2.435019e+00 2.728221e-01
<GCONST> 3.009428e+01
<STATE> 3
<MEAN> 6
 2.039985e+02 4.663575e+01 1.353840e+01 8.365337e+00 3.337011e+00 1.408845e+00
<VARIANCE> 6
 4.571150e+03 3.537792e+03 2.811346e+02 3.568957e+01 4.843186e+00 1.230088e+00
<GCONST> 3.862439e+01
<STATE> 4
<MEAN> 6
 3.019448e+02 1.488185e+01 6.137981e+00 3.229158e+00 1.989663e+00 7.037117e-01
<VARIANCE> 6
 1.355764e+04 5.313689e+02 3.018528e+01 1.463278e+01 2.171974e+00 4.764627e-01
<GCONST> 3.294231e+01
<TRANSP> 5
 0.000000e+00 1.000000e+00 0.000000e+00 0.000000e+00 0.000000e+00
 0.000000e+00 8.457330e-01 1.542669e-01 0.000000e+00 0.000000e+00
 0.000000e+00 0.000000e+00 6.158736e-01 3.841263e-01 0.000000e+00
 0.000000e+00 0.000000e+00 0.000000e+00 7.445343e-01 2.554658e-01
 0.000000e+00 0.000000e+00 0.000000e+00 0.000000e+00 0.000000e+00
<ENDHMM>
~h "bg_board_3"
<BEGINHMM>
<NUMSTATES> 5
<STATE> 2
<MEAN> 6
 1.338632e+02 1.771793e+01 7.888302e+00 4.712646e+00 2.509519e+00 8.803253e-01
<VARIANCE> 6
 1.005404e+04 5.706392e+02 4.799103e+01 1.970030e+01 3.424073e+00 6.450360e-01
<GCONST> 3.423378e+01
<STATE> 3
<MEAN> 6
 2.429529e+02 5.541980e+01 1.490479e+01 1.177726e+01 4.987826e+00 1.795403e+00
<VARIANCE> 6
 9.097725e+03 4.590761e+03 3.154846e+02 6.422829e+01 1.468242e+01 3.232200e+00
<GCONST> 4.235121e+01
<STATE> 4
<MEAN> 6
 2.457555e+02 1.647572e+01 8.462480e+00 4.045181e+00 2.681748e+00 1.203687e+00
<VARIANCE> 6
 1.523050e+04 3.447380e+02 5.805273e+01 8.858271e+00 3.057697e+00 1.387044e+00
<GCONST> 3.418864e+01
<TRANSP> 5
 0.000000e+00 1.000000e+00 0.000000e+00 0.000000e+00 0.000000e+00
 0.000000e+00 7.308940e-01 2.691060e-01 0.000000e+00 0.000000e+00
 0.000000e+00 0.000000e+00 5.070825e-01 4.929176e-01 0.000000e+00
 0.000000e+00 0.000000e+00 0.000000e+00 8.401345e-01 1.598656e-01
 0.000000e+00 0.000000e+00 0.000000e+00 0.000000e+00 0.000000e+00
<ENDHMM>
~h "bg_board_4"
<BEGINHMM>
<NUMSTATES> 5
<STATE> 2
<MEAN> 6
 1.779960e+02 1.812469e+01 1.025152e+01 5.227111e+00 3.539799e+00 1.501840e+00
<VARIANCE> 6
 5.649823e+03 3.798861e+02 6.498116e+01 1.029017e+01 4.787159e+00 1.609687e+00
<GCONST> 3.415378e+01
<STATE> 3
<MEAN> 6
 2.219143e+02 5.107163e+01 1.482093e+01 1.076192e+01 5.585467e+00 2.932158e+00
<VARIANCE> 6
 4.769689e+03 3.013740e+03 2.220688e+02 3.998338e+01 1.097612e+01 5.120630e+00
<GCONST> 4.062869e+01
<STATE> 4
<MEAN> 6
 2.816418e+02 1.621552e+01 6.771790e+00 4.572993e+00 2.793481e+00 1.160290e+00
<VARIANCE> 6
 7.786937e+03 4.131631e+02 5.678422e+01 1.231647e+01 3.208961e+00 1.297617e+00
<GCONST> 3.398798e+01
<TRANSP> 5
 0.000000e+00 1.000000e+00 0.000000e+00 0.000000e+00 0.000000e+00
 0.000000e+00 8.193367e-01 1.806633e-01 0.000000e+00 0.000000e+00
 0.000000e+00 0.000000e+00 6.652145e-01 3.347855e-01 0.000000e+00
 0.000000e+00 0.000000e+00 0.000000e+00 7.766787e-01 2.233213e-01
 0.000000e+00 0.000000e+00 0.000000e+00 0.000000e+00 0.000000e+00
<ENDHMM>
~h "bg_board_5"
<BEGINHMM>
<NUMSTATES> 5
<STATE> 2
<MEAN> 6
 2.462026e+02 2.026878e+01 1.181308e+01 6.341646e+00 4.483430e+00 2.215422e+00
<VARIANCE> 6
 3.488510e+03 4.484797e+02 1.002578e+02 1.189250e+01 6.066001e+00 2.724869e+00
<GCONST> 3.517913e+01
<STATE> 3
<MEAN> 6
 2.689035e+02 4.692707e+01 1.670805e+01 1.150412e+01 6.485769e+00 3.429461e+00
<VARIANCE> 6
 3.383041e+03 4.207351e+03 3.086866e+02 6.019005e+01 2.468449e+01 7.684795e+00
<GCONST> 4.257364e+01
<STATE> 4
<MEAN> 6
 3.099178e+02 1.567088e+01 6.778529e+00 4.440098e+00 2.851194e+00 1.262974e+00
<VARIANCE> 6
 8.688813e+03 4.553465e+02 5.206860e+01 1.153828e+01 2.826912e+00 1.048404e+00
<GCONST> 3.370280e+01
<TRANSP> 5
 0.000000e+00 1.000000e+00 0.000000e+00 0.000000e+00 0.000000e+00
 0.000000e+00 7.641410e-01 2.358590e-01 0.000000e+00 0.000000e+00
 0.000000e+00 0.000000e+00 5.783973e-01 4.216028e-01 0.000000e+00
 0.000000e+00 0.000000e+00 0.000000e+00 8.144119e-01 1.855881e-01
 0.000000e+00 0.000000e+00 0.000000e+00 0.000000e+00 0.000000e+00
<ENDHMM>
~h "fp_logo"
<BEGINHMM>
<NUMSTATES> 5
<STATE> 2
<MEAN> 6
 1.026992e+02 3.095443e+00 2.688426e+00 9.129887e-01 9.453158e-01 3.385379e-01
<VARIANCE> 6
 4.995067e+02 9.219862e+00 7.483082e+00 4.993892e-01 1.052875e+00 4.868652e-02
<GCONST> 1.780969e+01
<STATE> 3
<MEAN> 6
 2.016019e+02 4.244770e+01 2.911896e+01 1.387097e+01 9.173178e+00 3.953915e+00
<VARIANCE> 6
 1.363609e+04 2.185363e+03 3.211266e+03 1.200091e+02 1.850847e+02 2.326820e+01
<GCONST> 4.946716e+01
<STATE> 4
<MEAN> 6
 2.120168e+02 3.925853e+00 3.705159e+00 1.541133e+00 1.549096e+00 5.614257e-01
<VARIANCE> 6
 4.309123e+03 9.298470e+00 1.061149e+01 9.563594e-01 1.151744e+00 2.432928e-01
<GCONST> 2.267070e+01
<TRANSP> 5
 0.000000e+00 1.000000e+00 0.000000e+00 0.000000e+00 0.000000e+00
 0.000000e+00 9.501436e-01 4.985645e-02 0.000000e+00 0.000000e+00
 0.000000e+00 0.000000e+00 9.421247e-01 5.787535e-02 0.000000e+00
 0.000000e+00 0.000000e+00 0.000000e+00 9.693851e-01 3.061483e-02
 0.000000e+00 0.000000e+00 0.000000e+00 0.000000e+00 0.000000e+00
<ENDHMM>
~h "fp_logo_0"
<BEGINHMM>
<NUMSTATES> 5
<STATE> 2
<MEAN> 6
 1.001261e+02 4.746913e+00 3.386440e+00 1.114131e+00 9.522654e-01 4.252569e-01
<VARIANCE> 6
 4.010032e+02 4.539269e+01 8.485321e+00 1.519086e+00 8.999887e-01 1.217427e-01
<GCONST> 2.118181e+01
<STATE> 3
<MEAN> 6
 1.289061e+02 2.264778e+01 5.399204e+00 6.342866e+00 3.009754e+00 1.325919e+00
<VARIANCE> 6
 7.242504e+02 4.739541e+02 2.050734e+01 2.561895e+01 5.415379e+00 1.339048e+00
<GCONST> 3.201883e+01
<STATE> 4
<MEAN> 6
 1.081894e+02 3.414263e+00 2.238540e+00 1.041959e+00 7.743990e-01 3.155444e-01
<VARIANCE> 6
 4.172733e+02 3.576740e+01 3.839458e+00 2.960104e+00 3.173947e-01 6.787038e-02
<GCONST> 1.923083e+01
<TRANSP> 5
 0.000000e+00 1.000000e+00 0.000000e+00 0.000000e+00 0.000000e+00
 0.000000e+00 3.459679e-01 6.540321e-01 0.000000e+00 0.000000e+00
 0.000000e+00 0.000000e+00 6.481109e-01 3.518891e-01 0.000000e+00
 0.000000e+00 0.000000e+00 0.000000e+00 8.689250e-01 1.310750e-01
 0.000000e+00 0.000000e+00 0.000000e+00 0.000000e+00 0.000000e+00
<ENDHMM>
~h "fp_logo_1"
<BEGINHMM>
<NUMSTATES> 5
<STATE> 2
<MEAN> 6
 1.075170e+02 4.210747e+00 3.120172e+00 1.444178e+00 1.234650e+00 5.276987e-01
<VARIANCE> 6
 8.289114e+02 5.020492e+01 9.082370e+00 3.356402e+00 1.365485e+00 2.921805e-01
<GCONST> 2.416182e+01
<STATE> 3
<MEAN> 6
 2.751667e+02 5.348690e+01 5.764201e+01 1.486116e+01 1.709510e+01 7.344570e+00
<VARIANCE> 6
 2.899971e+04 3.353250e+03 5.682580e+03 1.659843e+02 2.724259e+02 4.120394e+01
<GCONST> 5.250294e+01
<STATE> 4
<MEAN> 6
 1.472356e+02 2.541781e+01 1.260296e+01 9.922557e+00 5.181918e+00 2.944571e+00
<VARIANCE> 6
 4.051310e+03 7.586793e+02 7.982162e+02 5.640550e+01 6.220399e+01 1.547816e+01
<GCONST> 4.355043e+01
<TRANSP> 5
 0.000000e+00 1.000000e+00 0.000000e+00 0.000000e+00 0.000000e+00
 0.000000e+00 8.745822e-01 1.254178e-01 0.000000e+00 0.000000e+00
 0.000000e+00 0.000000e+00 4.006380e-01 5.993620e-01 0.000000e+00
 0.000000e+00 0.000000e+00 0.000000e+00 7.022219e-01 2.977781e-01
 0.000000e+00 0.000000e+00 0.000000e+00 0.000000e+00 0.000000e+00
<ENDHMM>
~h "fp_logo_2"
<BEGINHMM>
<NUMSTATES> 5
<STATE> 2
<MEAN> 6
 1.557890e+02 2.377445e+01 2.621325e+01 7.731955e+00 7.988786e+00 3.739194e+00
<VARIANCE> 6
 9.645222e+03 1.440625e+03 2.075221e+03 9.042044e+01 1.610477e+02 3.371276e+01
<GCONST> 4.821618e+01
<STATE> 3
<MEAN> 6
 2.909378e+02 6.120966e+01 8.508709e+01 1.671169e+01 2.387399e+01 7.400048e+00
<VARIANCE> 6
 2.640264e+04 3.532669e+03 7.075222e+03 1.829275e+02 3.208149e+02 3.279327e+01
<GCONST> 5.271283e+01
<STATE> 4
<MEAN> 6
 1.226563e+02 1.394935e+01 3.680413e+00 5.553929e+00 1.447045e+00 1.139235e+00
<VARIANCE> 6
 1.985631e+03 9.012292e+02 4.825965e+01 8.302544e+01 1.940488e+00 3.603404e+00
<GCONST> 3.566528e+01
<TRANSP> 5
 0.000000e+00 1.000000e+00 0.000000e+00 0.000000e+00 0.000000e+00
 0.000000e+00 1.140691e-01 8.859309e-01 0.000000e+00 0.000000e+00
 0.000000e+00 0.000000e+00 7.120036e-01 2.879964e-01 0.000000e+00
 0.000000e+00 0.000000e+00 0.000000e+00 8.809379e-01 1.190621e-01
 0.000000e+00 0.000000e+00 0.000000e+00 0.000000e+00 0.000000e+00
<ENDHMM>
~h "fp_logo_3"
<BEGINHMM>
<NUMSTATES> 5
<STATE> 2
<MEAN> 6
 1.597743e+02 4.788601e+01 6.606611e+00 1.510359e+01 2.341862e+00 1.943536e+00
<VARIANCE> 6
 4.358462e+03 3.061990e+03 1.557381e+02 2.173856e+02 3.821335e+00 7.550663e+00
<GCONST> 4.122604e+01
<STATE> 3
<MEAN> 6
 1.542779e+02 2.399938e+01 1.579489e+01 1.014419e+01 5.479577e+00 3.040908e+00
<VARIANCE> 6
 6.904242e+03 1.696652e+03 8.986827e+02 2.258441e+02 1.747163e+02 3.654441e+01
<GCONST> 4.828603e+01
<STATE> 4
<MEAN> 6
 1.450391e+02 4.975374e+00 3.519946e+00 2.284080e+00 1.176410e+00 4.361282e-01
<VARIANCE> 6
 1.100372e+03 6.583694e+01 7.846425e+00 1.359140e+01 5.508336e-01 6.623299e-02
<GCONST> 2.357644e+01
<TRANSP> 5
 0.000000e+00 1.000000e+00 0.000000e+00 0.000000e+00 0.000000e+00
 0.000000e+00 4.554878e-01 5.445122e-01 0.000000e+00 0.000000e+00
 0.000000e+00 0.000000e+00 6.548149e-02 9.345185e-01 0.000000e+00
 0.000000e+00 0.000000e+00 0.000000e+00 8.900304e-01 1.099696e-01
 0.000000e+00 0.000000e+00 0.000000e+00 0.000000e+00 0.000000e+00
<ENDHMM>
~h "fp_logo_4"
<BEGINHMM>
<NUMSTATES> 5
<STATE> 2
<MEAN> 6
 1.795208e+02 1.229310e+01 4.746568e+00 4.440347e+00 1.524882e+00 5.152342e-01
<VARIANCE> 6
 7.117084e+02 2.465384e+02 8.645263e+00 2.857660e+01 7.267115e-01 1.024123e-01
<GCONST> 2.601407e+01
<STATE> 3
<MEAN> 6
 2.129386e+02 4.692687e+01 1.000195e+01 1.243914e+01 2.341583e+00 9.635581e-01
<VARIANCE> 6
 3.293628e+03 3.283170e+03 1.096676e+02 1.886751e+02 2.541268e+00 4.817311e-01
<GCONST> 3.736335e+01
<STATE> 4
<MEAN> 6
 2.309047e+02 4.455218e+00 4.419017e+00 1.745502e+00 1.898359e+00 6.476090e-01
<VARIANCE> 6
 5.731507e+02 1.462037e+01 1.527762e+01 1.542912e+00 1.974683e+00 6.249371e-01
<GCONST> 2.343119e+01
<TRANSP> 5
 0.000000e+00 1.000000e+00 0.000000e+00 0.000000e+00 0.000000e+00
 0.000000e+00 5.951868e-01 4.048133e-01 0.000000e+00 0.000000e+00
 0.000000e+00 0.000000e+00 4.066532e-01 5.933469e-01 0.000000e+00
 0.000000e+00 0.000000e+00 0.000000e+00 8.869337e-01 1.130663e-01
 0.000000e+00 0.000000e+00 0.000000e+00 0.000000e+00 0.000000e+00
<ENDHMM>
~h "fp_logo_5"
<BEGINHMM>
<NUMSTATES> 5
<STATE> 2
<MEAN> 6
 2.478068e+02 5.030850e+00 4.456394e+00 2.317195e+00 1.568025e+00 9.448516e-01
<VARIANCE> 6
 8.531177e+02 3.535425e+01 2.434728e+01 3.401958e+00 1.363474e+00 1.916228e+00
<GCONST> 2.671875e+01
<STATE> 3
<MEAN> 6
 2.542130e+02 7.900258e+00 5.282695e+00 3.162884e+00 2.864856e+00 2.357005e+00
<VARIANCE> 6
 9.325453e+02 6.340796e+01 2.180722e+01 2.837590e+00 4.577268e+00 9.581653e+00
<GCONST> 2.992092e+01
<STATE> 4
<MEAN> 6
 2.871183e+02 3.084260e+00 3.558021e+00 1.456687e+00 1.717573e+00 5.340230e-01
<VARIANCE> 6
 3.258126e+02 6.530740e+00 8.950856e+00 5.462028e-01 1.030174e+00 2.864216e-01
<GCONST> 1.905653e+01
<TRANSP> 5
 0.000000e+00 1.000000e+00 0.000000e+00 0.000000e+00 0.000000e+00
 0.000000e+00 5.139896e-01 4.860104e-01 0.000000e+00 0.000000e+00
 0.000000e+00 0.000000e+00 2.263587e-01 7.736413e-01 0.000000e+00
 0.000000e+00 0.000000e+00 0.000000e+00 8.843910e-01 1.156090e-01
 0.000000e+00 0.000000e+00 0.000000e+00 0.000000e+00 0.000000e+00
<ENDHMM>
~h "fp_screen"
<BEGINHMM>
<NUMSTATES> 5
<STATE> 2
<MEAN> 6
 3.314062e+02 5.356112e+00 7.438308e+00 1.310280e+00 2.642197e+00 8.168951e-01
<VARIANCE> 6
 3.056834e+04 2.114256e+01 3.355420e+02 1.550817e+00 3.065490e+01 1.696134e+00
<GCONST> 3.461194e+01
<STATE> 3
<MEAN> 6
 4.851830e+02 4.357239e+01 2.784296e+01 1.213816e+01 9.183391e+00 4.738679e+00
<VARIANCE> 6
 4.547775e+04 1.822053e+03 1.817622e+03 9.730054e+01 1.410491e+02 3.382133e+01
<GCONST> 4.981325e+01
<STATE> 4
<MEAN> 6
 3.356627e+02 6.202283e+00 5.370137e+00 1.579072e+00 1.625580e+00 5.648249e-01
<VARIANCE> 6
 1.038068e+04 4.101675e+01 6.663631e+01 2.578922e+00 5.176753e+00 3.330097e-01
<GCONST> 2.968016e+01
<TRANSP> 5
 0.000000e+00 1.000000e+00 0.000000e+00 0.000000e+00 0.000000e+00
 0.000000e+00 9.309998e-01 6.900018e-02 0.000000e+00 0.000000e+00
 0.000000e+00 0.000000e+00 9.405221e-01 5.947797e-02 0.000000e+00
 0.000000e+00 0.000000e+00 0.000000e+00 9.741564e-01 2.584357e-02
 0.000000e+00 0.000000e+00 0.000000e+00 0.000000e+00 0.000000e+00
<ENDHMM>
~h "fp_screen_0"
<BEGINHMM>
<NUMSTATES> 5
<STATE> 2
<MEAN> 6
 1.270547e+02 4.887638e+00 1.522455e+01 1.545719e+00 5.155247e+00 9.178367e-01
<VARIANCE> 6
 2.303054e+03 2.810849e+01 5.367394e+02 1.486986e+00 6.554161e+01 1.617876e+00
<GCONST> 3.345139e+01
<STATE> 3
<MEAN> 6
 4.193800e+02 2.530382e+01 4.355503e+01 8.020737e+00 1.456202e+01 5.905409e+00
<VARIANCE> 6
 3.166156e+04 1.205327e+03 1.426532e+03 6.013105e+01 1.111947e+02 4.308394e+01
<GCONST> 4.831858e+01
<STATE> 4
<MEAN> 6
 3.980584e+02 7.181118e+00 2.469489e+00 2.466962e+00 1.218267e+00 6.706432e-01
<VARIANCE> 6
 2.249642e+04 1.547224e+02 1.165176e+01 1.523402e+01 7.742488e+00 2.609866e+00
<GCONST> 3.427502e+01
<TRANSP> 5
 0.000000e+00 1.000000e+00 0.000000e+00 0.000000e+00 0.000000e+00
 0.000000e+00 6.905544e-01 3.094456e-01 0.000000e+00 0.000000e+00
 0.000000e+00 0.000000e+00 6.041843e-01 3.958157e-01 0.000000e+00
 0.000000e+00 0.000000e+00 0.000000e+00 8.397946e-01 1.602054e-01
 0.000000e+00 0.000000e+00 0.000000e+00 0.000000e+00 0.000000e+00
<ENDHMM>
~h "fp_screen_1"
<BEGINHMM>
<NUMSTATES> 5
<STATE> 2
<MEAN> 6
 4.141293e+02 6.292488e+00 1.882401e+00 1.529619e+00 9.159758e-01 5.787463e-01
<VARIANCE> 6
 1.728816e+04 1.052072e+02 8.757437e+00 5.964877e+00 5.949689e+00 2.085465e+00
<GCONST> 3.191509e+01
<STATE> 3
<MEAN> 6
 4.868662e+02 4.077717e+01 2.391416e+01 1.190753e+01 8.603654e+00 4.987947e+00
<VARIANCE> 6
 4.356789e+04 1.890997e+03 1.076933e+03 8.460455e+01 9.342416e+01 4.445724e+01
<GCONST> 4.900574e+01
<STATE> 4
<MEAN> 6
 3.966946e+02 2.129256e+01 1.229369e+01 5.482063e+00 3.494365e+00 1.949713e+00
<VARIANCE> 6
 3.246824e+04 6.218109e+02 1.028415e+03 2.926665e+01 3.462235e+01 1.321810e+01
<GCONST> 4.428623e+01
<TRANSP> 5
 0.000000e+00 1.000000e+00 0.000000e+00 0.000000e+00 0.000000e+00
 0.000000e+00 8.749400e-01 1.250600e-01 0.000000e+00 0.000000e+00
 0.000000e+00 0.000000e+00 5.778527e-01 4.221473e-01 0.000000e+00
 0.000000e+00 0.000000e+00 0.000000e+00 6.204930e-01 3.795070e-01
 0.000000e+00 0.000000e+00 0.000000e+00 0.000000e+00 0.000000e+00
<ENDHMM>
~h "fp_screen_2"
<BEGINHMM>
<NUMSTATES> 5
<STATE> 2
<MEAN> 6
 4.815810e+02 1.883334e+01 2.113987e+01 4.621450e+00 5.757059e+00 3.261692e+00
<VARIANCE> 6
 3.442396e+04 8.503616e+02 1.676292e+03 3.078876e+01 5.677903e+01 2.135139e+01
<GCONST> 4.617120e+01
<STATE> 3
<MEAN> 6
 6.199905e+02 6.022178e+01 4.056064e+01 1.761786e+01 1.515957e+01 7.318329e+00
<VARIANCE> 6
 3.092843e+04 2.742870e+03 2.322798e+03 1.501514e+02 2.516306e+02 4.169658e+01
<GCONST> 5.130400e+01
<STATE> 4
<MEAN> 6
 3.591775e+02 1.935084e+01 5.472069e+00 3.506339e+00 1.638206e+00 1.093211e+00
<VARIANCE> 6
 2.201145e+04 5.657170e+02 2.652986e+02 2.140292e+01 8.070355e+00 3.340392e+00
<GCONST> 3.930334e+01
<TRANSP> 5
 0.000000e+00 1.000000e+00 0.000000e+00 0.000000e+00 0.000000e+00
 0.000000e+00 3.708798e-01 6.291202e-01 0.000000e+00 0.000000e+00
 0.000000e+00 0.000000e+00 7.717546e-01 2.282454e-01 0.000000e+00
 0.000000e+00 0.000000e+00 0.000000e+00 8.577369e-01 1.422631e-01
 0.000000e+00 0.000000e+00 0.000000e+00 0.000000e+00 0.000000e+00
<ENDHMM>
~h "fp_screen_3"
<BEGINHMM>
<NUMSTATES> 5
<STATE> 2
<MEAN> 6
 3.193587e+02 3.258781e+01 1.054493e+01 7.710328e+00 3.198562e+00 1.678330e+00
<VARIANCE> 6
 3.504706e+04 7.456803e+02 5.897654e+02 5.360596e+01 1.712316e+01 5.431163e+00
<GCONST> 4.299998e+01
<STATE> 3
<MEAN> 6
 4.938672e+02 4.189857e+01 2.605740e+01 9.601430e+00 4.426957e+00 3.035478e+00
<VARIANCE> 6
 4.411896e+04 2.821382e+03 2.277278e+03 1.124514e+02 2.760482e+01 1.796939e+01
<GCONST> 4.832681e+01
<STATE> 4
<MEAN> 6
 3.854970e+02 7.637364e+00 3.262302e+00 1.235802e+00 8.555056e-01 4.906220e-01
<VARIANCE> 6
 8.529490e+03 5.520589e+01 9.902648e+00 1.777446e+00 5.872481e-01 2.588864e-01
<GCONST> 2.507393e+01
<TRANSP> 5
 0.000000e+00 1.000000e+00 0.000000e+00 0.000000e+00 0.000000e+00
 0.000000e+00 6.630687e-01 3.369313e-01 0.000000e+00 0.000000e+00
 0.000000e+00 0.000000e+00 2.538162e-01 7.461838e-01 0.000000e+00
 0.000000e+00 0.000000e+00 0.000000e+00 8.699929e-01 1.300072e-01
 0.000000e+00 0.000000e+00 0.000000e+00 0.000000e+00 0.000000e+00
<ENDHMM>
~h "fp_screen_4"
<BEGINHMM>
<NUMSTATES> 5
<STATE> 2
<MEAN> 6
 3.610868e+02 7.241572e+00 4.497612e+00 1.319100e+00 9.344220e-01 5.099303e-01
<VARIANCE> 6
 8.171091e+03 5.846297e+01 1.914422e+01 2.543456e+00 6.696012e-01 2.294879e-01
<GCONST> 2.611656e+01
<STATE> 3
<MEAN> 6
 3.731451e+02 2.250781e+01 4.158040e+01 8.929839e+00 9.086671e+00 2.983724e+00
<VARIANCE> 6
 4.394446e+04 8.799366e+02 2.725929e+03 8.343919e+01 1.169630e+02 1.274622e+01
<GCONST> 4.813957e+01
<STATE> 4
<MEAN> 6
 1.997182e+02 6.262673e+00 8.164880e+00 2.456060e+00 2.531871e+00 9.485763e-01
<VARIANCE> 6
 2.041690e+03 3.315152e+01 5.874999e+01 6.224793e+00 4.550165e+00 8.381842e-01
<GCONST> 2.939036e+01
<TRANSP> 5
 0.000000e+00 1.000000e+00 0.000000e+00 0.000000e+00 0.000000e+00
 0.000000e+00 8.488929e-01 1.511071e-01 0.000000e+00 0.000000e+00
 0.000000e+00 0.000000e+00 4.642035e-01 5.357965e-01 0.000000e+00
 0.000000e+00 0.000000e+00 0.000000e+00 7.785552e-01 2.214448e-01
 0.000000e+00 0.000000e+00 0.000000e+00 0.000000e+00 0.000000e+00
<ENDHMM>
~h "fp_screen_5"
<BEGINHMM>
<NUMSTATES> 5
<STATE> 2
<MEAN> 6
 1.867397e+02 5.866156e+00 9.045127e+00 2.443092e+00 3.432417e+00 1.235553e+00
<VARIANCE> 6
 1.912424e+03 4.213659e+01 7.923509e+01 1.095302e+01 6.893231e+00 1.778293e+00
<GCONST> 3.159653e+01
<STATE> 3
<MEAN> 6
 2.569997e+02 8.159093e+00 2.590566e+01 2.708546e+00 8.387706e+00 1.452091e+00
<VARIANCE> 6
 1.674703e+03 1.077009e+02 3.210716e+02 4.001929e+00 2.557771e+01 1.637415e+00
<GCONST> 3.402329e+01
<STATE> 4
<MEAN> 6
 3.459931e+02 2.458309e+00 3.070508e+00 1.155056e+00 1.355023e+00 3.868256e-01
<VARIANCE> 6
 7.640968e+02 4.407172e+00 5.649115e+00 4.512163e-01 7.326197e-01 6.301240e-02
<GCONST> 1.700933e+01
<TRANSP> 5
 0.000000e+00 1.000000e+00 0.000000e+00 0.000000e+00 0.000000e+00
 0.000000e+00 3.458830e-01 6.541170e-01 0.000000e+00 0.000000e+00
 0.000000e+00 0.000000e+00 3.609410e-01 6.390589e-01 0.000000e+00
 0.000000e+00 0.000000e+00 0.000000e+00 8.877215e-01 1.122785e-01
 0.000000e+00 0.000000e+00 0.000000e+00 0.000000e+00 0.000000e+00
<ENDHMM>
~h "fp_key"
<BEGINHMM>
<NUMSTATES> 5
<STATE> 2
<MEAN> 6
 1.521754e+02 3.865668e+00 3.327720e+00 1.167771e+00 1.074195e+00 3.931248e-01
<VARIANCE> 6
 4.284484e+03 1.398510e+01 8.284050e+00 6.603000e-01 6.540298e-01 1.239379e-01
<GCONST> 2.121470e+01
<STATE> 3
<MEAN> 6
 3.347579e+02 6.815128e+01 2.722013e+01 1.603853e+01 9.102573e+00 3.707401e+00
<VARIANCE> 6
 3.872557e+04 3.908248e+03 2.178875e+03 1.778764e+02 1.619818e+02 2.253988e+01
<GCONST> 5.093279e+01
<STATE> 4
<MEAN> 6
 2.212211e+02 1.133538e+01 6.038880e+00 2.330580e+00 1.801852e+00 6.802568e-01
<VARIANCE> 6
 1.120203e+04 2.703943e+02 8.039747e+01 4.855610e+00 3.749036e+00 7.090458e-01
<GCONST> 3.289577e+01
<TRANSP> 5
 0.000000e+00 1.000000e+00 0.000000e+00 0.000000e+00 0.000000e+00
 0.000000e+00 9.174180e-01 8.258201e-02 0.000000e+00 0.000000e+00
 0.000000e+00 0.000000e+00 9.695789e-01 3.042119e-02 0.000000e+00
 0.000000e+00 0.000000e+00 0.000000e+00 9.600304e-01 3.996965e-02
 0.000000e+00 0.000000e+00 0.000000e+00 0.000000e+00 0.000000e+00
<ENDHMM>
~h "fp_key_0"
<BEGINHMM>
<NUMSTATES> 5
<STATE> 2
<MEAN> 6
 1.862455e+02 4.227047e+00 3.731287e+00 1.266183e+00 1.268384e+00 4.577383e-01
<VARIANCE> 6
 2.541584e+03 1.817426e+01 1.094412e+01 9.836585e-01 8.531476e-01 1.647307e-01
<GCONST> 2.218187e+01
<STATE> 3
<MEAN> 6
 2.424879e+02 4.782326e+01 3.225610e+01 1.196728e+01 1.199342e+01 3.718438e+00
<VARIANCE> 6
 1.458513e+04 2.757614e+03 1.677505e+03 1.019798e+02 1.462368e+02 1.351422e+01
<GCONST> 4.817595e+01
<STATE> 4
<MEAN> 6
 3.679914e+02 8.212846e+01 7.630510e+00 1.444452e+01 2.366614e+00 1.339976e+00
<VARIANCE> 6
 5.003048e+04 5.152680e+03 1.586035e+02 1.719479e+02 8.182611e+00 4.071874e+00
<GCONST> 4.411464e+01
<TRANSP> 5
 0.000000e+00 1.000000e+00 0.000000e+00 0.000000e+00 0.000000e+00
 0.000000e+00 8.141019e-01 1.858982e-01 0.000000e+00 0.000000e+00
 0.000000e+00 0.000000e+00 5.956410e-01 4.043590e-01 0.000000e+00
 0.000000e+00 0.000000e+00 0.000000e+00 7.589003e-01 2.410997e-01
 0.000000e+00 0.000000e+00 0.000000e+00 0.000000e+00 0.000000e+00
<ENDHMM>
~h "fp_key_1"
<BEGINHMM>
<NUMSTATES> 5
<STATE> 2
<MEAN> 6
 1.413112e+02 1.502176e+01 5.282025e+00 3.179333e+00 1.805790e+00 8.221739e-01
<VARIANCE> 6
 9.528294e+03 1.111056e+03 1.101726e+02 3.475728e+01 1.232484e+01 2.736439e+00
<GCONST> 3.897106e+01
<STATE> 3
<MEAN> 6
 3.268137e+02 7.420813e+01 5.126428e+01 2.061608e+01 1.514400e+01 5.638823e+00
<VARIANCE> 6
 3.508207e+04 4.051162e+03 4.256307e+03 2.743944e+02 2.554031e+02 4.143559e+01
<GCONST> 5.303717e+01
<STATE> 4
<MEAN> 6
 3.793537e+02 6.814117e+01 1.096032e+01 1.794405e+01 5.342558e+00 2.416645e+00
<VARIANCE> 6
 4.556696e+04 3.159074e+03 3.057611e+02 1.765477e+02 9.339534e+01 9.528216e+00
<GCONST> 4.749973e+01
<TRANSP> 5
 0.000000e+00 1.000000e+00 0.000000e+00 0.000000e+00 0.000000e+00
 0.000000e+00 8.695115e-01 1.304885e-01 0.000000e+00 0.000000e+00
 0.000000e+00 0.000000e+00 6.300917e-01 3.699083e-01 0.000000e+00
 0.000000e+00 0.000000e+00 0.000000e+00 6.202216e-01 3.797784e-01
 0.000000e+00 0.000000e+00 0.000000e+00 0.000000e+00 0.000000e+00
<ENDHMM>
~h "fp_key_2"
<BEGINHMM>
<NUMSTATES> 5
<STATE> 2
<MEAN> 6
 2.554839e+02 4.993855e+01 9.802584e+00 1.356616e+01 5.358307e+00 2.345271e+00
<VARIANCE> 6
 3.538957e+04 2.537272e+03 3.194761e+02 1.610300e+02 9.658476e+01 1.244925e+01
<GCONST> 4.728063e+01
<STATE> 3
<MEAN> 6
 3.178104e+02 8.722434e+01 5.221562e+01 1.866610e+01 1.614234e+01 5.191886e+00
<VARIANCE> 6
 2.665686e+04 4.381721e+03 4.157467e+03 2.200173e+02 2.633175e+02 3.013305e+01
<GCONST> 5.230861e+01
<STATE> 4
<MEAN> 6
 1.350798e+02 1.760870e+01 7.000513e+00 5.309219e+00 2.551767e+00 1.493070e+00
<VARIANCE> 6
 1.445506e+04 1.265470e+03 2.890902e+02 1.127838e+02 2.487680e+01 1.395975e+01
<GCONST> 4.399158e+01
<TRANSP> 5
 0.000000e+00 1.000000e+00 0.000000e+00 0.000000e+00 0.000000e+00
 0.000000e+00 7.546315e-01 2.453685e-01 0.000000e+00 0.000000e+00
 0.000000e+00 0.000000e+00 6.434126e-01 3.565874e-01 0.000000e+00
 0.000000e+00 0.000000e+00 0.000000e+00 8.366049e-01 1.633951e-01
 0.000000e+00 0.000000e+00 0.000000e+00 0.000000e+00 0.000000e+00
<ENDHMM>
~h "fp_key_3"
<BEGINHMM>
<NUMSTATES> 5
<STATE> 2
<MEAN> 6
 3.894760e+02 8.729201e+01 1.239254e+01 2.072158e+01 4.932338e+00 3.182037e+00
<VARIANCE> 6
 3.311425e+04 3.927471e+03 5.102901e+02 2.214958e+02 3.931068e+01 2.340613e+01
<GCONST> 4.817061e+01
<STATE> 3
<MEAN> 6
 2.978202e+02 6.423345e+01 7.346606e+01 1.567988e+01 2.377290e+01 7.132427e+00
<VARIANCE> 6
 2.488993e+04 3.367273e+03 5.618610e+03 1.337177e+02 3.423774e+02 3.204213e+01
<GCONST> 5.210387e+01
<STATE> 4
<MEAN> 6
 1.545230e+02 1.677938e+01 4.843639e+00 4.158433e+00 2.153905e+00 1.063614e+00
<VARIANCE> 6
 8.890916e+03 9.322408e+02 4.629179e+01 4.421394e+01 6.923262e+00 1.734252e+00
<GCONST> 3.706711e+01
<TRANSP> 5
 0.000000e+00 1.000000e+00 0.000000e+00 0.000000e+00 0.000000e+00
 0.000000e+00 7.135856e-01 2.864144e-01 0.000000e+00 0.000000e+00
 0.000000e+00 0.000000e+00 5.696001e-01 4.303999e-01 0.000000e+00
 0.000000e+00 0.000000e+00 0.000000e+00 8.383220e-01 1.616780e-01
 0.000000e+00 0.000000e+00 0.000000e+00 0.000000e+00 0.000000e+00
<ENDHMM>
~h "fp_key_4"
<BEGINHMM>
<NUMSTATES> 5
<STATE> 2
<MEAN> 6
 3.921508e+02 6.573984e+01 7.744020e+00 1.260023e+01 2.773215e+00 1.587253e+00
<VARIANCE> 6
 4.053024e+04 3.063822e+03 8.400397e+01 9.597832e+01 8.743825e+00 2.330180e+00
<GCONST> 4.167376e+01
<STATE> 3
<MEAN> 6
 4.195004e+02 8.395604e+01 5.196174e+01 2.083191e+01 1.539185e+01 7.153374e+00
<VARIANCE> 6
 2.295466e+04 3.442665e+03 2.581557e+03 1.621931e+02 1.799279e+02 4.062550e+01
<GCONST> 5.105442e+01
<STATE> 4
<MEAN> 6
 2.347479e+02 1.190315e+01 8.599331e+00 3.439389e+00 2.865215e+00 1.406380e+00
<VARIANCE> 6
 9.897765e+03 3.752837e+02 3.967133e+02 1.193391e+01 2.255576e+01 3.882380e+00
<GCONST> 3.909005e+01
<TRANSP> 5
 0.000000e+00 1.000000e+00 0.000000e+00 0.000000e+00 0.000000e+00
 0.000000e+00 7.706675e-01 2.293325e-01 0.000000e+00 0.000000e+00
 0.000000e+00 0.000000e+00 6.675336e-01 3.324664e-01 0.000000e+00
 0.000000e+00 0.000000e+00 0.000000e+00 8.224336e-01 1.775664e-01
 0.000000e+00 0.000000e+00 0.000000e+00 0.000000e+00 0.000000e+00
<ENDHMM>
~h "fp_key_5"
<BEGINHMM>
<NUMSTATES> 5
<STATE> 2
<MEAN> 6
 3.319130e+02 2.132174e+01 2.963712e+01 5.980142e+00 7.787668e+00 2.849321e+00
<VARIANCE> 6
 2.007191e+04 1.284912e+03 2.552531e+03 4.061876e+01 1.078168e+02 1.489326e+01
<GCONST> 4.702320e+01
<STATE> 3
<MEAN> 6
 2.648817e+02 1.929021e+01 7.853158e+00 3.692338e+00 2.920381e+00 1.205779e+00
<VARIANCE> 6
 4.067254e+03 5.722460e+02 1.011430e+02 7.718221e+00 4.877239e+00 1.100351e+00
<GCONST> 3.402789e+01
<STATE> 4
<MEAN> 6
 3.124767e+02 3.966724e+00 7.240315e+00 1.059623e+00 1.630849e+00 4.050340e-01
<VARIANCE> 6
 6.721713e+03 4.499301e+01 1.603795e+02 1.117145e+00 5.987211e+00 1.105146e-01
<GCONST> 2.842220e+01
<TRANSP> 5
 0.000000e+00 1.000000e+00 0.000000e+00 0.000000e+00 0.000000e+00
 0.000000e+00 6.546327e-02 9.345368e-01 0.000000e+00 0.000000e+00
 0.000000e+00 0.000000e+00 5.504412e-01 4.495588e-01 0.000000e+00
 0.000000e+00 0.000000e+00 0.000000e+00 8.851307e-01 1.148693e-01
 0.000000e+00 0.000000e+00 0.000000e+00 0.000000e+00 0.000000e+00
<ENDHMM>
