~o
<STREAMINFO> 1 6
<VECSIZE> 6<NULLD><MFCC><DIAGC>
~h "fp_logo_0"
<BEGINHMM>
<NUMSTATES> 5
<STATE> 2
<MEAN> 6
 1.304563e+02 8.991281e+00 3.773783e+00 4.355453e+00 1.878047e+00 7.366322e-01
<VARIANCE> 6
 1.834957e+03 1.049301e+02 1.088494e+01 1.419836e+01 1.616670e+00 3.128940e-01
<GCONST> 2.755432e+01
<STATE> 3
<MEAN> 6
 1.517370e+02 1.228438e+01 5.743931e+00 5.634997e+00 3.416289e+00 1.555357e+00
<VARIANCE> 6
 3.215025e+03 2.151742e+02 3.132508e+01 2.538307e+01 6.025678e+00 1.541140e+00
<GCONST> 3.338136e+01
<STATE> 4
<MEAN> 6
 1.197323e+02 3.727818e+00 2.607272e+00 1.374390e+00 1.098892e+00 3.662948e-01
<VARIANCE> 6
 1.365661e+03 1.768974e+01 4.517296e+00 2.054443e+00 5.844696e-01 6.868384e-02
<GCONST> 2.013227e+01
<TRANSP> 5
 0.000000e+00 1.000000e+00 0.000000e+00 0.000000e+00 0.000000e+00
 0.000000e+00 5.362793e-01 4.637207e-01 0.000000e+00 0.000000e+00
 0.000000e+00 0.000000e+00 2.377888e-01 7.622112e-01 0.000000e+00
 0.000000e+00 0.000000e+00 0.000000e+00 8.846020e-01 1.153980e-01
 0.000000e+00 0.000000e+00 0.000000e+00 0.000000e+00 0.000000e+00
<ENDHMM>
~h "fp_logo_1"
<BEGINHMM>
<NUMSTATES> 5
<STATE> 2
<MEAN> 6
 1.427892e+02 5.690972e+00 3.604839e+00 3.020100e+00 2.352839e+00 1.712610e+00
<VARIANCE> 6
 1.910326e+03 4.589449e+01 7.855410e+00 6.350934e+00 2.015960e+00 2.447839e+00
<GCONST> 2.791474e+01
<STATE> 3
<MEAN> 6
 3.141471e+02 5.620721e+01 6.482761e+01 1.756104e+01 1.696558e+01 7.513424e+00
<VARIANCE> 6
 3.451716e+04 4.263720e+03 5.864740e+03 2.804898e+02 2.704710e+02 4.745583e+01
<GCONST> 5.360759e+01
<STATE> 4
<MEAN> 6
 1.931188e+02 1.943404e+01 1.302267e+01 7.643511e+00 7.004549e+00 3.202317e+00
<VARIANCE> 6
 6.091019e+03 1.133445e+03 4.719100e+02 8.386961e+01 9.771568e+01 1.198388e+01
<GCONST> 4.442653e+01
<TRANSP> 5
 0.000000e+00 1.000000e+00 0.000000e+00 0.000000e+00 0.000000e+00
 0.000000e+00 6.430347e-01 3.569653e-01 0.000000e+00 0.000000e+00
 0.000000e+00 0.000000e+00 3.886798e-01 6.113201e-01 0.000000e+00
 0.000000e+00 0.000000e+00 0.000000e+00 6.850319e-02 9.314968e-01
 0.000000e+00 0.000000e+00 0.000000e+00 0.000000e+00 0.000000e+00
<ENDHMM>
~h "fp_logo_2"
<BEGINHMM>
<NUMSTATES> 5
<STATE> 2
<MEAN> 6
 2.184977e+02 2.926822e+01 2.799073e+01 9.492792e+00 8.939152e+00 3.826591e+00
<VARIANCE> 6
 1.144191e+04 2.683761e+03 2.294603e+03 1.228790e+02 1.387875e+02 2.572145e+01
<GCONST> 4.899706e+01
<STATE> 3
<MEAN> 6
 4.074564e+02 7.767340e+01 9.250397e+01 2.040822e+01 2.533280e+01 9.165811e+00
<VARIANCE> 6
 3.929504e+04 5.764400e+03 8.022390e+03 3.682173e+02 3.445186e+02 5.532874e+01
<GCONST> 5.501968e+01
<STATE> 4
<MEAN> 6
 1.701521e+02 1.024063e+01 4.700052e+00 5.073947e+00 2.830727e+00 2.009970e+00
<VARIANCE> 6
 2.030522e+03 1.767757e+02 2.403076e+01 2.042272e+01 2.608453e+00 2.909257e+00
<GCONST> 3.204083e+01
<TRANSP> 5
 0.000000e+00 1.000000e+00 0.000000e+00 0.000000e+00 0.000000e+00
 0.000000e+00 9.343462e-03 9.906566e-01 0.000000e+00 0.000000e+00
 0.000000e+00 0.000000e+00 7.103091e-01 2.896909e-01 0.000000e+00
 0.000000e+00 0.000000e+00 0.000000e+00 4.967905e-01 5.032095e-01
 0.000000e+00 0.000000e+00 0.000000e+00 0.000000e+00 0.000000e+00
<ENDHMM>
~h "fp_logo_3"
<BEGINHMM>
<NUMSTATES> 5
<STATE> 2
<MEAN> 6
 1.950772e+02 1.471279e+01 8.995213e+00 7.039714e+00 4.762256e+00 2.385825e+00
<VARIANCE> 6
 2.634822e+03 6.457543e+02 1.435773e+02 8.020457e+01 5.936204e+01 4.599579e+00
<GCONST> 4.033533e+01
<STATE> 3
<MEAN> 6
 3.644539e+02 9.187946e+01 2.407467e+01 2.385439e+01 7.275440e+00 4.985030e+00
<VARIANCE> 6
 4.252804e+04 1.020704e+04 1.815904e+03 5.140984e+02 9.994429e+01 3.374644e+01
<GCONST> 5.278626e+01
<STATE> 4
<MEAN> 6
 1.899435e+02 5.600080e+00 3.579913e+00 2.851601e+00 1.790128e+00 8.260608e-01
<VARIANCE> 6
 3.638938e+03 6.818584e+01 5.915108e+00 7.043439e+00 1.140325e+00 5.854537e-01
<GCONST> 2.677450e+01
<TRANSP> 5
 0.000000e+00 1.000000e+00 0.000000e+00 0.000000e+00 0.000000e+00
 0.000000e+00 4.042364e-02 9.595763e-01 0.000000e+00 0.000000e+00
 0.000000e+00 0.000000e+00 4.896958e-01 5.103042e-01 0.000000e+00
 0.000000e+00 0.000000e+00 0.000000e+00 6.373670e-01 3.626330e-01
 0.000000e+00 0.000000e+00 0.000000e+00 0.000000e+00 0.000000e+00
<ENDHMM>
~h "fp_logo_4"
<BEGINHMM>
<NUMSTATES> 5
<STATE> 2
<MEAN> 6
 2.174909e+02 2.349698e+01 4.382984e+00 9.322069e+00 2.316004e+00 1.110985e+00
<VARIANCE> 6
 3.997487e+03 5.754306e+02 1.817971e+01 4.761153e+01 1.840709e+00 9.405500e-01
<GCONST> 3.298804e+01
<STATE> 3
<MEAN> 6
 2.790090e+02 2.269646e+01 1.358151e+01 7.548640e+00 4.366271e+00 2.424604e+00
<VARIANCE> 6
 3.141732e+04 1.481550e+03 5.761074e+02 9.666898e+01 3.124830e+01 9.636211e+00
<GCONST> 4.531830e+01
<STATE> 4
<MEAN> 6
 2.395031e+02 3.955666e+00 3.938030e+00 1.844467e+00 1.908524e+00 6.210849e-01
<VARIANCE> 6
 2.827195e+03 9.093805e+00 1.074321e+01 1.000800e+00 1.104939e+00 2.193602e-01
<GCONST> 2.213972e+01
<TRANSP> 5
 0.000000e+00 1.000000e+00 0.000000e+00 0.000000e+00 0.000000e+00
 0.000000e+00 6.250006e-01 3.749994e-01 0.000000e+00 0.000000e+00
 0.000000e+00 0.000000e+00 2.731179e-01 7.268822e-01 0.000000e+00
 0.000000e+00 0.000000e+00 0.000000e+00 8.853536e-01 1.146463e-01
 0.000000e+00 0.000000e+00 0.000000e+00 0.000000e+00 0.000000e+00
<ENDHMM>
~h "fp_logo_5"
<BEGINHMM>
<NUMSTATES> 5
<STATE> 2
<MEAN> 6
 2.837251e+02 6.070400e+00 4.856689e+00 2.984735e+00 2.666124e+00 1.219766e+00
<VARIANCE> 6
 4.158906e+03 3.820511e+01 2.127210e+01 9.177085e+00 3.554498e+00 8.128198e-01
<GCONST> 2.933831e+01
<STATE> 3
<MEAN> 6
 2.943142e+02 6.586802e+00 7.694113e+00 2.972030e+00 3.129961e+00 1.560364e+00
<VARIANCE> 6
 4.078480e+03 5.597527e+01 1.881886e+02 1.073651e+01 7.017713e+00 3.997509e+00
<GCONST> 3.431085e+01
<STATE> 4
<MEAN> 6
 3.718614e+02 2.710052e+00 3.056255e+00 1.289817e+00 1.203475e+00 4.141762e-01
<VARIANCE> 6
 6.698211e+03 6.588469e+00 5.735901e+00 1.417183e+00 8.105314e-01 1.285776e-01
<GCONST> 2.155631e+01
<TRANSP> 5
 0.000000e+00 1.000000e+00 0.000000e+00 0.000000e+00 0.000000e+00
 0.000000e+00 1.081567e-01 8.918433e-01 0.000000e+00 0.000000e+00
 0.000000e+00 0.000000e+00 8.355468e-02 9.164453e-01 0.000000e+00
 0.000000e+00 0.000000e+00 0.000000e+00 9.246920e-01 7.530805e-02
 0.000000e+00 0.000000e+00 0.000000e+00 0.000000e+00 0.000000e+00
<ENDHMM>
~h "bg_white_0"
<BEGINHMM>
<NUMSTATES> 5
<STATE> 2
<MEAN> 6
 7.557518e+02 2.352495e+00 4.307914e+00 1.061938e+00 1.524568e+00 7.037674e-01
<VARIANCE> 6
 5.362616e+03 3.665485e+01 3.364957e+02 2.777831e+00 1.688120e+01 1.450608e+00
<GCONST> 3.325445e+01
<STATE> 3
<MEAN> 6
 6.975194e+02 3.679235e+01 2.613237e+01 1.492346e+01 1.695759e+01 1.139649e+01
<VARIANCE> 6
 6.818309e+03 1.565394e+03 1.455159e+03 1.447201e+02 2.408393e+02 1.351283e+02
<GCONST> 4.985855e+01
<STATE> 4
<MEAN> 6
 7.312442e+02 4.736051e+00 4.939922e+00 2.681080e+00 2.897923e+00 2.108038e+00
<VARIANCE> 6
 1.699811e+04 5.419804e+01 1.256847e+02 1.124519e+01 2.184813e+01 6.143568e+00
<GCONST> 3.691400e+01
<TRANSP> 5
 0.000000e+00 1.000000e+00 0.000000e+00 0.000000e+00 0.000000e+00
 0.000000e+00 9.121327e-01 8.786726e-02 0.000000e+00 0.000000e+00
 0.000000e+00 0.000000e+00 6.198270e-01 3.801730e-01 0.000000e+00
 0.000000e+00 0.000000e+00 0.000000e+00 3.616472e-01 6.383528e-01
 0.000000e+00 0.000000e+00 0.000000e+00 0.000000e+00 0.000000e+00
<ENDHMM>
~h "fp_screen_0"
<BEGINHMM>
<NUMSTATES> 5
<STATE> 2
<MEAN> 6
 3.625510e+02 1.046423e+01 1.306661e+01 3.503427e+00 4.080209e+00 1.231025e+00
<VARIANCE> 6
 1.885123e+04 1.804956e+02 4.409382e+02 1.650965e+01 2.305053e+01 1.805395e+00
<GCONST> 3.868862e+01
<STATE> 3
<MEAN> 6
 4.503406e+02 3.966823e+01 2.597710e+01 7.967026e+00 6.839328e+00 3.853452e+00
<VARIANCE> 6
 4.051782e+04 2.625115e+03 1.337388e+03 5.689477e+01 6.238645e+01 2.942848e+01
<GCONST> 4.826463e+01
<STATE> 4
<MEAN> 6
 3.476725e+02 1.038899e+01 3.615679e+00 2.954915e+00 1.899815e+00 8.878722e-01
<VARIANCE> 6
 3.157789e+04 1.388436e+02 1.353394e+01 7.662475e+00 2.058907e+00 7.954111e-01
<GCONST> 3.145564e+01
<TRANSP> 5
 0.000000e+00 1.000000e+00 0.000000e+00 0.000000e+00 0.000000e+00
 0.000000e+00 6.579796e-02 9.342020e-01 0.000000e+00 0.000000e+00
 0.000000e+00 0.000000e+00 2.712036e-01 7.287963e-01 0.000000e+00
 0.000000e+00 0.000000e+00 0.000000e+00 6.802846e-01 3.197155e-01
 0.000000e+00 0.000000e+00 0.000000e+00 0.000000e+00 0.000000e+00
<ENDHMM>
~h "fp_screen_1"
<BEGINHMM>
<NUMSTATES> 5
<STATE> 2
<MEAN> 6
 3.412770e+02 2.509298e+01 4.550623e+00 6.368629e+00 2.203846e+00 1.366424e+00
<VARIANCE> 6
 2.181386e+04 7.442549e+02 3.278002e+01 3.163726e+01 3.927542e+00 2.629917e+00
<GCONST> 3.690907e+01
<STATE> 3
<MEAN> 6
 4.767417e+02 3.943022e+01 2.601049e+01 1.116033e+01 7.403904e+00 2.724519e+00
<VARIANCE> 6
 4.108690e+04 3.389723e+03 1.649561e+03 2.438549e+02 8.335008e+01 1.327575e+01
<GCONST> 4.969304e+01
<STATE> 4
<MEAN> 6
 3.764505e+02 1.101665e+01 4.398762e+00 2.990831e+00 2.171933e+00 1.000528e+00
<VARIANCE> 6
 1.258152e+04 2.032240e+02 2.292470e+01 1.247595e+01 3.274019e+00 1.005678e+00
<GCONST> 3.262925e+01
<TRANSP> 5
 0.000000e+00 1.000000e+00 0.000000e+00 0.000000e+00 0.000000e+00
 0.000000e+00 3.239570e-01 6.760431e-01 0.000000e+00 0.000000e+00
 0.000000e+00 0.000000e+00 3.039666e-01 6.960334e-01 0.000000e+00
 0.000000e+00 0.000000e+00 0.000000e+00 4.147328e-01 5.852672e-01
 0.000000e+00 0.000000e+00 0.000000e+00 0.000000e+00 0.000000e+00
<ENDHMM>
~h "fp_screen_2"
<BEGINHMM>
<NUMSTATES> 5
<STATE> 2
<MEAN> 6
 3.522650e+02 1.418171e+01 6.611986e+00 4.470012e+00 3.278348e+00 1.527475e+00
<VARIANCE> 6
 1.478299e+04 3.091735e+02 7.714061e+01 2.162080e+01 8.841150e+00 2.064911e+00
<GCONST> 3.668619e+01
<STATE> 3
<MEAN> 6
 5.918507e+02 8.318025e+01 4.343924e+01 2.146745e+01 1.909548e+01 8.790031e+00
<VARIANCE> 6
 3.848939e+04 5.226240e+03 2.785595e+03 2.110727e+02 3.216740e+02 5.883981e+01
<GCONST> 5.327962e+01
<STATE> 4
<MEAN> 6
 4.278340e+02 3.416774e+01 1.970249e+01 1.168936e+01 8.008732e+00 3.972117e+00
<VARIANCE> 6
 2.957445e+04 1.571529e+03 9.442557e+02 1.231983e+02 8.194299e+01 1.489901e+01
<GCONST> 4.745324e+01
<TRANSP> 5
 0.000000e+00 1.000000e+00 0.000000e+00 0.000000e+00 0.000000e+00
 0.000000e+00 2.687751e-01 7.312250e-01 0.000000e+00 0.000000e+00
 0.000000e+00 0.000000e+00 6.714401e-01 3.285598e-01 0.000000e+00
 0.000000e+00 0.000000e+00 0.000000e+00 1.449948e-01 8.550053e-01
 0.000000e+00 0.000000e+00 0.000000e+00 0.000000e+00 0.000000e+00
<ENDHMM>
~h "fp_screen_3"
<BEGINHMM>
<NUMSTATES> 5
<STATE> 2
<MEAN> 6
 4.200944e+02 3.291236e+01 1.599802e+01 1.063314e+01 7.955446e+00 3.973026e+00
<VARIANCE> 6
 3.029182e+04 1.436895e+03 5.883798e+02 9.538033e+01 9.969863e+01 1.588885e+01
<GCONST> 4.691915e+01
<STATE> 3
<MEAN> 6
 5.323704e+02 7.057683e+01 4.946479e+01 1.637207e+01 1.648775e+01 8.261824e+00
<VARIANCE> 6
 4.001705e+04 5.403012e+03 3.534228e+03 1.523574e+02 2.130119e+02 5.454159e+01
<GCONST> 5.277583e+01
<STATE> 4
<MEAN> 6
 3.682322e+02 8.196087e+00 3.568859e+00 2.149547e+00 1.606495e+00 7.831413e-01
<VARIANCE> 6
 6.334451e+03 6.878479e+01 9.996431e+00 4.142316e+00 1.453054e+00 7.454556e-01
<GCONST> 2.781540e+01
<TRANSP> 5
 0.000000e+00 1.000000e+00 0.000000e+00 0.000000e+00 0.000000e+00
 0.000000e+00 1.193117e-01 8.806883e-01 0.000000e+00 0.000000e+00
 0.000000e+00 0.000000e+00 4.897211e-01 5.102789e-01 0.000000e+00
 0.000000e+00 0.000000e+00 0.000000e+00 8.780543e-01 1.219457e-01
 0.000000e+00 0.000000e+00 0.000000e+00 0.000000e+00 0.000000e+00
<ENDHMM>
~h "fp_screen_4"
<BEGINHMM>
<NUMSTATES> 5
<STATE> 2
<MEAN> 6
 3.202510e+02 2.825080e+01 6.606885e+00 6.253678e+00 2.951362e+00 1.629835e+00
<VARIANCE> 6
 1.123544e+04 7.355134e+02 3.967955e+01 2.304899e+01 4.277500e+00 2.504706e+00
<GCONST> 3.614466e+01
<STATE> 3
<MEAN> 6
 3.935843e+02 1.749284e+01 2.678176e+01 6.577726e+00 6.819675e+00 2.728734e+00
<VARIANCE> 6
 2.850317e+04 7.636235e+02 1.866019e+03 6.562457e+01 8.302901e+01 8.567309e+00
<GCONST> 4.620576e+01
<STATE> 4
<MEAN> 6
 3.085566e+02 5.108406e+00 6.617794e+00 1.998273e+00 2.038321e+00 7.131671e-01
<VARIANCE> 6
 7.384966e+03 1.854880e+01 6.123294e+01 2.178923e+00 2.475435e+00 3.027810e-01
<GCONST> 2.746005e+01
<TRANSP> 5
 0.000000e+00 1.000000e+00 0.000000e+00 0.000000e+00 0.000000e+00
 0.000000e+00 5.891562e-01 4.108438e-01 0.000000e+00 0.000000e+00
 0.000000e+00 0.000000e+00 1.752652e-01 8.247348e-01 0.000000e+00
 0.000000e+00 0.000000e+00 0.000000e+00 9.024385e-01 9.756154e-02
 0.000000e+00 0.000000e+00 0.000000e+00 0.000000e+00 0.000000e+00
<ENDHMM>
~h "fp_screen_5"
<BEGINHMM>
<NUMSTATES> 5
<STATE> 2
<MEAN> 6
 2.831423e+02 7.103839e+00 9.806208e+00 3.533883e+00 4.873459e+00 2.008257e+00
<VARIANCE> 6
 6.835376e+03 3.800874e+01 8.809309e+01 5.171054e+00 1.366049e+01 2.031030e+00
<GCONST> 3.293946e+01
<STATE> 3
<MEAN> 6
 3.595909e+02 2.298704e+01 3.431849e+01 7.773266e+00 9.517856e+00 2.914129e+00
<VARIANCE> 6
 1.867124e+04 1.761028e+03 1.152849e+03 1.036552e+02 8.746949e+01 1.638570e+01
<GCONST> 4.729442e+01
<STATE> 4
<MEAN> 6
 4.236147e+02 2.639030e+00 3.583551e+00 1.192884e+00 1.196313e+00 4.501114e-01
<VARIANCE> 6
 1.558483e+04 6.705636e+00 1.061141e+01 9.487635e-01 1.316777e+00 3.166823e-01
<GCONST> 2.401893e+01
<TRANSP> 5
 0.000000e+00 1.000000e+00 0.000000e+00 0.000000e+00 0.000000e+00
 0.000000e+00 5.528289e-01 4.471711e-01 0.000000e+00 0.000000e+00
 0.000000e+00 0.000000e+00 3.428646e-01 6.571354e-01 0.000000e+00
 0.000000e+00 0.000000e+00 0.000000e+00 8.588881e-01 1.411119e-01
 0.000000e+00 0.000000e+00 0.000000e+00 0.000000e+00 0.000000e+00
<ENDHMM>
~h "bg_white_0_0"
<BEGINHMM>
<NUMSTATES> 5
<STATE> 2
<MEAN> 6
 7.775383e+02 2.381260e+00 2.104080e+00 1.067318e+00 1.051952e+00 5.443549e-01
<VARIANCE> 6
 1.708582e+03 1.692071e+01 1.580814e+01 2.587512e+00 4.742104e+00 8.952790e-01
<GCONST> 2.645630e+01
<STATE> 3
<MEAN> 6
 7.143184e+02 3.798133e+01 2.389719e+01 1.376694e+01 1.760608e+01 1.203420e+01
<VARIANCE> 6
 4.681514e+03 1.477252e+03 6.423091e+02 1.233491e+02 2.253235e+02 1.179608e+02
<GCONST> 4.824456e+01
<STATE> 4
<MEAN> 6
 7.419468e+02 2.775492e+01 9.042754e+00 1.125013e+01 9.193775e+00 7.114969e+00
<VARIANCE> 6
 3.176604e+03 9.753855e+02 1.077955e+02 8.713169e+01 7.900381e+01 3.504467e+01
<GCONST> 4.304744e+01
<TRANSP> 5
 0.000000e+00 1.000000e+00 0.000000e+00 0.000000e+00 0.000000e+00
 0.000000e+00 7.676373e-01 2.323627e-01 0.000000e+00 0.000000e+00
 0.000000e+00 0.000000e+00 4.021613e-01 5.978386e-01 0.000000e+00
 0.000000e+00 0.000000e+00 0.000000e+00 2.376590e-01 7.623410e-01
 0.000000e+00 0.000000e+00 0.000000e+00 0.000000e+00 0.000000e+00
<ENDHMM>
~h "bg_white_0_1"
<BEGINHMM>
<NUMSTATES> 5
<STATE> 2
<MEAN> 6
 7.416862e+02 3.566413e+01 1.166822e+01 1.275780e+01 1.117544e+01 8.154823e+00
<VARIANCE> 6
 2.232514e+03 9.428524e+02 1.391237e+02 6.515437e+01 7.570573e+01 3.248708e+01
<GCONST> 4.250687e+01
<STATE> 3
<MEAN> 6
 6.801864e+02 6.755959e+01 2.171034e+01 2.053979e+01 2.143019e+01 1.505087e+01
<VARIANCE> 6
 3.713596e+03 2.104086e+03 4.407962e+02 1.285499e+02 2.283945e+02 1.225224e+02
<GCONST> 4.808292e+01
<STATE> 4
<MEAN> 6
 7.656721e+02 1.053916e+01 4.520393e+00 5.384623e+00 4.519304e+00 3.981081e+00
<VARIANCE> 6
 2.506693e+03 2.341667e+02 3.316040e+01 2.998119e+01 2.436024e+01 1.297595e+01
<GCONST> 3.696799e+01
<TRANSP> 5
 0.000000e+00 1.000000e+00 0.000000e+00 0.000000e+00 0.000000e+00
 0.000000e+00 5.414013e-01 4.585986e-01 0.000000e+00 0.000000e+00
 0.000000e+00 0.000000e+00 7.770026e-01 2.229974e-01 0.000000e+00
 0.000000e+00 0.000000e+00 0.000000e+00 5.137134e-01 4.862866e-01
 0.000000e+00 0.000000e+00 0.000000e+00 0.000000e+00 0.000000e+00
<ENDHMM>
~h "bg_white_0_2"
<BEGINHMM>
<NUMSTATES> 5
<STATE> 2
<MEAN> 6
 7.368417e+02 2.548540e+01 1.162388e+01 1.077871e+01 1.055919e+01 7.444736e+00
<VARIANCE> 6
 3.699933e+03 7.226524e+02 1.877314e+02 7.601559e+01 9.662433e+01 4.621783e+01
<GCONST> 4.379641e+01
<STATE> 3
<MEAN> 6
 6.976122e+02 4.990240e+01 2.310365e+01 1.915452e+01 1.933486e+01 1.425471e+01
<VARIANCE> 6
 3.381690e+03 1.300590e+03 4.590162e+02 1.343046e+02 1.802547e+02 1.037448e+02
<GCONST> 4.718947e+01
<STATE> 4
<MEAN> 6
 7.611158e+02 1.212218e+01 5.111928e+00 6.488117e+00 5.138587e+00 4.452102e+00
<VARIANCE> 6
 1.980780e+03 2.934470e+02 3.774258e+01 3.854350e+01 2.860550e+01 1.386736e+01
<GCONST> 3.756592e+01
<TRANSP> 5
 0.000000e+00 1.000000e+00 0.000000e+00 0.000000e+00 0.000000e+00
 0.000000e+00 1.554876e-01 8.445124e-01 0.000000e+00 0.000000e+00
 0.000000e+00 0.000000e+00 6.900830e-01 3.099171e-01 0.000000e+00
 0.000000e+00 0.000000e+00 0.000000e+00 5.857986e-01 4.142014e-01
 0.000000e+00 0.000000e+00 0.000000e+00 0.000000e+00 0.000000e+00
<ENDHMM>
~h "bg_white_0_3"
<BEGINHMM>
<NUMSTATES> 5
<STATE> 2
<MEAN> 6
 7.310812e+02 3.485162e+01 1.308775e+01 1.306425e+01 1.163411e+01 7.934207e+00
<VARIANCE> 6
 3.007289e+03 9.222683e+02 1.730555e+02 6.990996e+01 9.597862e+01 3.591600e+01
<GCONST> 4.340902e+01
<STATE> 3
<MEAN> 6
 6.810504e+02 5.184249e+01 2.409651e+01 1.999385e+01 2.089230e+01 1.545744e+01
<VARIANCE> 6
 7.288766e+03 2.193386e+03 5.412963e+02 1.730779e+02 2.593023e+02 1.655985e+02
<GCONST> 4.972982e+01
<STATE> 4
<MEAN> 6
 7.595419e+02 8.396114e+00 4.402501e+00 4.806868e+00 3.708408e+00 3.148178e+00
<VARIANCE> 6
 2.543100e+03 1.436714e+02 4.405932e+01 2.883220e+01 1.661049e+01 1.064044e+01
<GCONST> 3.615766e+01
<TRANSP> 5
 0.000000e+00 1.000000e+00 0.000000e+00 0.000000e+00 0.000000e+00
 0.000000e+00 4.685173e-01 5.314827e-01 0.000000e+00 0.000000e+00
 0.000000e+00 0.000000e+00 5.717900e-01 4.282100e-01 0.000000e+00
 0.000000e+00 0.000000e+00 0.000000e+00 5.995910e-01 4.004090e-01
 0.000000e+00 0.000000e+00 0.000000e+00 0.000000e+00 0.000000e+00
<ENDHMM>
~h "bg_white_0_4"
<BEGINHMM>
<NUMSTATES> 5
<STATE> 2
<MEAN> 6
 7.225579e+02 1.917273e+01 1.071936e+01 8.612018e+00 8.221502e+00 5.457703e+00
<VARIANCE> 6
 1.166124e+04 5.008197e+02 2.153438e+02 6.818436e+01 7.970623e+01 3.005835e+01
<GCONST> 4.398347e+01
<STATE> 3
<MEAN> 6
 6.993327e+02 4.693696e+01 2.119867e+01 1.659243e+01 1.777185e+01 1.267012e+01
<VARIANCE> 6
 4.420038e+03 1.275790e+03 4.027942e+02 9.990585e+01 1.667180e+02 9.228664e+01
<GCONST> 4.681634e+01
<STATE> 4
<MEAN> 6
 7.671058e+02 2.853163e+00 1.761355e+00 1.530549e+00 1.300177e+00 1.190551e+00
<VARIANCE> 6
 1.642281e+03 2.223887e+01 6.705578e+00 4.686812e+00 3.904657e+00 3.742456e+00
<GCONST> 2.766255e+01
<TRANSP> 5
 0.000000e+00 1.000000e+00 0.000000e+00 0.000000e+00 0.000000e+00
 0.000000e+00 1.698569e-01 8.301432e-01 0.000000e+00 0.000000e+00
 0.000000e+00 0.000000e+00 7.275534e-01 2.724465e-01 0.000000e+00
 0.000000e+00 0.000000e+00 0.000000e+00 9.158573e-01 8.414267e-02
 0.000000e+00 0.000000e+00 0.000000e+00 0.000000e+00 0.000000e+00
<ENDHMM>
~h "bg_white_0_5"
<BEGINHMM>
<NUMSTATES> 5
<STATE> 2
<MEAN> 6
 7.556237e+02 3.378815e+00 4.260194e+00 1.544278e+00 2.435376e+00 9.322550e-01
<VARIANCE> 6
 4.690888e+03 6.670016e+01 3.605194e+01 1.306178e+01 1.724752e+01 5.014678e+00
<GCONST> 3.429554e+01
<STATE> 3
<MEAN> 6
 6.009457e+02 5.395794e+01 5.030099e+01 1.656832e+01 2.148391e+01 9.367775e+00
<VARIANCE> 6
 2.340153e+04 4.470946e+03 4.392221e+03 2.817425e+02 3.379327e+02 1.518553e+02
<GCONST> 5.436753e+01
<STATE> 4
<MEAN> 6
 3.753732e+02 7.359017e+00 6.890690e+00 2.794875e+00 2.615064e+00 1.082527e+00
<VARIANCE> 6
 4.051469e+04 1.727312e+02 4.233498e+02 1.961376e+01 3.149413e+01 8.473606e+00
<GCONST> 4.139960e+01
<TRANSP> 5
 0.000000e+00 1.000000e+00 0.000000e+00 0.000000e+00 0.000000e+00
 0.000000e+00 4.746612e-01 5.253388e-01 0.000000e+00 0.000000e+00
 0.000000e+00 0.000000e+00 5.505057e-01 4.494943e-01 0.000000e+00
 0.000000e+00 0.000000e+00 0.000000e+00 7.491133e-01 2.508866e-01
 0.000000e+00 0.000000e+00 0.000000e+00 0.000000e+00 0.000000e+00
<ENDHMM>
~h "bg_dark_0"
<BEGINHMM>
<NUMSTATES> 5
<STATE> 2
<MEAN> 6
 1.894954e+02 1.007246e+01 9.492517e+00 3.181385e+00 3.040894e+00 1.261169e+00
<VARIANCE> 6
 5.867723e+03 4.369800e+02 7.173222e+01 7.902505e+00 3.206413e+00 1.018840e+00
<GCONST> 3.330831e+01
<STATE> 3
<MEAN> 6
 2.231502e+02 3.391908e+01 1.099924e+01 8.309035e+00 4.084064e+00 2.070585e+00
<VARIANCE> 6
 1.437855e+04 1.728546e+03 1.004544e+02 9.059628e+01 5.725990e+00 2.593339e+00
<GCONST> 3.986987e+01
<STATE> 4
<MEAN> 6
 1.018174e+02 8.046028e+00 5.705477e+00 2.159219e+00 2.120823e+00 5.877419e-01
<VARIANCE> 6
 3.884051e+03 6.499757e+01 3.487787e+01 1.769188e+00 2.050624e+00 1.639800e-01
<GCONST> 2.649875e+01
<TRANSP> 5
 0.000000e+00 1.000000e+00 0.000000e+00 0.000000e+00 0.000000e+00
 0.000000e+00 7.585343e-01 2.414658e-01 0.000000e+00 0.000000e+00
 0.000000e+00 0.000000e+00 6.422234e-01 3.577766e-01 0.000000e+00
 0.000000e+00 0.000000e+00 0.000000e+00 7.899394e-01 2.100606e-01
 0.000000e+00 0.000000e+00 0.000000e+00 0.000000e+00 0.000000e+00
<ENDHMM>
~h "bg_dark_0_0"
<BEGINHMM>
<NUMSTATES> 5
<STATE> 2
<MEAN> 6
 1.880218e+02 1.507490e+01 9.342727e+00 4.217658e+00 3.250235e+00 1.534402e+00
<VARIANCE> 6
 1.020992e+04 2.864763e+02 4.565264e+01 7.246921e+00 2.996437e+00 1.550008e+00
<GCONST> 3.325336e+01
<STATE> 3
<MEAN> 6
 1.796898e+02 2.422136e+01 1.076076e+01 5.297502e+00 3.955440e+00 1.521324e+00
<VARIANCE> 6
 8.183951e+03 6.509504e+02 1.037793e+02 1.313034e+01 6.589944e+00 1.509635e+00
<GCONST> 3.603023e+01
<STATE> 4
<MEAN> 6
 1.735135e+02 8.946681e+00 1.080753e+01 2.544385e+00 2.662166e+00 8.103485e-01
<VARIANCE> 6
 7.266582e+03 8.073271e+01 1.111889e+02 3.101613e+00 2.642729e+00 3.655142e-01
<GCONST> 3.011796e+01
<TRANSP> 5
 0.000000e+00 1.000000e+00 0.000000e+00 0.000000e+00 0.000000e+00
 0.000000e+00 3.180971e-01 6.819029e-01 0.000000e+00 0.000000e+00
 0.000000e+00 0.000000e+00 1.617074e-01 8.382925e-01 0.000000e+00
 0.000000e+00 0.000000e+00 0.000000e+00 6.482681e-01 3.517319e-01
 0.000000e+00 0.000000e+00 0.000000e+00 0.000000e+00 0.000000e+00
<ENDHMM>
~h "bg_dark_0_1"
<BEGINHMM>
<NUMSTATES> 5
<STATE> 2
<MEAN> 6
 1.330930e+02 2.029250e+01 7.379866e+00 3.816491e+00 2.274414e+00 7.878892e-01
<VARIANCE> 6
 8.513543e+03 3.583653e+02 3.878350e+01 5.831320e+00 2.793783e+00 3.358476e-01
<GCONST> 3.131577e+01
<STATE> 3
<MEAN> 6
 1.816288e+02 1.817357e+01 2.116479e+01 4.109837e+00 4.479139e+00 1.788883e+00
<VARIANCE> 6
 9.534988e+03 2.459035e+02 4.266102e+02 5.883836e+00 7.514925e+00 2.140331e+00
<GCONST> 3.630086e+01
<STATE> 4
<MEAN> 6
 2.113640e+02 7.139462e+00 7.038707e+00 1.904847e+00 1.958786e+00 6.239170e-01
<VARIANCE> 6
 9.248287e+03 4.418495e+01 6.438297e+01 1.791100e+00 2.177548e+00 2.526110e-01
<GCONST> 2.809782e+01
<TRANSP> 5
 0.000000e+00 1.000000e+00 0.000000e+00 0.000000e+00 0.000000e+00
 0.000000e+00 4.623245e-01 5.376755e-01 0.000000e+00 0.000000e+00
 0.000000e+00 0.000000e+00 2.343525e-01 7.656475e-01 0.000000e+00
 0.000000e+00 0.000000e+00 0.000000e+00 8.128202e-01 1.871798e-01
 0.000000e+00 0.000000e+00 0.000000e+00 0.000000e+00 0.000000e+00
<ENDHMM>
~h "bg_dark_0_2"
<BEGINHMM>
<NUMSTATES> 5
<STATE> 2
<MEAN> 6
 1.446148e+02 9.493606e+00 1.097519e+01 2.914879e+00 3.594555e+00 1.262220e+00
<VARIANCE> 6
 6.915256e+03 7.950829e+01 9.996399e+01 2.566024e+00 5.619534e+00 7.389634e-01
<GCONST> 3.121552e+01
<STATE> 3
<MEAN> 6
 1.670794e+02 2.168073e+01 1.765309e+01 5.722602e+00 5.308363e+00 2.638054e+00
<VARIANCE> 6
 7.313991e+03 3.151521e+02 2.501760e+02 1.262488e+01 1.308895e+01 4.528588e+00
<GCONST> 3.781787e+01
<STATE> 4
<MEAN> 6
 2.390578e+02 1.404203e+01 5.172997e+00 2.939148e+00 1.756247e+00 6.991015e-01
<VARIANCE> 6
 2.651541e+04 1.774118e+02 2.618753e+01 4.205224e+00 1.732451e+00 3.604483e-01
<GCONST> 3.062196e+01
<TRANSP> 5
 0.000000e+00 1.000000e+00 0.000000e+00 0.000000e+00 0.000000e+00
 0.000000e+00 5.951356e-01 4.048644e-01 0.000000e+00 0.000000e+00
 0.000000e+00 0.000000e+00 4.821637e-01 5.178363e-01 0.000000e+00
 0.000000e+00 0.000000e+00 0.000000e+00 7.569181e-01 2.430819e-01
 0.000000e+00 0.000000e+00 0.000000e+00 0.000000e+00 0.000000e+00
<ENDHMM>
~h "bg_dark_0_3"
<BEGINHMM>
<NUMSTATES> 5
<STATE> 2
<MEAN> 6
 1.617277e+02 1.360579e+01 1.065305e+01 3.950641e+00 3.499679e+00 1.568497e+00
<VARIANCE> 6
 1.161966e+04 1.357818e+02 8.652456e+01 4.924268e+00 4.111255e+00 1.160694e+00
<GCONST> 3.291611e+01
<STATE> 3
<MEAN> 6
 2.425775e+02 4.658770e+01 1.552231e+01 9.883484e+00 5.057706e+00 2.803624e+00
<VARIANCE> 6
 1.537106e+04 1.141365e+03 1.642592e+02 3.471576e+01 1.591225e+01 4.865547e+00
<GCONST> 4.070539e+01
<STATE> 4
<MEAN> 6
 1.742395e+02 1.001994e+01 7.055355e+00 2.784153e+00 2.388316e+00 9.331893e-01
<VARIANCE> 6
 1.682721e+04 9.478825e+01 3.662654e+01 2.556624e+00 2.235845e+00 5.337250e-01
<GCONST> 3.002587e+01
<TRANSP> 5
 0.000000e+00 1.000000e+00 0.000000e+00 0.000000e+00 0.000000e+00
 0.000000e+00 5.004162e-01 4.995839e-01 0.000000e+00 0.000000e+00
 0.000000e+00 0.000000e+00 6.525626e-01 3.474374e-01 0.000000e+00
 0.000000e+00 0.000000e+00 0.000000e+00 6.106969e-01 3.893031e-01
 0.000000e+00 0.000000e+00 0.000000e+00 0.000000e+00 0.000000e+00
<ENDHMM>
~h "bg_dark_0_4"
<BEGINHMM>
<NUMSTATES> 5
<STATE> 2
<MEAN> 6
 1.575747e+02 1.151975e+01 9.218041e+00 3.388393e+00 3.101264e+00 1.399633e+00
<VARIANCE> 6
 1.113394e+04 1.195604e+02 4.991940e+01 4.167768e+00 4.135770e+00 9.962932e-01
<GCONST> 3.188259e+01
<STATE> 3
<MEAN> 6
 1.670470e+02 2.143584e+01 2.088628e+01 4.931025e+00 5.060682e+00 2.401057e+00
<VARIANCE> 6
 7.957863e+03 2.851152e+02 3.484995e+02 8.473296e+00 1.510911e+01 3.643052e+00
<GCONST> 3.766075e+01
<STATE> 4
<MEAN> 6
 8.635826e+01 7.127673e+00 6.880235e+00 1.774604e+00 1.825024e+00 5.171095e-01
<VARIANCE> 6
 1.424305e+03 6.489587e+01 4.490251e+01 1.444477e+00 1.738357e+00 1.285872e-01
<GCONST> 2.513552e+01
<TRANSP> 5
 0.000000e+00 1.000000e+00 0.000000e+00 0.000000e+00 0.000000e+00
 0.000000e+00 4.705685e-01 5.294315e-01 0.000000e+00 0.000000e+00
 0.000000e+00 0.000000e+00 5.294164e-01 4.705837e-01 0.000000e+00
 0.000000e+00 0.000000e+00 0.000000e+00 8.846247e-01 1.153753e-01
 0.000000e+00 0.000000e+00 0.000000e+00 0.000000e+00 0.000000e+00
<ENDHMM>
~h "bg_dark_0_5"
<BEGINHMM>
<NUMSTATES> 5
<STATE> 2
<MEAN> 6
 1.293867e+02 1.696910e+01 1.340071e+01 4.835599e+00 4.674371e+00 1.744960e+00
<VARIANCE> 6
 2.768934e+03 2.335107e+02 1.239212e+02 9.126248e+00 9.317204e+00 1.864611e+00
<GCONST> 3.429243e+01
<STATE> 3
<MEAN> 6
 1.154769e+02 1.562898e+01 1.804619e+01 3.976697e+00 4.359252e+00 2.025294e+00
<VARIANCE> 6
 1.679104e+03 1.600573e+02 2.861458e+02 9.851708e+00 1.043443e+01 6.534014e+00
<GCONST> 3.569509e+01
<STATE> 4
<MEAN> 6
 8.663553e+01 5.422640e+00 4.819284e+00 1.432173e+00 1.381854e+00 4.537950e-01
<VARIANCE> 6
 2.109184e+03 4.372883e+01 2.726482e+01 1.676749e+00 2.114778e+00 2.686194e-01
<GCONST> 2.571627e+01
<TRANSP> 5
 0.000000e+00 1.000000e+00 0.000000e+00 0.000000e+00 0.000000e+00
 0.000000e+00 8.105236e-01 1.894764e-01 0.000000e+00 0.000000e+00
 0.000000e+00 0.000000e+00 1.620174e-01 8.379827e-01 0.000000e+00
 0.000000e+00 0.000000e+00 0.000000e+00 8.910235e-01 1.089765e-01
 0.000000e+00 0.000000e+00 0.000000e+00 0.000000e+00 0.000000e+00
<ENDHMM>
~h "bg_red_0"
<BEGINHMM>
<NUMSTATES> 5
<STATE> 2
<MEAN> 6
 3.436720e+02 7.942284e+00 4.446209e+00 4.653832e+00 3.270555e+00 3.516756e+00
<VARIANCE> 6
 6.114958e+03 1.669442e+02 2.324010e+01 2.750944e+01 4.616853e+00 7.481118e+00
<GCONST> 3.486592e+01
<STATE> 3
<MEAN> 6
 3.893737e+02 3.077359e+01 6.136382e+00 1.018325e+01 2.782084e+00 1.915283e+00
<VARIANCE> 6
 2.412291e+04 1.802779e+03 1.013380e+02 1.490987e+02 1.679668e+01 6.280891e+00
<GCONST> 4.289703e+01
<STATE> 4
<MEAN> 6
 3.002328e+02 6.066210e+00 2.836907e+00 2.237153e+00 1.486661e+00 6.811221e-01
<VARIANCE> 6
 1.741348e+04 5.790551e+01 6.177360e+00 5.919933e+00 1.522702e+00 4.175341e-01
<GCONST> 2.799739e+01
<TRANSP> 5
 0.000000e+00 1.000000e+00 0.000000e+00 0.000000e+00 0.000000e+00
 0.000000e+00 6.724487e-01 3.275513e-01 0.000000e+00 0.000000e+00
 0.000000e+00 0.000000e+00 2.940667e-01 7.059333e-01 0.000000e+00
 0.000000e+00 0.000000e+00 0.000000e+00 6.041314e-01 3.958686e-01
 0.000000e+00 0.000000e+00 0.000000e+00 0.000000e+00 0.000000e+00
<ENDHMM>
~h "bg_board"
<BEGINHMM>
<NUMSTATES> 5
<STATE> 2
<MEAN> 6
 1.521318e+02 1.499551e+01 8.550434e+00 4.671577e+00 2.468228e+00 9.873539e-01
<VARIANCE> 6
 2.684702e+03 1.999703e+02 5.756363e+01 7.585495e+00 2.190952e+00 5.948482e-01
<GCONST> 3.056477e+01
<STATE> 3
<MEAN> 6
 2.125219e+02 3.004355e+01 1.677407e+01 9.503185e+00 5.076213e+00 2.299051e+00
<VARIANCE> 6
 4.131644e+03 6.952903e+02 2.668236e+02 3.911465e+01 1.135746e+01 3.464399e+00
<GCONST> 3.882352e+01
<STATE> 4
<MEAN> 6
 2.816162e+02 1.392265e+01 6.797727e+00 3.680009e+00 2.201671e+00 9.622132e-01
<VARIANCE> 6
 8.131417e+03 2.845334e+02 4.272268e+01 8.581412e+00 2.246569e+00 8.337609e-01
<GCONST> 3.221353e+01
<TRANSP> 5
 0.000000e+00 1.000000e+00 0.000000e+00 0.000000e+00 0.000000e+00
 0.000000e+00 8.425406e-01 1.574594e-01 0.000000e+00 0.000000e+00
 0.000000e+00 0.000000e+00 4.968687e-01 5.031313e-01 0.000000e+00
 0.000000e+00 0.000000e+00 0.000000e+00 6.963434e-01 3.036566e-01
 0.000000e+00 0.000000e+00 0.000000e+00 0.000000e+00 0.000000e+00
<ENDHMM>
~h "fp_key_0"
<BEGINHMM>
<NUMSTATES> 5
<STATE> 2
<MEAN> 6
 1.599429e+02 2.323917e+01 6.868529e+00 5.001780e+00 2.048811e+00 7.172269e-01
<VARIANCE> 6
 8.189863e+03 6.590743e+02 1.868496e+02 2.135126e+01 8.519603e+00 7.428226e-01
<GCONST> 3.666524e+01
<STATE> 3
<MEAN> 6
 2.860920e+02 5.600237e+01 4.605600e+01 1.611618e+01 1.576830e+01 5.342580e+00
<VARIANCE> 6
 2.210528e+04 3.187573e+03 3.861085e+03 2.340310e+02 2.986074e+02 3.350705e+01
<GCONST> 5.202289e+01
<STATE> 4
<MEAN> 6
 3.445984e+02 8.821926e+01 8.596605e+00 1.440243e+01 3.117491e+00 1.645243e+00
<VARIANCE> 6
 3.534473e+04 4.938173e+03 9.618047e+01 1.144522e+02 1.034889e+01 2.141020e+00
<GCONST> 4.240947e+01
<TRANSP> 5
 0.000000e+00 1.000000e+00 0.000000e+00 0.000000e+00 0.000000e+00
 0.000000e+00 5.424625e-01 4.575375e-01 0.000000e+00 0.000000e+00
 0.000000e+00 0.000000e+00 3.615833e-01 6.384168e-01 0.000000e+00
 0.000000e+00 0.000000e+00 0.000000e+00 5.399169e-01 4.600830e-01
 0.000000e+00 0.000000e+00 0.000000e+00 0.000000e+00 0.000000e+00
<ENDHMM>
~h "fp_key_1"
<BEGINHMM>
<NUMSTATES> 5
<STATE> 2
<MEAN> 6
 1.684634e+02 1.468984e+01 4.476583e+00 3.962187e+00 2.181948e+00 1.228485e+00
<VARIANCE> 6
 1.046542e+04 8.872741e+02 3.012225e+01 2.532055e+01 3.852787e+00 1.555272e+00
<GCONST> 3.549858e+01
<STATE> 3
<MEAN> 6
 3.821589e+02 7.238136e+01 7.239088e+01 2.545081e+01 2.514301e+01 9.750233e+00
<VARIANCE> 6
 3.095739e+04 4.097731e+03 4.838120e+03 3.857249e+02 3.871339e+02 6.697977e+01
<GCONST> 5.428838e+01
<STATE> 4
<MEAN> 6
 3.654376e+02 9.278456e+01 1.330419e+01 1.877534e+01 4.899267e+00 2.544061e+00
<VARIANCE> 6
 3.542512e+04 5.647242e+03 3.820846e+02 1.661543e+02 4.339469e+01 9.040043e+00
<GCONST> 4.717192e+01
<TRANSP> 5
 0.000000e+00 1.000000e+00 0.000000e+00 0.000000e+00 0.000000e+00
 0.000000e+00 6.886262e-01 3.113737e-01 0.000000e+00 0.000000e+00
 0.000000e+00 0.000000e+00 5.578784e-01 4.421217e-01 0.000000e+00
 0.000000e+00 0.000000e+00 0.000000e+00 4.605249e-01 5.394751e-01
 0.000000e+00 0.000000e+00 0.000000e+00 0.000000e+00 0.000000e+00
<ENDHMM>
~h "fp_key_2"
<BEGINHMM>
<NUMSTATES> 5
<STATE> 2
<MEAN> 6
 2.881172e+02 5.604596e+01 1.084570e+01 1.283792e+01 4.458656e+00 2.344531e+00
<VARIANCE> 6
 2.136602e+04 3.351784e+03 2.224744e+02 1.129023e+02 2.920539e+01 7.044808e+00
<GCONST> 4.457205e+01
<STATE> 3
<MEAN> 6
 3.515356e+02 7.812513e+01 5.671323e+01 2.041310e+01 1.917633e+01 7.212600e+00
<VARIANCE> 6
 3.403598e+04 5.351446e+03 4.481271e+03 3.289432e+02 3.175370e+02 4.386511e+01
<GCONST> 5.379282e+01
<STATE> 4
<MEAN> 6
 2.142161e+02 1.972967e+01 8.303020e+00 5.995161e+00 3.658750e+00 1.888224e+00
<VARIANCE> 6
 1.709921e+04 8.129807e+02 1.442641e+02 4.877307e+01 1.510633e+01 3.682301e+00
<GCONST> 4.035223e+01
<TRANSP> 5
 0.000000e+00 1.000000e+00 0.000000e+00 0.000000e+00 0.000000e+00
 0.000000e+00 3.532430e-01 6.467569e-01 0.000000e+00 0.000000e+00
 0.000000e+00 0.000000e+00 3.981017e-01 6.018982e-01 0.000000e+00
 0.000000e+00 0.000000e+00 0.000000e+00 4.695656e-01 5.304344e-01
 0.000000e+00 0.000000e+00 0.000000e+00 0.000000e+00 0.000000e+00
<ENDHMM>
~h "fp_key_3"
<BEGINHMM>
<NUMSTATES> 5
<STATE> 2
<MEAN> 6
 3.932476e+02 8.091995e+01 1.310645e+01 1.699358e+01 5.075623e+00 2.364129e+00
<VARIANCE> 6
 3.323664e+04 4.262260e+03 4.543131e+02 1.740199e+02 4.834144e+01 6.636103e+00
<GCONST> 4.684499e+01
<STATE> 3
<MEAN> 6
 4.086637e+02 6.563385e+01 5.712779e+01 2.133267e+01 2.298022e+01 8.569261e+00
<VARIANCE> 6
 3.332686e+04 3.966976e+03 4.146153e+03 3.534341e+02 4.668380e+02 6.990511e+01
<GCONST> 5.431789e+01
<STATE> 4
<MEAN> 6
 2.588724e+02 1.656822e+01 5.047621e+00 4.608269e+00 2.437499e+00 1.367271e+00
<VARIANCE> 6
 1.612907e+04 8.886970e+02 2.656997e+01 3.489135e+01 3.394040e+00 1.975363e+00
<GCONST> 3.624019e+01
<TRANSP> 5
 0.000000e+00 1.000000e+00 0.000000e+00 0.000000e+00 0.000000e+00
 0.000000e+00 5.226362e-01 4.773638e-01 0.000000e+00 0.000000e+00
 0.000000e+00 0.000000e+00 4.736155e-01 5.263845e-01 0.000000e+00
 0.000000e+00 0.000000e+00 0.000000e+00 6.003280e-01 3.996720e-01
 0.000000e+00 0.000000e+00 0.000000e+00 0.000000e+00 0.000000e+00
<ENDHMM>
~h "fp_key_4"
<BEGINHMM>
<NUMSTATES> 5
<STATE> 2
<MEAN> 6
 3.459148e+02 1.973005e+01 5.311786e+00 5.767620e+00 2.399590e+00 1.371047e+00
<VARIANCE> 6
 1.673361e+04 9.211489e+02 2.494499e+01 3.987545e+01 3.642330e+00 2.091217e+00
<GCONST> 3.651086e+01
<STATE> 3
<MEAN> 6
 4.766758e+02 7.543217e+01 5.978448e+01 2.070511e+01 2.105817e+01 8.419154e+00
<VARIANCE> 6
 3.041545e+04 4.241709e+03 4.060157e+03 2.421072e+02 2.870295e+02 5.284713e+01
<GCONST> 5.312803e+01
<STATE> 4
<MEAN> 6
 5.044816e+02 7.759871e+01 1.149472e+01 1.481267e+01 2.886818e+00 1.786689e+00
<VARIANCE> 6
 3.657589e+04 3.141105e+03 2.226930e+02 9.050222e+01 7.641476e+00 3.790006e+00
<GCONST> 4.286386e+01
<TRANSP> 5
 0.000000e+00 1.000000e+00 0.000000e+00 0.000000e+00 0.000000e+00
 0.000000e+00 6.182690e-01 3.817309e-01 0.000000e+00 0.000000e+00
 0.000000e+00 0.000000e+00 5.834702e-01 4.165298e-01 0.000000e+00
 0.000000e+00 0.000000e+00 0.000000e+00 6.771216e-01 3.228784e-01
 0.000000e+00 0.000000e+00 0.000000e+00 0.000000e+00 0.000000e+00
<ENDHMM>
~h "fp_key_5"
<BEGINHMM>
<NUMSTATES> 5
<STATE> 2
<MEAN> 6
 4.297506e+02 4.964995e+01 1.695548e+01 1.106608e+01 4.433274e+00 2.768167e+00
<VARIANCE> 6
 4.112652e+04 3.034166e+03 4.870302e+02 1.120231e+02 2.085168e+01 8.497376e+00
<GCONST> 4.575359e+01
<STATE> 3
<MEAN> 6
 4.357189e+02 3.487300e+01 4.416495e+01 8.883619e+00 1.035982e+01 4.605448e+00
<VARIANCE> 6
 3.963612e+04 2.127927e+03 3.695059e+03 9.449014e+01 1.444210e+02 2.486549e+01
<GCONST> 5.022712e+01
<STATE> 4
<MEAN> 6
 3.798605e+02 3.630165e+00 6.217187e+00 1.092257e+00 1.485779e+00 4.498686e-01
<VARIANCE> 6
 8.440623e+03 4.323690e+01 1.957059e+02 1.237075e+00 6.144380e+00 4.039151e-01
<GCONST> 3.023312e+01
<TRANSP> 5
 0.000000e+00 1.000000e+00 0.000000e+00 0.000000e+00 0.000000e+00
 0.000000e+00 1.781099e-01 8.218902e-01 0.000000e+00 0.000000e+00
 0.000000e+00 0.000000e+00 1.370256e-01 8.629743e-01 0.000000e+00
 0.000000e+00 0.000000e+00 0.000000e+00 8.940633e-01 1.059367e-01
 0.000000e+00 0.000000e+00 0.000000e+00 0.000000e+00 0.000000e+00
<ENDHMM>
~h "bg_red_0_0"
<BEGINHMM>
<NUMSTATES> 5
<STATE> 2
<MEAN> 6
 3.516878e+02 8.772987e+00 5.680975e+00 4.346800e+00 3.388520e+00 2.930426e+00
<VARIANCE> 6
 1.031171e+04 9.357900e+01 2.460907e+01 9.925785e+00 4.623657e+00 1.091008e+01
<GCONST> 3.422623e+01
<STATE> 3
<MEAN> 6
 3.731422e+02 1.413144e+01 1.183921e+01 6.137618e+00 3.728608e+00 3.152237e+00
<VARIANCE> 6
 2.134384e+04 3.837237e+02 2.514229e+02 3.418715e+01 2.092113e+01 1.243231e+01
<GCONST> 4.156575e+01
<STATE> 4
<MEAN> 6
 3.756135e+02 9.059055e+00 3.119001e+00 2.760350e+00 1.702252e+00 1.160711e+00
<VARIANCE> 6
 3.268668e+04 2.010802e+02 7.336185e+00 7.441257e+00 1.948463e+00 1.623910e+00
<GCONST> 3.187743e+01
<TRANSP> 5
 0.000000e+00 1.000000e+00 0.000000e+00 0.000000e+00 0.000000e+00
 0.000000e+00 4.863301e-01 5.136699e-01 0.000000e+00 0.000000e+00
 0.000000e+00 0.000000e+00 1.729785e-01 8.270215e-01 0.000000e+00
 0.000000e+00 0.000000e+00 0.000000e+00 4.463796e-01 5.536203e-01
 0.000000e+00 0.000000e+00 0.000000e+00 0.000000e+00 0.000000e+00
<ENDHMM>
~h "bg_red_0_1"
<BEGINHMM>
<NUMSTATES> 5
<STATE> 2
<MEAN> 6
 3.482201e+02 5.268010e+00 3.632976e+00 3.892937e+00 3.185046e+00 4.315103e+00
<VARIANCE> 6
 6.901910e+03 5.058015e+01 1.250132e+01 5.852397e+00 3.828377e+00 1.086329e+01
<GCONST> 3.181089e+01
<STATE> 3
<MEAN> 6
 4.850450e+02 4.221553e+01 7.089747e+00 1.310970e+01 5.218120e+00 4.524310e+00
<VARIANCE> 6
 4.174662e+04 2.299953e+03 4.894365e+01 1.148476e+02 8.003996e+01 4.077604e+01
<GCONST> 4.613218e+01
<STATE> 4
<MEAN> 6
 3.352430e+02 4.027969e+00 2.103993e+00 1.823785e+00 1.061806e+00 5.008626e-01
<VARIANCE> 6
 5.709279e+03 2.189326e+01 2.643435e+00 2.635821e+00 6.881178e-01 1.872770e-01
<GCONST> 2.265560e+01
<TRANSP> 5
 0.000000e+00 1.000000e+00 0.000000e+00 0.000000e+00 0.000000e+00
 0.000000e+00 6.834425e-01 3.165575e-01 0.000000e+00 0.000000e+00
 0.000000e+00 0.000000e+00 5.426208e-01 4.573793e-01 0.000000e+00
 0.000000e+00 0.000000e+00 0.000000e+00 8.143631e-01 1.856368e-01
 0.000000e+00 0.000000e+00 0.000000e+00 0.000000e+00 0.000000e+00
<ENDHMM>
~h "bg_red_0_2"
<BEGINHMM>
<NUMSTATES> 5
<STATE> 2
<MEAN> 6
 3.312998e+02 7.193116e+00 2.955300e+00 3.937047e+00 1.891888e+00 2.256648e+00
<VARIANCE> 6
 8.102761e+03 8.685098e+01 6.968938e+00 9.259536e+00 1.580398e+00 6.516716e+00
<GCONST> 3.099058e+01
<STATE> 3
<MEAN> 6
 3.337541e+02 9.553400e+00 3.582747e+00 4.120971e+00 1.762912e+00 1.225923e+00
<VARIANCE> 6
 1.152595e+04 1.319132e+02 8.038579e+00 1.704803e+01 1.933237e+00 2.957934e+00
<GCONST> 3.192574e+01
<STATE> 4
<MEAN> 6
 3.201790e+02 6.339162e+00 1.984269e+00 2.109640e+00 8.629044e-01 3.983088e-01
<VARIANCE> 6
 5.589030e+03 5.556684e+01 2.642267e+00 4.147552e+00 3.821161e-01 1.249271e-01
<GCONST> 2.302551e+01
<TRANSP> 5
 0.000000e+00 1.000000e+00 0.000000e+00 0.000000e+00 0.000000e+00
 0.000000e+00 3.579424e-01 6.420577e-01 0.000000e+00 0.000000e+00
 0.000000e+00 0.000000e+00 7.096682e-02 9.290332e-01 0.000000e+00
 0.000000e+00 0.000000e+00 0.000000e+00 7.182679e-01 2.817321e-01
 0.000000e+00 0.000000e+00 0.000000e+00 0.000000e+00 0.000000e+00
<ENDHMM>
~h "bg_red_0_3"
<BEGINHMM>
<NUMSTATES> 5
<STATE> 2
<MEAN> 6
 3.272957e+02 8.802406e+00 2.223919e+00 4.753574e+00 1.876747e+00 1.574587e+00
<VARIANCE> 6
 8.055886e+03 1.035441e+02 3.107586e+00 2.952191e+01 1.753656e+00 4.428251e+00
<GCONST> 3.123010e+01
<STATE> 3
<MEAN> 6
 4.750663e+02 6.084409e+01 5.198805e+00 2.025848e+01 1.999143e+00 1.089855e+00
<VARIANCE> 6
 3.919711e+04 6.619127e+03 1.556976e+01 6.540222e+02 2.730058e+00 1.138295e+00
<GCONST> 4.076367e+01
<STATE> 4
<MEAN> 6
 3.420104e+02 3.617852e+00 1.887794e+00 1.283151e+00 8.915367e-01 3.498875e-01
<VARIANCE> 6
 3.131128e+03 9.622910e+00 2.186121e+00 1.099009e+00 6.336869e-01 6.419598e-02
<GCONST> 1.901508e+01
<TRANSP> 5
 0.000000e+00 1.000000e+00 0.000000e+00 0.000000e+00 0.000000e+00
 0.000000e+00 2.769109e-01 7.230891e-01 0.000000e+00 0.000000e+00
 0.000000e+00 0.000000e+00 4.518961e-01 5.481039e-01 0.000000e+00
 0.000000e+00 0.000000e+00 0.000000e+00 9.119989e-01 8.800118e-02
 0.000000e+00 0.000000e+00 0.000000e+00 0.000000e+00 0.000000e+00
<ENDHMM>
~h "bg_red_0_4"
<BEGINHMM>
<NUMSTATES> 5
<STATE> 2
<MEAN> 6
 2.771628e+02 4.463638e+00 1.896613e+00 1.156442e+00 6.002717e-01 3.023959e-01
<VARIANCE> 6
 3.033741e+03 1.350704e+01 2.657534e+00 1.051286e+00 2.395436e-01 5.188224e-02
<GCONST> 1.828764e+01
<STATE> 3
<MEAN> 6
 5.205074e+02 1.065777e+01 2.434134e+00 3.733218e+00 7.598675e-01 4.402036e-01
<VARIANCE> 6
 6.208407e+04 1.667202e+02 6.007543e+00 2.031843e+01 3.246476e-01 9.767373e-02
<GCONST> 2.853323e+01
<STATE> 4
<MEAN> 6
 2.690916e+02 1.529446e+01 7.173869e+00 4.915595e+00 1.692634e+00 9.532663e-01
<VARIANCE> 6
 1.048083e+04 2.348048e+02 4.055425e+01 2.153384e+01 1.721872e+00 1.046075e+00
<GCONST> 3.310404e+01
<TRANSP> 5
 0.000000e+00 1.000000e+00 0.000000e+00 0.000000e+00 0.000000e+00
 0.000000e+00 9.257104e-01 7.428960e-02 0.000000e+00 0.000000e+00
 0.000000e+00 0.000000e+00 5.546831e-01 4.453169e-01 0.000000e+00
 0.000000e+00 0.000000e+00 0.000000e+00 4.463091e-01 5.536909e-01
 0.000000e+00 0.000000e+00 0.000000e+00 0.000000e+00 0.000000e+00
<ENDHMM>
~h "bg_red_0_5"
<BEGINHMM>
<NUMSTATES> 5
<STATE> 2
<MEAN> 6
 2.255914e+02 1.007843e+01 4.282239e+00 3.435743e+00 1.331043e+00 8.081638e-01
<VARIANCE> 6
 7.311199e+03 1.041239e+02 1.136823e+01 1.234936e+01 9.422688e-01 6.749746e-01
<GCONST> 2.906189e+01
<STATE> 3
<MEAN> 6
 3.928818e+02 8.448230e+01 9.446977e+00 2.501764e+01 2.883727e+00 2.354187e+00
<VARIANCE> 6
 2.795830e+04 7.718050e+03 1.480538e+02 6.463678e+02 1.361493e+01 1.006943e+01
<GCONST> 4.660666e+01
<STATE> 4
<MEAN> 6
 3.017991e+02 1.008473e+01 7.034984e+00 4.683726e+00 2.649004e+00 1.990530e+00
<VARIANCE> 6
 1.968337e+04 3.421530e+02 6.285206e+01 1.096071e+02 6.012714e+00 6.529306e+00
<GCONST> 3.925791e+01
<TRANSP> 5
 0.000000e+00 1.000000e+00 0.000000e+00 0.000000e+00 0.000000e+00
 0.000000e+00 8.228548e-01 1.771452e-01 0.000000e+00 0.000000e+00
 0.000000e+00 0.000000e+00 4.805044e-01 5.194956e-01 0.000000e+00
 0.000000e+00 0.000000e+00 0.000000e+00 3.210438e-01 6.789563e-01
 0.000000e+00 0.000000e+00 0.000000e+00 0.000000e+00 0.000000e+00
<ENDHMM>
~h "fp_screen"
<BEGINHMM>
<NUMSTATES> 5
<STATE> 2
<MEAN> 6
 1.867410e+02 8.843170e+00 1.735172e+01 3.200831e+00 6.336392e+00 1.519663e+00
<VARIANCE> 6
 1.992516e+04 2.889716e+02 5.392436e+02 1.376314e+01 5.120755e+01 3.734024e+00
<GCONST> 4.075887e+01
<STATE> 3
<MEAN> 6
 4.979543e+02 5.326489e+01 3.181166e+01 1.886154e+01 1.113214e+01 4.669204e+00
<VARIANCE> 6
 3.939192e+04 3.341816e+03 1.372263e+03 2.766653e+02 1.335746e+02 4.084161e+01
<GCONST> 5.117423e+01
<STATE> 4
<MEAN> 6
 3.855163e+02 4.176948e+00 2.754832e+00 1.421018e+00 1.122734e+00 5.160555e-01
<VARIANCE> 6
 1.290917e+04 1.614586e+01 1.209232e+01 1.820706e+00 1.516267e+00 2.740676e-01
<GCONST> 2.548829e+01
<TRANSP> 5
 0.000000e+00 1.000000e+00 0.000000e+00 0.000000e+00 0.000000e+00
 0.000000e+00 5.703827e-01 4.296173e-01 0.000000e+00 0.000000e+00
 0.000000e+00 0.000000e+00 6.764281e-01 3.235719e-01 0.000000e+00
 0.000000e+00 0.000000e+00 0.000000e+00 9.216883e-01 7.831169e-02
 0.000000e+00 0.000000e+00 0.000000e+00 0.000000e+00 0.000000e+00
<ENDHMM>
~h "bg_board_0"
<BEGINHMM>
<NUMSTATES> 5
<STATE> 2
<MEAN> 6
 1.660815e+02 1.645632e+01 7.276538e+00 4.613127e+00 2.390514e+00 9.330928e-01
<VARIANCE> 6
 2.815179e+03 2.755539e+02 3.350865e+01 6.733379e+00 1.537526e+00 4.103459e-01
<GCONST> 2.954713e+01
<STATE> 3
<MEAN> 6
 1.952199e+02 3.111841e+01 1.297869e+01 8.092054e+00 3.880539e+00 1.796443e+00
<VARIANCE> 6
 3.290949e+03 7.696879e+02 1.362006e+02 2.405179e+01 4.976348e+00 1.687765e+00
<GCONST> 3.599462e+01
<STATE> 4
<MEAN> 6
 1.558618e+02 1.365974e+01 6.040653e+00 3.333483e+00 1.908071e+00 6.417424e-01
<VARIANCE> 6
 3.949501e+03 1.974418e+02 2.591536e+01 5.235239e+00 1.440908e+00 2.021024e-01
<GCONST> 2.827059e+01
<TRANSP> 5
 0.000000e+00 1.000000e+00 0.000000e+00 0.000000e+00 0.000000e+00
 0.000000e+00 6.846730e-01 3.153270e-01 0.000000e+00 0.000000e+00
 0.000000e+00 0.000000e+00 4.996681e-01 5.003320e-01 0.000000e+00
 0.000000e+00 0.000000e+00 0.000000e+00 7.858155e-01 2.141845e-01
 0.000000e+00 0.000000e+00 0.000000e+00 0.000000e+00 0.000000e+00
<ENDHMM>
~h "bg_board_1"
<BEGINHMM>
<NUMSTATES> 5
<STATE> 2
<MEAN> 6
 1.631026e+02 2.202054e+01 9.970674e+00 6.122277e+00 2.902848e+00 1.108253e+00
<VARIANCE> 6
 2.460086e+03 3.443652e+02 5.568293e+01 1.043296e+01 2.235510e+00 5.462251e-01
<GCONST> 3.124131e+01
<STATE> 3
<MEAN> 6
 2.118392e+02 3.551028e+01 2.069269e+01 1.061375e+01 6.053423e+00 2.783169e+00
<VARIANCE> 6
 4.751432e+03 1.039176e+03 4.724004e+02 4.240215e+01 3.586592e+01 6.408240e+00
<GCONST> 4.178205e+01
<STATE> 4
<MEAN> 6
 1.637808e+02 1.174693e+01 5.615597e+00 3.017211e+00 1.769440e+00 6.045845e-01
<VARIANCE> 6
 7.043641e+03 1.681600e+02 2.602568e+01 4.643454e+00 1.108411e+00 1.910277e-01
<GCONST> 2.825419e+01
<TRANSP> 5
 0.000000e+00 1.000000e+00 0.000000e+00 0.000000e+00 0.000000e+00
 0.000000e+00 6.847481e-01 3.152520e-01 0.000000e+00 0.000000e+00
 0.000000e+00 0.000000e+00 5.348297e-01 4.651702e-01 0.000000e+00
 0.000000e+00 0.000000e+00 0.000000e+00 8.437400e-01 1.562600e-01
 0.000000e+00 0.000000e+00 0.000000e+00 0.000000e+00 0.000000e+00
<ENDHMM>
~h "bg_board_2"
<BEGINHMM>
<NUMSTATES> 5
<STATE> 2
<MEAN> 6
 1.366048e+02 1.645893e+01 7.798259e+00 4.359883e+00 2.291440e+00 8.313270e-01
<VARIANCE> 6
 2.958086e+03 2.537811e+02 4.017194e+01 6.478921e+00 1.789314e+00 3.279204e-01
<GCONST> 2.958460e+01
<STATE> 3
<MEAN> 6
 2.016557e+02 4.852229e+01 1.592882e+01 1.143776e+01 4.432756e+00 2.160400e+00
<VARIANCE> 6
 4.153574e+03 2.241202e+03 3.453304e+02 3.735962e+01 1.027437e+01 3.077754e+00
<GCONST> 3.999270e+01
<STATE> 4
<MEAN> 6
 2.097698e+02 2.250971e+01 1.043505e+01 6.675157e+00 3.306222e+00 1.660028e+00
<VARIANCE> 6
 5.138034e+03 5.048945e+02 8.226422e+01 1.304841e+01 2.958907e+00 1.051294e+00
<GCONST> 3.390948e+01
<TRANSP> 5
 0.000000e+00 1.000000e+00 0.000000e+00 0.000000e+00 0.000000e+00
 0.000000e+00 8.015838e-01 1.984161e-01 0.000000e+00 0.000000e+00
 0.000000e+00 0.000000e+00 4.906558e-01 5.093442e-01 0.000000e+00
 0.000000e+00 0.000000e+00 0.000000e+00 4.702775e-01 5.297226e-01
 0.000000e+00 0.000000e+00 0.000000e+00 0.000000e+00 0.000000e+00
<ENDHMM>
~h "bg_board_3"
<BEGINHMM>
<NUMSTATES> 5
<STATE> 2
<MEAN> 6
 1.635895e+02 2.126191e+01 8.272255e+00 5.350005e+00 2.891516e+00 1.112506e+00
<VARIANCE> 6
 4.605376e+03 4.554941e+02 5.294224e+01 9.320701e+00 2.790136e+00 5.451398e-01
<GCONST> 3.220444e+01
<STATE> 3
<MEAN> 6
 2.270292e+02 5.966842e+01 1.358653e+01 1.321148e+01 4.875054e+00 2.554479e+00
<VARIANCE> 6
 4.351695e+03 3.447553e+03 1.570647e+02 6.374831e+01 9.999093e+00 4.084367e+00
<GCONST> 4.047226e+01
<STATE> 4
<MEAN> 6
 2.315415e+02 2.122521e+01 9.107792e+00 6.284046e+00 3.215572e+00 1.456565e+00
<VARIANCE> 6
 5.164394e+03 4.667961e+02 5.998110e+01 1.392784e+01 2.584643e+00 1.075736e+00
<GCONST> 3.347321e+01
<TRANSP> 5
 0.000000e+00 1.000000e+00 0.000000e+00 0.000000e+00 0.000000e+00
 0.000000e+00 5.631047e-01 4.368953e-01 0.000000e+00 0.000000e+00
 0.000000e+00 0.000000e+00 6.252900e-01 3.747099e-01 0.000000e+00
 0.000000e+00 0.000000e+00 0.000000e+00 4.543538e-01 5.456462e-01
 0.000000e+00 0.000000e+00 0.000000e+00 0.000000e+00 0.000000e+00
<ENDHMM>
~h "bg_board_4"
<BEGINHMM>
<NUMSTATES> 5
<STATE> 2
<MEAN> 6
 1.929100e+02 1.872139e+01 9.808385e+00 6.169618e+00 3.615680e+00 1.792500e+00
<VARIANCE> 6
 3.157551e+03 3.069459e+02 5.887948e+01 1.017143e+01 3.235689e+00 1.374068e+00
<GCONST> 3.269858e+01
<STATE> 3
<MEAN> 6
 2.558421e+02 6.017184e+01 1.801899e+01 1.508829e+01 5.436825e+00 3.191055e+00
<VARIANCE> 6
 4.601896e+03 4.245351e+03 2.855243e+02 9.691446e+01 1.280787e+01 6.172717e+00
<GCONST> 4.241343e+01
<STATE> 4
<MEAN> 6
 2.819074e+02 2.227379e+01 1.052816e+01 7.974327e+00 3.870160e+00 1.937878e+00
<VARIANCE> 6
 5.219035e+03 4.859650e+02 7.875352e+01 2.226698e+01 3.651196e+00 1.922340e+00
<GCONST> 3.519149e+01
<TRANSP> 5
 0.000000e+00 1.000000e+00 0.000000e+00 0.000000e+00 0.000000e+00
 0.000000e+00 7.447593e-01 2.552407e-01 0.000000e+00 0.000000e+00
 0.000000e+00 0.000000e+00 6.345866e-01 3.654134e-01 0.000000e+00
 0.000000e+00 0.000000e+00 0.000000e+00 5.667219e-01 4.332781e-01
 0.000000e+00 0.000000e+00 0.000000e+00 0.000000e+00 0.000000e+00
<ENDHMM>
~h "bg_board_5"
<BEGINHMM>
<NUMSTATES> 5
<STATE> 2
<MEAN> 6
 2.468265e+02 2.336374e+01 1.025628e+01 6.825184e+00 4.014762e+00 2.338223e+00
<VARIANCE> 6
 3.585013e+03 4.981010e+02 6.650506e+01 1.282825e+01 4.517097e+00 2.599242e+00
<GCONST> 3.463460e+01
<STATE> 3
<MEAN> 6
 3.068302e+02 4.466137e+01 1.680194e+01 1.193791e+01 6.178421e+00 3.426752e+00
<VARIANCE> 6
 7.017621e+03 2.683726e+03 2.609017e+02 4.589132e+01 1.623633e+01 6.700696e+00
<GCONST> 4.185828e+01
<STATE> 4
<MEAN> 6
 3.592308e+02 1.500852e+01 7.545730e+00 4.742787e+00 2.960120e+00 1.414795e+00
<VARIANCE> 6
 6.867693e+03 3.377989e+02 5.249836e+01 1.331507e+01 3.798580e+00 1.668683e+00
<GCONST> 3.408064e+01
<TRANSP> 5
 0.000000e+00 1.000000e+00 0.000000e+00 0.000000e+00 0.000000e+00
 0.000000e+00 6.179814e-01 3.820185e-01 0.000000e+00 0.000000e+00
 0.000000e+00 0.000000e+00 6.416302e-01 3.583698e-01 0.000000e+00
 0.000000e+00 0.000000e+00 0.000000e+00 8.519801e-01 1.480199e-01
 0.000000e+00 0.000000e+00 0.000000e+00 0.000000e+00 0.000000e+00
<ENDHMM>
~h "fp_key"
<BEGINHMM>
<NUMSTATES> 5
<STATE> 2
<MEAN> 6
 1.671704e+02 2.390352e+01 5.452449e+00 4.416655e+00 1.700242e+00 6.693869e-01
<VARIANCE> 6
 1.034865e+04 1.034901e+03 1.629317e+02 3.783750e+01 3.102388e+00 5.619042e-01
<GCONST> 3.649632e+01
<STATE> 3
<MEAN> 6
 4.460552e+02 9.500063e+01 2.692673e+01 1.881403e+01 8.725261e+00 3.053778e+00
<VARIANCE> 6
 4.310279e+04 4.085875e+03 2.280849e+03 1.372972e+02 1.587240e+02 1.414885e+01
<GCONST> 5.038515e+01
<STATE> 4
<MEAN> 6
 1.324838e+02 3.799719e+00 3.166055e+00 1.292500e+00 1.183868e+00 4.967039e-01
<VARIANCE> 6
 4.279291e+03 2.799989e+01 1.895277e+01 1.665326e+00 2.114516e+00 3.639209e-01
<GCONST> 2.591098e+01
<TRANSP> 5
 0.000000e+00 1.000000e+00 0.000000e+00 0.000000e+00 0.000000e+00
 0.000000e+00 7.797250e-01 2.202750e-01 0.000000e+00 0.000000e+00
 0.000000e+00 0.000000e+00 8.832874e-01 1.167125e-01 0.000000e+00
 0.000000e+00 0.000000e+00 0.000000e+00 9.174744e-01 8.252565e-02
 0.000000e+00 0.000000e+00 0.000000e+00 0.000000e+00 0.000000e+00
<ENDHMM>
~h "fp_logo"
<BEGINHMM>
<NUMSTATES> 5
<STATE> 2
<MEAN> 6
 1.272800e+02 1.495046e+01 4.026460e+00 5.517263e+00 2.042726e+00 1.022144e+00
<VARIANCE> 6
 9.512067e+02 3.286561e+02 2.064232e+01 3.164947e+01 3.105891e+00 1.611253e+00
<GCONST> 3.177238e+01
<STATE> 3
<MEAN> 6
 2.839232e+02 5.867712e+01 5.533554e+00 1.149945e+01 2.426462e+00 1.088965e+00
<VARIANCE> 6
 5.404507e+04 7.569108e+03 4.055859e+01 2.465989e+02 4.904984e+00 1.715832e+00
<GCONST> 4.219733e+01
<STATE> 4
<MEAN> 6
 1.279926e+02 3.195105e+00 2.522769e+00 1.342218e+00 1.098746e+00 4.114964e-01
<VARIANCE> 6
 2.030920e+03 9.507674e+00 4.661219e+00 1.241825e+00 7.415401e-01 1.464453e-01
<GCONST> 2.043134e+01
<TRANSP> 5
 0.000000e+00 1.000000e+00 0.000000e+00 0.000000e+00 0.000000e+00
 0.000000e+00 6.540760e-01 3.459240e-01 0.000000e+00 0.000000e+00
 0.000000e+00 0.000000e+00 4.062901e-01 5.937099e-01 0.000000e+00
 0.000000e+00 0.000000e+00 0.000000e+00 8.633117e-01 1.366883e-01
 0.000000e+00 0.000000e+00 0.000000e+00 0.000000e+00 0.000000e+00
<ENDHMM>
