~o
<STREAMINFO> 1 6
<VECSIZE> 6<NULLD><MFCC><DIAGC>
~h "fp_logo_0"
<BEGINHMM>
<NUMSTATES> 5
<STATE> 2
<MEAN> 6
 1.138105e+02 5.706571e+00 3.548100e+00 3.263234e+00 1.769899e+00 5.904843e-01
<VARIANCE> 6
 5.545443e+02 8.505922e+01 9.698778e+00 1.472523e+01 2.284278e+00 2.605373e-01
<GCONST> 2.623136e+01
<STATE> 3
<MEAN> 6
 1.350903e+02 2.182704e+01 4.647566e+00 6.687434e+00 2.893401e+00 1.469382e+00
<VARIANCE> 6
 1.105947e+03 5.280507e+02 2.053189e+01 3.047512e+01 6.306187e+00 2.268090e+00
<GCONST> 3.340427e+01
<STATE> 4
<MEAN> 6
 1.076663e+02 3.226421e+00 2.440812e+00 1.204279e+00 9.700558e-01 3.765703e-01
<VARIANCE> 6
 6.044595e+02 1.011104e+01 4.888554e+00 1.306836e+00 4.959411e-01 9.163894e-02
<GCONST> 1.850853e+01
<TRANSP> 5
 0.000000e+00 1.000000e+00 0.000000e+00 0.000000e+00 0.000000e+00
 0.000000e+00 3.653595e-01 6.346405e-01 0.000000e+00 0.000000e+00
 0.000000e+00 0.000000e+00 4.728987e-01 5.271013e-01 0.000000e+00
 0.000000e+00 0.000000e+00 0.000000e+00 9.097080e-01 9.029207e-02
 0.000000e+00 0.000000e+00 0.000000e+00 0.000000e+00 0.000000e+00
<ENDHMM>
~h "fp_logo_1"
<BEGINHMM>
<NUMSTATES> 5
<STATE> 2
<MEAN> 6
 1.218435e+02 4.081689e+00 3.396227e+00 2.273158e+00 1.936665e+00 8.903494e-01
<VARIANCE> 6
 5.815242e+02 2.045380e+01 7.999086e+00 3.493559e+00 1.598519e+00 7.838668e-01
<GCONST> 2.396689e+01
<STATE> 3
<MEAN> 6
 2.553173e+02 4.398967e+01 5.153542e+01 1.207550e+01 1.477994e+01 6.412768e+00
<VARIANCE> 6
 2.757812e+04 3.215572e+03 4.989454e+03 1.348947e+02 2.371228e+02 4.615346e+01
<GCONST> 5.204792e+01
<STATE> 4
<MEAN> 6
 1.636912e+02 2.543569e+01 5.823451e+00 1.006361e+01 3.955614e+00 2.541821e+00
<VARIANCE> 6
 2.389251e+03 7.866451e+02 9.687456e+01 7.875139e+01 2.052243e+01 7.241575e+00
<GCONST> 3.941484e+01
<TRANSP> 5
 0.000000e+00 1.000000e+00 0.000000e+00 0.000000e+00 0.000000e+00
 0.000000e+00 8.191654e-01 1.808346e-01 0.000000e+00 0.000000e+00
 0.000000e+00 0.000000e+00 3.054069e-01 6.945931e-01 0.000000e+00
 0.000000e+00 0.000000e+00 0.000000e+00 5.304675e-01 4.695326e-01
 0.000000e+00 0.000000e+00 0.000000e+00 0.000000e+00 0.000000e+00
<ENDHMM>
~h "fp_logo_2"
<BEGINHMM>
<NUMSTATES> 5
<STATE> 2
<MEAN> 6
 1.831437e+02 3.777394e+01 2.049971e+01 1.441074e+01 6.642283e+00 4.444221e+00
<VARIANCE> 6
 2.436939e+03 2.203644e+03 1.106705e+03 2.235201e+02 6.894400e+01 3.887939e+01
<GCONST> 4.683603e+01
<STATE> 3
<MEAN> 6
 3.735910e+02 7.557173e+01 8.358330e+01 1.932460e+01 2.363535e+01 8.609803e+00
<VARIANCE> 6
 3.327494e+04 5.046461e+03 6.886073e+03 2.780020e+02 2.846615e+02 4.546312e+01
<GCONST> 5.389936e+01
<STATE> 4
<MEAN> 6
 1.556969e+02 7.773924e+00 5.067764e+00 6.263102e+00 2.925543e+00 1.935745e+00
<VARIANCE> 6
 1.321990e+03 1.070772e+02 4.634100e+01 3.797733e+01 4.594383e+00 3.150858e+00
<GCONST> 3.303323e+01
<TRANSP> 5
 0.000000e+00 1.000000e+00 0.000000e+00 0.000000e+00 0.000000e+00
 0.000000e+00 1.751019e-01 8.248981e-01 0.000000e+00 0.000000e+00
 0.000000e+00 0.000000e+00 7.233485e-01 2.766515e-01 0.000000e+00
 0.000000e+00 0.000000e+00 0.000000e+00 5.557215e-01 4.442785e-01
 0.000000e+00 0.000000e+00 0.000000e+00 0.000000e+00 0.000000e+00
<ENDHMM>
~h "fp_logo_3"
<BEGINHMM>
<NUMSTATES> 5
<STATE> 2
<MEAN> 6
 1.883706e+02 1.153481e+01 1.394091e+01 6.026443e+00 4.819669e+00 2.388269e+00
<VARIANCE> 6
 7.722196e+03 4.076774e+02 8.392624e+02 6.698564e+01 5.449851e+01 7.230892e+00
<GCONST> 4.290313e+01
<STATE> 3
<MEAN> 6
 2.936723e+02 6.566939e+01 5.026495e+01 1.857609e+01 1.340291e+01 7.815151e+00
<VARIANCE> 6
 2.251596e+04 6.758475e+03 4.450519e+03 3.283055e+02 2.446743e+02 6.366561e+01
<GCONST> 5.371609e+01
<STATE> 4
<MEAN> 6
 1.738046e+02 3.961925e+00 3.448045e+00 2.078244e+00 1.803702e+00 9.489391e-01
<VARIANCE> 6
 1.121933e+03 1.204742e+01 5.948301e+00 3.182026e+00 1.796741e+00 1.713737e+00
<GCONST> 2.460420e+01
<TRANSP> 5
 0.000000e+00 1.000000e+00 0.000000e+00 0.000000e+00 0.000000e+00
 0.000000e+00 2.057372e-02 9.794263e-01 0.000000e+00 0.000000e+00
 0.000000e+00 0.000000e+00 3.564132e-01 6.435868e-01 0.000000e+00
 0.000000e+00 0.000000e+00 0.000000e+00 8.397125e-01 1.602875e-01
 0.000000e+00 0.000000e+00 0.000000e+00 0.000000e+00 0.000000e+00
<ENDHMM>
~h "fp_logo_4"
<BEGINHMM>
<NUMSTATES> 5
<STATE> 2
<MEAN> 6
 2.048352e+02 8.020245e+00 3.386852e+00 4.625080e+00 1.940633e+00 6.248068e-01
<VARIANCE> 6
 6.026536e+02 6.320759e+01 7.575173e+00 2.176375e+01 9.765570e-01 1.564704e-01
<GCONST> 2.480154e+01
<STATE> 3
<MEAN> 6
 2.416128e+02 1.901024e+01 6.372294e+00 6.849518e+00 3.682364e+00 1.654682e+00
<VARIANCE> 6
 1.719948e+03 4.134869e+02 2.585195e+01 3.028258e+01 3.609664e+00 1.745836e+00
<GCONST> 3.300574e+01
<STATE> 4
<MEAN> 6
 2.617430e+02 3.900217e+00 3.771358e+00 1.963446e+00 2.033504e+00 7.550825e-01
<VARIANCE> 6
 8.025252e+02 8.677821e+00 9.559639e+00 1.166035e+00 1.182256e+00 3.840139e-01
<GCONST> 2.149730e+01
<TRANSP> 5
 0.000000e+00 1.000000e+00 0.000000e+00 0.000000e+00 0.000000e+00
 0.000000e+00 6.972518e-01 3.027482e-01 0.000000e+00 0.000000e+00
 0.000000e+00 0.000000e+00 4.990869e-01 5.009131e-01 0.000000e+00
 0.000000e+00 0.000000e+00 0.000000e+00 8.745676e-01 1.254324e-01
 0.000000e+00 0.000000e+00 0.000000e+00 0.000000e+00 0.000000e+00
<ENDHMM>
~h "fp_logo_5"
<BEGINHMM>
<NUMSTATES> 5
<STATE> 2
<MEAN> 6
 2.989042e+02 6.425445e+00 3.709953e+00 3.433667e+00 2.131992e+00 1.176412e+00
<VARIANCE> 6
 2.791531e+03 4.923582e+01 7.825394e+00 1.397390e+01 1.109124e+00 8.820609e-01
<GCONST> 2.753087e+01
<STATE> 3
<MEAN> 6
 3.020925e+02 5.763021e+00 4.282996e+00 2.750353e+00 2.830206e+00 1.039187e+00
<VARIANCE> 6
 1.455402e+03 5.445031e+01 1.047543e+01 1.386401e+01 3.025101e+00 6.359515e-01
<GCONST> 2.794023e+01
<STATE> 4
<MEAN> 6
 3.468429e+02 2.665959e+00 2.844287e+00 1.388262e+00 1.518083e+00 5.401973e-01
<VARIANCE> 6
 1.736993e+03 1.025777e+01 5.785130e+00 2.757053e+00 1.241817e+00 2.503087e-01
<GCONST> 2.241618e+01
<TRANSP> 5
 0.000000e+00 1.000000e+00 0.000000e+00 0.000000e+00 0.000000e+00
 0.000000e+00 2.054005e-01 7.945995e-01 0.000000e+00 0.000000e+00
 0.000000e+00 0.000000e+00 2.656892e-02 9.734311e-01 0.000000e+00
 0.000000e+00 0.000000e+00 0.000000e+00 8.907105e-01 1.092895e-01
 0.000000e+00 0.000000e+00 0.000000e+00 0.000000e+00 0.000000e+00
<ENDHMM>
~h "bg_white_0"
<BEGINHMM>
<NUMSTATES> 5
<STATE> 2
<MEAN> 6
 7.586615e+02 2.475394e+00 5.027096e+00 9.286036e-01 1.726219e+00 4.589583e-01
<VARIANCE> 6
 5.786935e+03 5.406958e+01 3.759328e+02 2.637245e+00 2.572482e+01 6.410766e-01
<GCONST> 3.338289e+01
<STATE> 3
<MEAN> 6
 6.991180e+02 3.273969e+01 1.707718e+01 1.125325e+01 9.333947e+00 6.344238e+00
<VARIANCE> 6
 1.504394e+04 1.705384e+03 8.304573e+02 1.012261e+02 8.842300e+01 4.413730e+01
<GCONST> 4.769630e+01
<STATE> 4
<MEAN> 6
 6.156463e+02 4.863546e+00 4.708175e+00 2.069623e+00 2.183399e+00 9.880009e-01
<VARIANCE> 6
 6.585448e+04 6.073616e+01 1.946332e+02 8.088305e+00 1.383345e+01 1.889857e+00
<GCONST> 3.685413e+01
<TRANSP> 5
 0.000000e+00 1.000000e+00 0.000000e+00 0.000000e+00 0.000000e+00
 0.000000e+00 9.108355e-01 8.916452e-02 0.000000e+00 0.000000e+00
 0.000000e+00 0.000000e+00 5.338610e-01 4.661390e-01 0.000000e+00
 0.000000e+00 0.000000e+00 0.000000e+00 3.371421e-01 6.628579e-01
 0.000000e+00 0.000000e+00 0.000000e+00 0.000000e+00 0.000000e+00
<ENDHMM>
~h "fp_screen_0"
<BEGINHMM>
<NUMSTATES> 5
<STATE> 2
<MEAN> 6
 1.760785e+02 5.844656e+00 6.036378e+00 2.518996e+00 2.664964e+00 8.835599e-01
<VARIANCE> 6
 1.874483e+04 3.882638e+01 1.018672e+02 3.245473e+00 1.226112e+01 8.183255e-01
<GCONST> 3.263190e+01
<STATE> 3
<MEAN> 6
 3.887561e+02 1.954909e+01 2.524742e+01 6.282424e+00 7.466869e+00 3.095626e+00
<VARIANCE> 6
 2.588438e+04 7.660587e+02 1.264603e+03 6.597554e+01 7.333786e+01 1.957974e+01
<GCONST> 4.643129e+01
<STATE> 4
<MEAN> 6
 3.779487e+02 9.190158e+00 3.595807e+00 2.612732e+00 1.578286e+00 8.701573e-01
<VARIANCE> 6
 1.696071e+04 8.848374e+01 3.271930e+01 5.945201e+00 2.481380e+00 1.027262e+00
<GCONST> 3.145500e+01
<TRANSP> 5
 0.000000e+00 1.000000e+00 0.000000e+00 0.000000e+00 0.000000e+00
 0.000000e+00 6.158032e-01 3.841969e-01 0.000000e+00 0.000000e+00
 0.000000e+00 0.000000e+00 1.432510e-01 8.567491e-01 0.000000e+00
 0.000000e+00 0.000000e+00 0.000000e+00 4.187389e-01 5.812610e-01
 0.000000e+00 0.000000e+00 0.000000e+00 0.000000e+00 0.000000e+00
<ENDHMM>
~h "fp_screen_1"
<BEGINHMM>
<NUMSTATES> 5
<STATE> 2
<MEAN> 6
 4.271020e+02 6.139017e+00 1.915601e+00 1.422194e+00 8.871360e-01 5.307897e-01
<VARIANCE> 6
 1.274719e+04 3.993128e+01 3.890425e+00 2.902653e+00 7.631271e-01 3.951406e-01
<GCONST> 2.539279e+01
<STATE> 3
<MEAN> 6
 4.675087e+02 3.764127e+01 2.060868e+01 1.118047e+01 7.462945e+00 3.082297e+00
<VARIANCE> 6
 4.650614e+04 2.293396e+03 9.827608e+02 1.639996e+02 7.638561e+01 1.436723e+01
<GCONST> 4.850337e+01
<STATE> 4
<MEAN> 6
 2.779744e+02 2.680958e+01 6.411620e+00 9.179357e+00 3.237291e+00 2.101942e+00
<VARIANCE> 6
 2.408551e+04 4.994982e+02 7.909492e+01 4.122861e+01 9.023561e+00 4.074453e+00
<GCONST> 3.902459e+01
<TRANSP> 5
 0.000000e+00 1.000000e+00 0.000000e+00 0.000000e+00 0.000000e+00
 0.000000e+00 8.138195e-01 1.861805e-01 0.000000e+00 0.000000e+00
 0.000000e+00 0.000000e+00 3.134662e-01 6.865339e-01 0.000000e+00
 0.000000e+00 0.000000e+00 0.000000e+00 6.282902e-01 3.717099e-01
 0.000000e+00 0.000000e+00 0.000000e+00 0.000000e+00 0.000000e+00
<ENDHMM>
~h "fp_screen_2"
<BEGINHMM>
<NUMSTATES> 5
<STATE> 2
<MEAN> 6
 4.089573e+02 4.005498e+01 6.399559e+00 7.037442e+00 3.202658e+00 2.089556e+00
<VARIANCE> 6
 1.536743e+04 1.165637e+03 9.535701e+01 5.095724e+01 1.769063e+01 6.198503e+00
<GCONST> 4.091425e+01
<STATE> 3
<MEAN> 6
 5.903635e+02 6.830686e+01 5.733684e+01 2.072944e+01 2.182806e+01 8.920822e+00
<VARIANCE> 6
 3.539889e+04 3.150193e+03 3.394738e+03 2.241868e+02 3.814457e+02 6.362333e+01
<GCONST> 5.319633e+01
<STATE> 4
<MEAN> 6
 3.127673e+02 1.644431e+01 6.871534e+00 5.325375e+00 3.534464e+00 2.283911e+00
<VARIANCE> 6
 2.323700e+04 2.532790e+02 5.922956e+01 1.748058e+01 1.479754e+01 4.874639e+00
<GCONST> 3.783628e+01
<TRANSP> 5
 0.000000e+00 1.000000e+00 0.000000e+00 0.000000e+00 0.000000e+00
 0.000000e+00 4.325818e-01 5.674183e-01 0.000000e+00 0.000000e+00
 0.000000e+00 0.000000e+00 7.338327e-01 2.661673e-01 0.000000e+00
 0.000000e+00 0.000000e+00 0.000000e+00 4.613741e-01 5.386258e-01
 0.000000e+00 0.000000e+00 0.000000e+00 0.000000e+00 0.000000e+00
<ENDHMM>
~h "fp_screen_3"
<BEGINHMM>
<NUMSTATES> 5
<STATE> 2
<MEAN> 6
 3.853939e+02 2.405819e+01 1.043732e+01 7.137931e+00 4.932559e+00 2.687940e+00
<VARIANCE> 6
 2.075806e+04 1.048879e+03 2.924348e+02 4.364226e+01 4.426450e+01 7.299677e+00
<GCONST> 4.315571e+01
<STATE> 3
<MEAN> 6
 5.498454e+02 4.658665e+01 5.298478e+01 1.094350e+01 1.272649e+01 5.381497e+00
<VARIANCE> 6
 5.092933e+04 2.808008e+03 4.479531e+03 1.048994e+02 1.642566e+02 2.909256e+01
<GCONST> 5.133787e+01
<STATE> 4
<MEAN> 6
 3.691097e+02 6.814882e+00 2.639440e+00 1.549681e+00 9.874039e-01 4.719396e-01
<VARIANCE> 6
 7.107500e+03 3.617788e+01 5.591722e+00 1.543978e+00 6.120968e-01 1.323737e-01
<GCONST> 2.312727e+01
<TRANSP> 5
 0.000000e+00 1.000000e+00 0.000000e+00 0.000000e+00 0.000000e+00
 0.000000e+00 1.795296e-01 8.204703e-01 0.000000e+00 0.000000e+00
 0.000000e+00 0.000000e+00 5.009742e-01 4.990258e-01 0.000000e+00
 0.000000e+00 0.000000e+00 0.000000e+00 9.061916e-01 9.380835e-02
 0.000000e+00 0.000000e+00 0.000000e+00 0.000000e+00 0.000000e+00
<ENDHMM>
~h "fp_screen_4"
<BEGINHMM>
<NUMSTATES> 5
<STATE> 2
<MEAN> 6
 3.367506e+02 5.806733e+00 4.518111e+00 1.658670e+00 1.634610e+00 5.869009e-01
<VARIANCE> 6
 4.037341e+03 2.892020e+01 1.704273e+01 1.532718e+00 1.054177e+00 1.368626e-01
<GCONST> 2.402189e+01
<STATE> 3
<MEAN> 6
 3.119843e+02 1.055278e+01 1.896260e+01 5.070749e+00 5.133730e+00 2.331528e+00
<VARIANCE> 6
 5.793805e+03 1.812718e+02 2.394883e+02 3.653804e+01 1.281487e+01 4.788519e+00
<GCONST> 3.808549e+01
<STATE> 4
<MEAN> 6
 2.475093e+02 5.808981e+00 6.251372e+00 2.514304e+00 2.404432e+00 1.022472e+00
<VARIANCE> 6
 5.540487e+03 2.388531e+01 2.800060e+01 5.085568e+00 2.260375e+00 8.267610e-01
<GCONST> 2.840429e+01
<TRANSP> 5
 0.000000e+00 1.000000e+00 0.000000e+00 0.000000e+00 0.000000e+00
 0.000000e+00 8.711092e-01 1.288908e-01 0.000000e+00 0.000000e+00
 0.000000e+00 0.000000e+00 2.582422e-01 7.417578e-01 0.000000e+00
 0.000000e+00 0.000000e+00 0.000000e+00 6.985179e-01 3.014821e-01
 0.000000e+00 0.000000e+00 0.000000e+00 0.000000e+00 0.000000e+00
<ENDHMM>
~h "fp_screen_5"
<BEGINHMM>
<NUMSTATES> 5
<STATE> 2
<MEAN> 6
 2.997343e+02 6.306641e+00 7.316877e+00 3.350053e+00 3.442025e+00 1.893783e+00
<VARIANCE> 6
 4.615952e+03 2.836156e+01 4.200396e+01 7.746369e+00 3.889846e+00 2.077505e+00
<GCONST> 3.068410e+01
<STATE> 3
<MEAN> 6
 3.615093e+02 3.257438e+01 2.524049e+01 1.054804e+01 1.063537e+01 4.104526e+00
<VARIANCE> 6
 2.226450e+04 2.714064e+03 1.070508e+03 1.435733e+02 1.231904e+02 2.446133e+01
<GCONST> 4.889777e+01
<STATE> 4
<MEAN> 6
 3.402445e+02 3.424884e+00 5.316205e+00 1.727722e+00 2.095284e+00 8.476700e-01
<VARIANCE> 6
 1.585466e+03 1.149416e+01 3.151514e+01 1.860806e+00 2.572683e+00 1.017159e+00
<GCONST> 2.587118e+01
<TRANSP> 5
 0.000000e+00 1.000000e+00 0.000000e+00 0.000000e+00 0.000000e+00
 0.000000e+00 6.292893e-01 3.707107e-01 0.000000e+00 0.000000e+00
 0.000000e+00 0.000000e+00 3.868739e-01 6.131261e-01 0.000000e+00
 0.000000e+00 0.000000e+00 0.000000e+00 8.475445e-01 1.524555e-01
 0.000000e+00 0.000000e+00 0.000000e+00 0.000000e+00 0.000000e+00
<ENDHMM>
~h "bg_white_0_0"
<BEGINHMM>
<NUMSTATES> 5
<STATE> 2
<MEAN> 6
 7.257766e+02 4.554842e+00 3.144088e+00 1.676848e+00 1.420806e+00 5.037439e-01
<VARIANCE> 6
 2.325846e+04 8.632967e+01 3.266747e+01 8.482909e+00 8.515820e+00 3.821277e-01
<GCONST> 3.234422e+01
<STATE> 3
<MEAN> 6
 6.934955e+02 4.943154e+01 7.845117e+00 1.302242e+01 6.065356e+00 3.995206e+00
<VARIANCE> 6
 1.754162e+04 5.043635e+03 1.968822e+02 2.454049e+02 7.458512e+01 3.006184e+01
<GCONST> 4.782619e+01
<STATE> 4
<MEAN> 6
 7.533642e+02 5.323664e+00 2.489466e+00 2.594134e+00 1.853387e+00 1.789699e+00
<VARIANCE> 6
 6.539263e+03 4.803268e+01 7.849566e+00 8.854173e+00 4.000099e+00 4.182324e+00
<GCONST> 3.074326e+01
<TRANSP> 5
 0.000000e+00 1.000000e+00 0.000000e+00 0.000000e+00 0.000000e+00
 0.000000e+00 1.414692e-01 8.585308e-01 0.000000e+00 0.000000e+00
 0.000000e+00 0.000000e+00 3.514465e-01 6.485535e-01 0.000000e+00
 0.000000e+00 0.000000e+00 0.000000e+00 6.937475e-01 3.062525e-01
 0.000000e+00 0.000000e+00 0.000000e+00 0.000000e+00 0.000000e+00
<ENDHMM>
~h "bg_white_0_1"
<BEGINHMM>
<NUMSTATES> 5
<STATE> 2
<MEAN> 6
 7.265867e+02 1.269172e+01 6.703553e+00 6.190491e+00 5.592181e+00 4.120936e+00
<VARIANCE> 6
 1.534811e+04 2.914679e+02 8.018313e+01 3.862897e+01 3.497828e+01 1.584125e+01
<GCONST> 4.069660e+01
<STATE> 3
<MEAN> 6
 6.861842e+02 5.908661e+01 1.771787e+01 1.663941e+01 1.481509e+01 1.044317e+01
<VARIANCE> 6
 5.437412e+03 1.395358e+03 2.757519e+02 7.198312e+01 9.009566e+01 3.868533e+01
<GCONST> 4.492150e+01
<STATE> 4
<MEAN> 6
 7.295972e+02 9.958664e+00 4.206108e+00 5.366879e+00 3.560490e+00 3.048181e+00
<VARIANCE> 6
 1.409476e+04 1.751999e+02 2.184926e+01 3.235249e+01 1.070884e+01 8.482450e+00
<GCONST> 3.681668e+01
<TRANSP> 5
 0.000000e+00 1.000000e+00 0.000000e+00 0.000000e+00 0.000000e+00
 0.000000e+00 1.860094e-01 8.139907e-01 0.000000e+00 0.000000e+00
 0.000000e+00 0.000000e+00 7.883726e-01 2.116273e-01 0.000000e+00
 0.000000e+00 0.000000e+00 0.000000e+00 2.840679e-01 7.159322e-01
 0.000000e+00 0.000000e+00 0.000000e+00 0.000000e+00 0.000000e+00
<ENDHMM>
~h "bg_white_0_2"
<BEGINHMM>
<NUMSTATES> 5
<STATE> 2
<MEAN> 6
 7.155514e+02 1.989775e+01 7.538259e+00 8.721174e+00 6.803583e+00 5.016964e+00
<VARIANCE> 6
 1.281342e+04 5.302940e+02 7.606751e+01 5.486073e+01 4.168439e+01 1.835281e+01
<GCONST> 4.173527e+01
<STATE> 3
<MEAN> 6
 6.705246e+02 5.287172e+01 1.874999e+01 1.848190e+01 1.516551e+01 1.076421e+01
<VARIANCE> 6
 6.621779e+03 1.490756e+03 3.150553e+02 1.002142e+02 1.007358e+02 4.143376e+01
<GCONST> 4.582908e+01
<STATE> 4
<MEAN> 6
 7.257390e+02 9.760267e+00 3.811437e+00 4.997969e+00 3.408154e+00 3.070069e+00
<VARIANCE> 6
 1.225343e+04 1.896546e+02 1.754892e+01 2.639703e+01 1.105573e+01 7.724829e+00
<GCONST> 3.627166e+01
<TRANSP> 5
 0.000000e+00 1.000000e+00 0.000000e+00 0.000000e+00 0.000000e+00
 0.000000e+00 3.051252e-01 6.948748e-01 0.000000e+00 0.000000e+00
 0.000000e+00 0.000000e+00 7.558084e-01 2.441916e-01 0.000000e+00
 0.000000e+00 0.000000e+00 0.000000e+00 3.753574e-01 6.246427e-01
 0.000000e+00 0.000000e+00 0.000000e+00 0.000000e+00 0.000000e+00
<ENDHMM>
~h "bg_white_0_3"
<BEGINHMM>
<NUMSTATES> 5
<STATE> 2
<MEAN> 6
 7.056553e+02 2.269070e+01 9.024679e+00 1.025943e+01 7.447257e+00 5.145959e+00
<VARIANCE> 6
 1.307869e+04 5.305137e+02 1.116583e+02 6.502068e+01 5.305640e+01 1.866052e+01
<GCONST> 4.256776e+01
<STATE> 3
<MEAN> 6
 6.788888e+02 4.972672e+01 1.876848e+01 1.617424e+01 1.353613e+01 9.390354e+00
<VARIANCE> 6
 7.328026e+03 1.431409e+03 3.254006e+02 8.386192e+01 8.703167e+01 3.650410e+01
<GCONST> 4.547106e+01
<STATE> 4
<MEAN> 6
 7.396464e+02 6.210712e+00 2.648182e+00 3.285345e+00 2.169530e+00 1.977184e+00
<VARIANCE> 6
 8.220716e+03 7.424426e+01 8.601401e+00 1.284320e+01 4.828498e+00 5.112890e+00
<GCONST> 3.226007e+01
<TRANSP> 5
 0.000000e+00 1.000000e+00 0.000000e+00 0.000000e+00 0.000000e+00
 0.000000e+00 2.736760e-01 7.263241e-01 0.000000e+00 0.000000e+00
 0.000000e+00 0.000000e+00 6.778755e-01 3.221245e-01 0.000000e+00
 0.000000e+00 0.000000e+00 0.000000e+00 5.904455e-01 4.095545e-01
 0.000000e+00 0.000000e+00 0.000000e+00 0.000000e+00 0.000000e+00
<ENDHMM>
~h "bg_white_0_4"
<BEGINHMM>
<NUMSTATES> 5
<STATE> 2
<MEAN> 6
 7.123052e+02 1.316261e+01 5.972922e+00 6.317252e+00 4.720918e+00 3.251900e+00
<VARIANCE> 6
 1.471516e+04 2.983682e+02 6.127638e+01 3.819307e+01 2.916478e+01 1.237742e+01
<GCONST> 3.996911e+01
<STATE> 3
<MEAN> 6
 6.743256e+02 4.666801e+01 1.720194e+01 1.500513e+01 1.225014e+01 8.213512e+00
<VARIANCE> 6
 9.471448e+03 1.949848e+03 3.081055e+02 9.737825e+01 8.419328e+01 3.759254e+01
<GCONST> 4.612777e+01
<STATE> 4
<MEAN> 6
 7.434775e+02 2.931475e+00 1.514229e+00 1.569308e+00 1.141437e+00 1.050333e+00
<VARIANCE> 6
 4.534323e+03 1.364522e+01 2.685256e+00 2.981939e+00 1.438317e+00 2.314979e+00
<GCONST> 2.534331e+01
<TRANSP> 5
 0.000000e+00 1.000000e+00 0.000000e+00 0.000000e+00 0.000000e+00
 0.000000e+00 1.863243e-01 8.136756e-01 0.000000e+00 0.000000e+00
 0.000000e+00 0.000000e+00 6.905888e-01 3.094112e-01 0.000000e+00
 0.000000e+00 0.000000e+00 0.000000e+00 8.855662e-01 1.144338e-01
 0.000000e+00 0.000000e+00 0.000000e+00 0.000000e+00 0.000000e+00
<ENDHMM>
~h "bg_white_0_5"
<BEGINHMM>
<NUMSTATES> 5
<STATE> 2
<MEAN> 6
 7.444893e+02 2.676612e+00 3.097853e+00 9.934514e-01 1.501931e+00 4.870020e-01
<VARIANCE> 6
 3.726540e+03 2.019321e+01 1.840413e+01 2.661464e+00 4.004766e+00 9.053785e-01
<GCONST> 2.743538e+01
<STATE> 3
<MEAN> 6
 5.039386e+02 1.743407e+01 8.690900e+01 4.816993e+00 2.039112e+01 1.226659e+00
<VARIANCE> 6
 3.256845e+04 7.752482e+02 6.102646e+03 5.184933e+01 2.188066e+02 2.912699e+00
<GCONST> 4.719363e+01
<STATE> 4
<MEAN> 6
 2.836391e+02 6.990329e+00 4.909549e+00 2.472191e+00 1.761902e+00 6.333958e-01
<VARIANCE> 6
 8.897004e+03 9.437688e+01 1.491979e+02 9.322178e+00 9.851309e+00 7.425299e-01
<GCONST> 3.389561e+01
<TRANSP> 5
 0.000000e+00 1.000000e+00 0.000000e+00 0.000000e+00 0.000000e+00
 0.000000e+00 8.303764e-01 1.696236e-01 0.000000e+00 0.000000e+00
 0.000000e+00 0.000000e+00 2.192055e-01 7.807945e-01 0.000000e+00
 0.000000e+00 0.000000e+00 0.000000e+00 8.643962e-01 1.356039e-01
 0.000000e+00 0.000000e+00 0.000000e+00 0.000000e+00 0.000000e+00
<ENDHMM>
~h "bg_dark_0"
<BEGINHMM>
<NUMSTATES> 5
<STATE> 2
<MEAN> 6
 2.436095e+02 2.357663e+01 7.704345e+00 4.723475e+00 2.622718e+00 9.906856e-01
<VARIANCE> 6
 5.877540e+03 1.257519e+03 3.717091e+01 1.331823e+01 1.957523e+00 4.442731e-01
<GCONST> 3.290808e+01
<STATE> 3
<MEAN> 6
 2.455763e+02 1.326070e+01 1.283103e+01 4.600632e+00 3.885851e+00 1.864226e+00
<VARIANCE> 6
 2.668690e+03 1.752836e+02 6.962863e+01 5.396763e+00 3.833550e+00 2.245468e+00
<GCONST> 3.216469e+01
<STATE> 4
<MEAN> 6
 2.154317e+02 1.001690e+01 7.820130e+00 2.696094e+00 3.393415e+00 1.515281e+00
<VARIANCE> 6
 3.626374e+03 5.467618e+01 5.558023e+01 1.140676e+00 3.408287e+00 9.206600e-01
<GCONST> 2.851768e+01
<TRANSP> 5
 0.000000e+00 1.000000e+00 0.000000e+00 0.000000e+00 0.000000e+00
 0.000000e+00 6.585066e-01 3.414933e-01 0.000000e+00 0.000000e+00
 0.000000e+00 0.000000e+00 5.240813e-02 9.475919e-01 0.000000e+00
 0.000000e+00 0.000000e+00 0.000000e+00 1.288663e-01 8.711337e-01
 0.000000e+00 0.000000e+00 0.000000e+00 0.000000e+00 0.000000e+00
<ENDHMM>
~h "bg_dark_0_0"
<BEGINHMM>
<NUMSTATES> 5
<STATE> 2
<MEAN> 6
 2.311232e+02 6.678888e+00 7.331995e+00 3.108042e+00 2.968376e+00 9.856315e-01
<VARIANCE> 6
 2.067520e+03 3.551288e+01 2.678260e+01 2.785241e+00 1.700181e+00 4.019719e-01
<GCONST> 2.616271e+01
<STATE> 3
<MEAN> 6
 1.998441e+02 1.469026e+01 1.421465e+01 4.868209e+00 4.505542e+00 1.555376e+00
<VARIANCE> 6
 2.565212e+03 1.312527e+02 8.085131e+01 5.984069e+00 7.496620e+00 1.503922e+00
<GCONST> 3.235843e+01
<STATE> 4
<MEAN> 6
 1.836697e+02 5.149244e+00 9.326721e+00 2.618051e+00 3.532766e+00 1.156501e+00
<VARIANCE> 6
 1.387753e+03 2.199117e+01 5.170708e+01 1.602235e+00 3.795880e+00 4.576256e-01
<GCONST> 2.632255e+01
<TRANSP> 5
 0.000000e+00 1.000000e+00 0.000000e+00 0.000000e+00 0.000000e+00
 0.000000e+00 5.837461e-01 4.162539e-01 0.000000e+00 0.000000e+00
 0.000000e+00 0.000000e+00 2.028622e-01 7.971378e-01 0.000000e+00
 0.000000e+00 0.000000e+00 0.000000e+00 7.480117e-01 2.519883e-01
 0.000000e+00 0.000000e+00 0.000000e+00 0.000000e+00 0.000000e+00
<ENDHMM>
~h "bg_dark_0_1"
<BEGINHMM>
<NUMSTATES> 5
<STATE> 2
<MEAN> 6
 1.364981e+02 9.831517e+00 7.206879e+00 2.734402e+00 2.865153e+00 1.018716e+00
<VARIANCE> 6
 1.663296e+03 7.904285e+01 2.486944e+01 2.393129e+00 2.720911e+00 3.985008e-01
<GCONST> 2.698097e+01
<STATE> 3
<MEAN> 6
 1.409746e+02 1.367465e+01 1.891231e+01 4.405696e+00 4.361373e+00 2.063232e+00
<VARIANCE> 6
 2.006270e+03 2.159953e+02 2.498567e+02 6.773658e+00 5.294131e+00 1.870879e+00
<GCONST> 3.373349e+01
<STATE> 4
<MEAN> 6
 1.061705e+02 5.414771e+00 5.558342e+00 1.904950e+00 2.781140e+00 7.599432e-01
<VARIANCE> 6
 5.865201e+02 2.681825e+01 2.307671e+01 1.297535e+00 2.624967e+00 3.136508e-01
<GCONST> 2.389544e+01
<TRANSP> 5
 0.000000e+00 1.000000e+00 0.000000e+00 0.000000e+00 0.000000e+00
 0.000000e+00 6.205754e-01 3.794246e-01 0.000000e+00 0.000000e+00
 0.000000e+00 0.000000e+00 6.919113e-01 3.080888e-01 0.000000e+00
 0.000000e+00 0.000000e+00 0.000000e+00 8.636512e-01 1.363487e-01
 0.000000e+00 0.000000e+00 0.000000e+00 0.000000e+00 0.000000e+00
<ENDHMM>
~h "bg_dark_0_2"
<BEGINHMM>
<NUMSTATES> 5
<STATE> 2
<MEAN> 6
 1.108646e+02 1.022466e+01 5.755781e+00 2.709676e+00 2.137640e+00 6.160831e-01
<VARIANCE> 6
 5.930743e+02 1.270739e+02 2.494983e+01 3.681401e+00 1.960729e+00 1.882923e-01
<GCONST> 2.578107e+01
<STATE> 3
<MEAN> 6
 1.206336e+02 9.322296e+00 1.363868e+01 2.864856e+00 5.395964e+00 1.446071e+00
<VARIANCE> 6
 1.486740e+03 3.871801e+01 1.419207e+02 2.212745e+00 1.089579e+01 8.785026e-01
<GCONST> 2.999625e+01
<STATE> 4
<MEAN> 6
 1.206573e+02 1.979465e+01 1.403628e+01 6.521865e+00 5.308338e+00 2.563845e+00
<VARIANCE> 6
 1.731137e+03 2.288362e+02 1.891435e+02 1.169510e+01 9.930544e+00 5.551421e+00
<GCONST> 3.562815e+01
<TRANSP> 5
 0.000000e+00 1.000000e+00 0.000000e+00 0.000000e+00 0.000000e+00
 0.000000e+00 5.709468e-01 4.290532e-01 0.000000e+00 0.000000e+00
 0.000000e+00 0.000000e+00 8.005571e-01 1.994429e-01 0.000000e+00
 0.000000e+00 0.000000e+00 0.000000e+00 3.712649e-01 6.287351e-01
 0.000000e+00 0.000000e+00 0.000000e+00 0.000000e+00 0.000000e+00
<ENDHMM>
~h "bg_dark_0_3"
<BEGINHMM>
<NUMSTATES> 5
<STATE> 2
<MEAN> 6
 1.241158e+02 1.247261e+01 1.540692e+01 5.528614e+00 6.042073e+00 2.050555e+00
<VARIANCE> 6
 9.670418e+02 9.953824e+01 1.650270e+02 7.627898e+00 1.048108e+01 1.821372e+00
<GCONST> 3.258913e+01
<STATE> 3
<MEAN> 6
 7.812421e+01 4.046232e+01 4.054786e+00 6.108669e+00 1.933670e+00 7.095135e-01
<VARIANCE> 6
 9.336688e+02 6.600171e+02 1.486964e+01 1.102109e+01 3.966982e+00 4.812201e-01
<GCONST> 3.010436e+01
<STATE> 4
<MEAN> 6
 1.158503e+02 8.023951e+00 6.313972e+00 2.803264e+00 3.037031e+00 1.107017e+00
<VARIANCE> 6
 4.851641e+02 7.126909e+01 2.577152e+01 2.618145e+00 3.472925e+00 5.409353e-01
<GCONST> 2.632049e+01
<TRANSP> 5
 0.000000e+00 1.000000e+00 0.000000e+00 0.000000e+00 0.000000e+00
 0.000000e+00 7.023471e-01 2.976529e-01 0.000000e+00 0.000000e+00
 0.000000e+00 0.000000e+00 7.066860e-01 2.933141e-01 0.000000e+00
 0.000000e+00 0.000000e+00 0.000000e+00 7.845616e-01 2.154385e-01
 0.000000e+00 0.000000e+00 0.000000e+00 0.000000e+00 0.000000e+00
<ENDHMM>
~h "bg_dark_0_4"
<BEGINHMM>
<NUMSTATES> 5
<STATE> 2
<MEAN> 6
 1.146670e+02 5.028451e+00 3.930554e+00 1.370294e+00 1.555037e+00 5.030406e-01
<VARIANCE> 6
 1.904883e+02 4.233825e+01 1.661678e+01 1.684807e+00 1.977244e+00 1.851341e-01
<GCONST> 2.234964e+01
<STATE> 3
<MEAN> 6
 1.479286e+02 1.558136e+01 2.041486e+01 5.601610e+00 6.767981e+00 2.492991e+00
<VARIANCE> 6
 1.766845e+03 2.224958e+02 2.267402e+02 8.460630e+00 8.570017e+00 1.930989e+00
<GCONST> 3.427465e+01
<STATE> 4
<MEAN> 6
 1.161206e+02 9.012283e+00 9.207654e+00 3.306467e+00 3.731281e+00 1.127281e+00
<VARIANCE> 6
 6.471973e+02 7.626849e+01 4.915936e+01 4.312326e+00 4.657795e+00 7.558990e-01
<GCONST> 2.844941e+01
<TRANSP> 5
 0.000000e+00 1.000000e+00 0.000000e+00 0.000000e+00 0.000000e+00
 0.000000e+00 8.288825e-01 1.711175e-01 0.000000e+00 0.000000e+00
 0.000000e+00 0.000000e+00 7.028949e-01 2.971051e-01 0.000000e+00
 0.000000e+00 0.000000e+00 0.000000e+00 7.318379e-01 2.681622e-01
 0.000000e+00 0.000000e+00 0.000000e+00 0.000000e+00 0.000000e+00
<ENDHMM>
~h "bg_dark_0_5"
<BEGINHMM>
<NUMSTATES> 5
<STATE> 2
<MEAN> 6
 1.417771e+02 1.358923e+01 1.657187e+01 4.661586e+00 5.737005e+00 1.674743e+00
<VARIANCE> 6
 2.176104e+03 1.287935e+02 1.718539e+02 5.293902e+00 1.094668e+01 1.386817e+00
<GCONST> 3.310401e+01
<STATE> 3
<MEAN> 6
 1.382334e+02 2.456255e+01 1.501441e+01 7.849039e+00 6.768750e+00 2.975693e+00
<VARIANCE> 6
 1.850917e+03 3.239286e+02 1.998944e+02 1.581707e+01 1.123721e+01 3.127976e+00
<GCONST> 3.594972e+01
<STATE> 4
<MEAN> 6
 1.175316e+02 1.114452e+01 9.839567e+00 5.339889e+00 5.752097e+00 2.181201e+00
<VARIANCE> 6
 5.881750e+02 8.786115e+01 5.376006e+01 5.156600e+00 9.284119e+00 1.929473e+00
<GCONST> 3.039041e+01
<TRANSP> 5
 0.000000e+00 1.000000e+00 0.000000e+00 0.000000e+00 0.000000e+00
 0.000000e+00 6.929207e-01 3.070793e-01 0.000000e+00 0.000000e+00
 0.000000e+00 0.000000e+00 7.523050e-01 2.476950e-01 0.000000e+00
 0.000000e+00 0.000000e+00 0.000000e+00 7.100734e-01 2.899266e-01
 0.000000e+00 0.000000e+00 0.000000e+00 0.000000e+00 0.000000e+00
<ENDHMM>
~h "bg_red_0"
<BEGINHMM>
<NUMSTATES> 5
<STATE> 2
<MEAN> 6
 1.886937e+02 1.012662e+01 7.428231e+00 3.568274e+00 2.831501e+00 1.190828e+00
<VARIANCE> 6
 1.912385e+04 1.405823e+02 4.314977e+01 4.263655e+00 3.351683e+00 1.396195e+00
<GCONST> 3.258976e+01
<STATE> 3
<MEAN> 6
 3.112111e+02 2.679721e+01 9.722735e+00 7.410718e+00 4.379000e+00 2.438289e+00
<VARIANCE> 6
 1.170093e+04 5.245552e+02 8.821188e+01 2.698185e+01 5.643086e+00 3.125811e+00
<GCONST> 3.730227e+01
<STATE> 4
<MEAN> 6
 2.390268e+02 8.590780e+00 4.134550e+00 2.812081e+00 1.973341e+00 8.509527e-01
<VARIANCE> 6
 2.381333e+04 7.678752e+01 1.171797e+01 3.554336e+00 1.086595e+00 4.804173e-01
<GCONST> 2.852554e+01
<TRANSP> 5
 0.000000e+00 1.000000e+00 0.000000e+00 0.000000e+00 0.000000e+00
 0.000000e+00 7.194083e-01 2.805917e-01 0.000000e+00 0.000000e+00
 0.000000e+00 0.000000e+00 4.689019e-01 5.310981e-01 0.000000e+00
 0.000000e+00 0.000000e+00 0.000000e+00 5.619463e-01 4.380538e-01
 0.000000e+00 0.000000e+00 0.000000e+00 0.000000e+00 0.000000e+00
<ENDHMM>
~h "bg_board"
<BEGINHMM>
<NUMSTATES> 5
<STATE> 2
<MEAN> 6
 1.545924e+02 1.257768e+01 7.894569e+00 4.577869e+00 2.331739e+00 1.009670e+00
<VARIANCE> 6
 3.103364e+03 1.525922e+02 4.377007e+01 7.063112e+00 2.160984e+00 5.816922e-01
<GCONST> 3.005786e+01
<STATE> 3
<MEAN> 6
 1.964265e+02 2.367991e+01 1.451235e+01 8.611740e+00 3.830330e+00 1.847304e+00
<VARIANCE> 6
 3.357137e+03 5.557343e+02 1.906937e+02 4.700559e+01 9.496825e+00 2.423842e+00
<GCONST> 3.770364e+01
<STATE> 4
<MEAN> 6
 3.230306e+02 9.722856e+00 4.472960e+00 2.195978e+00 1.562547e+00 5.920296e-01
<VARIANCE> 6
 7.025971e+03 1.395964e+02 1.806748e+01 3.822647e+00 1.139419e+00 3.013790e-01
<GCONST> 2.798957e+01
<TRANSP> 5
 0.000000e+00 1.000000e+00 0.000000e+00 0.000000e+00 0.000000e+00
 0.000000e+00 7.995939e-01 2.004061e-01 0.000000e+00 0.000000e+00
 0.000000e+00 0.000000e+00 4.102761e-01 5.897238e-01 0.000000e+00
 0.000000e+00 0.000000e+00 0.000000e+00 8.705769e-01 1.294231e-01
 0.000000e+00 0.000000e+00 0.000000e+00 0.000000e+00 0.000000e+00
<ENDHMM>
~h "fp_key_0"
<BEGINHMM>
<NUMSTATES> 5
<STATE> 2
<MEAN> 6
 1.210670e+02 1.143019e+01 3.348325e+00 2.449682e+00 1.332756e+00 5.169215e-01
<VARIANCE> 6
 4.214478e+03 3.757238e+02 1.234065e+01 9.526535e+00 1.665175e+00 3.106504e-01
<GCONST> 2.941022e+01
<STATE> 3
<MEAN> 6
 2.434224e+02 5.242450e+01 3.703359e+01 1.314207e+01 1.246543e+01 4.278075e+00
<VARIANCE> 6
 1.767804e+04 2.834566e+03 2.677734e+03 1.593163e+02 2.247263e+02 2.563906e+01
<GCONST> 5.037960e+01
<STATE> 4
<MEAN> 6
 3.444948e+02 8.263399e+01 7.441064e+00 1.479170e+01 2.465251e+00 1.327325e+00
<VARIANCE> 6
 3.331406e+04 4.145860e+03 3.989681e+01 1.282180e+02 2.941272e+00 1.388434e+00
<GCONST> 3.971791e+01
<TRANSP> 5
 0.000000e+00 1.000000e+00 0.000000e+00 0.000000e+00 0.000000e+00
 0.000000e+00 8.071606e-01 1.928394e-01 0.000000e+00 0.000000e+00
 0.000000e+00 0.000000e+00 3.262244e-01 6.737756e-01 0.000000e+00
 0.000000e+00 0.000000e+00 0.000000e+00 6.169217e-01 3.830783e-01
 0.000000e+00 0.000000e+00 0.000000e+00 0.000000e+00 0.000000e+00
<ENDHMM>
~h "fp_key_1"
<BEGINHMM>
<NUMSTATES> 5
<STATE> 2
<MEAN> 6
 1.584530e+02 1.619394e+01 4.485080e+00 4.251135e+00 2.032086e+00 9.559239e-01
<VARIANCE> 6
 9.488491e+03 9.922058e+02 2.393272e+01 3.447707e+01 3.214271e+00 8.861495e-01
<GCONST> 3.484730e+01
<STATE> 3
<MEAN> 6
 3.172816e+02 5.945682e+01 6.115672e+01 2.056032e+01 2.342654e+01 8.798459e+00
<VARIANCE> 6
 2.251169e+04 2.799920e+03 4.020864e+03 3.091866e+02 4.405891e+02 7.723762e+01
<GCONST> 5.345459e+01
<STATE> 4
<MEAN> 6
 3.271824e+02 7.843962e+01 1.516758e+01 1.630769e+01 5.998658e+00 2.989753e+00
<VARIANCE> 6
 3.153762e+04 3.903188e+03 4.539694e+02 1.626528e+02 6.208387e+01 1.108490e+01
<GCONST> 4.739946e+01
<TRANSP> 5
 0.000000e+00 1.000000e+00 0.000000e+00 0.000000e+00 0.000000e+00
 0.000000e+00 6.507960e-01 3.492040e-01 0.000000e+00 0.000000e+00
 0.000000e+00 0.000000e+00 4.049498e-01 5.950502e-01 0.000000e+00
 0.000000e+00 0.000000e+00 0.000000e+00 4.019435e-01 5.980565e-01
 0.000000e+00 0.000000e+00 0.000000e+00 0.000000e+00 0.000000e+00
<ENDHMM>
~h "fp_key_2"
<BEGINHMM>
<NUMSTATES> 5
<STATE> 2
<MEAN> 6
 2.707357e+02 6.086355e+01 1.358457e+01 1.250067e+01 5.672182e+00 2.730777e+00
<VARIANCE> 6
 1.726976e+04 3.254121e+03 3.357271e+02 1.133707e+02 5.309286e+01 7.980566e+00
<GCONST> 4.546767e+01
<STATE> 3
<MEAN> 6
 2.908686e+02 6.444775e+01 4.946525e+01 1.728608e+01 1.918694e+01 6.812203e+00
<VARIANCE> 6
 2.052954e+04 3.778219e+03 4.027272e+03 2.571471e+02 3.668007e+02 4.565960e+01
<GCONST> 5.277042e+01
<STATE> 4
<MEAN> 6
 1.861325e+02 2.012566e+01 5.965544e+00 6.124665e+00 2.787549e+00 1.549163e+00
<VARIANCE> 6
 1.131854e+04 9.110554e+02 4.379758e+01 5.686829e+01 4.575625e+00 2.366828e+00
<GCONST> 3.737867e+01
<TRANSP> 5
 0.000000e+00 1.000000e+00 0.000000e+00 0.000000e+00 0.000000e+00
 0.000000e+00 2.603539e-01 7.396461e-01 0.000000e+00 0.000000e+00
 0.000000e+00 0.000000e+00 3.513444e-01 6.486556e-01 0.000000e+00
 0.000000e+00 0.000000e+00 0.000000e+00 5.716527e-01 4.283473e-01
 0.000000e+00 0.000000e+00 0.000000e+00 0.000000e+00 0.000000e+00
<ENDHMM>
~h "fp_key_3"
<BEGINHMM>
<NUMSTATES> 5
<STATE> 2
<MEAN> 6
 3.785046e+02 7.417003e+01 9.269631e+00 1.835291e+01 4.364245e+00 2.324167e+00
<VARIANCE> 6
 2.394083e+04 3.585558e+03 1.262674e+02 1.612177e+02 2.209691e+01 6.161812e+00
<GCONST> 4.413024e+01
<STATE> 3
<MEAN> 6
 3.847103e+02 7.222980e+01 6.587304e+01 2.376040e+01 2.478243e+01 9.473918e+00
<VARIANCE> 6
 2.748379e+04 4.751068e+03 4.525361e+03 4.362545e+02 4.527751e+02 6.740679e+01
<GCONST> 5.453656e+01
<STATE> 4
<MEAN> 6
 2.529593e+02 2.180103e+01 5.871140e+00 5.453940e+00 2.712788e+00 1.527214e+00
<VARIANCE> 6
 1.711479e+04 1.133366e+03 4.106453e+01 4.266948e+01 3.565182e+00 1.959160e+00
<GCONST> 3.722026e+01
<TRANSP> 5
 0.000000e+00 1.000000e+00 0.000000e+00 0.000000e+00 0.000000e+00
 0.000000e+00 6.651418e-01 3.348581e-01 0.000000e+00 0.000000e+00
 0.000000e+00 0.000000e+00 5.908515e-01 4.091485e-01 0.000000e+00
 0.000000e+00 0.000000e+00 0.000000e+00 4.880650e-01 5.119351e-01
 0.000000e+00 0.000000e+00 0.000000e+00 0.000000e+00 0.000000e+00
<ENDHMM>
~h "fp_key_4"
<BEGINHMM>
<NUMSTATES> 5
<STATE> 2
<MEAN> 6
 3.009498e+02 1.614215e+01 5.238989e+00 4.502199e+00 2.549139e+00 1.342533e+00
<VARIANCE> 6
 1.301482e+04 8.460279e+02 2.389773e+01 2.263697e+01 3.685873e+00 1.919674e+00
<GCONST> 3.549169e+01
<STATE> 3
<MEAN> 6
 4.465821e+02 7.422354e+01 6.481490e+01 2.050467e+01 2.159745e+01 8.032537e+00
<VARIANCE> 6
 2.471979e+04 4.276983e+03 4.443916e+03 2.353997e+02 3.022866e+02 4.384230e+01
<GCONST> 5.285617e+01
<STATE> 4
<MEAN> 6
 4.587237e+02 6.815640e+01 1.402006e+01 1.426491e+01 3.886474e+00 2.376939e+00
<VARIANCE> 6
 2.701585e+04 2.463274e+03 4.123010e+02 7.612937e+01 2.345545e+01 6.612113e+00
<GCONST> 4.443888e+01
<TRANSP> 5
 0.000000e+00 1.000000e+00 0.000000e+00 0.000000e+00 0.000000e+00
 0.000000e+00 6.591097e-01 3.408903e-01 0.000000e+00 0.000000e+00
 0.000000e+00 0.000000e+00 6.194072e-01 3.805928e-01 0.000000e+00
 0.000000e+00 0.000000e+00 0.000000e+00 6.358152e-01 3.641848e-01
 0.000000e+00 0.000000e+00 0.000000e+00 0.000000e+00 0.000000e+00
<ENDHMM>
~h "fp_key_5"
<BEGINHMM>
<NUMSTATES> 5
<STATE> 2
<MEAN> 6
 4.768553e+02 7.313358e+01 1.350493e+01 1.449786e+01 3.675874e+00 2.258054e+00
<VARIANCE> 6
 3.642249e+04 3.367260e+03 3.087420e+02 9.574493e+01 1.644047e+01 5.307926e+00
<GCONST> 4.441520e+01
<STATE> 3
<MEAN> 6
 4.808467e+02 5.722789e+01 5.733286e+01 1.690510e+01 1.621872e+01 7.165095e+00
<VARIANCE> 6
 4.525873e+04 3.205816e+03 3.966563e+03 2.883000e+02 2.369764e+02 4.807160e+01
<GCONST> 5.311044e+01
<STATE> 4
<MEAN> 6
 3.443659e+02 3.872250e+00 5.529762e+00 1.341626e+00 1.605592e+00 6.058307e-01
<VARIANCE> 6
 4.515125e+03 7.405360e+01 1.575671e+02 2.272492e+00 5.167439e+00 8.797253e-01
<GCONST> 3.114220e+01
<TRANSP> 5
 0.000000e+00 1.000000e+00 0.000000e+00 0.000000e+00 0.000000e+00
 0.000000e+00 5.307398e-01 4.692602e-01 0.000000e+00 0.000000e+00
 0.000000e+00 0.000000e+00 3.381444e-01 6.618555e-01 0.000000e+00
 0.000000e+00 0.000000e+00 0.000000e+00 8.798854e-01 1.201146e-01
 0.000000e+00 0.000000e+00 0.000000e+00 0.000000e+00 0.000000e+00
<ENDHMM>
~h "bg_red_0_0"
<BEGINHMM>
<NUMSTATES> 5
<STATE> 2
<MEAN> 6
 3.341858e+02 1.102589e+01 8.484875e+00 4.209327e+00 3.472767e+00 1.788450e+00
<VARIANCE> 6
 7.580111e+03 7.426160e+01 5.131011e+01 4.240447e+00 2.835541e+00 1.761872e+00
<GCONST> 3.125930e+01
<STATE> 3
<MEAN> 6
 3.047108e+02 2.864723e+01 1.760949e+01 8.456983e+00 6.027754e+00 2.514842e+00
<VARIANCE> 6
 1.407866e+04 7.704035e+02 2.645637e+02 3.177593e+01 2.998951e+01 3.194525e+00
<GCONST> 4.082567e+01
<STATE> 4
<MEAN> 6
 3.282404e+02 1.162292e+01 6.710556e+00 3.295864e+00 2.554311e+00 1.044036e+00
<VARIANCE> 6
 5.887455e+04 2.382711e+02 3.782588e+01 8.121695e+00 3.043748e+00 6.435891e-01
<GCONST> 3.388377e+01
<TRANSP> 5
 0.000000e+00 1.000000e+00 0.000000e+00 0.000000e+00 0.000000e+00
 0.000000e+00 7.314986e-01 2.685014e-01 0.000000e+00 0.000000e+00
 0.000000e+00 0.000000e+00 4.954589e-01 5.045411e-01 0.000000e+00
 0.000000e+00 0.000000e+00 0.000000e+00 4.616479e-01 5.383521e-01
 0.000000e+00 0.000000e+00 0.000000e+00 0.000000e+00 0.000000e+00
<ENDHMM>
~h "bg_red_0_1"
<BEGINHMM>
<NUMSTATES> 5
<STATE> 2
<MEAN> 6
 2.566024e+02 1.742160e+01 1.290769e+01 4.462169e+00 3.473351e+00 1.242545e+00
<VARIANCE> 6
 2.945877e+04 4.400543e+02 1.069480e+02 7.413567e+00 3.976676e+00 7.145630e-01
<GCONST> 3.512493e+01
<STATE> 3
<MEAN> 6
 3.654962e+02 4.849302e+01 1.083879e+01 1.197419e+01 3.576714e+00 2.271739e+00
<VARIANCE> 6
 1.994176e+04 2.220758e+03 9.287518e+01 7.252214e+01 5.735307e+00 3.093707e+00
<GCONST> 4.032460e+01
<STATE> 4
<MEAN> 6
 3.799240e+02 9.711537e+00 4.936897e+00 2.969220e+00 2.134744e+00 8.259981e-01
<VARIANCE> 6
 7.489234e+03 1.056765e+02 1.690017e+01 3.301118e+00 1.395480e+00 4.434533e-01
<GCONST> 2.815053e+01
<TRANSP> 5
 0.000000e+00 1.000000e+00 0.000000e+00 0.000000e+00 0.000000e+00
 0.000000e+00 4.066105e-01 5.933895e-01 0.000000e+00 0.000000e+00
 0.000000e+00 0.000000e+00 6.034499e-01 3.965500e-01 0.000000e+00
 0.000000e+00 0.000000e+00 0.000000e+00 7.221178e-01 2.778822e-01
 0.000000e+00 0.000000e+00 0.000000e+00 0.000000e+00 0.000000e+00
<ENDHMM>
~h "bg_red_0_2"
<BEGINHMM>
<NUMSTATES> 5
<STATE> 2
<MEAN> 6
 1.744699e+02 2.425444e+01 7.559433e+00 4.190161e+00 2.153992e+00 7.767421e-01
<VARIANCE> 6
 2.226304e+04 4.104069e+02 3.620082e+01 4.713696e+00 1.961403e+00 3.193129e-01
<GCONST> 3.172672e+01
<STATE> 3
<MEAN> 6
 3.160165e+02 1.668285e+01 9.228040e+00 3.819167e+00 2.581957e+00 1.302662e+00
<VARIANCE> 6
 1.961519e+04 3.013533e+02 7.605962e+01 5.576254e+00 4.383466e+00 1.859889e+00
<GCONST> 3.476800e+01
<STATE> 4
<MEAN> 6
 3.483947e+02 5.015827e+00 2.144319e+00 1.500665e+00 7.622821e-01 3.580383e-01
<VARIANCE> 6
 6.914126e+03 2.238742e+01 3.590724e+00 1.532160e+00 4.757008e-01 8.641551e-02
<GCONST> 2.149056e+01
<TRANSP> 5
 0.000000e+00 1.000000e+00 0.000000e+00 0.000000e+00 0.000000e+00
 0.000000e+00 6.632947e-01 3.367052e-01 0.000000e+00 0.000000e+00
 0.000000e+00 0.000000e+00 1.226394e-01 8.773605e-01 0.000000e+00
 0.000000e+00 0.000000e+00 0.000000e+00 9.277692e-01 7.223076e-02
 0.000000e+00 0.000000e+00 0.000000e+00 0.000000e+00 0.000000e+00
<ENDHMM>
~h "bg_red_0_3"
<BEGINHMM>
<NUMSTATES> 5
<STATE> 2
<MEAN> 6
 1.723705e+02 1.799978e+01 5.740756e+00 3.644730e+00 1.532540e+00 5.793731e-01
<VARIANCE> 6
 1.526373e+04 1.984579e+02 2.255804e+01 8.839837e+00 1.250323e+00 1.357098e-01
<GCONST> 2.947260e+01
<STATE> 3
<MEAN> 6
 2.955597e+02 4.051069e+01 1.355092e+01 7.563918e+00 3.357871e+00 2.059361e+00
<VARIANCE> 6
 1.716850e+04 1.565259e+03 9.654840e+01 4.169123e+01 6.952701e+00 4.266938e+00
<GCONST> 3.982426e+01
<STATE> 4
<MEAN> 6
 2.676676e+02 9.394442e+00 4.476701e+00 2.644203e+00 1.554827e+00 5.814815e-01
<VARIANCE> 6
 1.864804e+04 7.091885e+01 1.524385e+01 4.852770e+00 1.388616e+00 1.969796e-01
<GCONST> 2.812967e+01
<TRANSP> 5
 0.000000e+00 1.000000e+00 0.000000e+00 0.000000e+00 0.000000e+00
 0.000000e+00 6.911553e-01 3.088447e-01 0.000000e+00 0.000000e+00
 0.000000e+00 0.000000e+00 4.628546e-01 5.371454e-01 0.000000e+00
 0.000000e+00 0.000000e+00 0.000000e+00 5.284653e-01 4.715348e-01
 0.000000e+00 0.000000e+00 0.000000e+00 0.000000e+00 0.000000e+00
<ENDHMM>
~h "bg_red_0_4"
<BEGINHMM>
<NUMSTATES> 5
<STATE> 2
<MEAN> 6
 2.064787e+02 1.439181e+01 1.021600e+01 4.967527e+00 3.313471e+00 1.612381e+00
<VARIANCE> 6
 1.660329e+04 1.125680e+02 7.814198e+01 1.128488e+01 3.880500e+00 9.914152e-01
<GCONST> 3.359751e+01
<STATE> 3
<MEAN> 6
 2.705861e+02 3.947335e+01 1.751027e+01 9.364934e+00 4.871411e+00 2.682484e+00
<VARIANCE> 6
 1.229176e+04 1.100495e+03 4.109084e+02 3.762473e+01 2.167137e+01 5.222563e+00
<GCONST> 4.182248e+01
<STATE> 4
<MEAN> 6
 1.319025e+02 8.471862e+00 5.006368e+00 2.032096e+00 1.553101e+00 4.920500e-01
<VARIANCE> 6
 6.720875e+03 5.844836e+01 1.807547e+01 1.605148e+00 9.044832e-01 9.203318e-02
<GCONST> 2.479015e+01
<TRANSP> 5
 0.000000e+00 1.000000e+00 0.000000e+00 0.000000e+00 0.000000e+00
 0.000000e+00 6.624393e-01 3.375607e-01 0.000000e+00 0.000000e+00
 0.000000e+00 0.000000e+00 5.736974e-01 4.263026e-01 0.000000e+00
 0.000000e+00 0.000000e+00 0.000000e+00 7.044520e-01 2.955480e-01
 0.000000e+00 0.000000e+00 0.000000e+00 0.000000e+00 0.000000e+00
<ENDHMM>
~h "bg_red_0_5"
<BEGINHMM>
<NUMSTATES> 5
<STATE> 2
<MEAN> 6
 1.470727e+02 4.152974e+00 2.195265e+00 1.087623e+00 6.144527e-01 3.139335e-01
<VARIANCE> 6
 3.783182e+03 2.695271e+01 4.412875e+00 1.293303e+00 2.639074e-01 3.617709e-02
<GCONST> 1.964991e+01
<STATE> 3
<MEAN> 6
 1.879413e+02 2.185034e+01 9.409475e+00 5.995926e+00 2.958824e+00 1.748466e+00
<VARIANCE> 6
 6.979607e+03 4.146509e+02 1.091984e+02 2.303269e+01 6.519882e+00 4.520945e+00
<GCONST> 3.711910e+01
<STATE> 4
<MEAN> 6
 1.760408e+02 6.057195e+00 5.448684e+00 2.255094e+00 1.711127e+00 9.352396e-01
<VARIANCE> 6
 9.167550e+03 4.272284e+01 4.193289e+01 3.994737e+00 3.179362e+00 2.996697e+00
<GCONST> 3.128066e+01
<TRANSP> 5
 0.000000e+00 1.000000e+00 0.000000e+00 0.000000e+00 0.000000e+00
 0.000000e+00 8.745009e-01 1.254991e-01 0.000000e+00 0.000000e+00
 0.000000e+00 0.000000e+00 5.662586e-01 4.337414e-01 0.000000e+00
 0.000000e+00 0.000000e+00 0.000000e+00 6.377524e-01 3.622476e-01
 0.000000e+00 0.000000e+00 0.000000e+00 0.000000e+00 0.000000e+00
<ENDHMM>
~h "fp_screen"
<BEGINHMM>
<NUMSTATES> 5
<STATE> 2
<MEAN> 6
 1.569989e+02 6.520012e+00 1.897164e+01 2.931353e+00 7.250685e+00 1.409569e+00
<VARIANCE> 6
 9.363766e+03 4.982509e+01 6.835999e+02 6.938464e+00 7.477280e+01 2.774483e+00
<GCONST> 3.787976e+01
<STATE> 3
<MEAN> 6
 4.159999e+02 5.169987e+01 3.738220e+01 1.503289e+01 1.499914e+01 6.914284e+00
<VARIANCE> 6
 4.416932e+04 4.333720e+03 1.643880e+03 1.977744e+02 2.092836e+02 6.436354e+01
<GCONST> 5.229741e+01
<STATE> 4
<MEAN> 6
 3.363714e+02 5.416735e+00 2.605645e+00 1.512794e+00 1.144956e+00 6.413739e-01
<VARIANCE> 6
 1.161139e+04 1.788684e+01 1.355275e+01 1.514336e+00 1.241732e+00 6.689575e-01
<GCONST> 2.610711e+01
<TRANSP> 5
 0.000000e+00 1.000000e+00 0.000000e+00 0.000000e+00 0.000000e+00
 0.000000e+00 4.748793e-01 5.251208e-01 0.000000e+00 0.000000e+00
 0.000000e+00 0.000000e+00 5.957643e-01 4.042357e-01 0.000000e+00
 0.000000e+00 0.000000e+00 0.000000e+00 8.345160e-01 1.654840e-01
 0.000000e+00 0.000000e+00 0.000000e+00 0.000000e+00 0.000000e+00
<ENDHMM>
~h "bg_board_0"
<BEGINHMM>
<NUMSTATES> 5
<STATE> 2
<MEAN> 6
 1.578313e+02 1.213056e+01 5.963183e+00 3.399866e+00 2.033141e+00 7.612138e-01
<VARIANCE> 6
 4.185372e+03 1.291019e+02 2.122003e+01 4.840018e+00 1.217844e+00 2.869385e-01
<GCONST> 2.780767e+01
<STATE> 3
<MEAN> 6
 2.009330e+02 2.520193e+01 1.491097e+01 8.112316e+00 3.825971e+00 1.608305e+00
<VARIANCE> 6
 5.745884e+03 5.064006e+02 1.381594e+02 2.849225e+01 5.094402e+00 1.394461e+00
<GCONST> 3.614952e+01
<STATE> 4
<MEAN> 6
 1.329339e+02 1.324301e+01 6.182329e+00 3.354716e+00 1.853353e+00 6.519533e-01
<VARIANCE> 6
 6.548512e+03 2.287368e+02 3.332264e+01 5.389214e+00 1.457564e+00 2.267769e-01
<GCONST> 2.933044e+01
<TRANSP> 5
 0.000000e+00 1.000000e+00 0.000000e+00 0.000000e+00 0.000000e+00
 0.000000e+00 8.168971e-01 1.831029e-01 0.000000e+00 0.000000e+00
 0.000000e+00 0.000000e+00 4.618188e-01 5.381812e-01 0.000000e+00
 0.000000e+00 0.000000e+00 0.000000e+00 6.350372e-01 3.649628e-01
 0.000000e+00 0.000000e+00 0.000000e+00 0.000000e+00 0.000000e+00
<ENDHMM>
~h "bg_board_1"
<BEGINHMM>
<NUMSTATES> 5
<STATE> 2
<MEAN> 6
 1.429101e+02 1.875381e+01 9.369671e+00 4.714555e+00 2.651186e+00 9.339243e-01
<VARIANCE> 6
 3.317207e+03 2.403689e+02 5.542480e+01 6.129720e+00 2.104901e+00 4.360534e-01
<GCONST> 3.035877e+01
<STATE> 3
<MEAN> 6
 2.112204e+02 3.165723e+01 1.583468e+01 7.674642e+00 4.841513e+00 2.051344e+00
<VARIANCE> 6
 9.025268e+03 7.876871e+02 2.808287e+02 2.182541e+01 3.115030e+01 2.801334e+00
<GCONST> 3.999389e+01
<STATE> 4
<MEAN> 6
 1.590663e+02 1.231020e+01 6.080983e+00 3.473588e+00 1.715571e+00 6.310421e-01
<VARIANCE> 6
 9.120188e+03 2.346658e+02 3.333061e+01 6.375063e+00 9.073530e-01 1.754782e-01
<GCONST> 2.912508e+01
<TRANSP> 5
 0.000000e+00 1.000000e+00 0.000000e+00 0.000000e+00 0.000000e+00
 0.000000e+00 8.072308e-01 1.927692e-01 0.000000e+00 0.000000e+00
 0.000000e+00 0.000000e+00 4.467335e-01 5.532665e-01 0.000000e+00
 0.000000e+00 0.000000e+00 0.000000e+00 6.683839e-01 3.316160e-01
 0.000000e+00 0.000000e+00 0.000000e+00 0.000000e+00 0.000000e+00
<ENDHMM>
~h "bg_board_2"
<BEGINHMM>
<NUMSTATES> 5
<STATE> 2
<MEAN> 6
 1.287741e+02 1.532077e+01 8.143541e+00 4.284715e+00 2.273164e+00 7.450687e-01
<VARIANCE> 6
 3.625746e+03 2.278289e+02 4.785450e+01 6.443099e+00 1.727201e+00 2.516061e-01
<GCONST> 2.954946e+01
<STATE> 3
<MEAN> 6
 2.097539e+02 3.555605e+01 2.030550e+01 1.028962e+01 5.201773e+00 2.660926e+00
<VARIANCE> 6
 5.400864e+03 9.801721e+02 6.572493e+02 4.488894e+01 1.397577e+01 5.737410e+00
<GCONST> 4.118589e+01
<STATE> 4
<MEAN> 6
 2.096824e+02 1.998355e+01 6.974377e+00 4.969020e+00 2.541993e+00 1.148535e+00
<VARIANCE> 6
 7.590227e+03 4.370203e+02 3.411195e+01 1.070596e+01 1.695830e+00 5.724781e-01
<GCONST> 3.191270e+01
<TRANSP> 5
 0.000000e+00 1.000000e+00 0.000000e+00 0.000000e+00 0.000000e+00
 0.000000e+00 8.009233e-01 1.990766e-01 0.000000e+00 0.000000e+00
 0.000000e+00 0.000000e+00 5.116870e-01 4.883130e-01 0.000000e+00
 0.000000e+00 0.000000e+00 0.000000e+00 3.759764e-01 6.240236e-01
 0.000000e+00 0.000000e+00 0.000000e+00 0.000000e+00 0.000000e+00
<ENDHMM>
~h "bg_board_3"
<BEGINHMM>
<NUMSTATES> 5
<STATE> 2
<MEAN> 6
 1.746503e+02 2.016570e+01 7.171279e+00 5.193637e+00 2.958071e+00 1.065330e+00
<VARIANCE> 6
 6.098112e+03 4.461779e+02 3.955692e+01 1.107884e+01 2.455312e+00 4.467663e-01
<GCONST> 3.201902e+01
<STATE> 3
<MEAN> 6
 2.368464e+02 6.218353e+01 1.487451e+01 1.258140e+01 4.576414e+00 2.032838e+00
<VARIANCE> 6
 6.098883e+03 3.945917e+03 2.836949e+02 4.260518e+01 1.012288e+01 2.417587e+00
<GCONST> 4.062101e+01
<STATE> 4
<MEAN> 6
 2.166532e+02 1.721147e+01 8.220205e+00 5.690305e+00 2.943030e+00 1.439888e+00
<VARIANCE> 6
 6.470828e+03 4.221529e+02 5.644136e+01 1.042331e+01 2.367872e+00 8.640630e-01
<GCONST> 3.294082e+01
<TRANSP> 5
 0.000000e+00 1.000000e+00 0.000000e+00 0.000000e+00 0.000000e+00
 0.000000e+00 5.518312e-01 4.481688e-01 0.000000e+00 0.000000e+00
 0.000000e+00 0.000000e+00 6.025370e-01 3.974630e-01 0.000000e+00
 0.000000e+00 0.000000e+00 0.000000e+00 4.518132e-01 5.481868e-01
 0.000000e+00 0.000000e+00 0.000000e+00 0.000000e+00 0.000000e+00
<ENDHMM>
~h "bg_board_4"
<BEGINHMM>
<NUMSTATES> 5
<STATE> 2
<MEAN> 6
 1.844303e+02 1.635476e+01 9.998332e+00 6.118441e+00 3.391267e+00 1.572451e+00
<VARIANCE> 6
 3.864379e+03 2.486854e+02 6.445936e+01 1.041324e+01 2.731414e+00 8.240483e-01
<GCONST> 3.212341e+01
<STATE> 3
<MEAN> 6
 2.355980e+02 3.696416e+01 1.834036e+01 1.169039e+01 5.888893e+00 3.615138e+00
<VARIANCE> 6
 4.227580e+03 9.742909e+02 2.410999e+02 4.062969e+01 1.062284e+01 6.038174e+00
<GCONST> 3.960918e+01
<STATE> 4
<MEAN> 6
 2.257993e+02 2.012009e+01 9.815996e+00 5.802192e+00 3.496398e+00 1.822180e+00
<VARIANCE> 6
 5.320081e+03 4.193215e+02 6.568337e+01 9.147430e+00 2.973021e+00 1.790726e+00
<GCONST> 3.371566e+01
<TRANSP> 5
 0.000000e+00 1.000000e+00 0.000000e+00 0.000000e+00 0.000000e+00
 0.000000e+00 7.999276e-01 2.000724e-01 0.000000e+00 0.000000e+00
 0.000000e+00 0.000000e+00 6.536444e-01 3.463556e-01 0.000000e+00
 0.000000e+00 0.000000e+00 0.000000e+00 5.947878e-01 4.052121e-01
 0.000000e+00 0.000000e+00 0.000000e+00 0.000000e+00 0.000000e+00
<ENDHMM>
~h "bg_board_5"
<BEGINHMM>
<NUMSTATES> 5
<STATE> 2
<MEAN> 6
 2.352192e+02 2.305564e+01 1.106342e+01 6.746517e+00 4.385530e+00 2.549784e+00
<VARIANCE> 6
 3.585949e+03 4.418532e+02 7.472397e+01 1.056623e+01 4.752040e+00 3.146765e+00
<GCONST> 3.467943e+01
<STATE> 3
<MEAN> 6
 2.625420e+02 6.894046e+01 1.481238e+01 1.239372e+01 5.417672e+00 3.164516e+00
<VARIANCE> 6
 3.721740e+03 5.600905e+03 2.325520e+02 4.763924e+01 1.766577e+01 7.672691e+00
<GCONST> 4.210196e+01
<STATE> 4
<MEAN> 6
 3.063871e+02 1.617153e+01 8.327312e+00 5.286299e+00 3.325529e+00 1.668268e+00
<VARIANCE> 6
 3.805677e+03 4.142679e+02 5.546134e+01 1.103214e+01 2.743143e+00 1.536590e+00
<GCONST> 3.315319e+01
<TRANSP> 5
 0.000000e+00 1.000000e+00 0.000000e+00 0.000000e+00 0.000000e+00
 0.000000e+00 6.547563e-01 3.452437e-01 0.000000e+00 0.000000e+00
 0.000000e+00 0.000000e+00 6.097294e-01 3.902706e-01 0.000000e+00
 0.000000e+00 0.000000e+00 0.000000e+00 7.758011e-01 2.241988e-01
 0.000000e+00 0.000000e+00 0.000000e+00 0.000000e+00 0.000000e+00
<ENDHMM>
~h "fp_key"
<BEGINHMM>
<NUMSTATES> 5
<STATE> 2
<MEAN> 6
 1.242459e+02 9.384155e+00 3.376381e+00 1.894284e+00 1.114268e+00 4.236495e-01
<VARIANCE> 6
 4.993536e+03 3.902038e+02 1.613137e+01 1.272607e+01 1.099472e+00 2.100579e-01
<GCONST> 2.936871e+01
<STATE> 3
<MEAN> 6
 3.662802e+02 8.123230e+01 2.504285e+01 1.796703e+01 9.415764e+00 3.537126e+00
<VARIANCE> 6
 3.237669e+04 3.591283e+03 1.736394e+03 1.397661e+02 1.662283e+02 1.732994e+01
<GCONST> 4.996405e+01
<STATE> 4
<MEAN> 6
 1.753633e+02 8.281754e+00 5.865646e+00 2.912217e+00 2.822826e+00 1.368388e+00
<VARIANCE> 6
 6.937116e+03 1.553889e+02 7.468147e+01 5.967426e+00 9.131225e+00 1.481723e+00
<GCONST> 3.362229e+01
<TRANSP> 5
 0.000000e+00 1.000000e+00 0.000000e+00 0.000000e+00 0.000000e+00
 0.000000e+00 9.183043e-01 8.169574e-02 0.000000e+00 0.000000e+00
 0.000000e+00 0.000000e+00 8.533717e-01 1.466282e-01 0.000000e+00
 0.000000e+00 0.000000e+00 0.000000e+00 6.088856e-01 3.911144e-01
 0.000000e+00 0.000000e+00 0.000000e+00 0.000000e+00 0.000000e+00
<ENDHMM>
~h "fp_logo"
<BEGINHMM>
<NUMSTATES> 5
<STATE> 2
<MEAN> 6
 1.121618e+02 1.501082e+01 3.875035e+00 3.727578e+00 2.024486e+00 7.866236e-01
<VARIANCE> 6
 5.288891e+02 3.244844e+02 3.211490e+01 1.659518e+01 3.016597e+00 6.756414e-01
<GCONST> 3.007075e+01
<STATE> 3
<MEAN> 6
 1.334616e+02 2.932709e+01 4.579700e+00 8.398354e+00 2.243150e+00 8.940840e-01
<VARIANCE> 6
 2.641914e+03 2.511211e+03 5.438354e+01 1.543045e+02 6.816406e+00 1.809338e+00
<GCONST> 3.828232e+01
<STATE> 4
<MEAN> 6
 1.117389e+02 3.950902e+00 2.725542e+00 1.583906e+00 1.148383e+00 5.061727e-01
<VARIANCE> 6
 3.167500e+02 2.365343e+01 5.877996e+00 3.044129e+00 9.769160e-01 2.819541e-01
<GCONST> 2.154395e+01
<TRANSP> 5
 0.000000e+00 1.000000e+00 0.000000e+00 0.000000e+00 0.000000e+00
 0.000000e+00 5.842556e-01 4.157444e-01 0.000000e+00 0.000000e+00
 0.000000e+00 0.000000e+00 2.228185e-01 7.771815e-01 0.000000e+00
 0.000000e+00 0.000000e+00 0.000000e+00 5.148335e-01 4.851665e-01
 0.000000e+00 0.000000e+00 0.000000e+00 0.000000e+00 0.000000e+00
<ENDHMM>
