~o
<STREAMINFO> 1 6
<VECSIZE> 6<NULLD><MFCC><DIAGC>
~h "bg_board_4"
<BEGINHMM>
<NUMSTATES> 5
<STATE> 2
<MEAN> 6
 1.762329e+02 1.482028e+01 9.697908e+00 6.577178e+00 3.342070e+00 1.512438e+00
<VARIANCE> 6
 2.687862e+03 2.068847e+02 6.570111e+01 1.434988e+01 2.596576e+00 6.606116e-01
<GCONST> 3.164439e+01
<STATE> 3
<MEAN> 6
 2.450671e+02 4.106664e+01 2.010935e+01 1.412870e+01 4.562489e+00 2.976166e+00
<VARIANCE> 6
 2.987791e+03 9.405651e+02 2.535268e+02 4.712541e+01 5.377855e+00 1.834449e+00
<GCONST> 3.755335e+01
<STATE> 4
<MEAN> 6
 2.150802e+02 2.176310e+01 1.195362e+01 7.984639e+00 4.224826e+00 3.184246e+00
<VARIANCE> 6
 1.626330e+03 3.070386e+02 7.854628e+01 1.508135e+01 3.978881e+00 6.283959e+00
<GCONST> 3.444447e+01
<TRANSP> 5
 0.000000e+00 1.000000e+00 0.000000e+00 0.000000e+00 0.000000e+00
 0.000000e+00 8.421399e-01 1.578601e-01 0.000000e+00 0.000000e+00
 0.000000e+00 0.000000e+00 6.504205e-01 3.495795e-01 0.000000e+00
 0.000000e+00 0.000000e+00 0.000000e+00 7.371671e-01 2.628329e-01
 0.000000e+00 0.000000e+00 0.000000e+00 0.000000e+00 0.000000e+00
<ENDHMM>
