~o
<STREAMINFO> 1 6
<VECSIZE> 6<NULLD><MFCC><DIAGC>
~h "bg_board_1"
<BEGINHMM>
<NUMSTATES> 5
<STATE> 2
<MEAN> 6
 1.288490e+02 1.513656e+01 7.826808e+00 5.056849e+00 2.373217e+00 1.019488e+00
<VARIANCE> 6
 1.865538e+03 1.405410e+02 5.195806e+01 7.359797e+00 3.123180e+00 4.825411e-01
<GCONST> 2.986070e+01
<STATE> 3
<MEAN> 6
 1.638585e+02 3.904784e+01 1.132048e+01 9.343699e+00 4.034739e+00 1.826835e+00
<VARIANCE> 6
 2.120435e+03 2.889843e+02 7.992854e+01 3.229781e+01 6.690051e+00 1.856479e+00
<GCONST> 3.472845e+01
<STATE> 4
<MEAN> 6
 1.167488e+02 1.205121e+01 7.906951e+00 4.620883e+00 1.968975e+00 9.227595e-01
<VARIANCE> 6
 3.283271e+03 1.219167e+02 9.722381e+01 9.978662e+00 1.431465e+00 4.301340e-01
<GCONST> 3.031970e+01
<TRANSP> 5
 0.000000e+00 1.000000e+00 0.000000e+00 0.000000e+00 0.000000e+00
 0.000000e+00 8.417189e-01 1.582812e-01 0.000000e+00 0.000000e+00
 0.000000e+00 0.000000e+00 5.506286e-01 4.493714e-01 0.000000e+00
 0.000000e+00 0.000000e+00 0.000000e+00 7.756237e-01 2.243763e-01
 0.000000e+00 0.000000e+00 0.000000e+00 0.000000e+00 0.000000e+00
<ENDHMM>
