~o
<STREAMINFO> 1 6
<VECSIZE> 6<NULLD><MFCC><DIAGC>
~h "bg_board_2"
<BEGINHMM>
<NUMSTATES> 5
<STATE> 2
<MEAN> 6
 1.661091e+02 1.473058e+01 1.402736e+01 6.249681e+00 2.981813e+00 1.801994e+00
<VARIANCE> 6
 5.012234e+03 1.269848e+02 1.648149e+02 1.417227e+01 2.798381e+00 1.248163e+00
<GCONST> 3.339779e+01
<STATE> 3
<MEAN> 6
 2.105576e+02 3.561250e+01 2.607826e+01 1.246086e+01 4.924191e+00 3.104859e+00
<VARIANCE> 6
 4.922478e+03 8.080946e+02 1.026868e+03 4.385792e+01 1.668998e+01 8.014180e+00
<GCONST> 4.183475e+01
<STATE> 4
<MEAN> 6
 1.387056e+02 1.329027e+01 7.385176e+00 5.179492e+00 2.122308e+00 9.610192e-01
<VARIANCE> 6
 1.402282e+03 1.180471e+02 4.393338e+01 9.827408e+00 1.335916e+00 6.938589e-01
<GCONST> 2.903618e+01
<TRANSP> 5
 0.000000e+00 1.000000e+00 0.000000e+00 0.000000e+00 0.000000e+00
 0.000000e+00 5.727447e-01 4.272554e-01 0.000000e+00 0.000000e+00
 0.000000e+00 0.000000e+00 6.636305e-01 3.363695e-01 0.000000e+00
 0.000000e+00 0.000000e+00 0.000000e+00 8.699027e-01 1.300973e-01
 0.000000e+00 0.000000e+00 0.000000e+00 0.000000e+00 0.000000e+00
<ENDHMM>
