~o
<STREAMINFO> 1 6
<VECSIZE> 6<NULLD><MFCC><DIAGC>
~h "bg_board_3"
<BEGINHMM>
<NUMSTATES> 5
<STATE> 2
<MEAN> 6
 1.545083e+02 1.251533e+01 6.120063e+00 4.887786e+00 2.714638e+00 1.215811e+00
<VARIANCE> 6
 8.974539e+02 7.645199e+01 1.783495e+01 6.572543e+00 1.617200e+00 9.647427e-01
<GCONST> 2.737235e+01
<STATE> 3
<MEAN> 6
 2.129892e+02 3.189201e+01 1.007816e+01 1.013007e+01 3.703786e+00 1.706546e+00
<VARIANCE> 6
 1.256173e+03 7.340923e+02 9.211974e+01 2.436921e+01 3.616748e+00 1.256430e+00
<GCONST> 3.399199e+01
<STATE> 4
<MEAN> 6
 2.214382e+02 1.922431e+01 9.887464e+00 7.075917e+00 2.589845e+00 1.350870e+00
<VARIANCE> 6
 2.233155e+03 2.455821e+02 6.759828e+01 1.419486e+01 1.483856e+00 6.099157e-01
<GCONST> 3.100874e+01
<TRANSP> 5
 0.000000e+00 1.000000e+00 0.000000e+00 0.000000e+00 0.000000e+00
 0.000000e+00 7.706472e-01 2.293528e-01 0.000000e+00 0.000000e+00
 0.000000e+00 0.000000e+00 7.004222e-01 2.995777e-01 0.000000e+00
 0.000000e+00 0.000000e+00 0.000000e+00 7.675432e-01 2.324568e-01
 0.000000e+00 0.000000e+00 0.000000e+00 0.000000e+00 0.000000e+00
<ENDHMM>
