~o
<STREAMINFO> 1 6
<VECSIZE> 6<NULLD><MFCC><DIAGC>
~h "bg_board_0"
<BEGINHMM>
<NUMSTATES> 5
<STATE> 2
<MEAN> 6
 1.112829e+02 7.609663e+00 4.412121e+00 3.182780e+00 1.157866e+00 6.572908e-01
<VARIANCE> 6
 1.796887e+03 4.838383e+01 1.486403e+01 5.119576e+00 6.562749e-01 2.676064e-01
<GCONST> 2.499284e+01
<STATE> 3
<MEAN> 6
 1.596348e+02 1.885133e+01 1.622739e+01 1.038195e+01 4.009165e+00 2.257444e+00
<VARIANCE> 6
 2.374950e+03 4.593412e+02 1.928463e+02 5.460207e+01 1.117269e+01 1.608024e+00
<GCONST> 3.708023e+01
<STATE> 4
<MEAN> 6
 1.238254e+02 1.596887e+01 7.983788e+00 5.582411e+00 2.568854e+00 1.011074e+00
<VARIANCE> 6
 1.559412e+03 1.424067e+02 4.513021e+01 7.805396e+00 3.414133e+00 5.346649e-01
<GCONST> 2.980419e+01
<TRANSP> 5
 0.000000e+00 1.000000e+00 0.000000e+00 0.000000e+00 0.000000e+00
 0.000000e+00 7.816600e-01 2.183400e-01 0.000000e+00 0.000000e+00
 0.000000e+00 0.000000e+00 5.615097e-01 4.384903e-01 0.000000e+00
 0.000000e+00 0.000000e+00 0.000000e+00 8.054261e-01 1.945739e-01
 0.000000e+00 0.000000e+00 0.000000e+00 0.000000e+00 0.000000e+00
<ENDHMM>
