~o
<STREAMINFO> 1 6
<VECSIZE> 6<NULLD><MFCC><DIAGC>
~h "bg_board_5"
<BEGINHMM>
<NUMSTATES> 5
<STATE> 2
<MEAN> 6
 2.051567e+02 2.751367e+01 1.111291e+01 7.506513e+00 4.105214e+00 3.159829e+00
<VARIANCE> 6
 2.033113e+03 3.122443e+02 7.075158e+01 9.390316e+00 3.638370e+00 3.676272e+00
<GCONST> 3.348066e+01
<STATE> 3
<MEAN> 6
 2.674143e+02 4.284568e+01 1.974046e+01 1.031221e+01 5.102194e+00 4.088247e+00
<VARIANCE> 6
 3.171476e+03 8.832881e+02 1.253289e+02 1.883326e+01 6.561755e+00 7.127681e+00
<GCONST> 3.748468e+01
<STATE> 4
<MEAN> 6
 3.270860e+02 1.711296e+01 9.080475e+00 5.836056e+00 3.443931e+00 1.885917e+00
<VARIANCE> 6
 1.687333e+03 3.284211e+02 3.997011e+01 8.701832e+00 2.049213e+00 1.906622e+00
<GCONST> 3.146692e+01
<TRANSP> 5
 0.000000e+00 1.000000e+00 0.000000e+00 0.000000e+00 0.000000e+00
 0.000000e+00 7.407631e-01 2.592370e-01 0.000000e+00 0.000000e+00
 0.000000e+00 0.000000e+00 6.864915e-01 3.135085e-01 0.000000e+00
 0.000000e+00 0.000000e+00 0.000000e+00 7.980947e-01 2.019053e-01
 0.000000e+00 0.000000e+00 0.000000e+00 0.000000e+00 0.000000e+00
<ENDHMM>
