~o
<STREAMINFO> 1 6
<VECSIZE> 6<NULLD><MFCC><DIAGC>
~h "bg_board"
<BEGINHMM>
<NUMSTATES> 5
<STATE> 2
<MEAN> 6
 1.317701e+02 1.370770e+01 7.673389e+00 5.306491e+00 2.296641e+00 1.060701e+00
<VARIANCE> 6
 2.039435e+03 1.555419e+02 5.284600e+01 1.394272e+01 3.243163e+00 8.203085e-01
<GCONST> 3.127542e+01
<STATE> 3
<MEAN> 6
 2.163004e+02 3.535330e+01 1.600810e+01 1.050429e+01 4.202159e+00 2.678265e+00
<VARIANCE> 6
 3.632629e+03 7.300439e+02 3.265523e+02 3.636797e+01 6.524939e+00 4.991576e+00
<GCONST> 3.868374e+01
<STATE> 4
<MEAN> 6
 2.275526e+02 1.662578e+01 1.035612e+01 6.333777e+00 3.388249e+00 1.930226e+00
<VARIANCE> 6
 6.138656e+03 2.176293e+02 6.546086e+01 1.030101e+01 3.259251e+00 1.991517e+00
<GCONST> 3.351650e+01
<TRANSP> 5
 0.000000e+00 1.000000e+00 0.000000e+00 0.000000e+00 0.000000e+00
 0.000000e+00 9.690048e-01 3.099529e-02 0.000000e+00 0.000000e+00
 0.000000e+00 0.000000e+00 9.438192e-01 5.618084e-02 0.000000e+00
 0.000000e+00 0.000000e+00 0.000000e+00 9.498429e-01 5.015708e-02
 0.000000e+00 0.000000e+00 0.000000e+00 0.000000e+00 0.000000e+00
<ENDHMM>
