~o
<STREAMINFO> 1 6
<VECSIZE> 6<NULLD><MFCC><DIAGC>
~h "bg_dark_0_2"
<BEGINHMM>
<NUMSTATES> 5
<STATE> 2
<MEAN> 6
 1.767853e+02 1.610697e+01 9.051291e+00 3.256296e+00 2.159667e+00 7.921882e-01
<VARIANCE> 6
 1.909970e+04 3.114420e+02 5.081041e+01 3.669033e+00 2.464121e+00 2.795925e-01
<GCONST> 3.148135e+01
<STATE> 3
<MEAN> 6
 2.785100e+02 3.990865e+01 1.301192e+01 8.494162e+00 4.265894e+00 2.162515e+00
<VARIANCE> 6
 1.297728e+04 8.857161e+02 7.982529e+01 3.683411e+01 1.633067e+01 2.274124e+00
<GCONST> 3.888552e+01
<STATE> 4
<MEAN> 6
 3.039825e+02 1.113212e+01 3.561955e+00 2.589174e+00 1.440964e+00 6.022329e-01
<VARIANCE> 6
 2.080863e+04 1.891792e+02 1.793363e+01 9.550303e+00 2.393826e+00 7.079106e-01
<GCONST> 3.188379e+01
<TRANSP> 5
 0.000000e+00 1.000000e+00 0.000000e+00 0.000000e+00 0.000000e+00
 0.000000e+00 7.877444e-01 2.122556e-01 0.000000e+00 0.000000e+00
 0.000000e+00 0.000000e+00 6.599084e-01 3.400917e-01 0.000000e+00
 0.000000e+00 0.000000e+00 0.000000e+00 8.130252e-01 1.869748e-01
 0.000000e+00 0.000000e+00 0.000000e+00 0.000000e+00 0.000000e+00
<ENDHMM>
