~o
<STREAMINFO> 1 6
<VECSIZE> 6<NULLD><MFCC><DIAGC>
~h "bg_dark_0_1"
<BEGINHMM>
<NUMSTATES> 5
<STATE> 2
<MEAN> 6
 1.426186e+02 2.170898e+01 8.855840e+00 4.517987e+00 2.713157e+00 8.782445e-01
<VARIANCE> 6
 8.977210e+03 4.908408e+02 6.442701e+01 1.061163e+01 3.869824e+00 3.364063e-01
<GCONST> 3.311708e+01
<STATE> 3
<MEAN> 6
 2.924997e+02 2.615954e+01 1.381217e+01 9.692775e+00 4.575060e+00 2.324306e+00
<VARIANCE> 6
 1.066230e+04 4.205132e+02 1.936386e+02 3.089876e+01 5.559526e+00 1.030365e+00
<GCONST> 3.678534e+01
<STATE> 4
<MEAN> 6
 2.853142e+02 1.081883e+01 8.883862e+00 3.247782e+00 2.889688e+00 1.075780e+00
<VARIANCE> 6
 1.464491e+04 1.362873e+02 6.670041e+01 2.740352e+00 2.495527e+00 6.504363e-01
<GCONST> 3.122656e+01
<TRANSP> 5
 0.000000e+00 1.000000e+00 0.000000e+00 0.000000e+00 0.000000e+00
 0.000000e+00 7.848496e-01 2.151504e-01 0.000000e+00 0.000000e+00
 0.000000e+00 0.000000e+00 6.097776e-01 3.902224e-01 0.000000e+00
 0.000000e+00 0.000000e+00 0.000000e+00 8.272720e-01 1.727280e-01
 0.000000e+00 0.000000e+00 0.000000e+00 0.000000e+00 0.000000e+00
<ENDHMM>
