~o
<STREAMINFO> 1 6
<VECSIZE> 6<NULLD><MFCC><DIAGC>
~h "bg_dark_0"
<BEGINHMM>
<NUMSTATES> 5
<STATE> 2
<MEAN> 6
 1.546708e+02 1.364227e+01 7.814225e+00 3.201304e+00 2.386984e+00 8.668293e-01
<VARIANCE> 6
 1.285792e+04 2.426177e+02 7.245921e+01 5.240668e+00 3.471235e+00 6.594679e-01
<GCONST> 3.274813e+01
<STATE> 3
<MEAN> 6
 3.542703e+02 2.895063e+01 1.079799e+01 7.073898e+00 3.915424e+00 2.023037e+00
<VARIANCE> 6
 9.857219e+03 8.762259e+02 1.377812e+02 3.059028e+01 9.402688e+00 3.109572e+00
<GCONST> 3.872067e+01
<STATE> 4
<MEAN> 6
 1.283745e+02 3.687107e+00 2.812701e+00 1.067690e+00 8.453177e-01 3.788771e-01
<VARIANCE> 6
 2.895062e+03 2.190475e+01 9.022494e+00 1.101270e+00 7.311009e-01 1.099620e-01
<GCONST> 2.186009e+01
<TRANSP> 5
 0.000000e+00 1.000000e+00 0.000000e+00 0.000000e+00 0.000000e+00
 0.000000e+00 9.708468e-01 2.915314e-02 0.000000e+00 0.000000e+00
 0.000000e+00 0.000000e+00 9.522470e-01 4.775296e-02 0.000000e+00
 0.000000e+00 0.000000e+00 0.000000e+00 9.322368e-01 6.776320e-02
 0.000000e+00 0.000000e+00 0.000000e+00 0.000000e+00 0.000000e+00
<ENDHMM>
