~o
<STREAMINFO> 1 6
<VECSIZE> 6<NULLD><MFCC><DIAGC>
~h "bg_dark_0_0"
<BEGINHMM>
<NUMSTATES> 5
<STATE> 2
<MEAN> 6
 3.032760e+02 1.117842e+01 8.058554e+00 4.661577e+00 3.447954e+00 2.272846e+00
<VARIANCE> 6
 9.831258e+03 1.267282e+02 5.460788e+01 5.589567e+00 3.575170e+00 2.770490e+00
<GCONST> 3.307675e+01
<STATE> 3
<MEAN> 6
 2.759695e+02 3.198442e+01 8.905766e+00 7.079865e+00 4.172583e+00 2.308655e+00
<VARIANCE> 6
 1.322823e+04 6.205423e+02 5.204879e+01 2.211656e+01 7.820827e+00 3.204124e+00
<GCONST> 3.721770e+01
<STATE> 4
<MEAN> 6
 1.151389e+02 1.349065e+01 8.618755e+00 3.684820e+00 2.806461e+00 7.751812e-01
<VARIANCE> 6
 6.429677e+03 2.926234e+02 8.084492e+01 9.168587e+00 3.323345e+00 3.253561e-01
<GCONST> 3.216129e+01
<TRANSP> 5
 0.000000e+00 1.000000e+00 0.000000e+00 0.000000e+00 0.000000e+00
 0.000000e+00 7.394141e-01 2.605859e-01 0.000000e+00 0.000000e+00
 0.000000e+00 0.000000e+00 5.907500e-01 4.092500e-01 0.000000e+00
 0.000000e+00 0.000000e+00 0.000000e+00 8.251442e-01 1.748558e-01
 0.000000e+00 0.000000e+00 0.000000e+00 0.000000e+00 0.000000e+00
<ENDHMM>
