~o
<STREAMINFO> 1 6
<VECSIZE> 6<NULLD><MFCC><DIAGC>
~h "bg_dark_0_3"
<BEGINHMM>
<NUMSTATES> 5
<STATE> 2
<MEAN> 6
 1.880437e+02 1.665991e+01 5.148684e+00 3.364139e+00 1.915029e+00 8.104843e-01
<VARIANCE> 6
 2.451088e+04 2.613498e+02 3.106331e+01 1.056422e+01 2.887911e+00 1.038794e+00
<GCONST> 3.359209e+01
<STATE> 3
<MEAN> 6
 2.858701e+02 5.545744e+01 1.392462e+01 9.876515e+00 3.756134e+00 2.029740e+00
<VARIANCE> 6
 1.342795e+04 2.199036e+03 1.356705e+02 5.358905e+01 8.717225e+00 4.486839e+00
<GCONST> 4.078616e+01
<STATE> 4
<MEAN> 6
 3.036412e+02 8.308809e+00 4.973565e+00 2.464692e+00 1.922987e+00 7.146320e-01
<VARIANCE> 6
 2.133147e+04 1.441552e+02 3.290055e+01 1.171856e+01 3.129299e+00 7.770231e-01
<GCONST> 3.280928e+01
<TRANSP> 5
 0.000000e+00 1.000000e+00 0.000000e+00 0.000000e+00 0.000000e+00
 0.000000e+00 7.605478e-01 2.394522e-01 0.000000e+00 0.000000e+00
 0.000000e+00 0.000000e+00 5.991148e-01 4.008852e-01 0.000000e+00
 0.000000e+00 0.000000e+00 0.000000e+00 8.123589e-01 1.876411e-01
 0.000000e+00 0.000000e+00 0.000000e+00 0.000000e+00 0.000000e+00
<ENDHMM>
