~o
<STREAMINFO> 1 6
<VECSIZE> 6<NULLD><MFCC><DIAGC>
~h "bg_dark_0_4"
<BEGINHMM>
<NUMSTATES> 5
<STATE> 2
<MEAN> 6
 2.437999e+02 1.315419e+01 8.219570e+00 3.989224e+00 3.117990e+00 1.451838e+00
<VARIANCE> 6
 2.068701e+04 1.844855e+02 6.721008e+01 1.239738e+01 4.594471e+00 1.883232e+00
<GCONST> 3.506524e+01
<STATE> 3
<MEAN> 6
 2.460244e+02 4.170864e+01 2.366802e+01 8.003622e+00 6.176561e+00 2.998900e+00
<VARIANCE> 6
 1.594993e+04 7.136302e+02 5.456423e+02 2.437082e+01 2.542494e+01 5.527476e+00
<GCONST> 4.171565e+01
<STATE> 4
<MEAN> 6
 7.907594e+01 7.322576e+00 4.430043e+00 1.549539e+00 1.564879e+00 4.397182e-01
<VARIANCE> 6
 1.465185e+03 1.123457e+02 2.081278e+01 2.209891e+00 1.602910e+00 1.188598e-01
<GCONST> 2.520910e+01
<TRANSP> 5
 0.000000e+00 1.000000e+00 0.000000e+00 0.000000e+00 0.000000e+00
 0.000000e+00 8.266510e-01 1.733490e-01 0.000000e+00 0.000000e+00
 0.000000e+00 0.000000e+00 5.566145e-01 4.433856e-01 0.000000e+00
 0.000000e+00 0.000000e+00 0.000000e+00 7.990320e-01 2.009680e-01
 0.000000e+00 0.000000e+00 0.000000e+00 0.000000e+00 0.000000e+00
<ENDHMM>
