~o
<STREAMINFO> 1 6
<VECSIZE> 6<NULLD><MFCC><DIAGC>
~h "bg_dark_0_5"
<BEGINHMM>
<NUMSTATES> 5
<STATE> 2
<MEAN> 6
 7.535992e+01 9.370794e+00 5.181705e+00 2.114426e+00 1.266313e+00 4.478590e-01
<VARIANCE> 6
 1.456626e+03 1.628856e+02 2.624565e+01 2.247195e+00 6.486570e-01 1.071460e-01
<GCONST> 2.481496e+01
<STATE> 3
<MEAN> 6
 1.230011e+02 1.214761e+01 4.922667e+00 3.134937e+00 1.798207e+00 7.002251e-01
<VARIANCE> 6
 2.111274e+03 3.003597e+02 1.390061e+01 9.005799e+00 2.784635e+00 2.265449e-01
<GCONST> 2.875640e+01
<STATE> 4
<MEAN> 6
 1.397321e+02 2.127551e+00 1.798431e+00 4.747707e-01 3.905808e-01 2.640857e-01
<VARIANCE> 6
 1.145022e+03 8.396905e+00 4.517829e+00 1.480962e-01 1.250399e-01 2.363957e-02
<GCONST> 1.397249e+01
<TRANSP> 5
 0.000000e+00 1.000000e+00 0.000000e+00 0.000000e+00 0.000000e+00
 0.000000e+00 7.158027e-01 2.841973e-01 0.000000e+00 0.000000e+00
 0.000000e+00 0.000000e+00 6.165831e-01 3.834169e-01 0.000000e+00
 0.000000e+00 0.000000e+00 0.000000e+00 8.297348e-01 1.702652e-01
 0.000000e+00 0.000000e+00 0.000000e+00 0.000000e+00 0.000000e+00
<ENDHMM>
