~o
<STREAMINFO> 1 6
<VECSIZE> 6<NULLD><MFCC><DIAGC>
~h "bg_red_0_1"
<BEGINHMM>
<NUMSTATES> 5
<STATE> 2
<MEAN> 6
 2.740454e+02 6.858507e+00 4.680054e+00 4.085360e+00 2.469931e+00 1.461117e+00
<VARIANCE> 6
 3.827802e+03 6.961613e+01 2.892380e+01 1.169696e+01 4.076591e+00 1.900747e+00
<GCONST> 3.139181e+01
<STATE> 3
<MEAN> 6
 2.799728e+02 1.731207e+01 6.927814e+00 4.006216e+00 2.221535e+00 1.015251e+00
<VARIANCE> 6
 9.431211e+03 1.492546e+02 1.254529e+01 6.497299e+00 6.619565e+00 1.626394e+00
<GCONST> 3.196182e+01
<STATE> 4
<MEAN> 6
 2.952661e+02 3.295764e+00 1.803699e+00 1.553349e+00 6.881499e-01 3.337770e-01
<VARIANCE> 6
 5.829412e+03 1.534080e+01 1.692247e+00 1.956221e+00 4.297809e-01 4.382145e-02
<GCONST> 1.965341e+01
<TRANSP> 5
 0.000000e+00 1.000000e+00 0.000000e+00 0.000000e+00 0.000000e+00
 0.000000e+00 7.653587e-01 2.346413e-01 0.000000e+00 0.000000e+00
 0.000000e+00 0.000000e+00 4.482762e-01 5.517238e-01 0.000000e+00
 0.000000e+00 0.000000e+00 0.000000e+00 8.556098e-01 1.443903e-01
 0.000000e+00 0.000000e+00 0.000000e+00 0.000000e+00 0.000000e+00
<ENDHMM>
