~o
<STREAMINFO> 1 6
<VECSIZE> 6<NULLD><MFCC><DIAGC>
~h "bg_red_0_4"
<BEGINHMM>
<NUMSTATES> 5
<STATE> 2
<MEAN> 6
 2.661750e+02 4.464351e+00 1.539455e+00 1.107477e+00 5.043386e-01 2.835380e-01
<VARIANCE> 6
 3.362144e+03 1.103742e+01 9.995757e-01 1.024656e+00 1.259365e-01 1.756776e-02
<GCONST> 1.545915e+01
<STATE> 3
<MEAN> 6
 3.264886e+02 3.386418e+00 3.111267e+00 9.631910e-01 7.186981e-01 2.985423e-01
<VARIANCE> 6
 2.935630e+03 6.333729e+00 6.698930e+00 2.316218e-01 1.624352e-01 2.149780e-02
<GCONST> 1.563985e+01
<STATE> 4
<MEAN> 6
 2.130297e+02 8.756847e+00 6.126798e+00 2.102981e+00 1.431934e+00 5.718499e-01
<VARIANCE> 6
 1.685873e+03 4.061372e+01 3.125069e+01 2.257166e+00 1.481387e+00 2.263778e-01
<GCONST> 2.532499e+01
<TRANSP> 5
 0.000000e+00 1.000000e+00 0.000000e+00 0.000000e+00 0.000000e+00
 0.000000e+00 8.169586e-01 1.830414e-01 0.000000e+00 0.000000e+00
 0.000000e+00 0.000000e+00 6.968916e-01 3.031084e-01 0.000000e+00
 0.000000e+00 0.000000e+00 0.000000e+00 7.640178e-01 2.359823e-01
 0.000000e+00 0.000000e+00 0.000000e+00 0.000000e+00 0.000000e+00
<ENDHMM>
