~o
<STREAMINFO> 1 6
<VECSIZE> 6<NULLD><MFCC><DIAGC>
~h "bg_red_0_5"
<BEGINHMM>
<NUMSTATES> 5
<STATE> 2
<MEAN> 6
 2.025178e+02 5.713562e+00 4.205661e+00 1.971703e+00 1.376701e+00 5.821912e-01
<VARIANCE> 6
 3.487259e+03 2.705756e+01 1.315459e+01 2.638247e+00 1.077457e+00 1.795860e-01
<GCONST> 2.438649e+01
<STATE> 3
<MEAN> 6
 2.105896e+02 1.584530e+01 1.595786e+01 6.112039e+00 4.334178e+00 3.178320e+00
<VARIANCE> 6
 4.401367e+03 3.214496e+02 2.346398e+02 2.358987e+01 8.998044e+00 1.114984e+01
<GCONST> 3.841708e+01
<STATE> 4
<MEAN> 6
 2.189160e+02 1.071358e+01 1.059212e+01 4.062285e+00 3.685297e+00 2.586438e+00
<VARIANCE> 6
 3.704643e+03 1.143682e+02 8.281443e+01 9.924894e+00 8.476854e+00 8.729557e+00
<GCONST> 3.499973e+01
<TRANSP> 5
 0.000000e+00 1.000000e+00 0.000000e+00 0.000000e+00 0.000000e+00
 0.000000e+00 8.872002e-01 1.127998e-01 0.000000e+00 0.000000e+00
 0.000000e+00 0.000000e+00 2.108172e-01 7.891828e-01 0.000000e+00
 0.000000e+00 0.000000e+00 0.000000e+00 4.645546e-01 5.354453e-01
 0.000000e+00 0.000000e+00 0.000000e+00 0.000000e+00 0.000000e+00
<ENDHMM>
