~o
<STREAMINFO> 1 6
<VECSIZE> 6<NULLD><MFCC><DIAGC>
~h "bg_red_0"
<BEGINHMM>
<NUMSTATES> 5
<STATE> 2
<MEAN> 6
 3.069155e+02 6.084547e+00 4.286975e+00 2.156964e+00 1.483074e+00 6.568432e-01
<VARIANCE> 6
 1.292932e+04 4.089767e+01 3.499736e+01 3.703729e+00 2.748584e+00 5.684854e-01
<GCONST> 2.951651e+01
<STATE> 3
<MEAN> 6
 2.038946e+02 2.369880e+01 9.467753e+00 7.426463e+00 3.567412e+00 3.364671e+00
<VARIANCE> 6
 4.254320e+03 2.936537e+02 1.173718e+02 1.823688e+01 1.153142e+01 1.269851e+01
<GCONST> 3.772071e+01
<STATE> 4
<MEAN> 6
 2.608963e+02 5.355406e+00 3.078660e+00 1.791969e+00 1.213467e+00 5.467604e-01
<VARIANCE> 6
 2.119607e+03 3.053646e+01 1.493221e+01 3.640767e+00 2.201505e+00 7.972482e-01
<GCONST> 2.666344e+01
<TRANSP> 5
 0.000000e+00 1.000000e+00 0.000000e+00 0.000000e+00 0.000000e+00
 0.000000e+00 9.585925e-01 4.140753e-02 0.000000e+00 0.000000e+00
 0.000000e+00 0.000000e+00 7.010657e-01 2.989343e-01 0.000000e+00
 0.000000e+00 0.000000e+00 0.000000e+00 9.764732e-01 2.352688e-02
 0.000000e+00 0.000000e+00 0.000000e+00 0.000000e+00 0.000000e+00
<ENDHMM>
