~o
<STREAMINFO> 1 6
<VECSIZE> 6<NULLD><MFCC><DIAGC>
~h "bg_red_0_3"
<BEGINHMM>
<NUMSTATES> 5
<STATE> 2
<MEAN> 6
 3.348918e+02 6.076636e+00 2.209942e+00 2.330819e+00 9.936126e-01 2.933982e-01
<VARIANCE> 6
 7.203780e+03 2.030262e+01 3.190611e+00 2.192096e+00 8.630673e-01 9.576547e-03
<GCONST> 2.006974e+01
<STATE> 3
<MEAN> 6
 3.088439e+02 8.510273e+00 2.829132e+00 3.055451e+00 2.017000e+00 8.687159e-01
<VARIANCE> 6
 5.789853e+03 5.154591e+01 5.488035e+00 6.110114e+00 2.659729e+00 4.080156e-01
<GCONST> 2.722789e+01
<STATE> 4
<MEAN> 6
 3.131699e+02 4.148817e+00 1.663280e+00 8.410904e-01 5.121881e-01 2.764458e-01
<VARIANCE> 6
 3.741823e+03 8.368334e+00 1.771628e+00 4.837825e-01 1.494206e-01 2.041753e-02
<GCONST> 1.543247e+01
<TRANSP> 5
 0.000000e+00 1.000000e+00 0.000000e+00 0.000000e+00 0.000000e+00
 0.000000e+00 6.464288e-01 3.535712e-01 0.000000e+00 0.000000e+00
 0.000000e+00 0.000000e+00 4.562762e-01 5.437238e-01 0.000000e+00
 0.000000e+00 0.000000e+00 0.000000e+00 8.636217e-01 1.363783e-01
 0.000000e+00 0.000000e+00 0.000000e+00 0.000000e+00 0.000000e+00
<ENDHMM>
