~o
<STREAMINFO> 1 6
<VECSIZE> 6<NULLD><MFCC><DIAGC>
~h "bg_red_0_0"
<BEGINHMM>
<NUMSTATES> 5
<STATE> 2
<MEAN> 6
 2.500037e+02 1.112473e+01 4.867860e+00 2.752478e+00 2.236557e+00 8.036900e-01
<VARIANCE> 6
 9.667868e+03 1.544394e+02 2.424089e+01 3.930970e+00 2.524270e+00 5.238029e-01
<GCONST> 3.007987e+01
<STATE> 3
<MEAN> 6
 2.724190e+02 1.234768e+01 1.217167e+01 6.425308e+00 5.082700e+00 3.453269e+00
<VARIANCE> 6
 6.519295e+03 1.734295e+02 1.593517e+02 1.566144e+01 1.349665e+01 1.253716e+01
<GCONST> 3.791901e+01
<STATE> 4
<MEAN> 6
 2.407197e+02 5.120129e+00 2.858799e+00 1.819524e+00 1.755717e+00 8.261314e-01
<VARIANCE> 6
 2.324922e+03 4.687413e+01 1.222611e+01 4.351536e+00 3.941242e+00 1.299725e+00
<GCONST> 2.823392e+01
<TRANSP> 5
 0.000000e+00 1.000000e+00 0.000000e+00 0.000000e+00 0.000000e+00
 0.000000e+00 8.207740e-01 1.792261e-01 0.000000e+00 0.000000e+00
 0.000000e+00 0.000000e+00 5.035303e-01 4.964697e-01 0.000000e+00
 0.000000e+00 0.000000e+00 0.000000e+00 7.730488e-01 2.269512e-01
 0.000000e+00 0.000000e+00 0.000000e+00 0.000000e+00 0.000000e+00
<ENDHMM>
