~o
<STREAMINFO> 1 6
<VECSIZE> 6<NULLD><MFCC><DIAGC>
~h "bg_red_0_2"
<BEGINHMM>
<NUMSTATES> 5
<STATE> 2
<MEAN> 6
 2.797848e+02 6.335519e+00 2.660529e+00 2.548374e+00 9.335308e-01 4.586254e-01
<VARIANCE> 6
 3.989753e+03 5.061737e+01 7.447253e+00 7.166676e+00 8.132319e-01 1.640382e-01
<GCONST> 2.520594e+01
<STATE> 3
<MEAN> 6
 3.153957e+02 5.410944e+00 1.686829e+00 2.264991e+00 1.772744e+00 5.905210e-01
<VARIANCE> 6
 5.234867e+03 3.404380e+01 8.563686e-01 3.714330e+00 2.043275e+00 1.838372e-01
<GCONST> 2.329600e+01
<STATE> 4
<MEAN> 6
 3.466083e+02 3.864815e+00 1.908041e+00 1.126132e+00 6.167279e-01 2.672566e-01
<VARIANCE> 6
 4.400981e+03 1.147422e+01 2.187596e+00 9.540934e-01 3.923956e-01 1.416902e-02
<GCONST> 1.740058e+01
<TRANSP> 5
 0.000000e+00 1.000000e+00 0.000000e+00 0.000000e+00 0.000000e+00
 0.000000e+00 7.792765e-01 2.207235e-01 0.000000e+00 0.000000e+00
 0.000000e+00 0.000000e+00 1.708583e-01 8.291417e-01 0.000000e+00
 0.000000e+00 0.000000e+00 0.000000e+00 8.623230e-01 1.376770e-01
 0.000000e+00 0.000000e+00 0.000000e+00 0.000000e+00 0.000000e+00
<ENDHMM>
