~o
<STREAMINFO> 1 6
<VECSIZE> 6<NULLD><MFCC><DIAGC>
~h "bg_white_0_1"
<BEGINHMM>
<NUMSTATES> 5
<STATE> 2
<MEAN> 6
 7.780156e+02 5.998774e+00 2.906427e+00 2.317171e+00 1.948513e+00 1.504987e+00
<VARIANCE> 6
 1.393365e+03 2.668499e+02 4.948562e+01 2.168403e+01 2.038075e+01 8.741818e+00
<GCONST> 3.601439e+01
<STATE> 3
<MEAN> 6
 7.126143e+02 6.161359e+01 1.604284e+01 1.612907e+01 1.431554e+01 9.468754e+00
<VARIANCE> 6
 2.776946e+03 1.443385e+03 2.397464e+02 6.455831e+01 8.737290e+01 3.511778e+01
<GCONST> 4.390716e+01
<STATE> 4
<MEAN> 6
 7.321052e+02 1.861432e+01 6.448238e+00 7.138455e+00 5.881553e+00 4.340368e+00
<VARIANCE> 6
 1.303813e+04 8.498188e+02 5.602186e+01 5.843829e+01 5.140490e+01 1.938701e+01
<GCONST> 4.224597e+01
<TRANSP> 5
 0.000000e+00 1.000000e+00 0.000000e+00 0.000000e+00 0.000000e+00
 0.000000e+00 8.262652e-01 1.737348e-01 0.000000e+00 0.000000e+00
 0.000000e+00 0.000000e+00 7.962350e-01 2.037650e-01 0.000000e+00
 0.000000e+00 0.000000e+00 0.000000e+00 5.720065e-01 4.279935e-01
 0.000000e+00 0.000000e+00 0.000000e+00 0.000000e+00 0.000000e+00
<ENDHMM>
