~o
<STREAMINFO> 1 6
<VECSIZE> 6<NULLD><MFCC><DIAGC>
~h "bg_white_0_2"
<BEGINHMM>
<NUMSTATES> 5
<STATE> 2
<MEAN> 6
 7.589559e+02 9.212042e+00 3.248357e+00 3.637578e+00 2.807108e+00 2.209708e+00
<VARIANCE> 6
 1.363511e+03 3.298605e+02 2.668639e+01 2.570613e+01 2.326344e+01 1.328971e+01
<GCONST> 3.630851e+01
<STATE> 3
<MEAN> 6
 6.908648e+02 5.075438e+01 1.661325e+01 1.584172e+01 1.402234e+01 9.344103e+00
<VARIANCE> 6
 3.854209e+03 1.538816e+03 2.739566e+02 7.776485e+01 1.075619e+02 3.736187e+01
<GCONST> 4.488833e+01
<STATE> 4
<MEAN> 6
 6.964297e+02 1.831457e+01 7.336704e+00 7.726374e+00 6.251960e+00 4.794910e+00
<VARIANCE> 6
 1.482190e+04 5.726741e+02 1.057762e+02 5.317634e+01 5.571790e+01 2.111601e+01
<GCONST> 4.268671e+01
<TRANSP> 5
 0.000000e+00 1.000000e+00 0.000000e+00 0.000000e+00 0.000000e+00
 0.000000e+00 8.455258e-01 1.544742e-01 0.000000e+00 0.000000e+00
 0.000000e+00 0.000000e+00 7.737411e-01 2.262589e-01 0.000000e+00
 0.000000e+00 0.000000e+00 0.000000e+00 5.253262e-01 4.746738e-01
 0.000000e+00 0.000000e+00 0.000000e+00 0.000000e+00 0.000000e+00
<ENDHMM>
