~o
<STREAMINFO> 1 6
<VECSIZE> 6<NULLD><MFCC><DIAGC>
~h "bg_white_0_0"
<BEGINHMM>
<NUMSTATES> 5
<STATE> 2
<MEAN> 6
 7.873311e+02 2.213749e+00 7.787162e+00 6.800749e-01 2.478538e+00 2.959617e-01
<VARIANCE> 6
 2.367316e+03 1.012701e+02 6.230626e+02 3.107351e+00 5.315302e+01 1.993344e-01
<GCONST> 3.334339e+01
<STATE> 3
<MEAN> 6
 7.291379e+02 4.689599e+01 1.401885e+01 1.300948e+01 9.609454e+00 6.821549e+00
<VARIANCE> 6
 8.927740e+03 2.909187e+03 4.653836e+02 1.298514e+02 9.577358e+01 4.749446e+01
<GCONST> 4.753167e+01
<STATE> 4
<MEAN> 6
 7.703773e+02 1.705499e+01 6.925185e+00 6.349505e+00 4.950199e+00 3.800277e+00
<VARIANCE> 6
 2.958529e+03 7.916645e+02 1.439958e+02 6.173316e+01 5.215884e+01 2.080317e+01
<GCONST> 4.177585e+01
<TRANSP> 5
 0.000000e+00 1.000000e+00 0.000000e+00 0.000000e+00 0.000000e+00
 0.000000e+00 8.784820e-01 1.215180e-01 0.000000e+00 0.000000e+00
 0.000000e+00 0.000000e+00 5.101154e-01 4.898846e-01 0.000000e+00
 0.000000e+00 0.000000e+00 0.000000e+00 4.217861e-01 5.782139e-01
 0.000000e+00 0.000000e+00 0.000000e+00 0.000000e+00 0.000000e+00
<ENDHMM>
