~o
<STREAMINFO> 1 6
<VECSIZE> 6<NULLD><MFCC><DIAGC>
~h "bg_white_0_5"
<BEGINHMM>
<NUMSTATES> 5
<STATE> 2
<MEAN> 6
 7.249070e+02 3.026320e+00 2.819069e+00 1.015757e+00 1.507679e+00 4.954810e-01
<VARIANCE> 6
 3.446773e+03 9.817369e+01 1.189505e+01 9.145978e+00 4.963441e+00 1.603974e+00
<GCONST> 3.052321e+01
<STATE> 3
<MEAN> 6
 3.933574e+02 2.005033e+01 7.012058e+01 5.662388e+00 1.611438e+01 1.228567e+00
<VARIANCE> 6
 2.756678e+04 6.340859e+02 6.329074e+03 4.038874e+01 2.290255e+02 2.010519e+00
<GCONST> 4.628750e+01
<STATE> 4
<MEAN> 6
 2.825622e+02 5.848959e+00 3.714161e+00 2.093532e+00 1.359252e+00 5.598818e-01
<VARIANCE> 6
 1.911445e+03 4.274643e+01 1.729756e+01 4.773412e+00 1.298044e+00 4.108911e-01
<GCONST> 2.612322e+01
<TRANSP> 5
 0.000000e+00 1.000000e+00 0.000000e+00 0.000000e+00 0.000000e+00
 0.000000e+00 6.198551e-01 3.801449e-01 0.000000e+00 0.000000e+00
 0.000000e+00 0.000000e+00 5.180114e-01 4.819886e-01 0.000000e+00
 0.000000e+00 0.000000e+00 0.000000e+00 8.629140e-01 1.370860e-01
 0.000000e+00 0.000000e+00 0.000000e+00 0.000000e+00 0.000000e+00
<ENDHMM>
