~o
<STREAMINFO> 1 6
<VECSIZE> 6<NULLD><MFCC><DIAGC>
~h "bg_white_0_4"
<BEGINHMM>
<NUMSTATES> 5
<STATE> 2
<MEAN> 6
 7.290111e+02 1.129594e+01 4.678764e+00 4.644098e+00 4.009905e+00 3.045346e+00
<VARIANCE> 6
 2.857383e+03 3.651010e+02 5.734164e+01 3.987217e+01 4.360143e+01 2.114015e+01
<GCONST> 3.944607e+01
<STATE> 3
<MEAN> 6
 6.735247e+02 3.819223e+01 1.576184e+01 1.398783e+01 1.162480e+01 8.521135e+00
<VARIANCE> 6
 6.992638e+03 8.964564e+02 2.470371e+02 6.913490e+01 6.778901e+01 3.465698e+01
<GCONST> 4.418583e+01
<STATE> 4
<MEAN> 6
 7.163223e+02 3.002328e+00 1.408742e+00 1.315901e+00 8.514188e-01 7.157984e-01
<VARIANCE> 6
 6.846491e+03 4.878041e+01 3.574362e+00 5.774918e+00 2.137950e+00 1.866277e+00
<GCONST> 2.815719e+01
<TRANSP> 5
 0.000000e+00 1.000000e+00 0.000000e+00 0.000000e+00 0.000000e+00
 0.000000e+00 6.364335e-01 3.635665e-01 0.000000e+00 0.000000e+00
 0.000000e+00 0.000000e+00 7.150221e-01 2.849779e-01 0.000000e+00
 0.000000e+00 0.000000e+00 0.000000e+00 8.516414e-01 1.483586e-01
 0.000000e+00 0.000000e+00 0.000000e+00 0.000000e+00 0.000000e+00
<ENDHMM>
