~o
<STREAMINFO> 1 6
<VECSIZE> 6<NULLD><MFCC><DIAGC>
~h "bg_white_0"
<BEGINHMM>
<NUMSTATES> 5
<STATE> 2
<MEAN> 6
 7.723632e+02 3.328891e+00 3.788178e+00 1.397904e+00 1.623971e+00 7.394567e-01
<VARIANCE> 6
 1.288222e+03 5.171295e+01 2.076818e+02 5.038909e+00 2.091002e+01 3.189353e+00
<GCONST> 3.328723e+01
<STATE> 3
<MEAN> 6
 7.010770e+02 3.283801e+01 1.485665e+01 1.053693e+01 9.655105e+00 6.187073e+00
<VARIANCE> 6
 7.305613e+03 1.367325e+03 7.881495e+02 8.669810e+01 9.703672e+01 3.501366e+01
<GCONST> 4.640722e+01
<STATE> 4
<MEAN> 6
 2.840158e+02 7.745790e+00 3.839664e+00 2.777883e+00 1.444483e+00 6.065760e-01
<VARIANCE> 6
 2.172861e+03 1.040978e+02 1.878618e+01 1.092071e+01 1.722783e+00 4.894229e-01
<GCONST> 2.850959e+01
<TRANSP> 5
 0.000000e+00 1.000000e+00 0.000000e+00 0.000000e+00 0.000000e+00
 0.000000e+00 9.634669e-01 3.653314e-02 0.000000e+00 0.000000e+00
 0.000000e+00 0.000000e+00 9.704841e-01 2.951595e-02 0.000000e+00
 0.000000e+00 0.000000e+00 0.000000e+00 8.856829e-01 1.143170e-01
 0.000000e+00 0.000000e+00 0.000000e+00 0.000000e+00 0.000000e+00
<ENDHMM>
