~o
<STREAMINFO> 1 6
<VECSIZE> 6<NULLD><MFCC><DIAGC>
~h "bg_white_0_3"
<BEGINHMM>
<NUMSTATES> 5
<STATE> 2
<MEAN> 6
 7.479733e+02 8.074099e+00 2.883361e+00 3.535848e+00 2.189618e+00 1.664211e+00
<VARIANCE> 6
 1.268476e+03 2.062470e+02 3.505925e+01 2.282315e+01 1.966848e+01 9.072352e+00
<GCONST> 3.537097e+01
<STATE> 3
<MEAN> 6
 6.993213e+02 3.835683e+01 1.521253e+01 1.307906e+01 1.124613e+01 7.767016e+00
<VARIANCE> 6
 2.593625e+03 8.959210e+02 2.381286e+02 6.629314e+01 7.413481e+01 3.212326e+01
<GCONST> 4.312829e+01
<STATE> 4
<MEAN> 6
 6.595101e+02 1.721879e+01 4.889269e+00 6.987216e+00 4.463897e+00 3.219668e+00
<VARIANCE> 6
 2.145619e+04 5.857296e+02 6.078513e+01 8.107470e+01 5.260427e+01 2.264657e+01
<GCONST> 4.295941e+01
<TRANSP> 5
 0.000000e+00 1.000000e+00 0.000000e+00 0.000000e+00 0.000000e+00
 0.000000e+00 8.335205e-01 1.664795e-01 0.000000e+00 0.000000e+00
 0.000000e+00 0.000000e+00 7.647979e-01 2.352021e-01 0.000000e+00
 0.000000e+00 0.000000e+00 0.000000e+00 4.258111e-01 5.741889e-01
 0.000000e+00 0.000000e+00 0.000000e+00 0.000000e+00 0.000000e+00
<ENDHMM>
