~o
<STREAMINFO> 1 6
<VECSIZE> 6<NULLD><MFCC><DIAGC>
~h "fp_key_4"
<BEGINHMM>
<NUMSTATES> 5
<STATE> 2
<MEAN> 6
 2.930967e+02 1.297100e+01 5.437834e+00 3.713608e+00 2.591286e+00 1.440296e+00
<VARIANCE> 6
 7.203994e+03 6.918129e+02 1.091027e+02 2.228460e+01 7.141141e+00 2.519123e+00
<GCONST> 3.713494e+01
<STATE> 3
<MEAN> 6
 4.796388e+02 6.811549e+01 6.875727e+01 1.698126e+01 2.509103e+01 7.423709e+00
<VARIANCE> 6
 2.795193e+04 3.793490e+03 4.752840e+03 2.629666e+02 4.039768e+02 3.875537e+01
<GCONST> 5.320370e+01
<STATE> 4
<MEAN> 6
 4.377492e+02 6.061806e+01 1.680110e+01 1.451573e+01 5.458798e+00 2.856267e+00
<VARIANCE> 6
 2.719028e+04 2.611697e+03 6.339445e+02 1.233820e+02 4.484979e+01 9.758422e+00
<GCONST> 4.645433e+01
<TRANSP> 5
 0.000000e+00 1.000000e+00 0.000000e+00 0.000000e+00 0.000000e+00
 0.000000e+00 8.514310e-01 1.485690e-01 0.000000e+00 0.000000e+00
 0.000000e+00 0.000000e+00 5.432197e-01 4.567803e-01 0.000000e+00
 0.000000e+00 0.000000e+00 0.000000e+00 7.548952e-01 2.451048e-01
 0.000000e+00 0.000000e+00 0.000000e+00 0.000000e+00 0.000000e+00
<ENDHMM>
