~o
<STREAMINFO> 1 6
<VECSIZE> 6<NULLD><MFCC><DIAGC>
~h "fp_key_3"
<BEGINHMM>
<NUMSTATES> 5
<STATE> 2
<MEAN> 6
 2.069893e+02 1.764445e+01 5.039287e+00 5.443072e+00 2.823287e+00 1.450387e+00
<VARIANCE> 6
 9.174730e+03 7.985287e+02 1.958575e+01 7.787112e+01 4.842355e+00 3.740723e+00
<GCONST> 3.706078e+01
<STATE> 3
<MEAN> 6
 4.330461e+02 8.447910e+01 7.182073e+01 2.827536e+01 2.693500e+01 1.153702e+01
<VARIANCE> 6
 2.412431e+04 5.116198e+03 4.830713e+03 3.953311e+02 4.784112e+02 7.869284e+01
<GCONST> 5.465690e+01
<STATE> 4
<MEAN> 6
 3.543866e+02 4.808761e+01 8.837441e+00 1.100552e+01 3.091716e+00 1.973976e+00
<VARIANCE> 6
 2.205588e+04 2.169918e+03 2.038593e+02 8.387244e+01 7.725643e+00 2.871724e+00
<GCONST> 4.155722e+01
<TRANSP> 5
 0.000000e+00 1.000000e+00 0.000000e+00 0.000000e+00 0.000000e+00
 0.000000e+00 7.669095e-01 2.330904e-01 0.000000e+00 0.000000e+00
 0.000000e+00 0.000000e+00 6.296408e-01 3.703593e-01 0.000000e+00
 0.000000e+00 0.000000e+00 0.000000e+00 8.003889e-01 1.996112e-01
 0.000000e+00 0.000000e+00 0.000000e+00 0.000000e+00 0.000000e+00
<ENDHMM>
