~o
<STREAMINFO> 1 6
<VECSIZE> 6<NULLD><MFCC><DIAGC>
~h "fp_key_2"
<BEGINHMM>
<NUMSTATES> 5
<STATE> 2
<MEAN> 6
 2.997442e+02 6.158262e+01 1.491556e+01 1.372831e+01 6.722341e+00 2.573076e+00
<VARIANCE> 6
 1.936397e+04 2.587314e+03 8.240820e+02 9.240446e+01 1.089417e+02 1.646078e+01
<GCONST> 4.748904e+01
<STATE> 3
<MEAN> 6
 3.190414e+02 6.426936e+01 5.622498e+01 2.081709e+01 2.561571e+01 8.023704e+00
<VARIANCE> 6
 2.834394e+04 4.320764e+03 3.725937e+03 4.695081e+02 4.974768e+02 6.640778e+01
<GCONST> 5.443074e+01
<STATE> 4
<MEAN> 6
 1.536851e+02 9.602290e+00 3.900674e+00 3.264709e+00 2.126091e+00 1.193825e+00
<VARIANCE> 6
 6.235208e+03 4.402691e+02 1.614837e+01 4.764427e+01 3.704244e+00 2.829223e+00
<GCONST> 3.484768e+01
<TRANSP> 5
 0.000000e+00 1.000000e+00 0.000000e+00 0.000000e+00 0.000000e+00
 0.000000e+00 7.336989e-01 2.663011e-01 0.000000e+00 0.000000e+00
 0.000000e+00 0.000000e+00 5.801875e-01 4.198125e-01 0.000000e+00
 0.000000e+00 0.000000e+00 0.000000e+00 8.542877e-01 1.457123e-01
 0.000000e+00 0.000000e+00 0.000000e+00 0.000000e+00 0.000000e+00
<ENDHMM>
