~o
<STREAMINFO> 1 6
<VECSIZE> 6<NULLD><MFCC><DIAGC>
~h "fp_key_1"
<BEGINHMM>
<NUMSTATES> 5
<STATE> 2
<MEAN> 6
 1.100878e+02 8.613264e+00 3.114408e+00 2.318006e+00 1.377123e+00 5.979251e-01
<VARIANCE> 6
 5.559703e+03 5.215060e+02 2.884064e+01 2.210585e+01 1.995340e+00 8.661142e-01
<GCONST> 3.291199e+01
<STATE> 3
<MEAN> 6
 2.883653e+02 4.661925e+01 5.242046e+01 1.713618e+01 1.902722e+01 7.412349e+00
<VARIANCE> 6
 2.929534e+04 2.532726e+03 4.288012e+03 2.890492e+02 3.691814e+02 5.976097e+01
<GCONST> 5.318131e+01
<STATE> 4
<MEAN> 6
 2.928480e+02 6.519916e+01 1.736724e+01 1.375529e+01 6.590972e+00 2.641249e+00
<VARIANCE> 6
 1.930114e+04 2.695440e+03 8.811175e+02 7.816435e+01 9.862790e+01 1.597910e+01
<GCONST> 4.729714e+01
<TRANSP> 5
 0.000000e+00 1.000000e+00 0.000000e+00 0.000000e+00 0.000000e+00
 0.000000e+00 8.529626e-01 1.470373e-01 0.000000e+00 0.000000e+00
 0.000000e+00 0.000000e+00 5.699366e-01 4.300634e-01 0.000000e+00
 0.000000e+00 0.000000e+00 0.000000e+00 7.418536e-01 2.581464e-01
 0.000000e+00 0.000000e+00 0.000000e+00 0.000000e+00 0.000000e+00
<ENDHMM>
