~o
<STREAMINFO> 1 6
<VECSIZE> 6<NULLD><MFCC><DIAGC>
~h "fp_key_5"
<BEGINHMM>
<NUMSTATES> 5
<STATE> 2
<MEAN> 6
 4.719689e+02 7.902155e+01 1.347018e+01 1.640359e+01 4.075900e+00 2.458564e+00
<VARIANCE> 6
 3.576798e+04 3.566658e+03 4.678303e+02 1.336072e+02 3.303919e+01 8.443686e+00
<GCONST> 4.636558e+01
<STATE> 3
<MEAN> 6
 5.573387e+02 7.792439e+01 6.446175e+01 2.299816e+01 2.155797e+01 9.364837e+00
<VARIANCE> 6
 3.111481e+04 3.975888e+03 3.315620e+03 2.748357e+02 3.198697e+02 5.863633e+01
<GCONST> 5.322255e+01
<STATE> 4
<MEAN> 6
 3.971942e+02 4.542961e+00 4.586961e+00 1.583215e+00 1.507947e+00 8.523226e-01
<VARIANCE> 6
 2.535424e+03 1.476282e+02 2.509909e+02 4.469534e+00 6.564818e+00 2.180630e+00
<GCONST> 3.354412e+01
<TRANSP> 5
 0.000000e+00 1.000000e+00 0.000000e+00 0.000000e+00 0.000000e+00
 0.000000e+00 7.855558e-01 2.144442e-01 0.000000e+00 0.000000e+00
 0.000000e+00 0.000000e+00 4.768784e-01 5.231216e-01 0.000000e+00
 0.000000e+00 0.000000e+00 0.000000e+00 8.156744e-01 1.843256e-01
 0.000000e+00 0.000000e+00 0.000000e+00 0.000000e+00 0.000000e+00
<ENDHMM>
