~o
<STREAMINFO> 1 6
<VECSIZE> 6<NULLD><MFCC><DIAGC>
~h "fp_key"
<BEGINHMM>
<NUMSTATES> 5
<STATE> 2
<MEAN> 6
 1.269249e+02 1.327683e+01 3.223289e+00 2.890465e+00 1.454222e+00 7.819592e-01
<VARIANCE> 6
 6.580545e+03 7.169229e+02 1.645706e+01 2.376727e+01 1.975648e+00 1.194590e+00
<GCONST> 3.322187e+01
<STATE> 3
<MEAN> 6
 3.500838e+02 5.842947e+01 2.567467e+01 1.460057e+01 9.741934e+00 3.946119e+00
<VARIANCE> 6
 3.410299e+04 3.437458e+03 1.990029e+03 1.982558e+02 2.257222e+02 3.201700e+01
<GCONST> 5.137793e+01
<STATE> 4
<MEAN> 6
 3.290149e+02 4.215119e+00 4.163851e+00 1.787076e+00 1.898657e+00 1.065262e+00
<VARIANCE> 6
 9.584403e+03 8.362975e+01 1.329030e+02 3.359514e+00 4.491703e+00 2.281565e+00
<GCONST> 3.305006e+01
<TRANSP> 5
 0.000000e+00 1.000000e+00 0.000000e+00 0.000000e+00 0.000000e+00
 0.000000e+00 9.364799e-01 6.352016e-02 0.000000e+00 0.000000e+00
 0.000000e+00 0.000000e+00 9.771087e-01 2.289125e-02 0.000000e+00
 0.000000e+00 0.000000e+00 0.000000e+00 9.054120e-01 9.458807e-02
 0.000000e+00 0.000000e+00 0.000000e+00 0.000000e+00 0.000000e+00
<ENDHMM>
