~o
<STREAMINFO> 1 6
<VECSIZE> 6<NULLD><MFCC><DIAGC>
~h "fp_key_0"
<BEGINHMM>
<NUMSTATES> 5
<STATE> 2
<MEAN> 6
 3.336582e+02 8.599342e+01 5.773759e+00 1.509626e+01 1.960729e+00 1.089828e+00
<VARIANCE> 6
 3.889658e+04 4.632362e+03 3.959261e+01 1.780433e+02 2.551848e+00 1.166661e+00
<GCONST> 3.998838e+01
<STATE> 3
<MEAN> 6
 2.596836e+02 5.838004e+01 4.088565e+01 1.587811e+01 1.672353e+01 6.236730e+00
<VARIANCE> 6
 2.461000e+04 2.988959e+03 2.215632e+03 1.315109e+02 2.750691e+02 3.236471e+01
<GCONST> 5.081733e+01
<STATE> 4
<MEAN> 6
 1.157414e+02 1.212364e+01 3.290009e+00 3.253494e+00 1.136830e+00 6.380938e-01
<VARIANCE> 6
 7.127416e+03 7.626752e+02 2.666030e+01 3.324897e+01 1.434740e+00 1.187549e+00
<GCONST> 3.385588e+01
<TRANSP> 5
 0.000000e+00 1.000000e+00 0.000000e+00 0.000000e+00 0.000000e+00
 0.000000e+00 7.818807e-01 2.181193e-01 0.000000e+00 0.000000e+00
 0.000000e+00 0.000000e+00 5.334240e-01 4.665761e-01 0.000000e+00
 0.000000e+00 0.000000e+00 0.000000e+00 8.103216e-01 1.896784e-01
 0.000000e+00 0.000000e+00 0.000000e+00 0.000000e+00 0.000000e+00
<ENDHMM>
