~o
<STREAMINFO> 1 6
<VECSIZE> 6<NULLD><MFCC><DIAGC>
~h "fp_logo_0"
<BEGINHMM>
<NUMSTATES> 5
<STATE> 2
<MEAN> 6
 1.109951e+02 1.124610e+01 3.588383e+00 4.304149e+00 1.691889e+00 5.356983e-01
<VARIANCE> 6
 9.003422e+02 4.747880e+02 6.403164e+01 3.181849e+01 2.195944e+00 1.840150e-01
<GCONST> 3.070620e+01
<STATE> 3
<MEAN> 6
 1.442593e+02 3.928601e+01 4.439167e+00 1.183754e+01 2.315386e+00 1.138587e+00
<VARIANCE> 6
 3.332063e+03 3.446604e+03 5.961157e+01 1.960409e+02 6.980203e+00 2.630300e+00
<GCONST> 3.956010e+01
<STATE> 4
<MEAN> 6
 1.129981e+02 4.353833e+00 2.931228e+00 1.989648e+00 1.469377e+00 5.571917e-01
<VARIANCE> 6
 3.697571e+02 2.233280e+01 6.796020e+00 3.726641e+00 1.479507e+00 3.108344e-01
<GCONST> 2.250122e+01
<TRANSP> 5
 0.000000e+00 1.000000e+00 0.000000e+00 0.000000e+00 0.000000e+00
 0.000000e+00 4.365991e-01 5.634009e-01 0.000000e+00 0.000000e+00
 0.000000e+00 0.000000e+00 3.259478e-01 6.740522e-01 0.000000e+00
 0.000000e+00 0.000000e+00 0.000000e+00 8.856031e-01 1.143968e-01
 0.000000e+00 0.000000e+00 0.000000e+00 0.000000e+00 0.000000e+00
<ENDHMM>
