~o
<STREAMINFO> 1 6
<VECSIZE> 6<NULLD><MFCC><DIAGC>
~h "fp_logo_1"
<BEGINHMM>
<NUMSTATES> 5
<STATE> 2
<MEAN> 6
 1.251944e+02 3.900960e+00 3.224145e+00 2.228183e+00 1.805081e+00 7.152213e-01
<VARIANCE> 6
 7.211797e+02 1.755305e+01 7.836843e+00 3.450171e+00 1.789073e+00 6.064919e-01
<GCONST> 2.385227e+01
<STATE> 3
<MEAN> 6
 1.474540e+02 1.376186e+01 4.617867e+00 5.281950e+00 3.064416e+00 1.691258e+00
<VARIANCE> 6
 6.128820e+02 1.941748e+02 2.788001e+01 1.729482e+01 4.477009e+00 2.582861e+00
<GCONST> 3.134036e+01
<STATE> 4
<MEAN> 6
 2.001392e+02 3.506485e+01 2.366759e+01 1.241429e+01 6.033915e+00 4.067442e+00
<VARIANCE> 6
 1.252016e+04 3.689946e+03 1.369044e+03 2.439423e+02 4.320726e+01 2.584861e+01
<GCONST> 4.841279e+01
<TRANSP> 5
 0.000000e+00 1.000000e+00 0.000000e+00 0.000000e+00 0.000000e+00
 0.000000e+00 8.820413e-01 1.179586e-01 0.000000e+00 0.000000e+00
 0.000000e+00 0.000000e+00 6.952406e-01 3.047594e-01 0.000000e+00
 0.000000e+00 0.000000e+00 0.000000e+00 1.943131e-01 8.056870e-01
 0.000000e+00 0.000000e+00 0.000000e+00 0.000000e+00 0.000000e+00
<ENDHMM>
