~o
<STREAMINFO> 1 6
<VECSIZE> 6<NULLD><MFCC><DIAGC>
~h "fp_logo"
<BEGINHMM>
<NUMSTATES> 5
<STATE> 2
<MEAN> 6
 1.212941e+02 6.152156e+00 3.495725e+00 3.183311e+00 1.990199e+00 9.082007e-01
<VARIANCE> 6
 6.425293e+02 8.950023e+01 1.816541e+01 1.488539e+01 2.833935e+00 1.299688e+00
<GCONST> 2.889061e+01
<STATE> 3
<MEAN> 6
 3.370354e+02 6.911183e+01 5.835824e+01 1.845369e+01 1.697805e+01 7.789608e+00
<VARIANCE> 6
 3.150779e+04 5.171616e+03 5.529489e+03 2.795892e+02 2.430514e+02 5.470224e+01
<GCONST> 5.368254e+01
<STATE> 4
<MEAN> 6
 2.714287e+02 4.115017e+00 3.558801e+00 2.368865e+00 2.132951e+00 9.388178e-01
<VARIANCE> 6
 7.007298e+03 2.029450e+01 1.148723e+01 6.481661e+00 2.161093e+00 1.184059e+00
<GCONST> 2.814210e+01
<TRANSP> 5
 0.000000e+00 1.000000e+00 0.000000e+00 0.000000e+00 0.000000e+00
 0.000000e+00 9.587693e-01 4.123079e-02 0.000000e+00 0.000000e+00
 0.000000e+00 0.000000e+00 8.868989e-01 1.131011e-01 0.000000e+00
 0.000000e+00 0.000000e+00 0.000000e+00 9.729031e-01 2.709688e-02
 0.000000e+00 0.000000e+00 0.000000e+00 0.000000e+00 0.000000e+00
<ENDHMM>
