~o
<STREAMINFO> 1 6
<VECSIZE> 6<NULLD><MFCC><DIAGC>
~h "fp_logo_2"
<BEGINHMM>
<NUMSTATES> 5
<STATE> 2
<MEAN> 6
 1.769162e+02 2.417009e+01 1.444793e+01 1.053507e+01 4.013374e+00 2.905549e+00
<VARIANCE> 6
 3.921288e+03 2.475756e+03 1.020796e+03 1.093927e+02 1.890979e+01 1.430479e+01
<GCONST> 4.433930e+01
<STATE> 3
<MEAN> 6
 3.600120e+02 5.961153e+01 6.917425e+01 1.667611e+01 2.084952e+01 8.065426e+00
<VARIANCE> 6
 4.125252e+04 4.413743e+03 5.520698e+03 2.789948e+02 2.173977e+02 5.671387e+01
<GCONST> 5.371441e+01
<STATE> 4
<MEAN> 6
 1.700257e+02 5.766322e+00 7.961230e+00 2.684148e+00 2.971037e+00 1.249354e+00
<VARIANCE> 6
 4.848859e+03 1.472842e+02 8.316868e+02 1.421570e+01 3.359051e+01 4.561942e+00
<GCONST> 3.891592e+01
<TRANSP> 5
 0.000000e+00 1.000000e+00 0.000000e+00 0.000000e+00 0.000000e+00
 0.000000e+00 4.481223e-01 5.518777e-01 0.000000e+00 0.000000e+00
 0.000000e+00 0.000000e+00 7.300534e-01 2.699467e-01 0.000000e+00
 0.000000e+00 0.000000e+00 0.000000e+00 8.663740e-01 1.336261e-01
 0.000000e+00 0.000000e+00 0.000000e+00 0.000000e+00 0.000000e+00
<ENDHMM>
