~o
<STREAMINFO> 1 6
<VECSIZE> 6<NULLD><MFCC><DIAGC>
~h "fp_logo_5"
<BEGINHMM>
<NUMSTATES> 5
<STATE> 2
<MEAN> 6
 2.976573e+02 7.993673e+00 4.013653e+00 6.726671e+00 2.305664e+00 9.409350e-01
<VARIANCE> 6
 3.782494e+03 9.418763e+01 9.825101e+00 3.518745e+01 1.098423e+00 3.545131e-01
<GCONST> 2.871319e+01
<STATE> 3
<MEAN> 6
 3.560363e+02 3.719378e+00 2.723360e+00 2.085518e+00 1.981686e+00 8.698700e-01
<VARIANCE> 6
 9.107191e+02 2.638485e+01 3.598221e+00 6.251572e+00 8.989562e-01 4.741219e-01
<GCONST> 2.337475e+01
<STATE> 4
<MEAN> 6
 3.881111e+02 2.526347e+00 2.373607e+00 1.109916e+00 9.826277e-01 2.976591e-01
<VARIANCE> 6
 4.448349e+02 2.005182e+01 4.338238e+00 6.777112e+00 1.535440e+00 3.480537e-02
<GCONST> 2.057514e+01
<TRANSP> 5
 0.000000e+00 1.000000e+00 0.000000e+00 0.000000e+00 0.000000e+00
 0.000000e+00 3.783119e-01 6.216882e-01 0.000000e+00 0.000000e+00
 0.000000e+00 0.000000e+00 8.025099e-01 1.974901e-01 0.000000e+00
 0.000000e+00 0.000000e+00 0.000000e+00 8.123099e-01 1.876901e-01
 0.000000e+00 0.000000e+00 0.000000e+00 0.000000e+00 0.000000e+00
<ENDHMM>
