~o
<STREAMINFO> 1 6
<VECSIZE> 6<NULLD><MFCC><DIAGC>
~h "fp_logo_3"
<BEGINHMM>
<NUMSTATES> 5
<STATE> 2
<MEAN> 6
 1.972513e+02 1.713970e+01 2.051793e+01 6.131253e+00 5.758356e+00 2.589457e+00
<VARIANCE> 6
 1.419732e+04 5.590081e+02 2.887855e+03 5.154434e+01 1.075640e+02 1.269890e+01
<GCONST> 4.604455e+01
<STATE> 3
<MEAN> 6
 3.431163e+02 7.447024e+01 6.110761e+01 1.895677e+01 1.734173e+01 9.425369e+00
<VARIANCE> 6
 2.827318e+04 7.577133e+03 6.353485e+03 3.525906e+02 2.986171e+02 6.427731e+01
<GCONST> 5.469426e+01
<STATE> 4
<MEAN> 6
 2.112316e+02 4.892602e+00 3.637831e+00 2.839142e+00 2.709959e+00 1.397102e+00
<VARIANCE> 6
 1.277977e+03 3.930417e+01 7.944390e+00 3.601741e+00 2.950073e+00 2.087735e+00
<GCONST> 2.702342e+01
<TRANSP> 5
 0.000000e+00 1.000000e+00 0.000000e+00 0.000000e+00 0.000000e+00
 0.000000e+00 4.987503e-01 5.012497e-01 0.000000e+00 0.000000e+00
 0.000000e+00 0.000000e+00 6.830438e-01 3.169562e-01 0.000000e+00
 0.000000e+00 0.000000e+00 0.000000e+00 8.540141e-01 1.459859e-01
 0.000000e+00 0.000000e+00 0.000000e+00 0.000000e+00 0.000000e+00
<ENDHMM>
