~o
<STREAMINFO> 1 6
<VECSIZE> 6<NULLD><MFCC><DIAGC>
~h "fp_logo_4"
<BEGINHMM>
<NUMSTATES> 5
<STATE> 2
<MEAN> 6
 2.396856e+02 6.590309e+00 6.599152e+00 3.035153e+00 3.281784e+00 1.523410e+00
<VARIANCE> 6
 1.048655e+03 6.531178e+01 4.161498e+01 4.606025e+00 2.721291e+00 1.082522e+00
<GCONST> 2.849792e+01
<STATE> 3
<MEAN> 6
 2.690735e+02 2.073433e+01 4.514064e+00 6.744423e+00 2.485044e+00 1.397112e+00
<VARIANCE> 6
 8.176083e+02 5.720670e+02 8.208731e+00 3.056553e+01 1.276819e+00 7.352216e-01
<GCONST> 2.954476e+01
<STATE> 4
<MEAN> 6
 3.091032e+02 3.727370e+00 3.301452e+00 2.000621e+00 2.338348e+00 7.523491e-01
<VARIANCE> 6
 6.372740e+02 1.293990e+01 6.618691e+00 3.023703e+00 1.591672e+00 1.847996e-01
<GCONST> 2.181746e+01
<TRANSP> 5
 0.000000e+00 1.000000e+00 0.000000e+00 0.000000e+00 0.000000e+00
 0.000000e+00 7.608514e-01 2.391486e-01 0.000000e+00 0.000000e+00
 0.000000e+00 0.000000e+00 4.089118e-01 5.910883e-01 0.000000e+00
 0.000000e+00 0.000000e+00 0.000000e+00 8.596827e-01 1.403173e-01
 0.000000e+00 0.000000e+00 0.000000e+00 0.000000e+00 0.000000e+00
<ENDHMM>
