~o
<STREAMINFO> 1 6
<VECSIZE> 6<NULLD><MFCC><DIAGC>
~h "fp_screen_3"
<BEGINHMM>
<NUMSTATES> 5
<STATE> 2
<MEAN> 6
 3.167709e+02 2.635667e+01 1.531292e+01 6.112151e+00 5.802739e+00 2.852129e+00
<VARIANCE> 6
 2.590968e+04 1.356032e+03 1.312364e+03 5.456973e+01 1.176080e+02 1.103558e+01
<GCONST> 4.674950e+01
<STATE> 3
<MEAN> 6
 5.066395e+02 6.867978e+01 5.314862e+01 1.601340e+01 1.786022e+01 6.737740e+00
<VARIANCE> 6
 4.629591e+04 4.076519e+03 4.462189e+03 1.903871e+02 3.340936e+02 5.038158e+01
<GCONST> 5.346657e+01
<STATE> 4
<MEAN> 6
 3.027452e+02 6.527185e+00 3.662284e+00 2.140091e+00 1.787109e+00 6.382468e-01
<VARIANCE> 6
 3.468935e+03 6.667540e+01 9.018957e+00 4.928236e+00 1.294808e+00 2.643886e-01
<GCONST> 2.610104e+01
<TRANSP> 5
 0.000000e+00 1.000000e+00 0.000000e+00 0.000000e+00 0.000000e+00
 0.000000e+00 6.552009e-01 3.447991e-01 0.000000e+00 0.000000e+00
 0.000000e+00 0.000000e+00 6.906414e-01 3.093586e-01 0.000000e+00
 0.000000e+00 0.000000e+00 0.000000e+00 8.295628e-01 1.704371e-01
 0.000000e+00 0.000000e+00 0.000000e+00 0.000000e+00 0.000000e+00
<ENDHMM>
