~o
<STREAMINFO> 1 6
<VECSIZE> 6<NULLD><MFCC><DIAGC>
~h "fp_screen_2"
<BEGINHMM>
<NUMSTATES> 5
<STATE> 2
<MEAN> 6
 3.058003e+02 1.287183e+01 3.602943e+00 3.516606e+00 2.086925e+00 1.197457e+00
<VARIANCE> 6
 1.370080e+04 5.710186e+02 3.240258e+01 2.701818e+01 7.610345e+00 2.906634e+00
<GCONST> 3.677114e+01
<STATE> 3
<MEAN> 6
 5.216198e+02 7.160767e+01 3.927836e+01 2.011912e+01 1.715405e+01 7.588336e+00
<VARIANCE> 6
 3.819222e+04 5.153739e+03 2.597546e+03 2.936952e+02 3.883116e+02 7.394083e+01
<GCONST> 5.393506e+01
<STATE> 4
<MEAN> 6
 4.741182e+02 2.324561e+01 3.386981e+01 6.679910e+00 1.071531e+01 2.813459e+00
<VARIANCE> 6
 3.452552e+04 1.449065e+03 2.963574e+03 8.299226e+01 2.158785e+02 1.296624e+01
<GCONST> 4.910535e+01
<TRANSP> 5
 0.000000e+00 1.000000e+00 0.000000e+00 0.000000e+00 0.000000e+00
 0.000000e+00 8.678649e-01 1.321351e-01 0.000000e+00 0.000000e+00
 0.000000e+00 0.000000e+00 6.784581e-01 3.215419e-01 0.000000e+00
 0.000000e+00 0.000000e+00 0.000000e+00 5.693317e-01 4.306683e-01
 0.000000e+00 0.000000e+00 0.000000e+00 0.000000e+00 0.000000e+00
<ENDHMM>
