~o
<STREAMINFO> 1 6
<VECSIZE> 6<NULLD><MFCC><DIAGC>
~h "fp_screen_5"
<BEGINHMM>
<NUMSTATES> 5
<STATE> 2
<MEAN> 6
 3.596558e+02 5.790481e+00 6.269929e+00 3.153157e+00 2.660838e+00 1.192998e+00
<VARIANCE> 6
 1.961468e+03 3.534938e+01 2.788484e+01 1.248338e+01 2.400793e+00 1.141767e+00
<GCONST> 2.903485e+01
<STATE> 3
<MEAN> 6
 4.352490e+02 4.829715e+01 2.659634e+01 1.318719e+01 1.208644e+01 5.898393e+00
<VARIANCE> 6
 2.254229e+04 3.930447e+03 1.561116e+03 1.457696e+02 1.885279e+02 3.157747e+01
<GCONST> 5.035380e+01
<STATE> 4
<MEAN> 6
 3.148440e+02 5.782978e+00 8.346475e+00 3.277494e+00 3.614821e+00 1.985923e+00
<VARIANCE> 6
 2.555868e+03 2.257862e+01 4.695060e+01 3.731945e+00 3.929084e+00 2.138722e+00
<GCONST> 2.928505e+01
<TRANSP> 5
 0.000000e+00 1.000000e+00 0.000000e+00 0.000000e+00 0.000000e+00
 0.000000e+00 7.640617e-01 2.359383e-01 0.000000e+00 0.000000e+00
 0.000000e+00 0.000000e+00 4.114987e-01 5.885013e-01 0.000000e+00
 0.000000e+00 0.000000e+00 0.000000e+00 8.350481e-01 1.649520e-01
 0.000000e+00 0.000000e+00 0.000000e+00 0.000000e+00 0.000000e+00
<ENDHMM>
