~o
<STREAMINFO> 1 6
<VECSIZE> 6<NULLD><MFCC><DIAGC>
~h "fp_screen"
<BEGINHMM>
<NUMSTATES> 5
<STATE> 2
<MEAN> 6
 3.041400e+02 9.129673e+00 7.339690e+00 3.152778e+00 3.104533e+00 1.359142e+00
<VARIANCE> 6
 2.214871e+04 1.317184e+02 2.775082e+02 1.228855e+01 2.280842e+01 3.901648e+00
<GCONST> 3.853651e+01
<STATE> 3
<MEAN> 6
 5.102998e+02 6.309182e+01 4.216748e+01 1.814603e+01 1.621684e+01 6.559836e+00
<VARIANCE> 6
 3.156840e+04 3.735223e+03 2.993747e+03 2.222048e+02 3.147233e+02 5.516748e+01
<GCONST> 5.278268e+01
<STATE> 4
<MEAN> 6
 3.259542e+02 5.794330e+00 5.013736e+00 2.341786e+00 2.287431e+00 1.127958e+00
<VARIANCE> 6
 3.935294e+03 2.514471e+01 3.121210e+01 3.310606e+00 3.366360e+00 1.709511e+00
<GCONST> 2.891763e+01
<TRANSP> 5
 0.000000e+00 1.000000e+00 0.000000e+00 0.000000e+00 0.000000e+00
 0.000000e+00 9.539957e-01 4.600427e-02 0.000000e+00 0.000000e+00
 0.000000e+00 0.000000e+00 9.158330e-01 8.416705e-02 0.000000e+00
 0.000000e+00 0.000000e+00 0.000000e+00 9.725137e-01 2.748629e-02
 0.000000e+00 0.000000e+00 0.000000e+00 0.000000e+00 0.000000e+00
<ENDHMM>
