~o
<STREAMINFO> 1 6
<VECSIZE> 6<NULLD><MFCC><DIAGC>
~h "fp_screen_0"
<BEGINHMM>
<NUMSTATES> 5
<STATE> 2
<MEAN> 6
 2.035264e+02 6.761684e+00 1.726791e+01 3.853671e+00 7.384967e+00 1.463705e+00
<VARIANCE> 6
 1.625695e+04 4.004063e+01 5.224124e+02 9.368204e+00 6.274403e+01 2.530038e+00
<GCONST> 3.797651e+01
<STATE> 3
<MEAN> 6
 4.228660e+02 2.909081e+01 4.622535e+01 1.133335e+01 1.538673e+01 6.345792e+00
<VARIANCE> 6
 3.550705e+04 1.116689e+03 1.809646e+03 1.460455e+02 2.030075e+02 5.384140e+01
<GCONST> 5.030696e+01
<STATE> 4
<MEAN> 6
 3.456625e+02 5.152887e+00 2.889480e+00 1.634429e+00 1.259793e+00 6.872465e-01
<VARIANCE> 6
 1.820889e+04 3.936790e+01 6.194817e+01 3.805258e+00 9.759608e+00 2.257495e+00
<GCONST> 3.306507e+01
<TRANSP> 5
 0.000000e+00 1.000000e+00 0.000000e+00 0.000000e+00 0.000000e+00
 0.000000e+00 6.061978e-01 3.938023e-01 0.000000e+00 0.000000e+00
 0.000000e+00 0.000000e+00 5.366532e-01 4.633468e-01 0.000000e+00
 0.000000e+00 0.000000e+00 0.000000e+00 8.630596e-01 1.369404e-01
 0.000000e+00 0.000000e+00 0.000000e+00 0.000000e+00 0.000000e+00
<ENDHMM>
