~o
<STREAMINFO> 1 6
<VECSIZE> 6<NULLD><MFCC><DIAGC>
~h "fp_screen_1"
<BEGINHMM>
<NUMSTATES> 5
<STATE> 2
<MEAN> 6
 3.283602e+02 1.114632e+01 4.507057e+00 3.198008e+00 2.172861e+00 1.499727e+00
<VARIANCE> 6
 2.148949e+04 2.410901e+02 1.369778e+02 1.446472e+01 2.246100e+01 6.554304e+00
<GCONST> 3.907119e+01
<STATE> 3
<MEAN> 6
 4.032244e+02 3.531288e+01 1.720801e+01 1.739639e+01 1.026700e+01 5.091618e+00
<VARIANCE> 6
 1.874137e+04 1.388858e+03 7.687247e+02 2.645505e+02 1.721976e+02 3.822674e+01
<GCONST> 4.911693e+01
<STATE> 4
<MEAN> 6
 3.467289e+02 9.759213e+00 2.605518e+00 2.652925e+00 1.472717e+00 7.597335e-01
<VARIANCE> 6
 1.357771e+04 4.251162e+02 2.773561e+01 2.250631e+01 6.124241e+00 1.831037e+00
<GCONST> 3.544946e+01
<TRANSP> 5
 0.000000e+00 1.000000e+00 0.000000e+00 0.000000e+00 0.000000e+00
 0.000000e+00 6.852463e-01 3.147538e-01 0.000000e+00 0.000000e+00
 0.000000e+00 0.000000e+00 4.995923e-01 5.004077e-01 0.000000e+00
 0.000000e+00 0.000000e+00 0.000000e+00 8.721970e-01 1.278030e-01
 0.000000e+00 0.000000e+00 0.000000e+00 0.000000e+00 0.000000e+00
<ENDHMM>
