~o
<STREAMINFO> 1 6
<VECSIZE> 6<NULLD><MFCC><DIAGC>
~h "fp_screen_4"
<BEGINHMM>
<NUMSTATES> 5
<STATE> 2
<MEAN> 6
 3.048317e+02 6.470581e+00 4.026494e+00 2.177014e+00 1.776871e+00 6.715969e-01
<VARIANCE> 6
 3.898796e+03 9.291533e+01 1.206417e+01 7.554359e+00 1.021123e+00 2.216683e-01
<GCONST> 2.685407e+01
<STATE> 3
<MEAN> 6
 3.147104e+02 1.172002e+01 1.285187e+01 6.174204e+00 4.059253e+00 2.103920e+00
<VARIANCE> 6
 8.125973e+03 1.661054e+02 1.777289e+02 6.368317e+01 7.222909e+00 4.969094e+00
<GCONST> 3.805738e+01
<STATE> 4
<MEAN> 6
 3.426026e+02 4.965655e+00 4.127532e+00 2.198931e+00 2.168193e+00 8.233066e-01
<VARIANCE> 6
 1.506474e+03 2.869677e+01 1.357761e+01 7.881491e+00 1.250958e+00 5.540033e-01
<GCONST> 2.600784e+01
<TRANSP> 5
 0.000000e+00 1.000000e+00 0.000000e+00 0.000000e+00 0.000000e+00
 0.000000e+00 7.176448e-01 2.823552e-01 0.000000e+00 0.000000e+00
 0.000000e+00 0.000000e+00 6.352527e-01 3.647473e-01 0.000000e+00
 0.000000e+00 0.000000e+00 0.000000e+00 8.511182e-01 1.488818e-01
 0.000000e+00 0.000000e+00 0.000000e+00 0.000000e+00 0.000000e+00
<ENDHMM>
