~o
<STREAMINFO> 1 6
<VECSIZE> 6<NULLD><MFCC><DIAGC>
~h "bg_red_0"
<BEGINHMM>
<NUMSTATES> 5
<STATE> 2
<MEAN> 6
 3.069155e+02 6.084547e+00 4.286975e+00 2.156964e+00 1.483074e+00 6.568432e-01
<VARIANCE> 6
 1.292932e+04 4.089767e+01 3.499736e+01 3.703729e+00 2.748584e+00 5.684854e-01
<GCONST> 2.951651e+01
<STATE> 3
<MEAN> 6
 2.038946e+02 2.369880e+01 9.467753e+00 7.426463e+00 3.567412e+00 3.364671e+00
<VARIANCE> 6
 4.254320e+03 2.936537e+02 1.173718e+02 1.823688e+01 1.153142e+01 1.269851e+01
<GCONST> 3.772071e+01
<STATE> 4
<MEAN> 6
 2.608963e+02 5.355406e+00 3.078660e+00 1.791969e+00 1.213467e+00 5.467604e-01
<VARIANCE> 6
 2.119607e+03 3.053646e+01 1.493221e+01 3.640767e+00 2.201505e+00 7.972482e-01
<GCONST> 2.666344e+01
<TRANSP> 5
 0.000000e+00 1.000000e+00 0.000000e+00 0.000000e+00 0.000000e+00
 0.000000e+00 9.585925e-01 4.140753e-02 0.000000e+00 0.000000e+00
 0.000000e+00 0.000000e+00 7.010657e-01 2.989343e-01 0.000000e+00
 0.000000e+00 0.000000e+00 0.000000e+00 9.764732e-01 2.352688e-02
 0.000000e+00 0.000000e+00 0.000000e+00 0.000000e+00 0.000000e+00
<ENDHMM>
~h "bg_red_0_0"
<BEGINHMM>
<NUMSTATES> 5
<STATE> 2
<MEAN> 6
 2.500037e+02 1.112473e+01 4.867860e+00 2.752478e+00 2.236557e+00 8.036900e-01
<VARIANCE> 6
 9.667868e+03 1.544394e+02 2.424089e+01 3.930970e+00 2.524270e+00 5.238029e-01
<GCONST> 3.007987e+01
<STATE> 3
<MEAN> 6
 2.724190e+02 1.234768e+01 1.217167e+01 6.425308e+00 5.082700e+00 3.453269e+00
<VARIANCE> 6
 6.519295e+03 1.734295e+02 1.593517e+02 1.566144e+01 1.349665e+01 1.253716e+01
<GCONST> 3.791901e+01
<STATE> 4
<MEAN> 6
 2.407197e+02 5.120129e+00 2.858799e+00 1.819524e+00 1.755717e+00 8.261314e-01
<VARIANCE> 6
 2.324922e+03 4.687413e+01 1.222611e+01 4.351536e+00 3.941242e+00 1.299725e+00
<GCONST> 2.823392e+01
<TRANSP> 5
 0.000000e+00 1.000000e+00 0.000000e+00 0.000000e+00 0.000000e+00
 0.000000e+00 8.207740e-01 1.792261e-01 0.000000e+00 0.000000e+00
 0.000000e+00 0.000000e+00 5.035303e-01 4.964697e-01 0.000000e+00
 0.000000e+00 0.000000e+00 0.000000e+00 7.730488e-01 2.269512e-01
 0.000000e+00 0.000000e+00 0.000000e+00 0.000000e+00 0.000000e+00
<ENDHMM>
~h "bg_red_0_1"
<BEGINHMM>
<NUMSTATES> 5
<STATE> 2
<MEAN> 6
 2.740454e+02 6.858507e+00 4.680054e+00 4.085360e+00 2.469931e+00 1.461117e+00
<VARIANCE> 6
 3.827802e+03 6.961613e+01 2.892380e+01 1.169696e+01 4.076591e+00 1.900747e+00
<GCONST> 3.139181e+01
<STATE> 3
<MEAN> 6
 2.799728e+02 1.731207e+01 6.927814e+00 4.006216e+00 2.221535e+00 1.015251e+00
<VARIANCE> 6
 9.431211e+03 1.492546e+02 1.254529e+01 6.497299e+00 6.619565e+00 1.626394e+00
<GCONST> 3.196182e+01
<STATE> 4
<MEAN> 6
 2.952661e+02 3.295764e+00 1.803699e+00 1.553349e+00 6.881499e-01 3.337770e-01
<VARIANCE> 6
 5.829412e+03 1.534080e+01 1.692247e+00 1.956221e+00 4.297809e-01 4.382145e-02
<GCONST> 1.965341e+01
<TRANSP> 5
 0.000000e+00 1.000000e+00 0.000000e+00 0.000000e+00 0.000000e+00
 0.000000e+00 7.653587e-01 2.346413e-01 0.000000e+00 0.000000e+00
 0.000000e+00 0.000000e+00 4.482762e-01 5.517238e-01 0.000000e+00
 0.000000e+00 0.000000e+00 0.000000e+00 8.556098e-01 1.443903e-01
 0.000000e+00 0.000000e+00 0.000000e+00 0.000000e+00 0.000000e+00
<ENDHMM>
~h "bg_red_0_2"
<BEGINHMM>
<NUMSTATES> 5
<STATE> 2
<MEAN> 6
 2.797848e+02 6.335519e+00 2.660529e+00 2.548374e+00 9.335308e-01 4.586254e-01
<VARIANCE> 6
 3.989753e+03 5.061737e+01 7.447253e+00 7.166676e+00 8.132319e-01 1.640382e-01
<GCONST> 2.520594e+01
<STATE> 3
<MEAN> 6
 3.153957e+02 5.410944e+00 1.686829e+00 2.264991e+00 1.772744e+00 5.905210e-01
<VARIANCE> 6
 5.234867e+03 3.404380e+01 8.563686e-01 3.714330e+00 2.043275e+00 1.838372e-01
<GCONST> 2.329600e+01
<STATE> 4
<MEAN> 6
 3.466083e+02 3.864815e+00 1.908041e+00 1.126132e+00 6.167279e-01 2.672566e-01
<VARIANCE> 6
 4.400981e+03 1.147422e+01 2.187596e+00 9.540934e-01 3.923956e-01 1.416902e-02
<GCONST> 1.740058e+01
<TRANSP> 5
 0.000000e+00 1.000000e+00 0.000000e+00 0.000000e+00 0.000000e+00
 0.000000e+00 7.792765e-01 2.207235e-01 0.000000e+00 0.000000e+00
 0.000000e+00 0.000000e+00 1.708583e-01 8.291417e-01 0.000000e+00
 0.000000e+00 0.000000e+00 0.000000e+00 8.623230e-01 1.376770e-01
 0.000000e+00 0.000000e+00 0.000000e+00 0.000000e+00 0.000000e+00
<ENDHMM>
~h "bg_red_0_3"
<BEGINHMM>
<NUMSTATES> 5
<STATE> 2
<MEAN> 6
 3.348918e+02 6.076636e+00 2.209942e+00 2.330819e+00 9.936126e-01 2.933982e-01
<VARIANCE> 6
 7.203780e+03 2.030262e+01 3.190611e+00 2.192096e+00 8.630673e-01 9.576547e-03
<GCONST> 2.006974e+01
<STATE> 3
<MEAN> 6
 3.088439e+02 8.510273e+00 2.829132e+00 3.055451e+00 2.017000e+00 8.687159e-01
<VARIANCE> 6
 5.789853e+03 5.154591e+01 5.488035e+00 6.110114e+00 2.659729e+00 4.080156e-01
<GCONST> 2.722789e+01
<STATE> 4
<MEAN> 6
 3.131699e+02 4.148817e+00 1.663280e+00 8.410904e-01 5.121881e-01 2.764458e-01
<VARIANCE> 6
 3.741823e+03 8.368334e+00 1.771628e+00 4.837825e-01 1.494206e-01 2.041753e-02
<GCONST> 1.543247e+01
<TRANSP> 5
 0.000000e+00 1.000000e+00 0.000000e+00 0.000000e+00 0.000000e+00
 0.000000e+00 6.464288e-01 3.535712e-01 0.000000e+00 0.000000e+00
 0.000000e+00 0.000000e+00 4.562762e-01 5.437238e-01 0.000000e+00
 0.000000e+00 0.000000e+00 0.000000e+00 8.636217e-01 1.363783e-01
 0.000000e+00 0.000000e+00 0.000000e+00 0.000000e+00 0.000000e+00
<ENDHMM>
~h "bg_red_0_4"
<BEGINHMM>
<NUMSTATES> 5
<STATE> 2
<MEAN> 6
 2.661750e+02 4.464351e+00 1.539455e+00 1.107477e+00 5.043386e-01 2.835380e-01
<VARIANCE> 6
 3.362144e+03 1.103742e+01 9.995757e-01 1.024656e+00 1.259365e-01 1.756776e-02
<GCONST> 1.545915e+01
<STATE> 3
<MEAN> 6
 3.264886e+02 3.386418e+00 3.111267e+00 9.631910e-01 7.186981e-01 2.985423e-01
<VARIANCE> 6
 2.935630e+03 6.333729e+00 6.698930e+00 2.316218e-01 1.624352e-01 2.149780e-02
<GCONST> 1.563985e+01
<STATE> 4
<MEAN> 6
 2.130297e+02 8.756847e+00 6.126798e+00 2.102981e+00 1.431934e+00 5.718499e-01
<VARIANCE> 6
 1.685873e+03 4.061372e+01 3.125069e+01 2.257166e+00 1.481387e+00 2.263778e-01
<GCONST> 2.532499e+01
<TRANSP> 5
 0.000000e+00 1.000000e+00 0.000000e+00 0.000000e+00 0.000000e+00
 0.000000e+00 8.169586e-01 1.830414e-01 0.000000e+00 0.000000e+00
 0.000000e+00 0.000000e+00 6.968916e-01 3.031084e-01 0.000000e+00
 0.000000e+00 0.000000e+00 0.000000e+00 7.640178e-01 2.359823e-01
 0.000000e+00 0.000000e+00 0.000000e+00 0.000000e+00 0.000000e+00
<ENDHMM>
~h "bg_red_0_5"
<BEGINHMM>
<NUMSTATES> 5
<STATE> 2
<MEAN> 6
 2.025178e+02 5.713562e+00 4.205661e+00 1.971703e+00 1.376701e+00 5.821912e-01
<VARIANCE> 6
 3.487259e+03 2.705756e+01 1.315459e+01 2.638247e+00 1.077457e+00 1.795860e-01
<GCONST> 2.438649e+01
<STATE> 3
<MEAN> 6
 2.105896e+02 1.584530e+01 1.595786e+01 6.112039e+00 4.334178e+00 3.178320e+00
<VARIANCE> 6
 4.401367e+03 3.214496e+02 2.346398e+02 2.358987e+01 8.998044e+00 1.114984e+01
<GCONST> 3.841708e+01
<STATE> 4
<MEAN> 6
 2.189160e+02 1.071358e+01 1.059212e+01 4.062285e+00 3.685297e+00 2.586438e+00
<VARIANCE> 6
 3.704643e+03 1.143682e+02 8.281443e+01 9.924894e+00 8.476854e+00 8.729557e+00
<GCONST> 3.499973e+01
<TRANSP> 5
 0.000000e+00 1.000000e+00 0.000000e+00 0.000000e+00 0.000000e+00
 0.000000e+00 8.872002e-01 1.127998e-01 0.000000e+00 0.000000e+00
 0.000000e+00 0.000000e+00 2.108172e-01 7.891828e-01 0.000000e+00
 0.000000e+00 0.000000e+00 0.000000e+00 4.645546e-01 5.354453e-01
 0.000000e+00 0.000000e+00 0.000000e+00 0.000000e+00 0.000000e+00
<ENDHMM>
~h "bg_dark_0"
<BEGINHMM>
<NUMSTATES> 5
<STATE> 2
<MEAN> 6
 1.546708e+02 1.364227e+01 7.814225e+00 3.201304e+00 2.386984e+00 8.668293e-01
<VARIANCE> 6
 1.285792e+04 2.426177e+02 7.245921e+01 5.240668e+00 3.471235e+00 6.594679e-01
<GCONST> 3.274813e+01
<STATE> 3
<MEAN> 6
 3.542703e+02 2.895063e+01 1.079799e+01 7.073898e+00 3.915424e+00 2.023037e+00
<VARIANCE> 6
 9.857219e+03 8.762259e+02 1.377812e+02 3.059028e+01 9.402688e+00 3.109572e+00
<GCONST> 3.872067e+01
<STATE> 4
<MEAN> 6
 1.283745e+02 3.687107e+00 2.812701e+00 1.067690e+00 8.453177e-01 3.788771e-01
<VARIANCE> 6
 2.895062e+03 2.190475e+01 9.022494e+00 1.101270e+00 7.311009e-01 1.099620e-01
<GCONST> 2.186009e+01
<TRANSP> 5
 0.000000e+00 1.000000e+00 0.000000e+00 0.000000e+00 0.000000e+00
 0.000000e+00 9.708468e-01 2.915314e-02 0.000000e+00 0.000000e+00
 0.000000e+00 0.000000e+00 9.522470e-01 4.775296e-02 0.000000e+00
 0.000000e+00 0.000000e+00 0.000000e+00 9.322368e-01 6.776320e-02
 0.000000e+00 0.000000e+00 0.000000e+00 0.000000e+00 0.000000e+00
<ENDHMM>
~h "bg_dark_0_0"
<BEGINHMM>
<NUMSTATES> 5
<STATE> 2
<MEAN> 6
 3.032760e+02 1.117842e+01 8.058554e+00 4.661577e+00 3.447954e+00 2.272846e+00
<VARIANCE> 6
 9.831258e+03 1.267282e+02 5.460788e+01 5.589567e+00 3.575170e+00 2.770490e+00
<GCONST> 3.307675e+01
<STATE> 3
<MEAN> 6
 2.759695e+02 3.198442e+01 8.905766e+00 7.079865e+00 4.172583e+00 2.308655e+00
<VARIANCE> 6
 1.322823e+04 6.205423e+02 5.204879e+01 2.211656e+01 7.820827e+00 3.204124e+00
<GCONST> 3.721770e+01
<STATE> 4
<MEAN> 6
 1.151389e+02 1.349065e+01 8.618755e+00 3.684820e+00 2.806461e+00 7.751812e-01
<VARIANCE> 6
 6.429677e+03 2.926234e+02 8.084492e+01 9.168587e+00 3.323345e+00 3.253561e-01
<GCONST> 3.216129e+01
<TRANSP> 5
 0.000000e+00 1.000000e+00 0.000000e+00 0.000000e+00 0.000000e+00
 0.000000e+00 7.394141e-01 2.605859e-01 0.000000e+00 0.000000e+00
 0.000000e+00 0.000000e+00 5.907500e-01 4.092500e-01 0.000000e+00
 0.000000e+00 0.000000e+00 0.000000e+00 8.251442e-01 1.748558e-01
 0.000000e+00 0.000000e+00 0.000000e+00 0.000000e+00 0.000000e+00
<ENDHMM>
~h "bg_dark_0_1"
<BEGINHMM>
<NUMSTATES> 5
<STATE> 2
<MEAN> 6
 1.426186e+02 2.170898e+01 8.855840e+00 4.517987e+00 2.713157e+00 8.782445e-01
<VARIANCE> 6
 8.977210e+03 4.908408e+02 6.442701e+01 1.061163e+01 3.869824e+00 3.364063e-01
<GCONST> 3.311708e+01
<STATE> 3
<MEAN> 6
 2.924997e+02 2.615954e+01 1.381217e+01 9.692775e+00 4.575060e+00 2.324306e+00
<VARIANCE> 6
 1.066230e+04 4.205132e+02 1.936386e+02 3.089876e+01 5.559526e+00 1.030365e+00
<GCONST> 3.678534e+01
<STATE> 4
<MEAN> 6
 2.853142e+02 1.081883e+01 8.883862e+00 3.247782e+00 2.889688e+00 1.075780e+00
<VARIANCE> 6
 1.464491e+04 1.362873e+02 6.670041e+01 2.740352e+00 2.495527e+00 6.504363e-01
<GCONST> 3.122656e+01
<TRANSP> 5
 0.000000e+00 1.000000e+00 0.000000e+00 0.000000e+00 0.000000e+00
 0.000000e+00 7.848496e-01 2.151504e-01 0.000000e+00 0.000000e+00
 0.000000e+00 0.000000e+00 6.097776e-01 3.902224e-01 0.000000e+00
 0.000000e+00 0.000000e+00 0.000000e+00 8.272720e-01 1.727280e-01
 0.000000e+00 0.000000e+00 0.000000e+00 0.000000e+00 0.000000e+00
<ENDHMM>
~h "bg_dark_0_2"
<BEGINHMM>
<NUMSTATES> 5
<STATE> 2
<MEAN> 6
 1.767853e+02 1.610697e+01 9.051291e+00 3.256296e+00 2.159667e+00 7.921882e-01
<VARIANCE> 6
 1.909970e+04 3.114420e+02 5.081041e+01 3.669033e+00 2.464121e+00 2.795925e-01
<GCONST> 3.148135e+01
<STATE> 3
<MEAN> 6
 2.785100e+02 3.990865e+01 1.301192e+01 8.494162e+00 4.265894e+00 2.162515e+00
<VARIANCE> 6
 1.297728e+04 8.857161e+02 7.982529e+01 3.683411e+01 1.633067e+01 2.274124e+00
<GCONST> 3.888552e+01
<STATE> 4
<MEAN> 6
 3.039825e+02 1.113212e+01 3.561955e+00 2.589174e+00 1.440964e+00 6.022329e-01
<VARIANCE> 6
 2.080863e+04 1.891792e+02 1.793363e+01 9.550303e+00 2.393826e+00 7.079106e-01
<GCONST> 3.188379e+01
<TRANSP> 5
 0.000000e+00 1.000000e+00 0.000000e+00 0.000000e+00 0.000000e+00
 0.000000e+00 7.877444e-01 2.122556e-01 0.000000e+00 0.000000e+00
 0.000000e+00 0.000000e+00 6.599084e-01 3.400917e-01 0.000000e+00
 0.000000e+00 0.000000e+00 0.000000e+00 8.130252e-01 1.869748e-01
 0.000000e+00 0.000000e+00 0.000000e+00 0.000000e+00 0.000000e+00
<ENDHMM>
~h "bg_dark_0_3"
<BEGINHMM>
<NUMSTATES> 5
<STATE> 2
<MEAN> 6
 1.880437e+02 1.665991e+01 5.148684e+00 3.364139e+00 1.915029e+00 8.104843e-01
<VARIANCE> 6
 2.451088e+04 2.613498e+02 3.106331e+01 1.056422e+01 2.887911e+00 1.038794e+00
<GCONST> 3.359209e+01
<STATE> 3
<MEAN> 6
 2.858701e+02 5.545744e+01 1.392462e+01 9.876515e+00 3.756134e+00 2.029740e+00
<VARIANCE> 6
 1.342795e+04 2.199036e+03 1.356705e+02 5.358905e+01 8.717225e+00 4.486839e+00
<GCONST> 4.078616e+01
<STATE> 4
<MEAN> 6
 3.036412e+02 8.308809e+00 4.973565e+00 2.464692e+00 1.922987e+00 7.146320e-01
<VARIANCE> 6
 2.133147e+04 1.441552e+02 3.290055e+01 1.171856e+01 3.129299e+00 7.770231e-01
<GCONST> 3.280928e+01
<TRANSP> 5
 0.000000e+00 1.000000e+00 0.000000e+00 0.000000e+00 0.000000e+00
 0.000000e+00 7.605478e-01 2.394522e-01 0.000000e+00 0.000000e+00
 0.000000e+00 0.000000e+00 5.991148e-01 4.008852e-01 0.000000e+00
 0.000000e+00 0.000000e+00 0.000000e+00 8.123589e-01 1.876411e-01
 0.000000e+00 0.000000e+00 0.000000e+00 0.000000e+00 0.000000e+00
<ENDHMM>
~h "bg_dark_0_4"
<BEGINHMM>
<NUMSTATES> 5
<STATE> 2
<MEAN> 6
 2.437999e+02 1.315419e+01 8.219570e+00 3.989224e+00 3.117990e+00 1.451838e+00
<VARIANCE> 6
 2.068701e+04 1.844855e+02 6.721008e+01 1.239738e+01 4.594471e+00 1.883232e+00
<GCONST> 3.506524e+01
<STATE> 3
<MEAN> 6
 2.460244e+02 4.170864e+01 2.366802e+01 8.003622e+00 6.176561e+00 2.998900e+00
<VARIANCE> 6
 1.594993e+04 7.136302e+02 5.456423e+02 2.437082e+01 2.542494e+01 5.527476e+00
<GCONST> 4.171565e+01
<STATE> 4
<MEAN> 6
 7.907594e+01 7.322576e+00 4.430043e+00 1.549539e+00 1.564879e+00 4.397182e-01
<VARIANCE> 6
 1.465185e+03 1.123457e+02 2.081278e+01 2.209891e+00 1.602910e+00 1.188598e-01
<GCONST> 2.520910e+01
<TRANSP> 5
 0.000000e+00 1.000000e+00 0.000000e+00 0.000000e+00 0.000000e+00
 0.000000e+00 8.266510e-01 1.733490e-01 0.000000e+00 0.000000e+00
 0.000000e+00 0.000000e+00 5.566145e-01 4.433856e-01 0.000000e+00
 0.000000e+00 0.000000e+00 0.000000e+00 7.990320e-01 2.009680e-01
 0.000000e+00 0.000000e+00 0.000000e+00 0.000000e+00 0.000000e+00
<ENDHMM>
~h "bg_dark_0_5"
<BEGINHMM>
<NUMSTATES> 5
<STATE> 2
<MEAN> 6
 7.535992e+01 9.370794e+00 5.181705e+00 2.114426e+00 1.266313e+00 4.478590e-01
<VARIANCE> 6
 1.456626e+03 1.628856e+02 2.624565e+01 2.247195e+00 6.486570e-01 1.071460e-01
<GCONST> 2.481496e+01
<STATE> 3
<MEAN> 6
 1.230011e+02 1.214761e+01 4.922667e+00 3.134937e+00 1.798207e+00 7.002251e-01
<VARIANCE> 6
 2.111274e+03 3.003597e+02 1.390061e+01 9.005799e+00 2.784635e+00 2.265449e-01
<GCONST> 2.875640e+01
<STATE> 4
<MEAN> 6
 1.397321e+02 2.127551e+00 1.798431e+00 4.747707e-01 3.905808e-01 2.640857e-01
<VARIANCE> 6
 1.145022e+03 8.396905e+00 4.517829e+00 1.480962e-01 1.250399e-01 2.363957e-02
<GCONST> 1.397249e+01
<TRANSP> 5
 0.000000e+00 1.000000e+00 0.000000e+00 0.000000e+00 0.000000e+00
 0.000000e+00 7.158027e-01 2.841973e-01 0.000000e+00 0.000000e+00
 0.000000e+00 0.000000e+00 6.165831e-01 3.834169e-01 0.000000e+00
 0.000000e+00 0.000000e+00 0.000000e+00 8.297348e-01 1.702652e-01
 0.000000e+00 0.000000e+00 0.000000e+00 0.000000e+00 0.000000e+00
<ENDHMM>
~h "bg_white_0"
<BEGINHMM>
<NUMSTATES> 5
<STATE> 2
<MEAN> 6
 7.723632e+02 3.328891e+00 3.788178e+00 1.397904e+00 1.623971e+00 7.394567e-01
<VARIANCE> 6
 1.288222e+03 5.171295e+01 2.076818e+02 5.038909e+00 2.091002e+01 3.189353e+00
<GCONST> 3.328723e+01
<STATE> 3
<MEAN> 6
 7.010770e+02 3.283801e+01 1.485665e+01 1.053693e+01 9.655105e+00 6.187073e+00
<VARIANCE> 6
 7.305613e+03 1.367325e+03 7.881495e+02 8.669810e+01 9.703672e+01 3.501366e+01
<GCONST> 4.640722e+01
<STATE> 4
<MEAN> 6
 2.840158e+02 7.745790e+00 3.839664e+00 2.777883e+00 1.444483e+00 6.065760e-01
<VARIANCE> 6
 2.172861e+03 1.040978e+02 1.878618e+01 1.092071e+01 1.722783e+00 4.894229e-01
<GCONST> 2.850959e+01
<TRANSP> 5
 0.000000e+00 1.000000e+00 0.000000e+00 0.000000e+00 0.000000e+00
 0.000000e+00 9.634669e-01 3.653314e-02 0.000000e+00 0.000000e+00
 0.000000e+00 0.000000e+00 9.704841e-01 2.951595e-02 0.000000e+00
 0.000000e+00 0.000000e+00 0.000000e+00 8.856829e-01 1.143170e-01
 0.000000e+00 0.000000e+00 0.000000e+00 0.000000e+00 0.000000e+00
<ENDHMM>
~h "bg_white_0_0"
<BEGINHMM>
<NUMSTATES> 5
<STATE> 2
<MEAN> 6
 7.873311e+02 2.213749e+00 7.787162e+00 6.800749e-01 2.478538e+00 2.959617e-01
<VARIANCE> 6
 2.367316e+03 1.012701e+02 6.230626e+02 3.107351e+00 5.315302e+01 1.993344e-01
<GCONST> 3.334339e+01
<STATE> 3
<MEAN> 6
 7.291379e+02 4.689599e+01 1.401885e+01 1.300948e+01 9.609454e+00 6.821549e+00
<VARIANCE> 6
 8.927740e+03 2.909187e+03 4.653836e+02 1.298514e+02 9.577358e+01 4.749446e+01
<GCONST> 4.753167e+01
<STATE> 4
<MEAN> 6
 7.703773e+02 1.705499e+01 6.925185e+00 6.349505e+00 4.950199e+00 3.800277e+00
<VARIANCE> 6
 2.958529e+03 7.916645e+02 1.439958e+02 6.173316e+01 5.215884e+01 2.080317e+01
<GCONST> 4.177585e+01
<TRANSP> 5
 0.000000e+00 1.000000e+00 0.000000e+00 0.000000e+00 0.000000e+00
 0.000000e+00 8.784820e-01 1.215180e-01 0.000000e+00 0.000000e+00
 0.000000e+00 0.000000e+00 5.101154e-01 4.898846e-01 0.000000e+00
 0.000000e+00 0.000000e+00 0.000000e+00 4.217861e-01 5.782139e-01
 0.000000e+00 0.000000e+00 0.000000e+00 0.000000e+00 0.000000e+00
<ENDHMM>
~h "bg_white_0_1"
<BEGINHMM>
<NUMSTATES> 5
<STATE> 2
<MEAN> 6
 7.780156e+02 5.998774e+00 2.906427e+00 2.317171e+00 1.948513e+00 1.504987e+00
<VARIANCE> 6
 1.393365e+03 2.668499e+02 4.948562e+01 2.168403e+01 2.038075e+01 8.741818e+00
<GCONST> 3.601439e+01
<STATE> 3
<MEAN> 6
 7.126143e+02 6.161359e+01 1.604284e+01 1.612907e+01 1.431554e+01 9.468754e+00
<VARIANCE> 6
 2.776946e+03 1.443385e+03 2.397464e+02 6.455831e+01 8.737290e+01 3.511778e+01
<GCONST> 4.390716e+01
<STATE> 4
<MEAN> 6
 7.321052e+02 1.861432e+01 6.448238e+00 7.138455e+00 5.881553e+00 4.340368e+00
<VARIANCE> 6
 1.303813e+04 8.498188e+02 5.602186e+01 5.843829e+01 5.140490e+01 1.938701e+01
<GCONST> 4.224597e+01
<TRANSP> 5
 0.000000e+00 1.000000e+00 0.000000e+00 0.000000e+00 0.000000e+00
 0.000000e+00 8.262652e-01 1.737348e-01 0.000000e+00 0.000000e+00
 0.000000e+00 0.000000e+00 7.962350e-01 2.037650e-01 0.000000e+00
 0.000000e+00 0.000000e+00 0.000000e+00 5.720065e-01 4.279935e-01
 0.000000e+00 0.000000e+00 0.000000e+00 0.000000e+00 0.000000e+00
<ENDHMM>
~h "bg_white_0_2"
<BEGINHMM>
<NUMSTATES> 5
<STATE> 2
<MEAN> 6
 7.589559e+02 9.212042e+00 3.248357e+00 3.637578e+00 2.807108e+00 2.209708e+00
<VARIANCE> 6
 1.363511e+03 3.298605e+02 2.668639e+01 2.570613e+01 2.326344e+01 1.328971e+01
<GCONST> 3.630851e+01
<STATE> 3
<MEAN> 6
 6.908648e+02 5.075438e+01 1.661325e+01 1.584172e+01 1.402234e+01 9.344103e+00
<VARIANCE> 6
 3.854209e+03 1.538816e+03 2.739566e+02 7.776485e+01 1.075619e+02 3.736187e+01
<GCONST> 4.488833e+01
<STATE> 4
<MEAN> 6
 6.964297e+02 1.831457e+01 7.336704e+00 7.726374e+00 6.251960e+00 4.794910e+00
<VARIANCE> 6
 1.482190e+04 5.726741e+02 1.057762e+02 5.317634e+01 5.571790e+01 2.111601e+01
<GCONST> 4.268671e+01
<TRANSP> 5
 0.000000e+00 1.000000e+00 0.000000e+00 0.000000e+00 0.000000e+00
 0.000000e+00 8.455258e-01 1.544742e-01 0.000000e+00 0.000000e+00
 0.000000e+00 0.000000e+00 7.737411e-01 2.262589e-01 0.000000e+00
 0.000000e+00 0.000000e+00 0.000000e+00 5.253262e-01 4.746738e-01
 0.000000e+00 0.000000e+00 0.000000e+00 0.000000e+00 0.000000e+00
<ENDHMM>
~h "bg_white_0_3"
<BEGINHMM>
<NUMSTATES> 5
<STATE> 2
<MEAN> 6
 7.479733e+02 8.074099e+00 2.883361e+00 3.535848e+00 2.189618e+00 1.664211e+00
<VARIANCE> 6
 1.268476e+03 2.062470e+02 3.505925e+01 2.282315e+01 1.966848e+01 9.072352e+00
<GCONST> 3.537097e+01
<STATE> 3
<MEAN> 6
 6.993213e+02 3.835683e+01 1.521253e+01 1.307906e+01 1.124613e+01 7.767016e+00
<VARIANCE> 6
 2.593625e+03 8.959210e+02 2.381286e+02 6.629314e+01 7.413481e+01 3.212326e+01
<GCONST> 4.312829e+01
<STATE> 4
<MEAN> 6
 6.595101e+02 1.721879e+01 4.889269e+00 6.987216e+00 4.463897e+00 3.219668e+00
<VARIANCE> 6
 2.145619e+04 5.857296e+02 6.078513e+01 8.107470e+01 5.260427e+01 2.264657e+01
<GCONST> 4.295941e+01
<TRANSP> 5
 0.000000e+00 1.000000e+00 0.000000e+00 0.000000e+00 0.000000e+00
 0.000000e+00 8.335205e-01 1.664795e-01 0.000000e+00 0.000000e+00
 0.000000e+00 0.000000e+00 7.647979e-01 2.352021e-01 0.000000e+00
 0.000000e+00 0.000000e+00 0.000000e+00 4.258111e-01 5.741889e-01
 0.000000e+00 0.000000e+00 0.000000e+00 0.000000e+00 0.000000e+00
<ENDHMM>
~h "bg_white_0_4"
<BEGINHMM>
<NUMSTATES> 5
<STATE> 2
<MEAN> 6
 7.290111e+02 1.129594e+01 4.678764e+00 4.644098e+00 4.009905e+00 3.045346e+00
<VARIANCE> 6
 2.857383e+03 3.651010e+02 5.734164e+01 3.987217e+01 4.360143e+01 2.114015e+01
<GCONST> 3.944607e+01
<STATE> 3
<MEAN> 6
 6.735247e+02 3.819223e+01 1.576184e+01 1.398783e+01 1.162480e+01 8.521135e+00
<VARIANCE> 6
 6.992638e+03 8.964564e+02 2.470371e+02 6.913490e+01 6.778901e+01 3.465698e+01
<GCONST> 4.418583e+01
<STATE> 4
<MEAN> 6
 7.163223e+02 3.002328e+00 1.408742e+00 1.315901e+00 8.514188e-01 7.157984e-01
<VARIANCE> 6
 6.846491e+03 4.878041e+01 3.574362e+00 5.774918e+00 2.137950e+00 1.866277e+00
<GCONST> 2.815719e+01
<TRANSP> 5
 0.000000e+00 1.000000e+00 0.000000e+00 0.000000e+00 0.000000e+00
 0.000000e+00 6.364335e-01 3.635665e-01 0.000000e+00 0.000000e+00
 0.000000e+00 0.000000e+00 7.150221e-01 2.849779e-01 0.000000e+00
 0.000000e+00 0.000000e+00 0.000000e+00 8.516414e-01 1.483586e-01
 0.000000e+00 0.000000e+00 0.000000e+00 0.000000e+00 0.000000e+00
<ENDHMM>
~h "bg_white_0_5"
<BEGINHMM>
<NUMSTATES> 5
<STATE> 2
<MEAN> 6
 7.249070e+02 3.026320e+00 2.819069e+00 1.015757e+00 1.507679e+00 4.954810e-01
<VARIANCE> 6
 3.446773e+03 9.817369e+01 1.189505e+01 9.145978e+00 4.963441e+00 1.603974e+00
<GCONST> 3.052321e+01
<STATE> 3
<MEAN> 6
 3.933574e+02 2.005033e+01 7.012058e+01 5.662388e+00 1.611438e+01 1.228567e+00
<VARIANCE> 6
 2.756678e+04 6.340859e+02 6.329074e+03 4.038874e+01 2.290255e+02 2.010519e+00
<GCONST> 4.628750e+01
<STATE> 4
<MEAN> 6
 2.825622e+02 5.848959e+00 3.714161e+00 2.093532e+00 1.359252e+00 5.598818e-01
<VARIANCE> 6
 1.911445e+03 4.274643e+01 1.729756e+01 4.773412e+00 1.298044e+00 4.108911e-01
<GCONST> 2.612322e+01
<TRANSP> 5
 0.000000e+00 1.000000e+00 0.000000e+00 0.000000e+00 0.000000e+00
 0.000000e+00 6.198551e-01 3.801449e-01 0.000000e+00 0.000000e+00
 0.000000e+00 0.000000e+00 5.180114e-01 4.819886e-01 0.000000e+00
 0.000000e+00 0.000000e+00 0.000000e+00 8.629140e-01 1.370860e-01
 0.000000e+00 0.000000e+00 0.000000e+00 0.000000e+00 0.000000e+00
<ENDHMM>
~h "bg_board"
<BEGINHMM>
<NUMSTATES> 5
<STATE> 2
<MEAN> 6
 1.317701e+02 1.370770e+01 7.673389e+00 5.306491e+00 2.296641e+00 1.060701e+00
<VARIANCE> 6
 2.039435e+03 1.555419e+02 5.284600e+01 1.394272e+01 3.243163e+00 8.203085e-01
<GCONST> 3.127542e+01
<STATE> 3
<MEAN> 6
 2.163004e+02 3.535330e+01 1.600810e+01 1.050429e+01 4.202159e+00 2.678265e+00
<VARIANCE> 6
 3.632629e+03 7.300439e+02 3.265523e+02 3.636797e+01 6.524939e+00 4.991576e+00
<GCONST> 3.868374e+01
<STATE> 4
<MEAN> 6
 2.275526e+02 1.662578e+01 1.035612e+01 6.333777e+00 3.388249e+00 1.930226e+00
<VARIANCE> 6
 6.138656e+03 2.176293e+02 6.546086e+01 1.030101e+01 3.259251e+00 1.991517e+00
<GCONST> 3.351650e+01
<TRANSP> 5
 0.000000e+00 1.000000e+00 0.000000e+00 0.000000e+00 0.000000e+00
 0.000000e+00 9.690048e-01 3.099529e-02 0.000000e+00 0.000000e+00
 0.000000e+00 0.000000e+00 9.438192e-01 5.618084e-02 0.000000e+00
 0.000000e+00 0.000000e+00 0.000000e+00 9.498429e-01 5.015708e-02
 0.000000e+00 0.000000e+00 0.000000e+00 0.000000e+00 0.000000e+00
<ENDHMM>
~h "bg_board_0"
<BEGINHMM>
<NUMSTATES> 5
<STATE> 2
<MEAN> 6
 1.112829e+02 7.609663e+00 4.412121e+00 3.182780e+00 1.157866e+00 6.572908e-01
<VARIANCE> 6
 1.796887e+03 4.838383e+01 1.486403e+01 5.119576e+00 6.562749e-01 2.676064e-01
<GCONST> 2.499284e+01
<STATE> 3
<MEAN> 6
 1.596348e+02 1.885133e+01 1.622739e+01 1.038195e+01 4.009165e+00 2.257444e+00
<VARIANCE> 6
 2.374950e+03 4.593412e+02 1.928463e+02 5.460207e+01 1.117269e+01 1.608024e+00
<GCONST> 3.708023e+01
<STATE> 4
<MEAN> 6
 1.238254e+02 1.596887e+01 7.983788e+00 5.582411e+00 2.568854e+00 1.011074e+00
<VARIANCE> 6
 1.559412e+03 1.424067e+02 4.513021e+01 7.805396e+00 3.414133e+00 5.346649e-01
<GCONST> 2.980419e+01
<TRANSP> 5
 0.000000e+00 1.000000e+00 0.000000e+00 0.000000e+00 0.000000e+00
 0.000000e+00 7.816600e-01 2.183400e-01 0.000000e+00 0.000000e+00
 0.000000e+00 0.000000e+00 5.615097e-01 4.384903e-01 0.000000e+00
 0.000000e+00 0.000000e+00 0.000000e+00 8.054261e-01 1.945739e-01
 0.000000e+00 0.000000e+00 0.000000e+00 0.000000e+00 0.000000e+00
<ENDHMM>
~h "bg_board_1"
<BEGINHMM>
<NUMSTATES> 5
<STATE> 2
<MEAN> 6
 1.288490e+02 1.513656e+01 7.826808e+00 5.056849e+00 2.373217e+00 1.019488e+00
<VARIANCE> 6
 1.865538e+03 1.405410e+02 5.195806e+01 7.359797e+00 3.123180e+00 4.825411e-01
<GCONST> 2.986070e+01
<STATE> 3
<MEAN> 6
 1.638585e+02 3.904784e+01 1.132048e+01 9.343699e+00 4.034739e+00 1.826835e+00
<VARIANCE> 6
 2.120435e+03 2.889843e+02 7.992854e+01 3.229781e+01 6.690051e+00 1.856479e+00
<GCONST> 3.472845e+01
<STATE> 4
<MEAN> 6
 1.167488e+02 1.205121e+01 7.906951e+00 4.620883e+00 1.968975e+00 9.227595e-01
<VARIANCE> 6
 3.283271e+03 1.219167e+02 9.722381e+01 9.978662e+00 1.431465e+00 4.301340e-01
<GCONST> 3.031970e+01
<TRANSP> 5
 0.000000e+00 1.000000e+00 0.000000e+00 0.000000e+00 0.000000e+00
 0.000000e+00 8.417189e-01 1.582812e-01 0.000000e+00 0.000000e+00
 0.000000e+00 0.000000e+00 5.506286e-01 4.493714e-01 0.000000e+00
 0.000000e+00 0.000000e+00 0.000000e+00 7.756237e-01 2.243763e-01
 0.000000e+00 0.000000e+00 0.000000e+00 0.000000e+00 0.000000e+00
<ENDHMM>
~h "bg_board_2"
<BEGINHMM>
<NUMSTATES> 5
<STATE> 2
<MEAN> 6
 1.661091e+02 1.473058e+01 1.402736e+01 6.249681e+00 2.981813e+00 1.801994e+00
<VARIANCE> 6
 5.012234e+03 1.269848e+02 1.648149e+02 1.417227e+01 2.798381e+00 1.248163e+00
<GCONST> 3.339779e+01
<STATE> 3
<MEAN> 6
 2.105576e+02 3.561250e+01 2.607826e+01 1.246086e+01 4.924191e+00 3.104859e+00
<VARIANCE> 6
 4.922478e+03 8.080946e+02 1.026868e+03 4.385792e+01 1.668998e+01 8.014180e+00
<GCONST> 4.183475e+01
<STATE> 4
<MEAN> 6
 1.387056e+02 1.329027e+01 7.385176e+00 5.179492e+00 2.122308e+00 9.610192e-01
<VARIANCE> 6
 1.402282e+03 1.180471e+02 4.393338e+01 9.827408e+00 1.335916e+00 6.938589e-01
<GCONST> 2.903618e+01
<TRANSP> 5
 0.000000e+00 1.000000e+00 0.000000e+00 0.000000e+00 0.000000e+00
 0.000000e+00 5.727447e-01 4.272554e-01 0.000000e+00 0.000000e+00
 0.000000e+00 0.000000e+00 6.636305e-01 3.363695e-01 0.000000e+00
 0.000000e+00 0.000000e+00 0.000000e+00 8.699027e-01 1.300973e-01
 0.000000e+00 0.000000e+00 0.000000e+00 0.000000e+00 0.000000e+00
<ENDHMM>
~h "bg_board_3"
<BEGINHMM>
<NUMSTATES> 5
<STATE> 2
<MEAN> 6
 1.545083e+02 1.251533e+01 6.120063e+00 4.887786e+00 2.714638e+00 1.215811e+00
<VARIANCE> 6
 8.974539e+02 7.645199e+01 1.783495e+01 6.572543e+00 1.617200e+00 9.647427e-01
<GCONST> 2.737235e+01
<STATE> 3
<MEAN> 6
 2.129892e+02 3.189201e+01 1.007816e+01 1.013007e+01 3.703786e+00 1.706546e+00
<VARIANCE> 6
 1.256173e+03 7.340923e+02 9.211974e+01 2.436921e+01 3.616748e+00 1.256430e+00
<GCONST> 3.399199e+01
<STATE> 4
<MEAN> 6
 2.214382e+02 1.922431e+01 9.887464e+00 7.075917e+00 2.589845e+00 1.350870e+00
<VARIANCE> 6
 2.233155e+03 2.455821e+02 6.759828e+01 1.419486e+01 1.483856e+00 6.099157e-01
<GCONST> 3.100874e+01
<TRANSP> 5
 0.000000e+00 1.000000e+00 0.000000e+00 0.000000e+00 0.000000e+00
 0.000000e+00 7.706472e-01 2.293528e-01 0.000000e+00 0.000000e+00
 0.000000e+00 0.000000e+00 7.004222e-01 2.995777e-01 0.000000e+00
 0.000000e+00 0.000000e+00 0.000000e+00 7.675432e-01 2.324568e-01
 0.000000e+00 0.000000e+00 0.000000e+00 0.000000e+00 0.000000e+00
<ENDHMM>
~h "bg_board_4"
<BEGINHMM>
<NUMSTATES> 5
<STATE> 2
<MEAN> 6
 1.762329e+02 1.482028e+01 9.697908e+00 6.577178e+00 3.342070e+00 1.512438e+00
<VARIANCE> 6
 2.687862e+03 2.068847e+02 6.570111e+01 1.434988e+01 2.596576e+00 6.606116e-01
<GCONST> 3.164439e+01
<STATE> 3
<MEAN> 6
 2.450671e+02 4.106664e+01 2.010935e+01 1.412870e+01 4.562489e+00 2.976166e+00
<VARIANCE> 6
 2.987791e+03 9.405651e+02 2.535268e+02 4.712541e+01 5.377855e+00 1.834449e+00
<GCONST> 3.755335e+01
<STATE> 4
<MEAN> 6
 2.150802e+02 2.176310e+01 1.195362e+01 7.984639e+00 4.224826e+00 3.184246e+00
<VARIANCE> 6
 1.626330e+03 3.070386e+02 7.854628e+01 1.508135e+01 3.978881e+00 6.283959e+00
<GCONST> 3.444447e+01
<TRANSP> 5
 0.000000e+00 1.000000e+00 0.000000e+00 0.000000e+00 0.000000e+00
 0.000000e+00 8.421399e-01 1.578601e-01 0.000000e+00 0.000000e+00
 0.000000e+00 0.000000e+00 6.504205e-01 3.495795e-01 0.000000e+00
 0.000000e+00 0.000000e+00 0.000000e+00 7.371671e-01 2.628329e-01
 0.000000e+00 0.000000e+00 0.000000e+00 0.000000e+00 0.000000e+00
<ENDHMM>
~h "bg_board_5"
<BEGINHMM>
<NUMSTATES> 5
<STATE> 2
<MEAN> 6
 2.051567e+02 2.751367e+01 1.111291e+01 7.506513e+00 4.105214e+00 3.159829e+00
<VARIANCE> 6
 2.033113e+03 3.122443e+02 7.075158e+01 9.390316e+00 3.638370e+00 3.676272e+00
<GCONST> 3.348066e+01
<STATE> 3
<MEAN> 6
 2.674143e+02 4.284568e+01 1.974046e+01 1.031221e+01 5.102194e+00 4.088247e+00
<VARIANCE> 6
 3.171476e+03 8.832881e+02 1.253289e+02 1.883326e+01 6.561755e+00 7.127681e+00
<GCONST> 3.748468e+01
<STATE> 4
<MEAN> 6
 3.270860e+02 1.711296e+01 9.080475e+00 5.836056e+00 3.443931e+00 1.885917e+00
<VARIANCE> 6
 1.687333e+03 3.284211e+02 3.997011e+01 8.701832e+00 2.049213e+00 1.906622e+00
<GCONST> 3.146692e+01
<TRANSP> 5
 0.000000e+00 1.000000e+00 0.000000e+00 0.000000e+00 0.000000e+00
 0.000000e+00 7.407631e-01 2.592370e-01 0.000000e+00 0.000000e+00
 0.000000e+00 0.000000e+00 6.864915e-01 3.135085e-01 0.000000e+00
 0.000000e+00 0.000000e+00 0.000000e+00 7.980947e-01 2.019053e-01
 0.000000e+00 0.000000e+00 0.000000e+00 0.000000e+00 0.000000e+00
<ENDHMM>
~h "fp_logo"
<BEGINHMM>
<NUMSTATES> 5
<STATE> 2
<MEAN> 6
 1.212941e+02 6.152156e+00 3.495725e+00 3.183311e+00 1.990199e+00 9.082007e-01
<VARIANCE> 6
 6.425293e+02 8.950023e+01 1.816541e+01 1.488539e+01 2.833935e+00 1.299688e+00
<GCONST> 2.889061e+01
<STATE> 3
<MEAN> 6
 3.370354e+02 6.911183e+01 5.835824e+01 1.845369e+01 1.697805e+01 7.789608e+00
<VARIANCE> 6
 3.150779e+04 5.171616e+03 5.529489e+03 2.795892e+02 2.430514e+02 5.470224e+01
<GCONST> 5.368254e+01
<STATE> 4
<MEAN> 6
 2.714287e+02 4.115017e+00 3.558801e+00 2.368865e+00 2.132951e+00 9.388178e-01
<VARIANCE> 6
 7.007298e+03 2.029450e+01 1.148723e+01 6.481661e+00 2.161093e+00 1.184059e+00
<GCONST> 2.814210e+01
<TRANSP> 5
 0.000000e+00 1.000000e+00 0.000000e+00 0.000000e+00 0.000000e+00
 0.000000e+00 9.587693e-01 4.123079e-02 0.000000e+00 0.000000e+00
 0.000000e+00 0.000000e+00 8.868989e-01 1.131011e-01 0.000000e+00
 0.000000e+00 0.000000e+00 0.000000e+00 9.729031e-01 2.709688e-02
 0.000000e+00 0.000000e+00 0.000000e+00 0.000000e+00 0.000000e+00
<ENDHMM>
~h "fp_logo_0"
<BEGINHMM>
<NUMSTATES> 5
<STATE> 2
<MEAN> 6
 1.109951e+02 1.124610e+01 3.588383e+00 4.304149e+00 1.691889e+00 5.356983e-01
<VARIANCE> 6
 9.003422e+02 4.747880e+02 6.403164e+01 3.181849e+01 2.195944e+00 1.840150e-01
<GCONST> 3.070620e+01
<STATE> 3
<MEAN> 6
 1.442593e+02 3.928601e+01 4.439167e+00 1.183754e+01 2.315386e+00 1.138587e+00
<VARIANCE> 6
 3.332063e+03 3.446604e+03 5.961157e+01 1.960409e+02 6.980203e+00 2.630300e+00
<GCONST> 3.956010e+01
<STATE> 4
<MEAN> 6
 1.129981e+02 4.353833e+00 2.931228e+00 1.989648e+00 1.469377e+00 5.571917e-01
<VARIANCE> 6
 3.697571e+02 2.233280e+01 6.796020e+00 3.726641e+00 1.479507e+00 3.108344e-01
<GCONST> 2.250122e+01
<TRANSP> 5
 0.000000e+00 1.000000e+00 0.000000e+00 0.000000e+00 0.000000e+00
 0.000000e+00 4.365991e-01 5.634009e-01 0.000000e+00 0.000000e+00
 0.000000e+00 0.000000e+00 3.259478e-01 6.740522e-01 0.000000e+00
 0.000000e+00 0.000000e+00 0.000000e+00 8.856031e-01 1.143968e-01
 0.000000e+00 0.000000e+00 0.000000e+00 0.000000e+00 0.000000e+00
<ENDHMM>
~h "fp_logo_1"
<BEGINHMM>
<NUMSTATES> 5
<STATE> 2
<MEAN> 6
 1.251944e+02 3.900960e+00 3.224145e+00 2.228183e+00 1.805081e+00 7.152213e-01
<VARIANCE> 6
 7.211797e+02 1.755305e+01 7.836843e+00 3.450171e+00 1.789073e+00 6.064919e-01
<GCONST> 2.385227e+01
<STATE> 3
<MEAN> 6
 1.474540e+02 1.376186e+01 4.617867e+00 5.281950e+00 3.064416e+00 1.691258e+00
<VARIANCE> 6
 6.128820e+02 1.941748e+02 2.788001e+01 1.729482e+01 4.477009e+00 2.582861e+00
<GCONST> 3.134036e+01
<STATE> 4
<MEAN> 6
 2.001392e+02 3.506485e+01 2.366759e+01 1.241429e+01 6.033915e+00 4.067442e+00
<VARIANCE> 6
 1.252016e+04 3.689946e+03 1.369044e+03 2.439423e+02 4.320726e+01 2.584861e+01
<GCONST> 4.841279e+01
<TRANSP> 5
 0.000000e+00 1.000000e+00 0.000000e+00 0.000000e+00 0.000000e+00
 0.000000e+00 8.820413e-01 1.179586e-01 0.000000e+00 0.000000e+00
 0.000000e+00 0.000000e+00 6.952406e-01 3.047594e-01 0.000000e+00
 0.000000e+00 0.000000e+00 0.000000e+00 1.943131e-01 8.056870e-01
 0.000000e+00 0.000000e+00 0.000000e+00 0.000000e+00 0.000000e+00
<ENDHMM>
~h "fp_logo_2"
<BEGINHMM>
<NUMSTATES> 5
<STATE> 2
<MEAN> 6
 1.769162e+02 2.417009e+01 1.444793e+01 1.053507e+01 4.013374e+00 2.905549e+00
<VARIANCE> 6
 3.921288e+03 2.475756e+03 1.020796e+03 1.093927e+02 1.890979e+01 1.430479e+01
<GCONST> 4.433930e+01
<STATE> 3
<MEAN> 6
 3.600120e+02 5.961153e+01 6.917425e+01 1.667611e+01 2.084952e+01 8.065426e+00
<VARIANCE> 6
 4.125252e+04 4.413743e+03 5.520698e+03 2.789948e+02 2.173977e+02 5.671387e+01
<GCONST> 5.371441e+01
<STATE> 4
<MEAN> 6
 1.700257e+02 5.766322e+00 7.961230e+00 2.684148e+00 2.971037e+00 1.249354e+00
<VARIANCE> 6
 4.848859e+03 1.472842e+02 8.316868e+02 1.421570e+01 3.359051e+01 4.561942e+00
<GCONST> 3.891592e+01
<TRANSP> 5
 0.000000e+00 1.000000e+00 0.000000e+00 0.000000e+00 0.000000e+00
 0.000000e+00 4.481223e-01 5.518777e-01 0.000000e+00 0.000000e+00
 0.000000e+00 0.000000e+00 7.300534e-01 2.699467e-01 0.000000e+00
 0.000000e+00 0.000000e+00 0.000000e+00 8.663740e-01 1.336261e-01
 0.000000e+00 0.000000e+00 0.000000e+00 0.000000e+00 0.000000e+00
<ENDHMM>
~h "fp_logo_3"
<BEGINHMM>
<NUMSTATES> 5
<STATE> 2
<MEAN> 6
 1.972513e+02 1.713970e+01 2.051793e+01 6.131253e+00 5.758356e+00 2.589457e+00
<VARIANCE> 6
 1.419732e+04 5.590081e+02 2.887855e+03 5.154434e+01 1.075640e+02 1.269890e+01
<GCONST> 4.604455e+01
<STATE> 3
<MEAN> 6
 3.431163e+02 7.447024e+01 6.110761e+01 1.895677e+01 1.734173e+01 9.425369e+00
<VARIANCE> 6
 2.827318e+04 7.577133e+03 6.353485e+03 3.525906e+02 2.986171e+02 6.427731e+01
<GCONST> 5.469426e+01
<STATE> 4
<MEAN> 6
 2.112316e+02 4.892602e+00 3.637831e+00 2.839142e+00 2.709959e+00 1.397102e+00
<VARIANCE> 6
 1.277977e+03 3.930417e+01 7.944390e+00 3.601741e+00 2.950073e+00 2.087735e+00
<GCONST> 2.702342e+01
<TRANSP> 5
 0.000000e+00 1.000000e+00 0.000000e+00 0.000000e+00 0.000000e+00
 0.000000e+00 4.987503e-01 5.012497e-01 0.000000e+00 0.000000e+00
 0.000000e+00 0.000000e+00 6.830438e-01 3.169562e-01 0.000000e+00
 0.000000e+00 0.000000e+00 0.000000e+00 8.540141e-01 1.459859e-01
 0.000000e+00 0.000000e+00 0.000000e+00 0.000000e+00 0.000000e+00
<ENDHMM>
~h "fp_logo_4"
<BEGINHMM>
<NUMSTATES> 5
<STATE> 2
<MEAN> 6
 2.396856e+02 6.590309e+00 6.599152e+00 3.035153e+00 3.281784e+00 1.523410e+00
<VARIANCE> 6
 1.048655e+03 6.531178e+01 4.161498e+01 4.606025e+00 2.721291e+00 1.082522e+00
<GCONST> 2.849792e+01
<STATE> 3
<MEAN> 6
 2.690735e+02 2.073433e+01 4.514064e+00 6.744423e+00 2.485044e+00 1.397112e+00
<VARIANCE> 6
 8.176083e+02 5.720670e+02 8.208731e+00 3.056553e+01 1.276819e+00 7.352216e-01
<GCONST> 2.954476e+01
<STATE> 4
<MEAN> 6
 3.091032e+02 3.727370e+00 3.301452e+00 2.000621e+00 2.338348e+00 7.523491e-01
<VARIANCE> 6
 6.372740e+02 1.293990e+01 6.618691e+00 3.023703e+00 1.591672e+00 1.847996e-01
<GCONST> 2.181746e+01
<TRANSP> 5
 0.000000e+00 1.000000e+00 0.000000e+00 0.000000e+00 0.000000e+00
 0.000000e+00 7.608514e-01 2.391486e-01 0.000000e+00 0.000000e+00
 0.000000e+00 0.000000e+00 4.089118e-01 5.910883e-01 0.000000e+00
 0.000000e+00 0.000000e+00 0.000000e+00 8.596827e-01 1.403173e-01
 0.000000e+00 0.000000e+00 0.000000e+00 0.000000e+00 0.000000e+00
<ENDHMM>
~h "fp_logo_5"
<BEGINHMM>
<NUMSTATES> 5
<STATE> 2
<MEAN> 6
 2.976573e+02 7.993673e+00 4.013653e+00 6.726671e+00 2.305664e+00 9.409350e-01
<VARIANCE> 6
 3.782494e+03 9.418763e+01 9.825101e+00 3.518745e+01 1.098423e+00 3.545131e-01
<GCONST> 2.871319e+01
<STATE> 3
<MEAN> 6
 3.560363e+02 3.719378e+00 2.723360e+00 2.085518e+00 1.981686e+00 8.698700e-01
<VARIANCE> 6
 9.107191e+02 2.638485e+01 3.598221e+00 6.251572e+00 8.989562e-01 4.741219e-01
<GCONST> 2.337475e+01
<STATE> 4
<MEAN> 6
 3.881111e+02 2.526347e+00 2.373607e+00 1.109916e+00 9.826277e-01 2.976591e-01
<VARIANCE> 6
 4.448349e+02 2.005182e+01 4.338238e+00 6.777112e+00 1.535440e+00 3.480537e-02
<GCONST> 2.057514e+01
<TRANSP> 5
 0.000000e+00 1.000000e+00 0.000000e+00 0.000000e+00 0.000000e+00
 0.000000e+00 3.783119e-01 6.216882e-01 0.000000e+00 0.000000e+00
 0.000000e+00 0.000000e+00 8.025099e-01 1.974901e-01 0.000000e+00
 0.000000e+00 0.000000e+00 0.000000e+00 8.123099e-01 1.876901e-01
 0.000000e+00 0.000000e+00 0.000000e+00 0.000000e+00 0.000000e+00
<ENDHMM>
~h "fp_screen"
<BEGINHMM>
<NUMSTATES> 5
<STATE> 2
<MEAN> 6
 3.041400e+02 9.129673e+00 7.339690e+00 3.152778e+00 3.104533e+00 1.359142e+00
<VARIANCE> 6
 2.214871e+04 1.317184e+02 2.775082e+02 1.228855e+01 2.280842e+01 3.901648e+00
<GCONST> 3.853651e+01
<STATE> 3
<MEAN> 6
 5.102998e+02 6.309182e+01 4.216748e+01 1.814603e+01 1.621684e+01 6.559836e+00
<VARIANCE> 6
 3.156840e+04 3.735223e+03 2.993747e+03 2.222048e+02 3.147233e+02 5.516748e+01
<GCONST> 5.278268e+01
<STATE> 4
<MEAN> 6
 3.259542e+02 5.794330e+00 5.013736e+00 2.341786e+00 2.287431e+00 1.127958e+00
<VARIANCE> 6
 3.935294e+03 2.514471e+01 3.121210e+01 3.310606e+00 3.366360e+00 1.709511e+00
<GCONST> 2.891763e+01
<TRANSP> 5
 0.000000e+00 1.000000e+00 0.000000e+00 0.000000e+00 0.000000e+00
 0.000000e+00 9.539957e-01 4.600427e-02 0.000000e+00 0.000000e+00
 0.000000e+00 0.000000e+00 9.158330e-01 8.416705e-02 0.000000e+00
 0.000000e+00 0.000000e+00 0.000000e+00 9.725137e-01 2.748629e-02
 0.000000e+00 0.000000e+00 0.000000e+00 0.000000e+00 0.000000e+00
<ENDHMM>
~h "fp_screen_0"
<BEGINHMM>
<NUMSTATES> 5
<STATE> 2
<MEAN> 6
 2.035264e+02 6.761684e+00 1.726791e+01 3.853671e+00 7.384967e+00 1.463705e+00
<VARIANCE> 6
 1.625695e+04 4.004063e+01 5.224124e+02 9.368204e+00 6.274403e+01 2.530038e+00
<GCONST> 3.797651e+01
<STATE> 3
<MEAN> 6
 4.228660e+02 2.909081e+01 4.622535e+01 1.133335e+01 1.538673e+01 6.345792e+00
<VARIANCE> 6
 3.550705e+04 1.116689e+03 1.809646e+03 1.460455e+02 2.030075e+02 5.384140e+01
<GCONST> 5.030696e+01
<STATE> 4
<MEAN> 6
 3.456625e+02 5.152887e+00 2.889480e+00 1.634429e+00 1.259793e+00 6.872465e-01
<VARIANCE> 6
 1.820889e+04 3.936790e+01 6.194817e+01 3.805258e+00 9.759608e+00 2.257495e+00
<GCONST> 3.306507e+01
<TRANSP> 5
 0.000000e+00 1.000000e+00 0.000000e+00 0.000000e+00 0.000000e+00
 0.000000e+00 6.061978e-01 3.938023e-01 0.000000e+00 0.000000e+00
 0.000000e+00 0.000000e+00 5.366532e-01 4.633468e-01 0.000000e+00
 0.000000e+00 0.000000e+00 0.000000e+00 8.630596e-01 1.369404e-01
 0.000000e+00 0.000000e+00 0.000000e+00 0.000000e+00 0.000000e+00
<ENDHMM>
~h "fp_screen_1"
<BEGINHMM>
<NUMSTATES> 5
<STATE> 2
<MEAN> 6
 3.283602e+02 1.114632e+01 4.507057e+00 3.198008e+00 2.172861e+00 1.499727e+00
<VARIANCE> 6
 2.148949e+04 2.410901e+02 1.369778e+02 1.446472e+01 2.246100e+01 6.554304e+00
<GCONST> 3.907119e+01
<STATE> 3
<MEAN> 6
 4.032244e+02 3.531288e+01 1.720801e+01 1.739639e+01 1.026700e+01 5.091618e+00
<VARIANCE> 6
 1.874137e+04 1.388858e+03 7.687247e+02 2.645505e+02 1.721976e+02 3.822674e+01
<GCONST> 4.911693e+01
<STATE> 4
<MEAN> 6
 3.467289e+02 9.759213e+00 2.605518e+00 2.652925e+00 1.472717e+00 7.597335e-01
<VARIANCE> 6
 1.357771e+04 4.251162e+02 2.773561e+01 2.250631e+01 6.124241e+00 1.831037e+00
<GCONST> 3.544946e+01
<TRANSP> 5
 0.000000e+00 1.000000e+00 0.000000e+00 0.000000e+00 0.000000e+00
 0.000000e+00 6.852463e-01 3.147538e-01 0.000000e+00 0.000000e+00
 0.000000e+00 0.000000e+00 4.995923e-01 5.004077e-01 0.000000e+00
 0.000000e+00 0.000000e+00 0.000000e+00 8.721970e-01 1.278030e-01
 0.000000e+00 0.000000e+00 0.000000e+00 0.000000e+00 0.000000e+00
<ENDHMM>
~h "fp_screen_2"
<BEGINHMM>
<NUMSTATES> 5
<STATE> 2
<MEAN> 6
 3.058003e+02 1.287183e+01 3.602943e+00 3.516606e+00 2.086925e+00 1.197457e+00
<VARIANCE> 6
 1.370080e+04 5.710186e+02 3.240258e+01 2.701818e+01 7.610345e+00 2.906634e+00
<GCONST> 3.677114e+01
<STATE> 3
<MEAN> 6
 5.216198e+02 7.160767e+01 3.927836e+01 2.011912e+01 1.715405e+01 7.588336e+00
<VARIANCE> 6
 3.819222e+04 5.153739e+03 2.597546e+03 2.936952e+02 3.883116e+02 7.394083e+01
<GCONST> 5.393506e+01
<STATE> 4
<MEAN> 6
 4.741182e+02 2.324561e+01 3.386981e+01 6.679910e+00 1.071531e+01 2.813459e+00
<VARIANCE> 6
 3.452552e+04 1.449065e+03 2.963574e+03 8.299226e+01 2.158785e+02 1.296624e+01
<GCONST> 4.910535e+01
<TRANSP> 5
 0.000000e+00 1.000000e+00 0.000000e+00 0.000000e+00 0.000000e+00
 0.000000e+00 8.678649e-01 1.321351e-01 0.000000e+00 0.000000e+00
 0.000000e+00 0.000000e+00 6.784581e-01 3.215419e-01 0.000000e+00
 0.000000e+00 0.000000e+00 0.000000e+00 5.693317e-01 4.306683e-01
 0.000000e+00 0.000000e+00 0.000000e+00 0.000000e+00 0.000000e+00
<ENDHMM>
~h "fp_screen_3"
<BEGINHMM>
<NUMSTATES> 5
<STATE> 2
<MEAN> 6
 3.167709e+02 2.635667e+01 1.531292e+01 6.112151e+00 5.802739e+00 2.852129e+00
<VARIANCE> 6
 2.590968e+04 1.356032e+03 1.312364e+03 5.456973e+01 1.176080e+02 1.103558e+01
<GCONST> 4.674950e+01
<STATE> 3
<MEAN> 6
 5.066395e+02 6.867978e+01 5.314862e+01 1.601340e+01 1.786022e+01 6.737740e+00
<VARIANCE> 6
 4.629591e+04 4.076519e+03 4.462189e+03 1.903871e+02 3.340936e+02 5.038158e+01
<GCONST> 5.346657e+01
<STATE> 4
<MEAN> 6
 3.027452e+02 6.527185e+00 3.662284e+00 2.140091e+00 1.787109e+00 6.382468e-01
<VARIANCE> 6
 3.468935e+03 6.667540e+01 9.018957e+00 4.928236e+00 1.294808e+00 2.643886e-01
<GCONST> 2.610104e+01
<TRANSP> 5
 0.000000e+00 1.000000e+00 0.000000e+00 0.000000e+00 0.000000e+00
 0.000000e+00 6.552009e-01 3.447991e-01 0.000000e+00 0.000000e+00
 0.000000e+00 0.000000e+00 6.906414e-01 3.093586e-01 0.000000e+00
 0.000000e+00 0.000000e+00 0.000000e+00 8.295628e-01 1.704371e-01
 0.000000e+00 0.000000e+00 0.000000e+00 0.000000e+00 0.000000e+00
<ENDHMM>
~h "fp_screen_4"
<BEGINHMM>
<NUMSTATES> 5
<STATE> 2
<MEAN> 6
 3.048317e+02 6.470581e+00 4.026494e+00 2.177014e+00 1.776871e+00 6.715969e-01
<VARIANCE> 6
 3.898796e+03 9.291533e+01 1.206417e+01 7.554359e+00 1.021123e+00 2.216683e-01
<GCONST> 2.685407e+01
<STATE> 3
<MEAN> 6
 3.147104e+02 1.172002e+01 1.285187e+01 6.174204e+00 4.059253e+00 2.103920e+00
<VARIANCE> 6
 8.125973e+03 1.661054e+02 1.777289e+02 6.368317e+01 7.222909e+00 4.969094e+00
<GCONST> 3.805738e+01
<STATE> 4
<MEAN> 6
 3.426026e+02 4.965655e+00 4.127532e+00 2.198931e+00 2.168193e+00 8.233066e-01
<VARIANCE> 6
 1.506474e+03 2.869677e+01 1.357761e+01 7.881491e+00 1.250958e+00 5.540033e-01
<GCONST> 2.600784e+01
<TRANSP> 5
 0.000000e+00 1.000000e+00 0.000000e+00 0.000000e+00 0.000000e+00
 0.000000e+00 7.176448e-01 2.823552e-01 0.000000e+00 0.000000e+00
 0.000000e+00 0.000000e+00 6.352527e-01 3.647473e-01 0.000000e+00
 0.000000e+00 0.000000e+00 0.000000e+00 8.511182e-01 1.488818e-01
 0.000000e+00 0.000000e+00 0.000000e+00 0.000000e+00 0.000000e+00
<ENDHMM>
~h "fp_screen_5"
<BEGINHMM>
<NUMSTATES> 5
<STATE> 2
<MEAN> 6
 3.596558e+02 5.790481e+00 6.269929e+00 3.153157e+00 2.660838e+00 1.192998e+00
<VARIANCE> 6
 1.961468e+03 3.534938e+01 2.788484e+01 1.248338e+01 2.400793e+00 1.141767e+00
<GCONST> 2.903485e+01
<STATE> 3
<MEAN> 6
 4.352490e+02 4.829715e+01 2.659634e+01 1.318719e+01 1.208644e+01 5.898393e+00
<VARIANCE> 6
 2.254229e+04 3.930447e+03 1.561116e+03 1.457696e+02 1.885279e+02 3.157747e+01
<GCONST> 5.035380e+01
<STATE> 4
<MEAN> 6
 3.148440e+02 5.782978e+00 8.346475e+00 3.277494e+00 3.614821e+00 1.985923e+00
<VARIANCE> 6
 2.555868e+03 2.257862e+01 4.695060e+01 3.731945e+00 3.929084e+00 2.138722e+00
<GCONST> 2.928505e+01
<TRANSP> 5
 0.000000e+00 1.000000e+00 0.000000e+00 0.000000e+00 0.000000e+00
 0.000000e+00 7.640617e-01 2.359383e-01 0.000000e+00 0.000000e+00
 0.000000e+00 0.000000e+00 4.114987e-01 5.885013e-01 0.000000e+00
 0.000000e+00 0.000000e+00 0.000000e+00 8.350481e-01 1.649520e-01
 0.000000e+00 0.000000e+00 0.000000e+00 0.000000e+00 0.000000e+00
<ENDHMM>
~h "fp_key"
<BEGINHMM>
<NUMSTATES> 5
<STATE> 2
<MEAN> 6
 1.269249e+02 1.327683e+01 3.223289e+00 2.890465e+00 1.454222e+00 7.819592e-01
<VARIANCE> 6
 6.580545e+03 7.169229e+02 1.645706e+01 2.376727e+01 1.975648e+00 1.194590e+00
<GCONST> 3.322187e+01
<STATE> 3
<MEAN> 6
 3.500838e+02 5.842947e+01 2.567467e+01 1.460057e+01 9.741934e+00 3.946119e+00
<VARIANCE> 6
 3.410299e+04 3.437458e+03 1.990029e+03 1.982558e+02 2.257222e+02 3.201700e+01
<GCONST> 5.137793e+01
<STATE> 4
<MEAN> 6
 3.290149e+02 4.215119e+00 4.163851e+00 1.787076e+00 1.898657e+00 1.065262e+00
<VARIANCE> 6
 9.584403e+03 8.362975e+01 1.329030e+02 3.359514e+00 4.491703e+00 2.281565e+00
<GCONST> 3.305006e+01
<TRANSP> 5
 0.000000e+00 1.000000e+00 0.000000e+00 0.000000e+00 0.000000e+00
 0.000000e+00 9.364799e-01 6.352016e-02 0.000000e+00 0.000000e+00
 0.000000e+00 0.000000e+00 9.771087e-01 2.289125e-02 0.000000e+00
 0.000000e+00 0.000000e+00 0.000000e+00 9.054120e-01 9.458807e-02
 0.000000e+00 0.000000e+00 0.000000e+00 0.000000e+00 0.000000e+00
<ENDHMM>
~h "fp_key_0"
<BEGINHMM>
<NUMSTATES> 5
<STATE> 2
<MEAN> 6
 3.336582e+02 8.599342e+01 5.773759e+00 1.509626e+01 1.960729e+00 1.089828e+00
<VARIANCE> 6
 3.889658e+04 4.632362e+03 3.959261e+01 1.780433e+02 2.551848e+00 1.166661e+00
<GCONST> 3.998838e+01
<STATE> 3
<MEAN> 6
 2.596836e+02 5.838004e+01 4.088565e+01 1.587811e+01 1.672353e+01 6.236730e+00
<VARIANCE> 6
 2.461000e+04 2.988959e+03 2.215632e+03 1.315109e+02 2.750691e+02 3.236471e+01
<GCONST> 5.081733e+01
<STATE> 4
<MEAN> 6
 1.157414e+02 1.212364e+01 3.290009e+00 3.253494e+00 1.136830e+00 6.380938e-01
<VARIANCE> 6
 7.127416e+03 7.626752e+02 2.666030e+01 3.324897e+01 1.434740e+00 1.187549e+00
<GCONST> 3.385588e+01
<TRANSP> 5
 0.000000e+00 1.000000e+00 0.000000e+00 0.000000e+00 0.000000e+00
 0.000000e+00 7.818807e-01 2.181193e-01 0.000000e+00 0.000000e+00
 0.000000e+00 0.000000e+00 5.334240e-01 4.665761e-01 0.000000e+00
 0.000000e+00 0.000000e+00 0.000000e+00 8.103216e-01 1.896784e-01
 0.000000e+00 0.000000e+00 0.000000e+00 0.000000e+00 0.000000e+00
<ENDHMM>
~h "fp_key_1"
<BEGINHMM>
<NUMSTATES> 5
<STATE> 2
<MEAN> 6
 1.100878e+02 8.613264e+00 3.114408e+00 2.318006e+00 1.377123e+00 5.979251e-01
<VARIANCE> 6
 5.559703e+03 5.215060e+02 2.884064e+01 2.210585e+01 1.995340e+00 8.661142e-01
<GCONST> 3.291199e+01
<STATE> 3
<MEAN> 6
 2.883653e+02 4.661925e+01 5.242046e+01 1.713618e+01 1.902722e+01 7.412349e+00
<VARIANCE> 6
 2.929534e+04 2.532726e+03 4.288012e+03 2.890492e+02 3.691814e+02 5.976097e+01
<GCONST> 5.318131e+01
<STATE> 4
<MEAN> 6
 2.928480e+02 6.519916e+01 1.736724e+01 1.375529e+01 6.590972e+00 2.641249e+00
<VARIANCE> 6
 1.930114e+04 2.695440e+03 8.811175e+02 7.816435e+01 9.862790e+01 1.597910e+01
<GCONST> 4.729714e+01
<TRANSP> 5
 0.000000e+00 1.000000e+00 0.000000e+00 0.000000e+00 0.000000e+00
 0.000000e+00 8.529626e-01 1.470373e-01 0.000000e+00 0.000000e+00
 0.000000e+00 0.000000e+00 5.699366e-01 4.300634e-01 0.000000e+00
 0.000000e+00 0.000000e+00 0.000000e+00 7.418536e-01 2.581464e-01
 0.000000e+00 0.000000e+00 0.000000e+00 0.000000e+00 0.000000e+00
<ENDHMM>
~h "fp_key_2"
<BEGINHMM>
<NUMSTATES> 5
<STATE> 2
<MEAN> 6
 2.997442e+02 6.158262e+01 1.491556e+01 1.372831e+01 6.722341e+00 2.573076e+00
<VARIANCE> 6
 1.936397e+04 2.587314e+03 8.240820e+02 9.240446e+01 1.089417e+02 1.646078e+01
<GCONST> 4.748904e+01
<STATE> 3
<MEAN> 6
 3.190414e+02 6.426936e+01 5.622498e+01 2.081709e+01 2.561571e+01 8.023704e+00
<VARIANCE> 6
 2.834394e+04 4.320764e+03 3.725937e+03 4.695081e+02 4.974768e+02 6.640778e+01
<GCONST> 5.443074e+01
<STATE> 4
<MEAN> 6
 1.536851e+02 9.602290e+00 3.900674e+00 3.264709e+00 2.126091e+00 1.193825e+00
<VARIANCE> 6
 6.235208e+03 4.402691e+02 1.614837e+01 4.764427e+01 3.704244e+00 2.829223e+00
<GCONST> 3.484768e+01
<TRANSP> 5
 0.000000e+00 1.000000e+00 0.000000e+00 0.000000e+00 0.000000e+00
 0.000000e+00 7.336989e-01 2.663011e-01 0.000000e+00 0.000000e+00
 0.000000e+00 0.000000e+00 5.801875e-01 4.198125e-01 0.000000e+00
 0.000000e+00 0.000000e+00 0.000000e+00 8.542877e-01 1.457123e-01
 0.000000e+00 0.000000e+00 0.000000e+00 0.000000e+00 0.000000e+00
<ENDHMM>
~h "fp_key_3"
<BEGINHMM>
<NUMSTATES> 5
<STATE> 2
<MEAN> 6
 2.069893e+02 1.764445e+01 5.039287e+00 5.443072e+00 2.823287e+00 1.450387e+00
<VARIANCE> 6
 9.174730e+03 7.985287e+02 1.958575e+01 7.787112e+01 4.842355e+00 3.740723e+00
<GCONST> 3.706078e+01
<STATE> 3
<MEAN> 6
 4.330461e+02 8.447910e+01 7.182073e+01 2.827536e+01 2.693500e+01 1.153702e+01
<VARIANCE> 6
 2.412431e+04 5.116198e+03 4.830713e+03 3.953311e+02 4.784112e+02 7.869284e+01
<GCONST> 5.465690e+01
<STATE> 4
<MEAN> 6
 3.543866e+02 4.808761e+01 8.837441e+00 1.100552e+01 3.091716e+00 1.973976e+00
<VARIANCE> 6
 2.205588e+04 2.169918e+03 2.038593e+02 8.387244e+01 7.725643e+00 2.871724e+00
<GCONST> 4.155722e+01
<TRANSP> 5
 0.000000e+00 1.000000e+00 0.000000e+00 0.000000e+00 0.000000e+00
 0.000000e+00 7.669095e-01 2.330904e-01 0.000000e+00 0.000000e+00
 0.000000e+00 0.000000e+00 6.296408e-01 3.703593e-01 0.000000e+00
 0.000000e+00 0.000000e+00 0.000000e+00 8.003889e-01 1.996112e-01
 0.000000e+00 0.000000e+00 0.000000e+00 0.000000e+00 0.000000e+00
<ENDHMM>
~h "fp_key_4"
<BEGINHMM>
<NUMSTATES> 5
<STATE> 2
<MEAN> 6
 2.930967e+02 1.297100e+01 5.437834e+00 3.713608e+00 2.591286e+00 1.440296e+00
<VARIANCE> 6
 7.203994e+03 6.918129e+02 1.091027e+02 2.228460e+01 7.141141e+00 2.519123e+00
<GCONST> 3.713494e+01
<STATE> 3
<MEAN> 6
 4.796388e+02 6.811549e+01 6.875727e+01 1.698126e+01 2.509103e+01 7.423709e+00
<VARIANCE> 6
 2.795193e+04 3.793490e+03 4.752840e+03 2.629666e+02 4.039768e+02 3.875537e+01
<GCONST> 5.320370e+01
<STATE> 4
<MEAN> 6
 4.377492e+02 6.061806e+01 1.680110e+01 1.451573e+01 5.458798e+00 2.856267e+00
<VARIANCE> 6
 2.719028e+04 2.611697e+03 6.339445e+02 1.233820e+02 4.484979e+01 9.758422e+00
<GCONST> 4.645433e+01
<TRANSP> 5
 0.000000e+00 1.000000e+00 0.000000e+00 0.000000e+00 0.000000e+00
 0.000000e+00 8.514310e-01 1.485690e-01 0.000000e+00 0.000000e+00
 0.000000e+00 0.000000e+00 5.432197e-01 4.567803e-01 0.000000e+00
 0.000000e+00 0.000000e+00 0.000000e+00 7.548952e-01 2.451048e-01
 0.000000e+00 0.000000e+00 0.000000e+00 0.000000e+00 0.000000e+00
<ENDHMM>
~h "fp_key_5"
<BEGINHMM>
<NUMSTATES> 5
<STATE> 2
<MEAN> 6
 4.719689e+02 7.902155e+01 1.347018e+01 1.640359e+01 4.075900e+00 2.458564e+00
<VARIANCE> 6
 3.576798e+04 3.566658e+03 4.678303e+02 1.336072e+02 3.303919e+01 8.443686e+00
<GCONST> 4.636558e+01
<STATE> 3
<MEAN> 6
 5.573387e+02 7.792439e+01 6.446175e+01 2.299816e+01 2.155797e+01 9.364837e+00
<VARIANCE> 6
 3.111481e+04 3.975888e+03 3.315620e+03 2.748357e+02 3.198697e+02 5.863633e+01
<GCONST> 5.322255e+01
<STATE> 4
<MEAN> 6
 3.971942e+02 4.542961e+00 4.586961e+00 1.583215e+00 1.507947e+00 8.523226e-01
<VARIANCE> 6
 2.535424e+03 1.476282e+02 2.509909e+02 4.469534e+00 6.564818e+00 2.180630e+00
<GCONST> 3.354412e+01
<TRANSP> 5
 0.000000e+00 1.000000e+00 0.000000e+00 0.000000e+00 0.000000e+00
 0.000000e+00 7.855558e-01 2.144442e-01 0.000000e+00 0.000000e+00
 0.000000e+00 0.000000e+00 4.768784e-01 5.231216e-01 0.000000e+00
 0.000000e+00 0.000000e+00 0.000000e+00 8.156744e-01 1.843256e-01
 0.000000e+00 0.000000e+00 0.000000e+00 0.000000e+00 0.000000e+00
<ENDHMM>
