
files/path
[[1, 'y:/answer_sheet\\24-01\\280_IMG-20240101-WA0136.jpeg'], [0, 'y:/fp_image\\24-01\\280_IMG-20240102-WA0000.jpeg']]
[[1, 'y:/answer_sheet\\24-01\\280_IMG-20240101-WA0152.jpeg'], [0, 'y:/fp_image\\24-01\\280_IMG-20240103-WA0000.jpeg']]
[[0, 'y:/fp_image\\24-01\\280_IMG-20240102-WA0002.jpeg'], [1, 'y:/answer_sheet\\24-01\\280_IMG-20240101-WA0052.jpeg']]
[[0, 'y:/fp_image\\24-01\\280_IMG-20240103-WA0002.jpeg'], [1, 'y:/answer_sheet\\24-01\\280_IMG-20240101-WA0047.jpeg']]
[[0, 'y:/fp_image\\24-01\\280_IMG-20240104-WA0000.jpeg'], [1, 'y:/answer_sheet\\24-01\\280_IMG-20240101-WA0052.jpeg']]
[[0, 'y:/fp_image\\24-01\\280_IMG-20240105-WA0003.jpeg'], [1, 'y:/answer_sheet\\24-01\\280_IMG-20240101-WA0047.jpeg']]
[[0, 'y:/fp_image\\24-01\\280_IMG-20240108-WA0000.jpeg'], [1, 'y:/answer_sheet\\24-01\\280_IMG-20240101-WA0052.jpeg']]
[[0, 'y:/fp_image\\24-01\\280_IMG-20240109-WA0007.jpeg'], [1, 'y:/answer_sheet\\24-01\\280_IMG-20240101-WA0047.jpeg']]
[[0, 'y:/fp_image\\24-01\\280_IMG-20240110-WA0003.jpeg'], [1, 'y:/answer_sheet\\24-01\\280_IMG-20240101-WA0052.jpeg']]
[[0, 'y:/fp_image\\24-01\\280_IMG-20240111-WA0002.jpeg'], [1, 'y:/answer_sheet\\24-01\\280_IMG-20240101-WA0047.jpeg']]
[[0, 'y:/fp_image\\24-01\\280_IMG-20240112-WA0000.jpeg'], [1, 'y:/answer_sheet\\24-01\\280_IMG-20240101-WA0052.jpeg']]
[[0, 'y:/fp_image\\24-01\\280_IMG-20240115-WA0002.jpeg'], [1, 'y:/answer_sheet\\24-01\\280_IMG-20240101-WA0047.jpeg']]
[[0, 'y:/fp_image\\24-01\\280_IMG-20240116-WA0009.jpeg'], [1, 'y:/answer_sheet\\24-01\\280_IMG-20240101-WA0052.jpeg']]
[[0, 'y:/fp_image\\24-01\\280_IMG-20240117-WA0003.jpeg'], [1, 'y:/answer_sheet\\24-01\\280_IMG-20240101-WA0047.jpeg']]
[[0, 'y:/fp_image\\24-01\\280_IMG-20240118-WA0003.jpeg'], [1, 'y:/answer_sheet\\24-01\\280_IMG-20240101-WA0052.jpeg']]
[[0, 'y:/fp_image\\24-06\\280_IMG-20240619-WA0001.jpeg'], [1, 'y:/answer_sheet\\24-01\\280_IMG-20240101-WA0047.jpeg']]
[[0, 'y:/fp_image\\24-06\\280_IMG-20240620-WA0000.jpeg'], [1, 'y:/answer_sheet\\24-01\\280_IMG-20240101-WA0052.jpeg']]
[[0, 'y:/fp_image\\24-06\\280_IMG-20240625-WA0003.jpeg'], [1, 'y:/answer_sheet\\24-01\\280_IMG-20240101-WA0047.jpeg']]
[[0, 'y:/fp_image\\24-06\\280_IMG-20240626-WA0000.jpeg'], [1, 'y:/answer_sheet\\24-01\\280_IMG-20240101-WA0052.jpeg']]
[[0, 'y:/fp_image\\24-06\\280_IMG-20240628-WA0000.jpeg'], [1, 'y:/answer_sheet\\24-01\\280_IMG-20240101-WA0047.jpeg']]
[[0, 'y:/fp_image\\24-06\\280_IMG-20240628-WA0001.jpeg'], [1, 'y:/answer_sheet\\24-01\\280_IMG-20240101-WA0052.jpeg']]
[[0, 'y:/fp_image\\24-07\\280_IMG-20240702-WA0003.jpeg'], [1, 'y:/answer_sheet\\24-01\\280_IMG-20240101-WA0047.jpeg']]
[[0, 'y:/fp_image\\24-07\\280_IMG-20240703-WA0002.jpeg'], [1, 'y:/answer_sheet\\24-01\\280_IMG-20240101-WA0052.jpeg']]
[[1, 'y:/answer_sheet\\24-07\\280_IMG-20240705-WA0000.jpeg'], [0, 'y:/fp_image\\24-01\\280_IMG-20240103-WA0000.jpeg']]
[[1, 'y:/answer_sheet\\24-07\\280_IMG-20240705-WA0006.jpeg'], [0, 'y:/fp_image\\24-01\\280_IMG-20240102-WA0000.jpeg']]
[[1, 'y:/answer_sheet\\24-07\\280_IMG-20240705-WA0008.jpeg'], [0, 'y:/fp_image\\24-01\\280_IMG-20240103-WA0000.jpeg']]
[[1, 'y:/answer_sheet\\24-07\\280_IMG-20240705-WA0014.jpeg'], [0, 'y:/fp_image\\24-01\\280_IMG-20240102-WA0000.jpeg']]
[[1, 'y:/answer_sheet\\24-07\\280_IMG-20240705-WA0016.jpeg'], [0, 'y:/fp_image\\24-01\\280_IMG-20240103-WA0000.jpeg']]
[[1, 'y:/answer_sheet\\24-07\\280_IMG-20240705-WA0023.jpeg'], [0, 'y:/fp_image\\24-01\\280_IMG-20240102-WA0000.jpeg']]
[[1, 'y:/answer_sheet\\24-07\\280_IMG-20240705-WA0025.jpeg'], [0, 'y:/fp_image\\24-01\\280_IMG-20240103-WA0000.jpeg']]
[[1, 'y:/answer_sheet\\24-07\\280_IMG-20240705-WA0033.jpeg'], [0, 'y:/fp_image\\24-01\\280_IMG-20240102-WA0000.jpeg']]
[[1, 'y:/answer_sheet\\24-07\\280_IMG-20240705-WA0035.jpeg'], [0, 'y:/fp_image\\24-01\\280_IMG-20240103-WA0000.jpeg']]
[[1, 'y:/answer_sheet\\24-07\\280_IMG-20240705-WA0041.jpeg'], [0, 'y:/fp_image\\24-01\\280_IMG-20240102-WA0000.jpeg']]
[[1, 'y:/answer_sheet\\24-07\\280_IMG-20240705-WA0043.jpeg'], [0, 'y:/fp_image\\24-01\\280_IMG-20240103-WA0000.jpeg']]
[[1, 'y:/answer_sheet\\24-07\\280_IMG-20240705-WA0050.jpeg'], [0, 'y:/fp_image\\24-01\\280_IMG-20240102-WA0000.jpeg']]
[[1, 'y:/answer_sheet\\24-07\\280_IMG-20240705-WA0052.jpeg'], [0, 'y:/fp_image\\24-01\\280_IMG-20240103-WA0000.jpeg']]
[[1, 'y:/answer_sheet\\24-07\\280_IMG-20240705-WA0059.jpeg'], [0, 'y:/fp_image\\24-01\\280_IMG-20240102-WA0000.jpeg']]
[[1, 'y:/answer_sheet\\24-07\\280_IMG-20240705-WA0061.jpeg'], [0, 'y:/fp_image\\24-01\\280_IMG-20240103-WA0000.jpeg']]
[[1, 'y:/answer_sheet\\24-07\\280_IMG-20240705-WA0067.jpeg'], [0, 'y:/fp_image\\24-01\\280_IMG-20240102-WA0000.jpeg']]
[[1, 'y:/answer_sheet\\24-07\\280_IMG-20240705-WA0069.jpeg'], [0, 'y:/fp_image\\24-01\\280_IMG-20240103-WA0000.jpeg']]
[[1, 'y:/answer_sheet\\24-07\\280_IMG-20240705-WA0076.jpeg'], [0, 'y:/fp_image\\24-01\\280_IMG-20240102-WA0000.jpeg']]
[[1, 'y:/answer_sheet\\24-07\\280_IMG-20240705-WA0079.jpeg'], [0, 'y:/fp_image\\24-01\\280_IMG-20240103-WA0000.jpeg']]
[[1, 'y:/answer_sheet\\24-07\\280_IMG-20240705-WA0085.jpeg'], [0, 'y:/fp_image\\24-01\\280_IMG-20240102-WA0000.jpeg']]
[[1, 'y:/answer_sheet\\24-07\\280_IMG-20240705-WA0087.jpeg'], [0, 'y:/fp_image\\24-01\\280_IMG-20240103-WA0000.jpeg']]
[[1, 'y:/answer_sheet\\24-07\\280_IMG-20240705-WA0095.jpeg'], [0, 'y:/fp_image\\24-01\\280_IMG-20240102-WA0000.jpeg']]
[[1, 'y:/answer_sheet\\24-07\\280_IMG-20240705-WA0097.jpeg'], [0, 'y:/fp_image\\24-01\\280_IMG-20240103-WA0000.jpeg']]
[[1, 'y:/answer_sheet\\24-07\\280_IMG-20240705-WA0103.jpeg'], [0, 'y:/fp_image\\24-01\\280_IMG-20240102-WA0000.jpeg']]
[[1, 'y:/answer_sheet\\24-07\\280_IMG-20240705-WA0105.jpeg'], [0, 'y:/fp_image\\24-01\\280_IMG-20240103-WA0000.jpeg']]
[[0, 'y:/fp_image\\24-07\\280_IMG-20240705-WA0134.jpeg'], [1, 'y:/answer_sheet\\24-01\\280_IMG-20240101-WA0047.jpeg']]
[[0, 'y:/fp_image\\24-07\\280_IMG-20240708-WA0000.jpeg'], [1, 'y:/answer_sheet\\24-01\\280_IMG-20240101-WA0052.jpeg']]
[[0, 'y:/fp_image\\24-07\\280_IMG-20240710-WA0003.jpeg'], [1, 'y:/answer_sheet\\24-01\\280_IMG-20240101-WA0047.jpeg']]
[[0, 'y:/fp_image\\24-07\\280_IMG-20240711-WA0000.jpeg'], [1, 'y:/answer_sheet\\24-01\\280_IMG-20240101-WA0052.jpeg']]
[[0, 'y:/fp_image\\24-07\\280_IMG-20240716-WA0000.jpeg'], [1, 'y:/answer_sheet\\24-01\\280_IMG-20240101-WA0047.jpeg']]
[[0, 'y:/fp_image\\24-07\\280_IMG-20240717-WA0001.jpeg'], [1, 'y:/answer_sheet\\24-01\\280_IMG-20240101-WA0052.jpeg']]
[[0, 'y:/fp_image\\24-07\\280_IMG-20240719-WA0001.jpeg'], [1, 'y:/answer_sheet\\24-01\\280_IMG-20240101-WA0047.jpeg']]
[[0, 'y:/fp_image\\24-07\\280_IMG-20240719-WA0002.jpeg'], [1, 'y:/answer_sheet\\24-01\\280_IMG-20240101-WA0052.jpeg']]
[[0, 'y:/fp_image\\24-07\\280_IMG-20240723-WA0001.jpeg'], [1, 'y:/answer_sheet\\24-01\\280_IMG-20240101-WA0047.jpeg']]

two inputs and its TRUE target
[1, 0, 0]
[1, 0, 0]
[0, 1, 0]
[0, 1, 0]
[0, 1, 0]
[0, 1, 0]
[0, 1, 0]
[0, 1, 0]
[0, 1, 0]
[0, 1, 0]
[0, 1, 0]
[0, 1, 0]
[0, 1, 0]
[0, 1, 0]
[0, 1, 0]
[0, 1, 0]
[0, 1, 0]
[0, 1, 0]
[0, 1, 0]
[0, 1, 0]
[0, 1, 0]
[0, 1, 0]
[0, 1, 0]
[1, 0, 0]
[1, 0, 0]
[1, 0, 0]
[1, 0, 0]
[1, 0, 0]
[1, 0, 0]
[1, 0, 0]
[1, 0, 0]
[1, 0, 0]
[1, 0, 0]
[1, 0, 0]
[1, 0, 0]
[1, 0, 0]
[1, 0, 0]
[1, 0, 0]
[1, 0, 0]
[1, 0, 0]
[1, 0, 0]
[1, 0, 0]
[1, 0, 0]
[1, 0, 0]
[1, 0, 0]
[1, 0, 0]
[1, 0, 0]
[1, 0, 0]
[0, 1, 0]
[0, 1, 0]
[0, 1, 0]
[0, 1, 0]
[0, 1, 0]
[0, 1, 0]
[0, 1, 0]
[0, 1, 0]
[0, 1, 0]

predicted similarity output/results
[[0.60199124]
 [0.60199124]
 [0.60199124]
 [0.60199124]
 [0.60199124]
 [0.60199124]
 [0.60199124]
 [0.60199124]
 [0.60199124]
 [0.6019914 ]
 [0.60199124]
 [0.6019921 ]
 [0.60199124]
 [0.60199124]
 [0.60199124]
 [0.6019914 ]
 [0.6019914 ]
 [0.60199124]
 [0.60199124]
 [0.60199124]
 [0.60199124]
 [0.60199124]
 [0.60199124]
 [0.60199124]
 [0.60199124]
 [0.60199124]
 [0.60199124]
 [0.60199124]
 [0.60199124]
 [0.60199124]
 [0.60199124]
 [0.60199124]
 [0.60199124]
 [0.60199124]
 [0.60199124]
 [0.60199124]
 [0.60199124]
 [0.60199124]
 [0.60199124]
 [0.60199124]
 [0.60199124]
 [0.60199124]
 [0.60199124]
 [0.60199124]
 [0.60199124]
 [0.60199124]
 [0.60199124]
 [0.60199124]
 [0.60199124]
 [0.60199124]
 [0.60199124]
 [0.60199124]
 [0.60199124]
 [0.60199124]
 [0.60199124]
 [0.60199124]
 [0.60199124]]
