~o
<STREAMINFO> 1 6
<VECSIZE> 6<NULLD><MFCC><DIAGC>
~h "bg_board_5"
<BEGINHMM>
<NUMSTATES> 5
<STATE> 2
<MEAN> 6
 3.919044e+02 1.225067e+01 7.072861e+00 3.826488e+00 2.566050e+00 1.251183e+00
<VARIANCE> 6
 8.008043e+04 3.006998e+02 1.703182e+02 1.846137e+01 1.159199e+01 2.752239e+00
<GCONST> 3.954024e+01
<STATE> 3
<MEAN> 6
 5.818508e+02 5.227007e+01 2.302588e+01 1.522166e+01 1.269538e+01 7.714770e+00
<VARIANCE> 6
 4.571789e+04 3.124299e+03 1.466254e+03 1.685618e+02 2.015417e+02 8.008205e+01
<GCONST> 5.191129e+01
<STATE> 4
<MEAN> 6
 3.810209e+02 5.014031e+00 5.062301e+00 1.841928e+00 1.855593e+00 8.218544e-01
<VARIANCE> 6
 5.156112e+04 5.436395e+01 1.309897e+02 4.817482e+00 8.423085e+00 1.833227e+00
<GCONST> 3.505791e+01
<TRANSP> 5
 0.000000e+00 1.000000e+00 0.000000e+00 0.000000e+00 0.000000e+00
 0.000000e+00 9.563605e-01 4.363953e-02 0.000000e+00 0.000000e+00
 0.000000e+00 0.000000e+00 9.565709e-01 4.342917e-02 0.000000e+00
 0.000000e+00 0.000000e+00 0.000000e+00 9.584355e-01 4.156449e-02
 0.000000e+00 0.000000e+00 0.000000e+00 0.000000e+00 0.000000e+00
<ENDHMM>
