~o
<STREAMINFO> 1 6
<VECSIZE> 6<NULLD><MFCC><DIAGC>
~h "fp_screen"
<BEGINHMM>
<NUMSTATES> 5
<STATE> 2
<MEAN> 6
 5.617673e+02 4.953415e+00 6.489304e+00 1.850820e+00 2.388485e+00 9.361714e-01
<VARIANCE> 6
 6.348766e+04 7.383210e+01 3.598344e+02 7.717680e+00 2.196176e+01 2.583449e+00
<GCONST> 3.835524e+01
<STATE> 3
<MEAN> 6
 5.283546e+02 4.336861e+01 1.722365e+01 1.269421e+01 7.928759e+00 4.372397e+00
<VARIANCE> 6
 4.952473e+04 2.504298e+03 9.926554e+02 1.328784e+02 1.030233e+02 2.616867e+01
<GCONST> 4.935259e+01
<STATE> 4
<MEAN> 6
 3.171295e+02 6.989626e+00 4.143512e+00 1.771492e+00 1.220057e+00 4.915882e-01
<VARIANCE> 6
 1.863305e+04 9.448097e+01 3.359285e+01 4.557444e+00 2.130747e+00 4.178714e-01
<GCONST> 3.032332e+01
<TRANSP> 5
 0.000000e+00 1.000000e+00 0.000000e+00 0.000000e+00 0.000000e+00
 0.000000e+00 9.484110e-01 5.158894e-02 0.000000e+00 0.000000e+00
 0.000000e+00 0.000000e+00 9.621556e-01 3.784439e-02 0.000000e+00
 0.000000e+00 0.000000e+00 0.000000e+00 9.586640e-01 4.133598e-02
 0.000000e+00 0.000000e+00 0.000000e+00 0.000000e+00 0.000000e+00
<ENDHMM>
