~o
<STREAMINFO> 1 6
<VECSIZE> 6<NULLD><MFCC><DIAGC>
~h "fp_logo_0"
<BEGINHMM>
<NUMSTATES> 5
<STATE> 2
<MEAN> 6
 1.327076e+02 1.002748e+01 4.364764e+00 4.309582e+00 2.164039e+00 7.932672e-01
<VARIANCE> 6
 1.855763e+03 1.278660e+02 1.821064e+01 1.478223e+01 2.520189e+00 3.613552e-01
<GCONST> 2.890617e+01
<STATE> 3
<MEAN> 6
 1.479307e+02 1.112602e+01 5.036572e+00 5.066925e+00 2.872565e+00 1.443252e+00
<VARIANCE> 6
 2.726557e+03 1.888290e+02 2.299523e+01 2.620847e+01 5.153321e+00 1.629030e+00
<GCONST> 3.270789e+01
<STATE> 4
<MEAN> 6
 1.301610e+02 3.464782e+00 2.286304e+00 1.144665e+00 9.199470e-01 3.180720e-01
<VARIANCE> 6
 1.064845e+03 1.566323e+01 3.646304e+00 1.617637e+00 4.715110e-01 4.211485e-02
<GCONST> 1.860468e+01
<TRANSP> 5
 0.000000e+00 1.000000e+00 0.000000e+00 0.000000e+00 0.000000e+00
 0.000000e+00 4.488418e-01 5.511582e-01 0.000000e+00 0.000000e+00
 0.000000e+00 0.000000e+00 1.933516e-01 8.066484e-01 0.000000e+00
 0.000000e+00 0.000000e+00 0.000000e+00 8.959773e-01 1.040227e-01
 0.000000e+00 0.000000e+00 0.000000e+00 0.000000e+00 0.000000e+00
<ENDHMM>
~h "fp_logo_1"
<BEGINHMM>
<NUMSTATES> 5
<STATE> 2
<MEAN> 6
 1.411838e+02 5.496309e+00 3.345094e+00 2.530656e+00 1.905754e+00 1.155043e+00
<VARIANCE> 6
 2.072851e+03 4.483559e+01 6.537957e+00 4.452538e+00 1.508669e+00 1.224750e+00
<GCONST> 2.645201e+01
<STATE> 3
<MEAN> 6
 2.955344e+02 4.867545e+01 5.879562e+01 1.549570e+01 1.638428e+01 7.101581e+00
<VARIANCE> 6
 3.138459e+04 3.714873e+03 5.783275e+03 2.635433e+02 2.888626e+02 4.818737e+01
<GCONST> 5.337943e+01
<STATE> 4
<MEAN> 6
 1.921481e+02 1.983507e+01 1.084672e+01 7.356534e+00 5.710474e+00 3.012322e+00
<VARIANCE> 6
 5.603351e+03 1.402276e+03 4.026189e+02 9.151048e+01 6.709741e+01 9.026998e+00
<GCONST> 4.382504e+01
<TRANSP> 5
 0.000000e+00 1.000000e+00 0.000000e+00 0.000000e+00 0.000000e+00
 0.000000e+00 6.137246e-01 3.862754e-01 0.000000e+00 0.000000e+00
 0.000000e+00 0.000000e+00 3.631383e-01 6.368616e-01 0.000000e+00
 0.000000e+00 0.000000e+00 0.000000e+00 1.596448e-01 8.403552e-01
 0.000000e+00 0.000000e+00 0.000000e+00 0.000000e+00 0.000000e+00
<ENDHMM>
~h "fp_logo_2"
<BEGINHMM>
<NUMSTATES> 5
<STATE> 2
<MEAN> 6
 2.009788e+02 2.344680e+01 2.092387e+01 9.212329e+00 7.034029e+00 3.611468e+00
<VARIANCE> 6
 5.566508e+03 1.339305e+03 1.437152e+03 1.238596e+02 9.043398e+01 2.454232e+01
<GCONST> 4.664628e+01
<STATE> 3
<MEAN> 6
 4.223211e+02 8.450057e+01 8.335276e+01 2.232596e+01 2.402599e+01 8.779671e+00
<VARIANCE> 6
 3.887760e+04 6.691407e+03 7.549417e+03 4.152112e+02 4.020827e+02 6.427702e+01
<GCONST> 5.552189e+01
<STATE> 4
<MEAN> 6
 1.750011e+02 1.047577e+01 5.427485e+00 4.984906e+00 3.422771e+00 2.311448e+00
<VARIANCE> 6
 2.803665e+03 2.073780e+02 4.717147e+01 2.680808e+01 1.589768e+01 4.408213e+00
<GCONST> 3.569263e+01
<TRANSP> 5
 0.000000e+00 1.000000e+00 0.000000e+00 0.000000e+00 0.000000e+00
 0.000000e+00 2.698703e-02 9.730129e-01 0.000000e+00 0.000000e+00
 0.000000e+00 0.000000e+00 7.222633e-01 2.777367e-01 0.000000e+00
 0.000000e+00 0.000000e+00 0.000000e+00 4.575779e-01 5.424222e-01
 0.000000e+00 0.000000e+00 0.000000e+00 0.000000e+00 0.000000e+00
<ENDHMM>
~h "fp_logo_3"
<BEGINHMM>
<NUMSTATES> 5
<STATE> 2
<MEAN> 6
 2.164185e+02 1.402236e+01 1.583941e+01 6.198923e+00 6.274187e+00 2.667025e+00
<VARIANCE> 6
 1.127085e+04 4.614235e+02 1.372136e+03 6.134706e+01 9.286234e+01 7.644208e+00
<GCONST> 4.439729e+01
<STATE> 3
<MEAN> 6
 3.554402e+02 7.347014e+01 4.479298e+01 2.202311e+01 1.270284e+01 6.826237e+00
<VARIANCE> 6
 4.182844e+04 7.658521e+03 4.484100e+03 4.946143e+02 2.217351e+02 5.015941e+01
<GCONST> 5.454093e+01
<STATE> 4
<MEAN> 6
 2.059072e+02 9.094451e+00 3.107567e+00 2.558806e+00 1.578888e+00 7.892835e-01
<VARIANCE> 6
 2.647708e+03 9.394788e+01 5.897780e+00 6.517797e+00 1.222355e+00 6.387906e-01
<GCONST> 2.685316e+01
<TRANSP> 5
 0.000000e+00 1.000000e+00 0.000000e+00 0.000000e+00 0.000000e+00
 0.000000e+00 2.747136e-02 9.725286e-01 0.000000e+00 0.000000e+00
 0.000000e+00 0.000000e+00 4.565111e-01 5.434889e-01 0.000000e+00
 0.000000e+00 0.000000e+00 0.000000e+00 6.491932e-01 3.508068e-01
 0.000000e+00 0.000000e+00 0.000000e+00 0.000000e+00 0.000000e+00
<ENDHMM>
~h "fp_logo_4"
<BEGINHMM>
<NUMSTATES> 5
<STATE> 2
<MEAN> 6
 2.054903e+02 1.919110e+01 4.135749e+00 9.137475e+00 2.178182e+00 1.080762e+00
<VARIANCE> 6
 3.417436e+03 4.245255e+02 1.616992e+01 4.080254e+01 1.937114e+00 9.723098e-01
<GCONST> 3.233990e+01
<STATE> 3
<MEAN> 6
 2.285993e+02 2.254116e+01 1.052898e+01 7.381925e+00 3.286528e+00 2.109069e+00
<VARIANCE> 6
 4.500372e+03 1.475970e+03 3.332253e+02 1.040884e+02 8.770856e+00 8.330754e+00
<GCONST> 4.148169e+01
<STATE> 4
<MEAN> 6
 2.325579e+02 3.850160e+00 3.835043e+00 1.781230e+00 1.819827e+00 5.997396e-01
<VARIANCE> 6
 3.434069e+03 8.985144e+00 1.060409e+01 1.049734e+00 1.090919e+00 2.114366e-01
<GCONST> 2.230730e+01
<TRANSP> 5
 0.000000e+00 1.000000e+00 0.000000e+00 0.000000e+00 0.000000e+00
 0.000000e+00 6.593395e-01 3.406605e-01 0.000000e+00 0.000000e+00
 0.000000e+00 0.000000e+00 2.290572e-01 7.709429e-01 0.000000e+00
 0.000000e+00 0.000000e+00 0.000000e+00 8.783085e-01 1.216915e-01
 0.000000e+00 0.000000e+00 0.000000e+00 0.000000e+00 0.000000e+00
<ENDHMM>
~h "fp_logo_5"
<BEGINHMM>
<NUMSTATES> 5
<STATE> 2
<MEAN> 6
 2.794639e+02 5.790809e+00 4.470469e+00 2.705006e+00 2.370817e+00 1.153605e+00
<VARIANCE> 6
 5.084107e+03 3.593167e+01 2.030218e+01 8.344629e+00 3.247345e+00 8.178910e-01
<GCONST> 2.925191e+01
<STATE> 3
<MEAN> 6
 2.858458e+02 6.147259e+00 5.764540e+00 2.688572e+00 2.668133e+00 1.452471e+00
<VARIANCE> 6
 5.007748e+03 5.239516e+01 6.285039e+01 1.006983e+01 5.566482e+00 3.768220e+00
<GCONST> 3.299849e+01
<STATE> 4
<MEAN> 6
 3.547813e+02 2.655883e+00 2.904073e+00 1.187117e+00 1.118440e+00 3.893813e-01
<VARIANCE> 6
 8.217054e+03 6.246490e+00 5.514647e+00 1.349697e+00 7.783407e-01 1.164435e-01
<GCONST> 2.147960e+01
<TRANSP> 5
 0.000000e+00 1.000000e+00 0.000000e+00 0.000000e+00 0.000000e+00
 0.000000e+00 1.395663e-01 8.604337e-01 0.000000e+00 0.000000e+00
 0.000000e+00 0.000000e+00 8.537629e-02 9.146237e-01 0.000000e+00
 0.000000e+00 0.000000e+00 0.000000e+00 9.224777e-01 7.752229e-02
 0.000000e+00 0.000000e+00 0.000000e+00 0.000000e+00 0.000000e+00
<ENDHMM>
~h "bg_white_0"
<BEGINHMM>
<NUMSTATES> 5
<STATE> 2
<MEAN> 6
 7.572272e+02 2.337144e+00 4.606145e+00 1.012045e+00 1.531261e+00 6.408291e-01
<VARIANCE> 6
 6.367158e+03 3.390802e+01 3.890878e+02 2.885053e+00 1.826706e+01 1.271950e+00
<GCONST> 3.347882e+01
<STATE> 3
<MEAN> 6
 6.957590e+02 3.631694e+01 2.845015e+01 1.431570e+01 1.690873e+01 1.076009e+01
<VARIANCE> 6
 8.713511e+03 1.625326e+03 1.800880e+03 1.433403e+02 2.386294e+02 1.307982e+02
<GCONST> 5.030318e+01
<STATE> 4
<MEAN> 6
 7.333622e+02 4.478874e+00 4.885425e+00 2.469788e+00 2.716847e+00 1.806788e+00
<VARIANCE> 6
 1.896645e+04 4.774752e+01 1.000080e+02 1.003135e+01 1.798446e+01 4.970820e+00
<GCONST> 3.614767e+01
<TRANSP> 5
 0.000000e+00 1.000000e+00 0.000000e+00 0.000000e+00 0.000000e+00
 0.000000e+00 9.123820e-01 8.761800e-02 0.000000e+00 0.000000e+00
 0.000000e+00 0.000000e+00 5.908964e-01 4.091036e-01 0.000000e+00
 0.000000e+00 0.000000e+00 0.000000e+00 3.629811e-01 6.370189e-01
 0.000000e+00 0.000000e+00 0.000000e+00 0.000000e+00 0.000000e+00
<ENDHMM>
~h "fp_screen_0"
<BEGINHMM>
<NUMSTATES> 5
<STATE> 2
<MEAN> 6
 2.179930e+02 6.439209e+00 9.211600e+00 2.455145e+00 3.426798e+00 8.691055e-01
<VARIANCE> 6
 2.106436e+04 5.603675e+01 2.586912e+02 6.643732e+00 2.119318e+01 8.697106e-01
<GCONST> 3.537201e+01
<STATE> 3
<MEAN> 6
 4.431009e+02 3.338525e+01 2.962774e+01 7.075780e+00 7.380640e+00 3.178260e+00
<VARIANCE> 6
 4.008196e+04 2.229345e+03 1.552110e+03 5.306167e+01 5.736478e+01 2.269359e+01
<GCONST> 4.782574e+01
<STATE> 4
<MEAN> 6
 4.299011e+02 8.939312e+00 3.679309e+00 2.466626e+00 1.822704e+00 9.253919e-01
<VARIANCE> 6
 1.815333e+04 1.360868e+02 1.680494e+01 7.610231e+00 2.503123e+00 1.181502e+00
<GCONST> 3.168266e+01
<TRANSP> 5
 0.000000e+00 1.000000e+00 0.000000e+00 0.000000e+00 0.000000e+00
 0.000000e+00 6.165326e-01 3.834674e-01 0.000000e+00 0.000000e+00
 0.000000e+00 0.000000e+00 2.371262e-01 7.628738e-01 0.000000e+00
 0.000000e+00 0.000000e+00 0.000000e+00 5.105759e-01 4.894240e-01
 0.000000e+00 0.000000e+00 0.000000e+00 0.000000e+00 0.000000e+00
<ENDHMM>
~h "fp_screen_1"
<BEGINHMM>
<NUMSTATES> 5
<STATE> 2
<MEAN> 6
 3.762772e+02 1.187424e+01 6.336278e+00 3.727223e+00 2.494501e+00 1.243213e+00
<VARIANCE> 6
 2.365638e+04 2.542010e+02 1.287564e+02 1.617479e+01 9.522820e+00 2.318465e+00
<GCONST> 3.737275e+01
<STATE> 3
<MEAN> 6
 4.942559e+02 5.039793e+01 2.474279e+01 1.438800e+01 6.542751e+00 2.963287e+00
<VARIANCE> 6
 4.257762e+04 3.346161e+03 1.534306e+03 2.606132e+02 6.261847e+01 1.694833e+01
<GCONST> 4.966802e+01
<STATE> 4
<MEAN> 6
 4.194869e+02 1.284984e+01 4.292511e+00 3.177307e+00 1.951683e+00 9.129243e-01
<VARIANCE> 6
 1.954252e+04 2.138408e+02 3.023293e+01 1.490988e+01 2.563424e+00 9.679619e-01
<GCONST> 3.329258e+01
<TRANSP> 5
 0.000000e+00 1.000000e+00 0.000000e+00 0.000000e+00 0.000000e+00
 0.000000e+00 1.403010e-01 8.596990e-01 0.000000e+00 0.000000e+00
 0.000000e+00 0.000000e+00 4.558279e-01 5.441721e-01 0.000000e+00
 0.000000e+00 0.000000e+00 0.000000e+00 5.248981e-01 4.751019e-01
 0.000000e+00 0.000000e+00 0.000000e+00 0.000000e+00 0.000000e+00
<ENDHMM>
~h "fp_screen_2"
<BEGINHMM>
<NUMSTATES> 5
<STATE> 2
<MEAN> 6
 3.807442e+02 1.320246e+01 8.156846e+00 4.353324e+00 3.286002e+00 1.403677e+00
<VARIANCE> 6
 1.606321e+04 2.646255e+02 1.779452e+02 2.224844e+01 8.835202e+00 1.976482e+00
<GCONST> 3.743368e+01
<STATE> 3
<MEAN> 6
 5.652346e+02 8.729495e+01 3.929271e+01 2.195328e+01 1.750094e+01 7.940743e+00
<VARIANCE> 6
 3.844641e+04 6.225908e+03 2.642477e+03 2.286385e+02 3.261084e+02 5.882401e+01
<GCONST> 5.349415e+01
<STATE> 4
<MEAN> 6
 4.661733e+02 4.791214e+01 1.433641e+01 1.163299e+01 5.916475e+00 2.878904e+00
<VARIANCE> 6
 3.239363e+04 2.167811e+03 5.384394e+02 1.017816e+02 5.600231e+01 1.010133e+01
<GCONST> 4.634402e+01
<TRANSP> 5
 0.000000e+00 1.000000e+00 0.000000e+00 0.000000e+00 0.000000e+00
 0.000000e+00 2.805529e-01 7.194471e-01 0.000000e+00 0.000000e+00
 0.000000e+00 0.000000e+00 6.290790e-01 3.709210e-01 0.000000e+00
 0.000000e+00 0.000000e+00 0.000000e+00 2.992043e-01 7.007957e-01
 0.000000e+00 0.000000e+00 0.000000e+00 0.000000e+00 0.000000e+00
<ENDHMM>
~h "fp_screen_3"
<BEGINHMM>
<NUMSTATES> 5
<STATE> 2
<MEAN> 6
 4.352587e+02 3.741772e+01 1.709875e+01 1.118506e+01 7.276836e+00 3.673341e+00
<VARIANCE> 6
 2.800331e+04 1.644528e+03 7.552634e+02 1.002224e+02 8.507854e+01 1.432951e+01
<GCONST> 4.701291e+01
<STATE> 3
<MEAN> 6
 5.631589e+02 7.164928e+01 4.630350e+01 1.727827e+01 1.572178e+01 7.598769e+00
<VARIANCE> 6
 4.324070e+04 5.057945e+03 3.292504e+03 1.461943e+02 2.000177e+02 4.922949e+01
<GCONST> 5.250975e+01
<STATE> 4
<MEAN> 6
 3.678388e+02 1.097413e+01 4.220670e+00 2.944973e+00 1.884666e+00 9.347971e-01
<VARIANCE> 6
 1.186003e+04 1.342320e+02 1.549287e+01 8.054791e+00 1.711219e+00 9.674402e-01
<GCONST> 3.063851e+01
<TRANSP> 5
 0.000000e+00 1.000000e+00 0.000000e+00 0.000000e+00 0.000000e+00
 0.000000e+00 1.632254e-01 8.367746e-01 0.000000e+00 0.000000e+00
 0.000000e+00 0.000000e+00 5.555481e-01 4.444519e-01 0.000000e+00
 0.000000e+00 0.000000e+00 0.000000e+00 7.943816e-01 2.056184e-01
 0.000000e+00 0.000000e+00 0.000000e+00 0.000000e+00 0.000000e+00
<ENDHMM>
~h "fp_screen_4"
<BEGINHMM>
<NUMSTATES> 5
<STATE> 2
<MEAN> 6
 3.304106e+02 2.910724e+01 6.176576e+00 7.278749e+00 2.913193e+00 1.651070e+00
<VARIANCE> 6
 1.245299e+04 7.509874e+02 4.227296e+01 3.412244e+01 4.510517e+00 2.637596e+00
<GCONST> 3.682875e+01
<STATE> 3
<MEAN> 6
 4.190405e+02 1.960229e+01 2.387558e+01 6.848315e+00 6.550030e+00 2.720441e+00
<VARIANCE> 6
 3.248491e+04 8.780958e+02 1.759754e+03 7.342522e+01 8.394355e+01 8.948715e+00
<GCONST> 4.658440e+01
<STATE> 4
<MEAN> 6
 3.273135e+02 5.610126e+00 5.890696e+00 1.896714e+00 1.811576e+00 6.590519e-01
<VARIANCE> 6
 7.210538e+03 2.400747e+01 5.264240e+01 2.168529e+00 2.181163e+00 2.856878e-01
<GCONST> 2.735350e+01
<TRANSP> 5
 0.000000e+00 1.000000e+00 0.000000e+00 0.000000e+00 0.000000e+00
 0.000000e+00 5.740981e-01 4.259019e-01 0.000000e+00 0.000000e+00
 0.000000e+00 0.000000e+00 1.971709e-01 8.028290e-01 0.000000e+00
 0.000000e+00 0.000000e+00 0.000000e+00 9.162919e-01 8.370813e-02
 0.000000e+00 0.000000e+00 0.000000e+00 0.000000e+00 0.000000e+00
<ENDHMM>
~h "fp_screen_5"
<BEGINHMM>
<NUMSTATES> 5
<STATE> 2
<MEAN> 6
 2.811309e+02 6.754014e+00 1.002957e+01 3.268682e+00 4.576626e+00 1.812591e+00
<VARIANCE> 6
 7.332095e+03 4.131826e+01 1.066711e+02 5.674944e+00 1.339846e+01 1.926736e+00
<GCONST> 3.330536e+01
<STATE> 3
<MEAN> 6
 3.574816e+02 2.054398e+01 3.410485e+01 6.918181e+00 9.044670e+00 2.516644e+00
<VARIANCE> 6
 1.619311e+04 1.526448e+03 1.059188e+03 9.140746e+01 7.910497e+01 1.402320e+01
<GCONST> 4.654238e+01
<STATE> 4
<MEAN> 6
 4.105030e+02 2.721822e+00 3.610294e+00 1.077473e+00 1.133415e+00 4.192438e-01
<VARIANCE> 6
 1.268600e+04 6.365473e+00 1.403828e+01 7.868763e-01 1.133425e+00 2.354261e-01
<GCONST> 2.340740e+01
<TRANSP> 5
 0.000000e+00 1.000000e+00 0.000000e+00 0.000000e+00 0.000000e+00
 0.000000e+00 5.007517e-01 4.992484e-01 0.000000e+00 0.000000e+00
 0.000000e+00 0.000000e+00 3.274798e-01 6.725203e-01 0.000000e+00
 0.000000e+00 0.000000e+00 0.000000e+00 8.797501e-01 1.202499e-01
 0.000000e+00 0.000000e+00 0.000000e+00 0.000000e+00 0.000000e+00
<ENDHMM>
~h "bg_white_0_0"
<BEGINHMM>
<NUMSTATES> 5
<STATE> 2
<MEAN> 6
 7.857785e+02 2.320404e+00 1.954007e+00 9.719040e-01 9.274793e-01 4.703583e-01
<VARIANCE> 6
 1.774955e+03 1.533117e+01 1.473536e+01 2.427540e+00 4.070134e+00 7.191882e-01
<GCONST> 2.588985e+01
<STATE> 3
<MEAN> 6
 7.230032e+02 3.487515e+01 2.324568e+01 1.319728e+01 1.592783e+01 1.080265e+01
<VARIANCE> 6
 4.771859e+03 1.387046e+03 6.795057e+02 1.285614e+02 2.063867e+02 1.028949e+02
<GCONST> 4.807392e+01
<STATE> 4
<MEAN> 6
 7.492894e+02 2.536707e+01 8.102927e+00 1.031596e+01 8.059263e+00 6.311507e+00
<VARIANCE> 6
 3.387043e+03 9.226375e+02 9.173713e+01 8.359892e+01 6.725103e+01 3.024090e+01
<GCONST> 4.254480e+01
<TRANSP> 5
 0.000000e+00 1.000000e+00 0.000000e+00 0.000000e+00 0.000000e+00
 0.000000e+00 7.667921e-01 2.332079e-01 0.000000e+00 0.000000e+00
 0.000000e+00 0.000000e+00 3.686725e-01 6.313275e-01 0.000000e+00
 0.000000e+00 0.000000e+00 0.000000e+00 2.066876e-01 7.933124e-01
 0.000000e+00 0.000000e+00 0.000000e+00 0.000000e+00 0.000000e+00
<ENDHMM>
~h "bg_white_0_1"
<BEGINHMM>
<NUMSTATES> 5
<STATE> 2
<MEAN> 6
 7.516258e+02 2.874864e+01 9.843218e+00 1.121348e+01 9.319546e+00 7.097990e+00
<VARIANCE> 6
 2.646040e+03 8.822512e+02 1.199396e+02 7.172853e+01 6.829377e+01 2.958832e+01
<GCONST> 4.236163e+01
<STATE> 3
<MEAN> 6
 6.904595e+02 6.521450e+01 2.079602e+01 1.910789e+01 1.921965e+01 1.333848e+01
<VARIANCE> 6
 3.191235e+03 1.789333e+03 3.859657e+02 9.758001e+01 1.737703e+02 7.994088e+01
<GCONST> 4.666047e+01
<STATE> 4
<MEAN> 6
 7.692151e+02 1.066358e+01 4.296957e+00 5.356429e+00 4.273381e+00 3.805880e+00
<VARIANCE> 6
 2.070531e+03 2.332300e+02 2.979173e+01 2.883337e+01 2.079308e+01 1.137024e+01
<GCONST> 3.633624e+01
<TRANSP> 5
 0.000000e+00 1.000000e+00 0.000000e+00 0.000000e+00 0.000000e+00
 0.000000e+00 3.944236e-01 6.055764e-01 0.000000e+00 0.000000e+00
 0.000000e+00 0.000000e+00 7.944298e-01 2.055701e-01 0.000000e+00
 0.000000e+00 0.000000e+00 0.000000e+00 5.444263e-01 4.555737e-01
 0.000000e+00 0.000000e+00 0.000000e+00 0.000000e+00 0.000000e+00
<ENDHMM>
~h "bg_white_0_2"
<BEGINHMM>
<NUMSTATES> 5
<STATE> 2
<MEAN> 6
 7.432893e+02 3.160663e+01 1.254136e+01 1.267505e+01 1.115627e+01 7.822615e+00
<VARIANCE> 6
 2.229003e+03 7.362812e+02 1.713746e+02 6.679588e+01 7.881571e+01 3.414118e+01
<GCONST> 4.258129e+01
<STATE> 3
<MEAN> 6
 6.835405e+02 5.632206e+01 2.366097e+01 2.113650e+01 2.153963e+01 1.604028e+01
<VARIANCE> 6
 5.385542e+03 2.078622e+03 5.148677e+02 1.798457e+02 2.533581e+02 1.609604e+02
<GCONST> 4.931017e+01
<STATE> 4
<MEAN> 6
 7.588629e+02 1.262616e+01 4.390825e+00 6.024509e+00 4.470699e+00 3.767934e+00
<VARIANCE> 6
 3.355320e+03 3.490145e+02 2.805834e+01 3.996624e+01 2.444689e+01 1.250370e+01
<GCONST> 3.774553e+01
<TRANSP> 5
 0.000000e+00 1.000000e+00 0.000000e+00 0.000000e+00 0.000000e+00
 0.000000e+00 5.282381e-01 4.717619e-01 0.000000e+00 0.000000e+00
 0.000000e+00 0.000000e+00 6.797820e-01 3.202180e-01 0.000000e+00
 0.000000e+00 0.000000e+00 0.000000e+00 4.112622e-01 5.887378e-01
 0.000000e+00 0.000000e+00 0.000000e+00 0.000000e+00 0.000000e+00
<ENDHMM>
~h "bg_white_0_3"
<BEGINHMM>
<NUMSTATES> 5
<STATE> 2
<MEAN> 6
 7.331912e+02 2.899873e+01 1.082567e+01 1.114100e+01 1.006751e+01 6.876623e+00
<VARIANCE> 6
 5.412884e+03 8.031248e+02 1.572344e+02 7.171073e+01 9.270626e+01 3.843518e+01
<GCONST> 4.382109e+01
<STATE> 3
<MEAN> 6
 6.967099e+02 4.836251e+01 2.162709e+01 1.704117e+01 1.765189e+01 1.245672e+01
<VARIANCE> 6
 4.915000e+03 1.422024e+03 4.477850e+02 1.138771e+02 1.794335e+02 1.021430e+02
<GCONST> 4.744276e+01
<STATE> 4
<MEAN> 6
 7.626695e+02 7.560567e+00 3.741087e+00 4.302791e+00 3.218261e+00 2.857527e+00
<VARIANCE> 6
 2.098045e+03 1.156915e+02 2.994518e+01 2.211707e+01 1.274304e+01 8.687400e+00
<GCONST> 3.462953e+01
<TRANSP> 5
 0.000000e+00 1.000000e+00 0.000000e+00 0.000000e+00 0.000000e+00
 0.000000e+00 2.288188e-01 7.711812e-01 0.000000e+00 0.000000e+00
 0.000000e+00 0.000000e+00 5.982493e-01 4.017508e-01 0.000000e+00
 0.000000e+00 0.000000e+00 0.000000e+00 6.592383e-01 3.407617e-01
 0.000000e+00 0.000000e+00 0.000000e+00 0.000000e+00 0.000000e+00
<ENDHMM>
~h "bg_white_0_4"
<BEGINHMM>
<NUMSTATES> 5
<STATE> 2
<MEAN> 6
 7.407335e+02 2.086229e+01 1.103056e+01 9.416038e+00 8.258989e+00 5.683535e+00
<VARIANCE> 6
 3.947146e+03 4.759376e+02 1.992166e+02 6.498037e+01 7.197479e+01 2.704614e+01
<GCONST> 4.251564e+01
<STATE> 3
<MEAN> 6
 6.884013e+02 5.218071e+01 1.989669e+01 1.687252e+01 1.593714e+01 1.129321e+01
<VARIANCE> 6
 6.746014e+03 1.876256e+03 4.040869e+02 1.101327e+02 1.712532e+02 9.047150e+01
<GCONST> 4.773250e+01
<STATE> 4
<MEAN> 6
 7.612751e+02 2.702143e+00 1.633241e+00 1.388886e+00 1.153484e+00 1.068584e+00
<VARIANCE> 6
 2.818795e+03 1.646596e+01 4.870099e+00 3.691792e+00 2.775446e+00 3.016327e+00
<GCONST> 2.678670e+01
<TRANSP> 5
 0.000000e+00 1.000000e+00 0.000000e+00 0.000000e+00 0.000000e+00
 0.000000e+00 3.106337e-01 6.893663e-01 0.000000e+00 0.000000e+00
 0.000000e+00 0.000000e+00 6.946516e-01 3.053484e-01 0.000000e+00
 0.000000e+00 0.000000e+00 0.000000e+00 9.131021e-01 8.689795e-02
 0.000000e+00 0.000000e+00 0.000000e+00 0.000000e+00 0.000000e+00
<ENDHMM>
~h "bg_white_0_5"
<BEGINHMM>
<NUMSTATES> 5
<STATE> 2
<MEAN> 6
 7.531536e+02 3.323150e+00 4.386280e+00 1.544358e+00 2.322409e+00 9.659417e-01
<VARIANCE> 6
 3.842526e+03 5.586722e+01 4.152414e+01 1.140514e+01 1.439627e+01 4.996393e+00
<GCONST> 3.374015e+01
<STATE> 3
<MEAN> 6
 5.918229e+02 4.763095e+01 5.610780e+01 1.576201e+01 2.253319e+01 9.193604e+00
<VARIANCE> 6
 2.406239e+04 3.782654e+03 4.751874e+03 2.911645e+02 3.193081e+02 1.519068e+02
<GCONST> 5.428345e+01
<STATE> 4
<MEAN> 6
 3.436456e+02 7.613870e+00 6.266533e+00 2.851750e+00 2.325813e+00 9.491763e-01
<VARIANCE> 6
 2.777552e+04 1.519835e+02 3.148322e+02 1.768188e+01 2.284530e+01 6.142340e+00
<GCONST> 3.985147e+01
<TRANSP> 5
 0.000000e+00 1.000000e+00 0.000000e+00 0.000000e+00 0.000000e+00
 0.000000e+00 5.657044e-01 4.342956e-01 0.000000e+00 0.000000e+00
 0.000000e+00 0.000000e+00 5.139596e-01 4.860404e-01 0.000000e+00
 0.000000e+00 0.000000e+00 0.000000e+00 7.765204e-01 2.234796e-01
 0.000000e+00 0.000000e+00 0.000000e+00 0.000000e+00 0.000000e+00
<ENDHMM>
~h "bg_dark_0"
<BEGINHMM>
<NUMSTATES> 5
<STATE> 2
<MEAN> 6
 2.294757e+02 1.294029e+01 8.337037e+00 3.658768e+00 2.940791e+00 1.253179e+00
<VARIANCE> 6
 1.300141e+04 5.773363e+02 4.909639e+01 1.102832e+01 2.878690e+00 1.102680e+00
<GCONST> 3.430783e+01
<STATE> 3
<MEAN> 6
 2.773199e+02 3.413623e+01 1.191563e+01 9.280361e+00 4.656902e+00 2.495194e+00
<VARIANCE> 6
 1.778527e+04 1.651223e+03 1.107217e+02 9.214260e+01 6.269779e+00 3.517943e+00
<GCONST> 4.054664e+01
<STATE> 4
<MEAN> 6
 1.149699e+02 7.254242e+00 7.347616e+00 2.402497e+00 2.577591e+00 8.131773e-01
<VARIANCE> 6
 5.225311e+03 5.538244e+01 5.566779e+01 2.631474e+00 2.667458e+00 4.305416e-01
<GCONST> 2.872816e+01
<TRANSP> 5
 0.000000e+00 1.000000e+00 0.000000e+00 0.000000e+00 0.000000e+00
 0.000000e+00 6.622689e-01 3.377311e-01 0.000000e+00 0.000000e+00
 0.000000e+00 0.000000e+00 5.898615e-01 4.101384e-01 0.000000e+00
 0.000000e+00 0.000000e+00 0.000000e+00 8.400472e-01 1.599528e-01
 0.000000e+00 0.000000e+00 0.000000e+00 0.000000e+00 0.000000e+00
<ENDHMM>
~h "bg_dark_0_0"
<BEGINHMM>
<NUMSTATES> 5
<STATE> 2
<MEAN> 6
 2.417448e+02 1.906251e+01 6.422330e+00 4.595993e+00 2.929930e+00 1.380944e+00
<VARIANCE> 6
 2.178860e+04 4.113352e+02 2.674751e+01 7.042038e+00 2.395336e+00 1.063549e+00
<GCONST> 3.320929e+01
<STATE> 3
<MEAN> 6
 2.373566e+02 2.754937e+01 1.217861e+01 6.687922e+00 4.883725e+00 2.370879e+00
<VARIANCE> 6
 1.675643e+04 7.291445e+02 1.060797e+02 2.443527e+01 7.536738e+00 3.153273e+00
<GCONST> 3.837412e+01
<STATE> 4
<MEAN> 6
 1.800025e+02 9.679802e+00 1.076230e+01 2.688693e+00 2.786261e+00 9.168026e-01
<VARIANCE> 6
 9.594001e+03 8.064982e+01 1.017334e+02 3.175753e+00 2.998069e+00 4.841672e-01
<GCONST> 3.073682e+01
<TRANSP> 5
 0.000000e+00 1.000000e+00 0.000000e+00 0.000000e+00 0.000000e+00
 0.000000e+00 4.230121e-01 5.769879e-01 0.000000e+00 0.000000e+00
 0.000000e+00 0.000000e+00 3.942509e-01 6.057491e-01 0.000000e+00
 0.000000e+00 0.000000e+00 0.000000e+00 7.066330e-01 2.933670e-01
 0.000000e+00 0.000000e+00 0.000000e+00 0.000000e+00 0.000000e+00
<ENDHMM>
~h "bg_dark_0_1"
<BEGINHMM>
<NUMSTATES> 5
<STATE> 2
<MEAN> 6
 3.113262e+02 9.122722e+00 6.537076e+00 3.156545e+00 2.713092e+00 1.156717e+00
<VARIANCE> 6
 2.324712e+04 6.943365e+01 2.805913e+01 3.595649e+00 2.857802e+00 8.889320e-01
<GCONST> 3.086793e+01
<STATE> 3
<MEAN> 6
 2.242538e+02 2.600055e+01 1.914956e+01 6.636257e+00 4.839072e+00 2.106831e+00
<VARIANCE> 6
 1.702274e+04 5.516857e+02 3.537932e+02 1.841590e+01 9.911431e+00 2.583936e+00
<GCONST> 3.910748e+01
<STATE> 4
<MEAN> 6
 1.683882e+02 1.186793e+01 7.843473e+00 2.524026e+00 2.010418e+00 6.734482e-01
<VARIANCE> 6
 1.145745e+04 1.432477e+02 6.755936e+01 2.649452e+00 2.326909e+00 2.708949e-01
<GCONST> 3.006411e+01
<TRANSP> 5
 0.000000e+00 1.000000e+00 0.000000e+00 0.000000e+00 0.000000e+00
 0.000000e+00 6.958129e-01 3.041871e-01 0.000000e+00 0.000000e+00
 0.000000e+00 0.000000e+00 4.478254e-01 5.521746e-01 0.000000e+00
 0.000000e+00 0.000000e+00 0.000000e+00 7.712708e-01 2.287292e-01
 0.000000e+00 0.000000e+00 0.000000e+00 0.000000e+00 0.000000e+00
<ENDHMM>
~h "bg_dark_0_2"
<BEGINHMM>
<NUMSTATES> 5
<STATE> 2
<MEAN> 6
 2.130653e+02 1.365563e+01 1.142381e+01 3.652404e+00 3.687956e+00 1.432493e+00
<VARIANCE> 6
 2.006016e+04 1.528126e+02 1.091725e+02 3.672693e+00 5.286085e+00 9.163618e-01
<GCONST> 3.353455e+01
<STATE> 3
<MEAN> 6
 2.125645e+02 3.695631e+01 1.507385e+01 8.363918e+00 5.400635e+00 2.752233e+00
<VARIANCE> 6
 1.457005e+04 1.075021e+03 1.653659e+02 3.084506e+01 1.745900e+01 5.607949e+00
<GCONST> 4.071526e+01
<STATE> 4
<MEAN> 6
 2.178878e+02 1.553983e+01 4.923955e+00 2.868954e+00 1.592716e+00 6.403177e-01
<VARIANCE> 6
 2.289361e+04 2.487834e+02 2.668206e+01 4.179977e+00 1.597399e+00 3.537655e-01
<GCONST> 3.072601e+01
<TRANSP> 5
 0.000000e+00 1.000000e+00 0.000000e+00 0.000000e+00 0.000000e+00
 0.000000e+00 5.083128e-01 4.916873e-01 0.000000e+00 0.000000e+00
 0.000000e+00 0.000000e+00 5.166082e-01 4.833917e-01 0.000000e+00
 0.000000e+00 0.000000e+00 0.000000e+00 7.464035e-01 2.535965e-01
 0.000000e+00 0.000000e+00 0.000000e+00 0.000000e+00 0.000000e+00
<ENDHMM>
~h "bg_dark_0_3"
<BEGINHMM>
<NUMSTATES> 5
<STATE> 2
<MEAN> 6
 1.439048e+02 1.293758e+01 7.690019e+00 3.114613e+00 2.400571e+00 9.734336e-01
<VARIANCE> 6
 1.303847e+04 1.621228e+02 4.403027e+01 3.956038e+00 1.989137e+00 6.003092e-01
<GCONST> 3.092879e+01
<STATE> 3
<MEAN> 6
 2.751477e+02 4.474166e+01 1.445290e+01 1.031043e+01 4.989644e+00 2.865574e+00
<VARIANCE> 6
 1.886796e+04 1.433770e+03 1.432196e+02 5.181972e+01 1.078735e+01 4.651006e+00
<GCONST> 4.096815e+01
<STATE> 4
<MEAN> 6
 3.351953e+02 1.174661e+01 8.258894e+00 3.987500e+00 3.729908e+00 1.509306e+00
<VARIANCE> 6
 2.876593e+04 9.586087e+01 5.061730e+01 5.992392e+00 4.434961e+00 1.306442e+00
<GCONST> 3.332872e+01
<TRANSP> 5
 0.000000e+00 1.000000e+00 0.000000e+00 0.000000e+00 0.000000e+00
 0.000000e+00 6.448461e-01 3.551539e-01 0.000000e+00 0.000000e+00
 0.000000e+00 0.000000e+00 6.165041e-01 3.834959e-01 0.000000e+00
 0.000000e+00 0.000000e+00 0.000000e+00 6.646188e-01 3.353812e-01
 0.000000e+00 0.000000e+00 0.000000e+00 0.000000e+00 0.000000e+00
<ENDHMM>
~h "bg_dark_0_4"
<BEGINHMM>
<NUMSTATES> 5
<STATE> 2
<MEAN> 6
 1.756444e+02 1.401825e+01 9.339911e+00 4.050057e+00 3.262954e+00 1.719027e+00
<VARIANCE> 6
 1.996581e+04 1.703974e+02 5.192926e+01 6.482716e+00 3.845382e+00 1.429147e+00
<GCONST> 3.359015e+01
<STATE> 3
<MEAN> 6
 2.181138e+02 2.718723e+01 2.589914e+01 6.786333e+00 6.454655e+00 3.368339e+00
<VARIANCE> 6
 1.779196e+04 4.843682e+02 5.921742e+02 2.096157e+01 2.432081e+01 7.074711e+00
<GCONST> 4.157096e+01
<STATE> 4
<MEAN> 6
 8.810439e+01 8.233820e+00 8.638874e+00 1.893931e+00 2.191584e+00 6.016704e-01
<VARIANCE> 6
 1.582500e+03 7.282439e+01 7.215253e+01 1.425035e+00 2.435662e+00 1.751503e-01
<GCONST> 2.646316e+01
<TRANSP> 5
 0.000000e+00 1.000000e+00 0.000000e+00 0.000000e+00 0.000000e+00
 0.000000e+00 5.229700e-01 4.770301e-01 0.000000e+00 0.000000e+00
 0.000000e+00 0.000000e+00 4.967834e-01 5.032166e-01 0.000000e+00
 0.000000e+00 0.000000e+00 0.000000e+00 8.321878e-01 1.678121e-01
 0.000000e+00 0.000000e+00 0.000000e+00 0.000000e+00 0.000000e+00
<ENDHMM>
~h "bg_dark_0_5"
<BEGINHMM>
<NUMSTATES> 5
<STATE> 2
<MEAN> 6
 9.998366e+01 4.014057e+00 3.372168e+00 1.054466e+00 9.618397e-01 3.405235e-01
<VARIANCE> 6
 1.858951e+03 3.039990e+01 1.526692e+01 9.741969e-01 9.102788e-01 5.727557e-02
<GCONST> 2.171513e+01
<STATE> 3
<MEAN> 6
 1.273282e+02 1.701266e+01 1.407527e+01 4.957271e+00 5.065625e+00 2.007968e+00
<VARIANCE> 6
 2.152737e+03 2.769160e+02 2.025400e+02 1.208846e+01 1.187546e+01 5.129322e+00
<GCONST> 3.623811e+01
<STATE> 4
<MEAN> 6
 1.054132e+02 7.914032e+00 7.236495e+00 2.254785e+00 2.161108e+00 8.257771e-01
<VARIANCE> 6
 5.227265e+03 9.623312e+01 9.468775e+01 4.530120e+00 5.518817e+00 2.002126e+00
<GCONST> 3.261938e+01
<TRANSP> 5
 0.000000e+00 1.000000e+00 0.000000e+00 0.000000e+00 0.000000e+00
 0.000000e+00 8.886584e-01 1.113416e-01 0.000000e+00 0.000000e+00
 0.000000e+00 0.000000e+00 7.247625e-01 2.752374e-01 0.000000e+00
 0.000000e+00 0.000000e+00 0.000000e+00 6.641729e-01 3.358271e-01
 0.000000e+00 0.000000e+00 0.000000e+00 0.000000e+00 0.000000e+00
<ENDHMM>
~h "bg_red_0"
<BEGINHMM>
<NUMSTATES> 5
<STATE> 2
<MEAN> 6
 2.878338e+02 8.549917e+00 5.458085e+00 4.054396e+00 3.030647e+00 2.009643e+00
<VARIANCE> 6
 1.462703e+04 1.460450e+02 3.661987e+01 2.535704e+01 4.376912e+00 4.485368e+00
<GCONST> 3.541262e+01
<STATE> 3
<MEAN> 6
 4.358461e+02 3.595969e+01 9.399698e+00 1.063126e+01 2.782100e+00 1.748041e+00
<VARIANCE> 6
 4.834350e+04 2.222308e+03 4.280638e+02 1.438375e+02 1.254144e+01 4.916439e+00
<GCONST> 4.466923e+01
<STATE> 4
<MEAN> 6
 2.637637e+02 5.356997e+00 2.408926e+00 1.800948e+00 1.167446e+00 5.396137e-01
<VARIANCE> 6
 6.332151e+03 4.230605e+01 6.100131e+00 3.721120e+00 1.200572e+00 4.069178e-01
<GCONST> 2.593158e+01
<TRANSP> 5
 0.000000e+00 1.000000e+00 0.000000e+00 0.000000e+00 0.000000e+00
 0.000000e+00 5.813987e-01 4.186013e-01 0.000000e+00 0.000000e+00
 0.000000e+00 0.000000e+00 4.152853e-01 5.847147e-01 0.000000e+00
 0.000000e+00 0.000000e+00 0.000000e+00 7.283857e-01 2.716142e-01
 0.000000e+00 0.000000e+00 0.000000e+00 0.000000e+00 0.000000e+00
<ENDHMM>
~h "bg_board"
<BEGINHMM>
<NUMSTATES> 5
<STATE> 2
<MEAN> 6
 1.614946e+02 1.606375e+01 8.873524e+00 4.816826e+00 2.645220e+00 1.052495e+00
<VARIANCE> 6
 4.996619e+03 2.419382e+02 6.214629e+01 9.401844e+00 3.371791e+00 8.837751e-01
<GCONST> 3.249475e+01
<STATE> 3
<MEAN> 6
 2.764524e+02 3.413483e+01 1.526089e+01 1.170528e+01 5.603787e+00 3.182053e+00
<VARIANCE> 6
 8.716708e+03 1.697789e+03 2.252802e+02 5.116289e+01 1.532164e+01 6.505207e+00
<GCONST> 4.149157e+01
<STATE> 4
<MEAN> 6
 3.713401e+02 7.887571e+00 4.268940e+00 1.748718e+00 1.229658e+00 4.402214e-01
<VARIANCE> 6
 1.170199e+04 1.159610e+02 1.628172e+01 3.395763e+00 1.082253e+00 1.606106e-01
<GCONST> 2.741088e+01
<TRANSP> 5
 0.000000e+00 1.000000e+00 0.000000e+00 0.000000e+00 0.000000e+00
 0.000000e+00 8.640686e-01 1.359314e-01 0.000000e+00 0.000000e+00
 0.000000e+00 0.000000e+00 7.124784e-01 2.875215e-01 0.000000e+00
 0.000000e+00 0.000000e+00 0.000000e+00 9.020623e-01 9.793772e-02
 0.000000e+00 0.000000e+00 0.000000e+00 0.000000e+00 0.000000e+00
<ENDHMM>
~h "fp_key_0"
<BEGINHMM>
<NUMSTATES> 5
<STATE> 2
<MEAN> 6
 1.613284e+02 2.194230e+01 7.146950e+00 4.713749e+00 2.209466e+00 6.964896e-01
<VARIANCE> 6
 8.340685e+03 5.440929e+02 1.849870e+02 1.965262e+01 1.189156e+01 6.633049e-01
<GCONST> 3.661909e+01
<STATE> 3
<MEAN> 6
 4.211589e+02 9.136547e+01 2.511183e+01 1.824635e+01 8.905997e+00 3.485279e+00
<VARIANCE> 6
 5.002978e+04 4.716572e+03 1.742207e+03 1.712041e+02 1.560302e+02 1.785108e+01
<GCONST> 5.084435e+01
<STATE> 4
<MEAN> 6
 2.575009e+02 3.202380e+01 8.898450e+00 7.582071e+00 3.486058e+00 1.687150e+00
<VARIANCE> 6
 2.472001e+04 1.707033e+03 1.706935e+02 5.233099e+01 2.061241e+01 2.805447e+00
<GCONST> 4.174006e+01
<TRANSP> 5
 0.000000e+00 1.000000e+00 0.000000e+00 0.000000e+00 0.000000e+00
 0.000000e+00 5.860919e-01 4.139081e-01 0.000000e+00 0.000000e+00
 0.000000e+00 0.000000e+00 6.193432e-01 3.806568e-01 0.000000e+00
 0.000000e+00 0.000000e+00 0.000000e+00 1.868594e-01 8.131406e-01
 0.000000e+00 0.000000e+00 0.000000e+00 0.000000e+00 0.000000e+00
<ENDHMM>
~h "fp_key_1"
<BEGINHMM>
<NUMSTATES> 5
<STATE> 2
<MEAN> 6
 1.980451e+02 1.345135e+01 4.116048e+00 3.906696e+00 2.017978e+00 1.185349e+00
<VARIANCE> 6
 1.478045e+04 6.398699e+02 2.095506e+01 2.378667e+01 2.913697e+00 1.415546e+00
<GCONST> 3.471803e+01
<STATE> 3
<MEAN> 6
 3.987980e+02 7.383990e+01 7.130695e+01 2.576315e+01 2.501706e+01 9.815594e+00
<VARIANCE> 6
 2.956350e+04 4.078002e+03 4.702086e+03 3.736482e+02 3.799161e+02 6.520361e+01
<GCONST> 5.413146e+01
<STATE> 4
<MEAN> 6
 4.218129e+02 9.776441e+01 1.104792e+01 1.873307e+01 4.034967e+00 2.242915e+00
<VARIANCE> 6
 4.615564e+04 4.571666e+03 2.529991e+02 1.523156e+02 2.609339e+01 6.394669e+00
<GCONST> 4.587115e+01
<TRANSP> 5
 0.000000e+00 1.000000e+00 0.000000e+00 0.000000e+00 0.000000e+00
 0.000000e+00 6.628271e-01 3.371729e-01 0.000000e+00 0.000000e+00
 0.000000e+00 0.000000e+00 5.688223e-01 4.311778e-01 0.000000e+00
 0.000000e+00 0.000000e+00 0.000000e+00 5.508650e-01 4.491350e-01
 0.000000e+00 0.000000e+00 0.000000e+00 0.000000e+00 0.000000e+00
<ENDHMM>
~h "fp_key_2"
<BEGINHMM>
<NUMSTATES> 5
<STATE> 2
<MEAN> 6
 2.893081e+02 5.603934e+01 1.057392e+01 1.186834e+01 4.122109e+00 2.255860e+00
<VARIANCE> 6
 2.316045e+04 3.349206e+03 2.380882e+02 9.753413e+01 2.336021e+01 5.787540e+00
<GCONST> 4.415353e+01
<STATE> 3
<MEAN> 6
 3.772396e+02 7.651219e+01 5.475525e+01 2.098962e+01 1.961165e+01 7.208966e+00
<VARIANCE> 6
 3.492717e+04 5.281407e+03 4.043175e+03 3.230508e+02 3.295668e+02 4.308854e+01
<GCONST> 5.370386e+01
<STATE> 4
<MEAN> 6
 2.259726e+02 1.591768e+01 8.137753e+00 4.891594e+00 3.668449e+00 1.795373e+00
<VARIANCE> 6
 1.295917e+04 6.013110e+02 1.546208e+02 3.600567e+01 2.121665e+01 4.113099e+00
<GCONST> 3.998955e+01
<TRANSP> 5
 0.000000e+00 1.000000e+00 0.000000e+00 0.000000e+00 0.000000e+00
 0.000000e+00 3.544655e-01 6.455345e-01 0.000000e+00 0.000000e+00
 0.000000e+00 0.000000e+00 4.113328e-01 5.886672e-01 0.000000e+00
 0.000000e+00 0.000000e+00 0.000000e+00 5.224411e-01 4.775589e-01
 0.000000e+00 0.000000e+00 0.000000e+00 0.000000e+00 0.000000e+00
<ENDHMM>
~h "fp_key_3"
<BEGINHMM>
<NUMSTATES> 5
<STATE> 2
<MEAN> 6
 4.299744e+02 8.415802e+01 1.480850e+01 1.886423e+01 5.566715e+00 2.435617e+00
<VARIANCE> 6
 3.664036e+04 4.334120e+03 7.064133e+02 2.020897e+02 5.661106e+01 7.153124e+00
<GCONST> 4.778311e+01
<STATE> 3
<MEAN> 6
 4.317792e+02 6.755143e+01 5.832187e+01 2.272771e+01 2.398310e+01 9.029245e+00
<VARIANCE> 6
 3.609427e+04 3.722061e+03 4.020910e+03 3.333778e+02 4.345587e+02 7.015430e+01
<GCONST> 5.417675e+01
<STATE> 4
<MEAN> 6
 2.617130e+02 1.677746e+01 4.854152e+00 4.690959e+00 2.333556e+00 1.378657e+00
<VARIANCE> 6
 1.729498e+04 8.011572e+02 2.583363e+01 3.691706e+01 3.937841e+00 2.092312e+00
<GCONST> 3.644075e+01
<TRANSP> 5
 0.000000e+00 1.000000e+00 0.000000e+00 0.000000e+00 0.000000e+00
 0.000000e+00 5.714300e-01 4.285701e-01 0.000000e+00 0.000000e+00
 0.000000e+00 0.000000e+00 4.963578e-01 5.036422e-01 0.000000e+00
 0.000000e+00 0.000000e+00 0.000000e+00 6.236511e-01 3.763489e-01
 0.000000e+00 0.000000e+00 0.000000e+00 0.000000e+00 0.000000e+00
<ENDHMM>
~h "fp_key_4"
<BEGINHMM>
<NUMSTATES> 5
<STATE> 2
<MEAN> 6
 3.438661e+02 1.869356e+01 5.049023e+00 5.597233e+00 2.293103e+00 1.382917e+00
<VARIANCE> 6
 1.629074e+04 8.670771e+02 2.290657e+01 4.164170e+01 3.549331e+00 2.213572e+00
<GCONST> 3.641264e+01
<STATE> 3
<MEAN> 6
 4.882025e+02 7.440023e+01 5.790331e+01 2.110318e+01 2.133857e+01 8.598776e+00
<VARIANCE> 6
 3.074629e+04 4.164412e+03 3.923755e+03 2.526405e+02 3.043072e+02 5.601529e+01
<GCONST> 5.324555e+01
<STATE> 4
<MEAN> 6
 5.133152e+02 7.312448e+01 1.049885e+01 1.439220e+01 2.730520e+00 1.742506e+00
<VARIANCE> 6
 3.794964e+04 3.040459e+03 1.843247e+02 8.746110e+01 6.491227e+00 3.594726e+00
<GCONST> 4.242886e+01
<TRANSP> 5
 0.000000e+00 1.000000e+00 0.000000e+00 0.000000e+00 0.000000e+00
 0.000000e+00 6.250321e-01 3.749679e-01 0.000000e+00 0.000000e+00
 0.000000e+00 0.000000e+00 5.779445e-01 4.220556e-01 0.000000e+00
 0.000000e+00 0.000000e+00 0.000000e+00 6.743429e-01 3.256571e-01
 0.000000e+00 0.000000e+00 0.000000e+00 0.000000e+00 0.000000e+00
<ENDHMM>
~h "fp_key_5"
<BEGINHMM>
<NUMSTATES> 5
<STATE> 2
<MEAN> 6
 4.328148e+02 4.890125e+01 1.585051e+01 1.089017e+01 4.354581e+00 2.656589e+00
<VARIANCE> 6
 3.975322e+04 3.132822e+03 4.169744e+02 1.051592e+02 2.101079e+01 8.374716e+00
<GCONST> 4.552615e+01
<STATE> 3
<MEAN> 6
 4.369948e+02 3.480343e+01 4.321840e+01 9.364921e+00 9.721256e+00 4.435249e+00
<VARIANCE> 6
 3.816576e+04 1.986442e+03 3.644394e+03 1.056045e+02 1.317338e+02 2.303500e+01
<GCONST> 5.004951e+01
<STATE> 4
<MEAN> 6
 3.746131e+02 3.654168e+00 5.962852e+00 1.030299e+00 1.436474e+00 4.358874e-01
<VARIANCE> 6
 1.082983e+04 3.606743e+01 1.692508e+02 1.039189e+00 5.847465e+00 3.334907e-01
<GCONST> 2.974040e+01
<TRANSP> 5
 0.000000e+00 1.000000e+00 0.000000e+00 0.000000e+00 0.000000e+00
 0.000000e+00 1.740773e-01 8.259227e-01 0.000000e+00 0.000000e+00
 0.000000e+00 0.000000e+00 1.359788e-01 8.640213e-01 0.000000e+00
 0.000000e+00 0.000000e+00 0.000000e+00 8.993163e-01 1.006837e-01
 0.000000e+00 0.000000e+00 0.000000e+00 0.000000e+00 0.000000e+00
<ENDHMM>
~h "bg_red_0_0"
<BEGINHMM>
<NUMSTATES> 5
<STATE> 2
<MEAN> 6
 3.339813e+02 7.535392e+00 4.964221e+00 4.478207e+00 3.460075e+00 4.151255e+00
<VARIANCE> 6
 4.628371e+03 6.468520e+01 2.196886e+01 5.922037e+00 3.693903e+00 1.050949e+01
<GCONST> 3.216403e+01
<STATE> 3
<MEAN> 6
 3.619778e+02 2.998615e+01 1.474931e+01 9.197331e+00 4.278038e+00 2.566115e+00
<VARIANCE> 6
 2.373573e+04 2.651844e+03 6.845244e+02 1.039726e+02 2.949511e+01 8.621234e+00
<GCONST> 4.569631e+01
<STATE> 4
<MEAN> 6
 3.248630e+02 9.467982e+00 3.759601e+00 3.743598e+00 1.856896e+00 1.011116e+00
<VARIANCE> 6
 4.085505e+04 1.424903e+02 8.854267e+00 1.198771e+01 2.010117e+00 8.469605e-01
<GCONST> 3.180120e+01
<TRANSP> 5
 0.000000e+00 1.000000e+00 0.000000e+00 0.000000e+00 0.000000e+00
 0.000000e+00 7.380064e-01 2.619936e-01 0.000000e+00 0.000000e+00
 0.000000e+00 0.000000e+00 1.853495e-01 8.146505e-01 0.000000e+00
 0.000000e+00 0.000000e+00 0.000000e+00 4.788026e-01 5.211974e-01
 0.000000e+00 0.000000e+00 0.000000e+00 0.000000e+00 0.000000e+00
<ENDHMM>
~h "bg_red_0_1"
<BEGINHMM>
<NUMSTATES> 5
<STATE> 2
<MEAN> 6
 3.289836e+02 1.083309e+01 6.708255e+00 4.568612e+00 2.713670e+00 1.979687e+00
<VARIANCE> 6
 1.562229e+04 1.573723e+02 3.754570e+01 1.111603e+01 3.557406e+00 3.736189e+00
<GCONST> 3.436338e+01
<STATE> 3
<MEAN> 6
 4.390201e+02 3.791608e+01 7.141936e+00 1.186465e+01 4.753679e+00 4.211613e+00
<VARIANCE> 6
 3.956489e+04 2.024877e+03 5.056446e+01 1.045657e+02 6.737159e+01 3.518888e+01
<GCONST> 4.557024e+01
<STATE> 4
<MEAN> 6
 3.039113e+02 5.891378e+00 2.314151e+00 2.239280e+00 1.200842e+00 5.455727e-01
<VARIANCE> 6
 6.309594e+03 4.814984e+01 3.489991e+00 3.698154e+00 9.203115e-01 1.909340e-01
<GCONST> 2.447027e+01
<TRANSP> 5
 0.000000e+00 1.000000e+00 0.000000e+00 0.000000e+00 0.000000e+00
 0.000000e+00 3.222469e-01 6.777532e-01 0.000000e+00 0.000000e+00
 0.000000e+00 0.000000e+00 4.575365e-01 5.424635e-01 0.000000e+00
 0.000000e+00 0.000000e+00 0.000000e+00 7.240254e-01 2.759746e-01
 0.000000e+00 0.000000e+00 0.000000e+00 0.000000e+00 0.000000e+00
<ENDHMM>
~h "bg_red_0_2"
<BEGINHMM>
<NUMSTATES> 5
<STATE> 2
<MEAN> 6
 3.175901e+02 1.037079e+01 3.469343e+00 4.366993e+00 1.903428e+00 1.940765e+00
<VARIANCE> 6
 8.575315e+03 1.701978e+02 8.233581e+00 1.140213e+01 1.793585e+00 4.478510e+00
<GCONST> 3.184640e+01
<STATE> 3
<MEAN> 6
 3.296693e+02 1.157977e+01 3.794788e+00 3.693383e+00 1.752683e+00 1.044436e+00
<VARIANCE> 6
 1.003826e+04 1.688119e+02 1.064003e+01 1.259171e+01 2.710225e+00 1.669362e+00
<GCONST> 3.177734e+01
<STATE> 4
<MEAN> 6
 3.554518e+02 5.144426e+00 1.929712e+00 1.833014e+00 7.125311e-01 3.493878e-01
<VARIANCE> 6
 6.140232e+03 3.818950e+01 2.792727e+00 3.046922e+00 3.215025e-01 7.432678e-02
<GCONST> 2.179956e+01
<TRANSP> 5
 0.000000e+00 1.000000e+00 0.000000e+00 0.000000e+00 0.000000e+00
 0.000000e+00 3.841502e-01 6.158498e-01 0.000000e+00 0.000000e+00
 0.000000e+00 0.000000e+00 4.272803e-02 9.572720e-01 0.000000e+00
 0.000000e+00 0.000000e+00 0.000000e+00 8.187557e-01 1.812443e-01
 0.000000e+00 0.000000e+00 0.000000e+00 0.000000e+00 0.000000e+00
<ENDHMM>
~h "bg_red_0_3"
<BEGINHMM>
<NUMSTATES> 5
<STATE> 2
<MEAN> 6
 3.324483e+02 7.388597e+00 2.258932e+00 3.686933e+00 1.842129e+00 1.209705e+00
<VARIANCE> 6
 7.427076e+03 7.080615e+01 3.020483e+00 1.760422e+01 1.918270e+00 2.878524e+00
<GCONST> 2.988235e+01
<STATE> 3
<MEAN> 6
 4.258375e+02 4.802515e+01 4.991203e+00 1.676394e+01 2.149254e+00 9.829636e-01
<VARIANCE> 6
 3.154990e+04 5.619698e+03 1.502466e+01 5.447709e+02 3.063161e+00 9.184420e-01
<GCONST> 4.006505e+01
<STATE> 4
<MEAN> 6
 3.059155e+02 4.009828e+00 1.907364e+00 1.129722e+00 7.186871e-01 3.112985e-01
<VARIANCE> 6
 3.754174e+03 1.216163e+01 2.698726e+00 8.225514e-01 4.332998e-01 4.401749e-02
<GCONST> 1.859411e+01
<TRANSP> 5
 0.000000e+00 1.000000e+00 0.000000e+00 0.000000e+00 0.000000e+00
 0.000000e+00 2.672710e-01 7.327291e-01 0.000000e+00 0.000000e+00
 0.000000e+00 0.000000e+00 3.707889e-01 6.292111e-01 0.000000e+00
 0.000000e+00 0.000000e+00 0.000000e+00 9.551303e-01 4.486965e-02
 0.000000e+00 0.000000e+00 0.000000e+00 0.000000e+00 0.000000e+00
<ENDHMM>
~h "bg_red_0_4"
<BEGINHMM>
<NUMSTATES> 5
<STATE> 2
<MEAN> 6
 4.914261e+02 8.139582e+00 3.183877e+00 2.621687e+00 9.587740e-01 5.452439e-01
<VARIANCE> 6
 6.378259e+04 6.722917e+01 1.203999e+01 4.460086e+00 6.714985e-01 2.224038e-01
<GCONST> 2.838050e+01
<STATE> 3
<MEAN> 6
 2.879901e+02 1.972950e+01 6.426937e+00 5.161386e+00 1.954399e+00 1.334675e+00
<VARIANCE> 6
 1.125546e+04 5.195974e+02 3.269890e+01 1.959912e+01 2.470511e+00 3.589234e+00
<GCONST> 3.525412e+01
<STATE> 4
<MEAN> 6
 2.370228e+02 1.009706e+01 5.567741e+00 2.789186e+00 1.241400e+00 5.551939e-01
<VARIANCE> 6
 6.456372e+03 1.129922e+02 3.101782e+01 6.067096e+00 6.368703e-01 1.577473e-01
<GCONST> 2.746689e+01
<TRANSP> 5
 0.000000e+00 1.000000e+00 0.000000e+00 0.000000e+00 0.000000e+00
 0.000000e+00 4.607517e-01 5.392483e-01 0.000000e+00 0.000000e+00
 0.000000e+00 0.000000e+00 1.836866e-01 8.163134e-01 0.000000e+00
 0.000000e+00 0.000000e+00 0.000000e+00 7.130249e-01 2.869751e-01
 0.000000e+00 0.000000e+00 0.000000e+00 0.000000e+00 0.000000e+00
<ENDHMM>
~h "bg_red_0_5"
<BEGINHMM>
<NUMSTATES> 5
<STATE> 2
<MEAN> 6
 2.000074e+02 9.596797e+00 4.715118e+00 3.432937e+00 1.460228e+00 8.852997e-01
<VARIANCE> 6
 9.912629e+03 1.120082e+02 1.318937e+01 1.205969e+01 1.239601e+00 5.747327e-01
<GCONST> 2.967762e+01
<STATE> 3
<MEAN> 6
 3.438107e+02 6.796552e+01 1.246427e+01 2.044449e+01 4.022348e+00 3.092770e+00
<VARIANCE> 6
 2.791261e+04 6.140589e+03 2.350267e+02 5.107321e+02 2.050988e+01 1.403272e+01
<GCONST> 4.734461e+01
<STATE> 4
<MEAN> 6
 2.400075e+02 1.177662e+01 8.261741e+00 4.818282e+00 2.876463e+00 1.804926e+00
<VARIANCE> 6
 1.747951e+04 2.345578e+02 6.378311e+01 4.932432e+01 3.975046e+00 4.036237e+00
<GCONST> 3.708300e+01
<TRANSP> 5
 0.000000e+00 1.000000e+00 0.000000e+00 0.000000e+00 0.000000e+00
 0.000000e+00 7.453008e-01 2.546992e-01 0.000000e+00 0.000000e+00
 0.000000e+00 0.000000e+00 4.589491e-01 5.410509e-01 0.000000e+00
 0.000000e+00 0.000000e+00 0.000000e+00 6.076641e-01 3.923359e-01
 0.000000e+00 0.000000e+00 0.000000e+00 0.000000e+00 0.000000e+00
<ENDHMM>
~h "fp_screen"
<BEGINHMM>
<NUMSTATES> 5
<STATE> 2
<MEAN> 6
 2.009768e+02 7.537424e+00 1.542619e+01 2.721514e+00 5.682822e+00 1.288833e+00
<VARIANCE> 6
 1.685988e+04 2.328598e+02 4.757986e+02 1.181147e+01 4.916019e+01 3.165427e+00
<GCONST> 3.989183e+01
<STATE> 3
<MEAN> 6
 4.766556e+02 5.099818e+01 2.982917e+01 1.744569e+01 1.034902e+01 4.381338e+00
<VARIANCE> 6
 4.051714e+04 3.184351e+03 1.341720e+03 2.646545e+02 1.272657e+02 3.899183e+01
<GCONST> 5.099251e+01
<STATE> 4
<MEAN> 6
 3.848710e+02 4.031031e+00 2.722583e+00 1.361471e+00 1.120504e+00 4.919994e-01
<VARIANCE> 6
 1.119018e+04 1.683020e+01 1.288365e+01 1.742615e+00 1.733945e+00 2.627532e-01
<GCONST> 2.549844e+01
<TRANSP> 5
 0.000000e+00 1.000000e+00 0.000000e+00 0.000000e+00 0.000000e+00
 0.000000e+00 5.879275e-01 4.120724e-01 0.000000e+00 0.000000e+00
 0.000000e+00 0.000000e+00 6.505475e-01 3.494525e-01 0.000000e+00
 0.000000e+00 0.000000e+00 0.000000e+00 9.198544e-01 8.014560e-02
 0.000000e+00 0.000000e+00 0.000000e+00 0.000000e+00 0.000000e+00
<ENDHMM>
~h "bg_board_0"
<BEGINHMM>
<NUMSTATES> 5
<STATE> 2
<MEAN> 6
 2.145832e+02 1.950539e+01 9.357855e+00 6.173463e+00 3.217708e+00 1.503398e+00
<VARIANCE> 6
 7.921026e+03 3.979377e+02 6.152798e+01 1.247425e+01 3.442432e+00 1.295830e+00
<GCONST> 3.412933e+01
<STATE> 3
<MEAN> 6
 2.629600e+02 3.134130e+01 1.399822e+01 9.854667e+00 4.820221e+00 2.822326e+00
<VARIANCE> 6
 9.419658e+03 8.216641e+02 1.731555e+02 4.202287e+01 1.119694e+01 4.917363e+00
<GCONST> 3.978997e+01
<STATE> 4
<MEAN> 6
 1.777350e+02 1.435244e+01 5.843334e+00 3.644336e+00 1.995352e+00 7.366144e-01
<VARIANCE> 6
 9.565334e+03 2.597836e+02 2.260442e+01 7.222270e+00 1.747272e+00 3.460718e-01
<GCONST> 3.034527e+01
<TRANSP> 5
 0.000000e+00 1.000000e+00 0.000000e+00 0.000000e+00 0.000000e+00
 0.000000e+00 5.335752e-01 4.664248e-01 0.000000e+00 0.000000e+00
 0.000000e+00 0.000000e+00 5.185035e-01 4.814965e-01 0.000000e+00
 0.000000e+00 0.000000e+00 0.000000e+00 6.930302e-01 3.069698e-01
 0.000000e+00 0.000000e+00 0.000000e+00 0.000000e+00 0.000000e+00
<ENDHMM>
~h "bg_board_1"
<BEGINHMM>
<NUMSTATES> 5
<STATE> 2
<MEAN> 6
 1.964827e+02 2.599014e+01 1.018973e+01 6.496851e+00 3.222511e+00 1.338578e+00
<VARIANCE> 6
 6.494851e+03 4.685990e+02 6.148622e+01 1.333851e+01 3.242689e+00 1.077779e+00
<GCONST> 3.391655e+01
<STATE> 3
<MEAN> 6
 2.855605e+02 3.594404e+01 2.174422e+01 1.283801e+01 6.682893e+00 3.737455e+00
<VARIANCE> 6
 1.730377e+04 1.158241e+03 5.488344e+02 9.389143e+01 3.325706e+01 1.054109e+01
<GCONST> 4.455009e+01
<STATE> 4
<MEAN> 6
 1.687121e+02 1.033532e+01 5.007772e+00 3.030992e+00 1.655811e+00 6.531904e-01
<VARIANCE> 6
 8.344043e+03 1.759091e+02 2.200423e+01 5.816214e+00 1.386308e+00 3.688277e-01
<GCONST> 2.940763e+01
<TRANSP> 5
 0.000000e+00 1.000000e+00 0.000000e+00 0.000000e+00 0.000000e+00
 0.000000e+00 6.355295e-01 3.644705e-01 0.000000e+00 0.000000e+00
 0.000000e+00 0.000000e+00 5.384582e-01 4.615418e-01 0.000000e+00
 0.000000e+00 0.000000e+00 0.000000e+00 7.689022e-01 2.310978e-01
 0.000000e+00 0.000000e+00 0.000000e+00 0.000000e+00 0.000000e+00
<ENDHMM>
~h "bg_board_2"
<BEGINHMM>
<NUMSTATES> 5
<STATE> 2
<MEAN> 6
 1.575365e+02 1.608289e+01 7.917976e+00 5.008736e+00 2.510294e+00 1.063198e+00
<VARIANCE> 6
 4.598989e+03 2.317860e+02 4.238692e+01 9.412755e+00 2.113196e+00 7.191805e-01
<GCONST> 3.131413e+01
<STATE> 3
<MEAN> 6
 2.327570e+02 3.145367e+01 1.562360e+01 1.093286e+01 5.277486e+00 2.930030e+00
<VARIANCE> 6
 5.083283e+03 9.199092e+02 2.038618e+02 3.982380e+01 1.107013e+01 4.172263e+00
<GCONST> 3.921987e+01
<STATE> 4
<MEAN> 6
 2.482197e+02 1.924193e+01 7.066075e+00 4.926640e+00 2.598550e+00 1.105589e+00
<VARIANCE> 6
 1.156829e+04 5.006007e+02 3.928416e+01 1.103258e+01 2.610519e+00 7.038692e-01
<GCONST> 3.327916e+01
<TRANSP> 5
 0.000000e+00 1.000000e+00 0.000000e+00 0.000000e+00 0.000000e+00
 0.000000e+00 7.955050e-01 2.044950e-01 0.000000e+00 0.000000e+00
 0.000000e+00 0.000000e+00 6.040182e-01 3.959818e-01 0.000000e+00
 0.000000e+00 0.000000e+00 0.000000e+00 3.422929e-01 6.577070e-01
 0.000000e+00 0.000000e+00 0.000000e+00 0.000000e+00 0.000000e+00
<ENDHMM>
~h "bg_board_3"
<BEGINHMM>
<NUMSTATES> 5
<STATE> 2
<MEAN> 6
 1.903731e+02 2.149224e+01 8.382960e+00 5.577771e+00 2.926132e+00 1.199439e+00
<VARIANCE> 6
 7.001534e+03 4.722249e+02 5.190591e+01 1.082179e+01 3.107402e+00 6.869267e-01
<GCONST> 3.312786e+01
<STATE> 3
<MEAN> 6
 2.331776e+02 4.495699e+01 1.292103e+01 1.176083e+01 4.908566e+00 2.725605e+00
<VARIANCE> 6
 5.880527e+03 1.927256e+03 1.401545e+02 5.498000e+01 9.710631e+00 4.648258e+00
<GCONST> 4.002995e+01
<STATE> 4
<MEAN> 6
 2.474346e+02 1.863712e+01 7.928212e+00 5.389023e+00 2.778346e+00 1.333462e+00
<VARIANCE> 6
 9.106894e+03 4.603153e+02 4.839687e+01 1.298352e+01 2.529943e+00 9.618352e-01
<GCONST> 3.360836e+01
<TRANSP> 5
 0.000000e+00 1.000000e+00 0.000000e+00 0.000000e+00 0.000000e+00
 0.000000e+00 5.704233e-01 4.295767e-01 0.000000e+00 0.000000e+00
 0.000000e+00 0.000000e+00 5.940682e-01 4.059318e-01 0.000000e+00
 0.000000e+00 0.000000e+00 0.000000e+00 3.509861e-01 6.490139e-01
 0.000000e+00 0.000000e+00 0.000000e+00 0.000000e+00 0.000000e+00
<ENDHMM>
~h "bg_board_4"
<BEGINHMM>
<NUMSTATES> 5
<STATE> 2
<MEAN> 6
 2.172772e+02 1.937517e+01 1.098135e+01 7.074498e+00 3.960364e+00 2.134124e+00
<VARIANCE> 6
 4.964866e+03 3.319707e+02 8.000288e+01 1.347186e+01 3.999608e+00 2.118358e+00
<GCONST> 3.446195e+01
<STATE> 3
<MEAN> 6
 2.833951e+02 5.403076e+01 1.679345e+01 1.415187e+01 5.445697e+00 3.096296e+00
<VARIANCE> 6
 6.005882e+03 3.808227e+03 2.394473e+02 8.855379e+01 1.323651e+01 6.102795e+00
<GCONST> 4.232634e+01
<STATE> 4
<MEAN> 6
 2.814307e+02 1.830782e+01 7.103259e+00 5.460461e+00 2.874030e+00 1.325683e+00
<VARIANCE> 6
 7.776258e+03 4.646002e+02 3.278239e+01 1.346317e+01 2.618650e+00 9.787812e-01
<GCONST> 3.315833e+01
<TRANSP> 5
 0.000000e+00 1.000000e+00 0.000000e+00 0.000000e+00 0.000000e+00
 0.000000e+00 7.119297e-01 2.880703e-01 0.000000e+00 0.000000e+00
 0.000000e+00 0.000000e+00 6.444666e-01 3.555333e-01 0.000000e+00
 0.000000e+00 0.000000e+00 0.000000e+00 4.720526e-01 5.279474e-01
 0.000000e+00 0.000000e+00 0.000000e+00 0.000000e+00 0.000000e+00
<ENDHMM>
~h "bg_board_5"
<BEGINHMM>
<NUMSTATES> 5
<STATE> 2
<MEAN> 6
 2.855939e+02 2.230541e+01 1.008150e+01 7.366128e+00 4.158967e+00 2.405802e+00
<VARIANCE> 6
 6.065542e+03 4.412373e+02 6.336306e+01 1.542808e+01 5.017889e+00 2.500989e+00
<GCONST> 3.524199e+01
<STATE> 3
<MEAN> 6
 2.944394e+02 6.542189e+01 1.282532e+01 1.230807e+01 4.884511e+00 2.666923e+00
<VARIANCE> 6
 8.376647e+03 5.665536e+03 2.273884e+02 5.442760e+01 1.700593e+01 6.854340e+00
<GCONST> 4.288460e+01
<STATE> 4
<MEAN> 6
 3.465033e+02 1.472686e+01 6.554955e+00 4.505139e+00 2.703404e+00 1.263322e+00
<VARIANCE> 6
 8.723232e+03 4.616639e+02 3.952544e+01 1.405945e+01 3.625203e+00 1.538116e+00
<GCONST> 3.427455e+01
<TRANSP> 5
 0.000000e+00 1.000000e+00 0.000000e+00 0.000000e+00 0.000000e+00
 0.000000e+00 6.489862e-01 3.510138e-01 0.000000e+00 0.000000e+00
 0.000000e+00 0.000000e+00 5.762777e-01 4.237223e-01 0.000000e+00
 0.000000e+00 0.000000e+00 0.000000e+00 7.208915e-01 2.791085e-01
 0.000000e+00 0.000000e+00 0.000000e+00 0.000000e+00 0.000000e+00
<ENDHMM>
~h "fp_key"
<BEGINHMM>
<NUMSTATES> 5
<STATE> 2
<MEAN> 6
 1.862291e+02 2.391607e+01 6.943264e+00 4.753795e+00 2.270048e+00 8.508189e-01
<VARIANCE> 6
 1.074806e+04 1.089265e+03 1.969789e+02 4.012815e+01 6.186586e+00 9.053477e-01
<GCONST> 3.800112e+01
<STATE> 3
<MEAN> 6
 4.537702e+02 9.232335e+01 2.862441e+01 1.848127e+01 9.007687e+00 3.009719e+00
<VARIANCE> 6
 4.117197e+04 4.229533e+03 2.504046e+03 1.441213e+02 1.624738e+02 1.391180e+01
<GCONST> 5.052219e+01
<STATE> 4
<MEAN> 6
 1.574886e+02 3.605932e+00 2.998409e+00 1.166028e+00 1.100913e+00 4.491123e-01
<VARIANCE> 6
 7.044828e+03 1.975560e+01 2.224167e+01 1.122030e+00 2.102027e+00 2.741971e-01
<GCONST> 2.553685e+01
<TRANSP> 5
 0.000000e+00 1.000000e+00 0.000000e+00 0.000000e+00 0.000000e+00
 0.000000e+00 7.260239e-01 2.739761e-01 0.000000e+00 0.000000e+00
 0.000000e+00 0.000000e+00 8.687131e-01 1.312868e-01 0.000000e+00
 0.000000e+00 0.000000e+00 0.000000e+00 9.181929e-01 8.180707e-02
 0.000000e+00 0.000000e+00 0.000000e+00 0.000000e+00 0.000000e+00
<ENDHMM>
~h "fp_logo"
<BEGINHMM>
<NUMSTATES> 5
<STATE> 2
<MEAN> 6
 1.276379e+02 1.561865e+01 4.821536e+00 4.289646e+00 2.197086e+00 8.832330e-01
<VARIANCE> 6
 1.125916e+03 3.452144e+02 4.185121e+01 2.255464e+01 5.403394e+00 1.181215e+00
<GCONST> 3.260141e+01
<STATE> 3
<MEAN> 6
 2.716851e+02 5.400626e+01 5.354767e+00 1.086081e+01 2.455164e+00 1.131094e+00
<VARIANCE> 6
 5.081812e+04 7.150147e+03 3.928809e+01 2.340406e+02 5.135086e+00 2.068413e+00
<GCONST> 4.222745e+01
<STATE> 4
<MEAN> 6
 1.243742e+02 3.078192e+00 2.310950e+00 1.251150e+00 1.021840e+00 3.942725e-01
<VARIANCE> 6
 1.638518e+03 8.783360e+00 4.075904e+00 1.125773e+00 6.659842e-01 1.308041e-01
<GCONST> 1.968469e+01
<TRANSP> 5
 0.000000e+00 1.000000e+00 0.000000e+00 0.000000e+00 0.000000e+00
 0.000000e+00 6.051333e-01 3.948667e-01 0.000000e+00 0.000000e+00
 0.000000e+00 0.000000e+00 3.776211e-01 6.223789e-01 0.000000e+00
 0.000000e+00 0.000000e+00 0.000000e+00 8.757573e-01 1.242427e-01
 0.000000e+00 0.000000e+00 0.000000e+00 0.000000e+00 0.000000e+00
<ENDHMM>
