~o
<STREAMINFO> 1 6
<VECSIZE> 6<NULLD><MFCC><DIAGC>
~h "fp_logo_0"
<BEGINHMM>
<NUMSTATES> 5
<STATE> 2
<MEAN> 6
 9.145226e+01 4.708673e+00 2.115471e+00 1.540529e+00 8.813956e-01 4.531162e-01
<VARIANCE> 6
 9.324528e+02 8.787061e+01 3.216281e+00 4.959816e+00 6.255116e-01 1.104034e-01
<GCONST> 2.243774e+01
<STATE> 3
<MEAN> 6
 1.212561e+02 2.410436e+01 5.331429e+00 4.633106e+00 2.717926e+00 1.190991e+00
<VARIANCE> 6
 1.121698e+03 4.433965e+02 1.635048e+01 1.751655e+01 3.229103e+00 1.194681e+00
<GCONST> 3.115181e+01
<STATE> 4
<MEAN> 6
 1.065585e+02 4.676512e+00 2.396273e+00 1.320174e+00 8.294078e-01 3.299499e-01
<VARIANCE> 6
 9.460151e+02 4.560774e+01 3.455150e+00 3.400957e+00 3.079694e-01 2.916117e-02
<GCONST> 1.945085e+01
<TRANSP> 5
 0.000000e+00 1.000000e+00 0.000000e+00 0.000000e+00 0.000000e+00
 0.000000e+00 5.424835e-01 4.575165e-01 0.000000e+00 0.000000e+00
 0.000000e+00 0.000000e+00 6.302762e-01 3.697238e-01 0.000000e+00
 0.000000e+00 0.000000e+00 0.000000e+00 7.204525e-01 2.795474e-01
 0.000000e+00 0.000000e+00 0.000000e+00 0.000000e+00 0.000000e+00
<ENDHMM>
~h "fp_logo_1"
<BEGINHMM>
<NUMSTATES> 5
<STATE> 2
<MEAN> 6
 1.113109e+02 6.098180e+00 3.729717e+00 2.707444e+00 1.669322e+00 8.088857e-01
<VARIANCE> 6
 9.587610e+02 1.166504e+02 7.961472e+00 9.195405e+00 1.046433e+00 4.770726e-01
<GCONST> 2.625070e+01
<STATE> 3
<MEAN> 6
 3.010388e+02 6.822312e+01 6.690987e+01 1.833005e+01 2.089106e+01 8.863211e+00
<VARIANCE> 6
 2.608536e+04 3.868086e+03 4.917892e+03 1.671985e+02 2.576229e+02 4.227098e+01
<GCONST> 5.237233e+01
<STATE> 4
<MEAN> 6
 1.308744e+02 1.004511e+01 4.952145e+00 5.650867e+00 3.608062e+00 3.317488e+00
<VARIANCE> 6
 6.901985e+02 1.756257e+02 2.589460e+01 3.324464e+01 6.723081e+00 6.394526e+00
<GCONST> 3.325151e+01
<TRANSP> 5
 0.000000e+00 1.000000e+00 0.000000e+00 0.000000e+00 0.000000e+00
 0.000000e+00 3.752395e-01 6.247604e-01 0.000000e+00 0.000000e+00
 0.000000e+00 0.000000e+00 6.067440e-01 3.932560e-01 0.000000e+00
 0.000000e+00 0.000000e+00 0.000000e+00 3.354305e-01 6.645695e-01
 0.000000e+00 0.000000e+00 0.000000e+00 0.000000e+00 0.000000e+00
<ENDHMM>
~h "fp_logo_2"
<BEGINHMM>
<NUMSTATES> 5
<STATE> 2
<MEAN> 6
 1.582431e+02 2.440773e+01 2.500653e+01 9.256893e+00 7.896015e+00 4.154969e+00
<VARIANCE> 6
 2.229679e+03 7.083757e+02 1.668381e+03 9.650443e+01 1.244753e+02 3.356525e+01
<GCONST> 4.562665e+01
<STATE> 3
<MEAN> 6
 3.052320e+02 6.145024e+01 8.928973e+01 1.749870e+01 2.390965e+01 7.165205e+00
<VARIANCE> 6
 2.277444e+04 4.186940e+03 7.818777e+03 2.599630e+02 3.667785e+02 2.978376e+01
<GCONST> 5.322393e+01
<STATE> 4
<MEAN> 6
 1.303821e+02 8.609566e+00 4.202587e+00 5.527107e+00 1.963445e+00 1.717722e+00
<VARIANCE> 6
 1.413064e+03 1.630921e+02 1.433138e+01 3.763144e+01 9.224243e-01 2.341664e+00
<GCONST> 3.043550e+01
<TRANSP> 5
 0.000000e+00 1.000000e+00 0.000000e+00 0.000000e+00 0.000000e+00
 0.000000e+00 1.633980e-03 9.983660e-01 0.000000e+00 0.000000e+00
 0.000000e+00 0.000000e+00 6.329661e-01 3.670339e-01 0.000000e+00
 0.000000e+00 0.000000e+00 0.000000e+00 5.270578e-01 4.729422e-01
 0.000000e+00 0.000000e+00 0.000000e+00 0.000000e+00 0.000000e+00
<ENDHMM>
~h "fp_logo_3"
<BEGINHMM>
<NUMSTATES> 5
<STATE> 2
<MEAN> 6
 1.469334e+02 1.080298e+01 6.613030e+00 6.717917e+00 2.753475e+00 2.321636e+00
<VARIANCE> 6
 1.504189e+03 4.910704e+02 8.329343e+01 8.518674e+01 4.475168e+00 5.936172e+00
<GCONST> 3.668668e+01
<STATE> 3
<MEAN> 6
 1.553698e+02 1.403463e+01 6.287210e+00 6.659826e+00 2.829107e+00 1.767455e+00
<VARIANCE> 6
 1.443926e+03 4.266791e+02 8.837477e+01 9.735395e+01 9.662210e+00 4.773584e+00
<GCONST> 3.724968e+01
<STATE> 4
<MEAN> 6
 1.417518e+02 4.084323e+00 3.173336e+00 1.490668e+00 1.040040e+00 3.970153e-01
<VARIANCE> 6
 1.055750e+03 2.367969e+01 6.285003e+00 3.330854e+00 4.500925e-01 4.059348e-02
<GCONST> 2.019283e+01
<TRANSP> 5
 0.000000e+00 1.000000e+00 0.000000e+00 0.000000e+00 0.000000e+00
 0.000000e+00 1.296676e-01 8.703325e-01 0.000000e+00 0.000000e+00
 0.000000e+00 0.000000e+00 3.838130e-02 9.616187e-01 0.000000e+00
 0.000000e+00 0.000000e+00 0.000000e+00 8.254297e-01 1.745702e-01
 0.000000e+00 0.000000e+00 0.000000e+00 0.000000e+00 0.000000e+00
<ENDHMM>
~h "fp_logo_4"
<BEGINHMM>
<NUMSTATES> 5
<STATE> 2
<MEAN> 6
 1.826487e+02 1.253570e+01 3.219649e+00 9.622087e+00 1.712945e+00 5.625974e-01
<VARIANCE> 6
 4.550331e+02 1.561568e+02 6.334881e+00 3.740718e+01 8.003784e-01 6.979849e-02
<GCONST> 2.478161e+01
<STATE> 3
<MEAN> 6
 2.072158e+02 5.915386e+01 7.521083e+00 1.650698e+01 2.282566e+00 8.489679e-01
<VARIANCE> 6
 2.219360e+03 2.101343e+03 7.992863e+01 1.311046e+02 1.762005e+00 3.648154e-01
<GCONST> 3.519778e+01
<STATE> 4
<MEAN> 6
 2.297164e+02 4.301748e+00 4.121482e+00 1.729770e+00 1.555359e+00 5.793967e-01
<VARIANCE> 6
 5.195418e+02 1.177763e+01 1.133993e+01 1.283258e+00 5.948274e-01 1.792842e-01
<GCONST> 2.018588e+01
<TRANSP> 5
 0.000000e+00 1.000000e+00 0.000000e+00 0.000000e+00 0.000000e+00
 0.000000e+00 7.119533e-01 2.880467e-01 0.000000e+00 0.000000e+00
 0.000000e+00 0.000000e+00 6.447047e-01 3.552953e-01 0.000000e+00
 0.000000e+00 0.000000e+00 0.000000e+00 8.535006e-01 1.464994e-01
 0.000000e+00 0.000000e+00 0.000000e+00 0.000000e+00 0.000000e+00
<ENDHMM>
~h "fp_logo_5"
<BEGINHMM>
<NUMSTATES> 5
<STATE> 2
<MEAN> 6
 2.397387e+02 5.432403e+00 4.491545e+00 1.908956e+00 1.728467e+00 8.236433e-01
<VARIANCE> 6
 1.326926e+03 3.843747e+01 2.770135e+01 1.534579e+00 1.212279e+00 5.369837e-01
<GCONST> 2.518737e+01
<STATE> 3
<MEAN> 6
 2.402971e+02 1.067687e+01 6.375286e+00 3.577546e+00 3.570971e+00 2.425979e+00
<VARIANCE> 6
 1.340759e+03 1.032744e+02 2.584550e+01 4.834790e+00 7.126049e+00 9.138843e+00
<GCONST> 3.186991e+01
<STATE> 4
<MEAN> 6
 2.849820e+02 3.134445e+00 3.478146e+00 1.481989e+00 1.689191e+00 5.193227e-01
<VARIANCE> 6
 3.548314e+02 6.388969e+00 8.713826e+00 5.703794e-01 1.000964e+00 2.588588e-01
<GCONST> 1.900643e+01
<TRANSP> 5
 0.000000e+00 1.000000e+00 0.000000e+00 0.000000e+00 0.000000e+00
 0.000000e+00 2.126842e-01 7.873159e-01 0.000000e+00 0.000000e+00
 0.000000e+00 0.000000e+00 3.758233e-01 6.241767e-01 0.000000e+00
 0.000000e+00 0.000000e+00 0.000000e+00 8.939600e-01 1.060400e-01
 0.000000e+00 0.000000e+00 0.000000e+00 0.000000e+00 0.000000e+00
<ENDHMM>
~h "bg_white_0"
<BEGINHMM>
<NUMSTATES> 5
<STATE> 2
<MEAN> 6
 7.312675e+02 3.272620e+00 5.654809e+00 1.271528e+00 2.117215e+00 6.852952e-01
<VARIANCE> 6
 1.032404e+04 7.414582e+01 3.774062e+02 4.585032e+00 2.277069e+01 1.011346e+00
<GCONST> 3.516840e+01
<STATE> 3
<MEAN> 6
 6.587836e+02 6.658200e+01 2.525707e+01 1.672449e+01 8.976460e+00 3.977524e+00
<VARIANCE> 6
 9.402020e+03 6.848210e+03 2.055653e+03 2.861702e+02 1.070493e+02 3.885706e+01
<GCONST> 5.062580e+01
<STATE> 4
<MEAN> 6
 7.382659e+02 4.253637e+00 6.686128e+00 1.991907e+00 2.385626e+00 9.424654e-01
<VARIANCE> 6
 6.405924e+03 9.105656e+01 4.731996e+02 1.621600e+01 2.485247e+01 1.725680e+00
<GCONST> 3.700781e+01
<TRANSP> 5
 0.000000e+00 1.000000e+00 0.000000e+00 0.000000e+00 0.000000e+00
 0.000000e+00 8.148764e-01 1.851236e-01 0.000000e+00 0.000000e+00
 0.000000e+00 0.000000e+00 4.900856e-01 5.099145e-01 0.000000e+00
 0.000000e+00 0.000000e+00 0.000000e+00 1.491410e-01 8.508590e-01
 0.000000e+00 0.000000e+00 0.000000e+00 0.000000e+00 0.000000e+00
<ENDHMM>
~h "fp_screen_0"
<BEGINHMM>
<NUMSTATES> 5
<STATE> 2
<MEAN> 6
 1.723945e+02 6.310064e+00 1.253309e+01 2.384991e+00 4.007475e+00 1.109577e+00
<VARIANCE> 6
 1.553344e+04 5.793740e+01 3.656548e+02 2.080458e+00 2.748982e+01 1.900558e+00
<GCONST> 3.532762e+01
<STATE> 3
<MEAN> 6
 3.891016e+02 1.586490e+01 3.535151e+01 6.234457e+00 9.884619e+00 3.234200e+00
<VARIANCE> 6
 2.233865e+04 2.121691e+02 1.636306e+03 6.741016e+01 7.422018e+01 2.574483e+01
<GCONST> 4.556498e+01
<STATE> 4
<MEAN> 6
 3.743273e+02 9.544673e+00 3.146980e+00 3.170761e+00 1.322266e+00 7.898318e-01
<VARIANCE> 6
 2.729674e+04 9.124753e+01 1.542775e+01 1.380857e+01 1.487671e+00 1.238522e+00
<GCONST> 3.172795e+01
<TRANSP> 5
 0.000000e+00 1.000000e+00 0.000000e+00 0.000000e+00 0.000000e+00
 0.000000e+00 5.154641e-01 4.845358e-01 0.000000e+00 0.000000e+00
 0.000000e+00 0.000000e+00 1.949032e-01 8.050968e-01 0.000000e+00
 0.000000e+00 0.000000e+00 0.000000e+00 3.417664e-01 6.582337e-01
 0.000000e+00 0.000000e+00 0.000000e+00 0.000000e+00 0.000000e+00
<ENDHMM>
~h "fp_screen_1"
<BEGINHMM>
<NUMSTATES> 5
<STATE> 2
<MEAN> 6
 4.663447e+02 5.927829e+00 1.383651e+00 1.108907e+00 6.116802e-01 4.818335e-01
<VARIANCE> 6
 7.961034e+03 3.238475e+01 2.024843e+00 2.648335e+00 2.991053e-01 3.404019e-01
<GCONST> 2.288210e+01
<STATE> 3
<MEAN> 6
 5.564776e+02 3.423931e+01 3.299531e+01 9.047171e+00 9.551317e+00 4.701579e+00
<VARIANCE> 6
 4.943083e+04 1.427507e+03 1.610164e+03 6.928164e+01 8.326122e+01 2.102956e+01
<GCONST> 4.818946e+01
<STATE> 4
<MEAN> 6
 4.366187e+02 1.900473e+01 9.079048e+00 6.269468e+00 3.515592e+00 1.916604e+00
<VARIANCE> 6
 3.017725e+04 4.506621e+02 3.617596e+02 4.147345e+01 2.750983e+01 4.764690e+00
<GCONST> 4.194463e+01
<TRANSP> 5
 0.000000e+00 1.000000e+00 0.000000e+00 0.000000e+00 0.000000e+00
 0.000000e+00 8.613207e-01 1.386792e-01 0.000000e+00 0.000000e+00
 0.000000e+00 0.000000e+00 3.922581e-01 6.077419e-01 0.000000e+00
 0.000000e+00 0.000000e+00 0.000000e+00 1.461869e-01 8.538132e-01
 0.000000e+00 0.000000e+00 0.000000e+00 0.000000e+00 0.000000e+00
<ENDHMM>
~h "fp_screen_2"
<BEGINHMM>
<NUMSTATES> 5
<STATE> 2
<MEAN> 6
 4.338907e+02 1.918240e+01 1.506034e+01 6.426771e+00 5.829987e+00 2.948290e+00
<VARIANCE> 6
 2.407568e+04 5.223942e+02 8.951206e+02 4.036603e+01 6.135504e+01 1.343408e+01
<GCONST> 4.458406e+01
<STATE> 3
<MEAN> 6
 6.424778e+02 6.939867e+01 5.115366e+01 1.898500e+01 1.689732e+01 7.946698e+00
<VARIANCE> 6
 3.351658e+04 3.014891e+03 2.953031e+03 1.370095e+02 2.581147e+02 4.917890e+01
<GCONST> 5.181789e+01
<STATE> 4
<MEAN> 6
 3.449459e+02 3.175961e+01 4.626600e+00 5.805338e+00 2.012388e+00 1.227968e+00
<VARIANCE> 6
 2.189481e+04 6.234927e+02 2.097840e+01 2.183401e+01 2.732833e+00 1.611166e+00
<GCONST> 3.506586e+01
<TRANSP> 5
 0.000000e+00 1.000000e+00 0.000000e+00 0.000000e+00 0.000000e+00
 0.000000e+00 3.328028e-02 9.667197e-01 0.000000e+00 0.000000e+00
 0.000000e+00 0.000000e+00 7.553164e-01 2.446836e-01 0.000000e+00
 0.000000e+00 0.000000e+00 0.000000e+00 7.002220e-01 2.997780e-01
 0.000000e+00 0.000000e+00 0.000000e+00 0.000000e+00 0.000000e+00
<ENDHMM>
~h "fp_screen_3"
<BEGINHMM>
<NUMSTATES> 5
<STATE> 2
<MEAN> 6
 3.135406e+02 3.074237e+01 6.018324e+00 1.060803e+01 2.872957e+00 1.993650e+00
<VARIANCE> 6
 2.078464e+04 7.398134e+02 3.470518e+01 6.357479e+01 4.757254e+00 3.738478e+00
<GCONST> 3.815308e+01
<STATE> 3
<MEAN> 6
 5.071183e+02 3.950239e+01 2.716941e+01 1.111899e+01 7.139454e+00 3.948393e+00
<VARIANCE> 6
 3.509495e+04 2.058597e+03 2.069746e+03 1.235476e+02 7.722543e+01 1.609552e+01
<GCONST> 4.869994e+01
<STATE> 4
<MEAN> 6
 3.860107e+02 7.293987e+00 2.547687e+00 1.326174e+00 7.508646e-01 4.138874e-01
<VARIANCE> 6
 7.294835e+03 3.203598e+01 5.376938e+00 9.598927e-01 2.999749e-01 7.620580e-02
<GCONST> 2.125186e+01
<TRANSP> 5
 0.000000e+00 1.000000e+00 0.000000e+00 0.000000e+00 0.000000e+00
 0.000000e+00 6.265113e-01 3.734886e-01 0.000000e+00 0.000000e+00
 0.000000e+00 0.000000e+00 4.350220e-01 5.649780e-01 0.000000e+00
 0.000000e+00 0.000000e+00 0.000000e+00 9.328063e-01 6.719375e-02
 0.000000e+00 0.000000e+00 0.000000e+00 0.000000e+00 0.000000e+00
<ENDHMM>
~h "fp_screen_4"
<BEGINHMM>
<NUMSTATES> 5
<STATE> 2
<MEAN> 6
 3.544384e+02 7.781870e+00 5.037636e+00 1.287935e+00 9.646720e-01 4.961201e-01
<VARIANCE> 6
 7.395499e+03 4.078933e+01 2.138363e+01 1.317066e+00 4.568277e-01 9.564535e-02
<GCONST> 2.385178e+01
<STATE> 3
<MEAN> 6
 3.382379e+02 1.509989e+01 3.943514e+01 6.557298e+00 8.996087e+00 2.663633e+00
<VARIANCE> 6
 3.210830e+04 5.868184e+02 2.025624e+03 6.966164e+01 1.032910e+02 1.173097e+01
<GCONST> 4.673592e+01
<STATE> 4
<MEAN> 6
 1.887943e+02 5.561995e+00 7.300042e+00 2.086235e+00 2.140319e+00 7.403605e-01
<VARIANCE> 6
 1.821931e+03 2.210340e+01 4.254585e+01 2.740458e+00 2.466326e+00 2.414099e-01
<GCONST> 2.587082e+01
<TRANSP> 5
 0.000000e+00 1.000000e+00 0.000000e+00 0.000000e+00 0.000000e+00
 0.000000e+00 8.075262e-01 1.924738e-01 0.000000e+00 0.000000e+00
 0.000000e+00 0.000000e+00 2.625531e-01 7.374470e-01 0.000000e+00
 0.000000e+00 0.000000e+00 0.000000e+00 7.319898e-01 2.680102e-01
 0.000000e+00 0.000000e+00 0.000000e+00 0.000000e+00 0.000000e+00
<ENDHMM>
~h "fp_screen_5"
<BEGINHMM>
<NUMSTATES> 5
<STATE> 2
<MEAN> 6
 2.018010e+02 6.952860e+00 9.757285e+00 2.932861e+00 4.397212e+00 1.396586e+00
<VARIANCE> 6
 2.110234e+03 3.487661e+01 6.925308e+01 1.271452e+01 9.493365e+00 1.739117e+00
<GCONST> 3.181812e+01
<STATE> 3
<MEAN> 6
 2.608341e+02 8.357904e+00 2.687097e+01 2.751237e+00 8.183637e+00 1.508215e+00
<VARIANCE> 6
 1.457209e+03 1.199374e+02 3.247736e+02 4.307717e+00 2.677860e+01 1.934604e+00
<GCONST> 3.428955e+01
<STATE> 4
<MEAN> 6
 3.461266e+02 2.441699e+00 3.105311e+00 1.156409e+00 1.361304e+00 3.896996e-01
<VARIANCE> 6
 7.622670e+02 4.324244e+00 5.696101e+00 4.571477e-01 7.365922e-01 6.418370e-02
<GCONST> 1.703310e+01
<TRANSP> 5
 0.000000e+00 1.000000e+00 0.000000e+00 0.000000e+00 0.000000e+00
 0.000000e+00 2.063335e-01 7.936665e-01 0.000000e+00 0.000000e+00
 0.000000e+00 0.000000e+00 3.342808e-01 6.657192e-01 0.000000e+00
 0.000000e+00 0.000000e+00 0.000000e+00 8.857577e-01 1.142422e-01
 0.000000e+00 0.000000e+00 0.000000e+00 0.000000e+00 0.000000e+00
<ENDHMM>
~h "bg_white_0_0"
<BEGINHMM>
<NUMSTATES> 5
<STATE> 2
<MEAN> 6
 7.559293e+02 2.675080e+00 1.695089e+00 9.553590e-01 6.478226e-01 2.517588e-01
<VARIANCE> 6
 1.238732e+03 1.989399e+01 7.049637e+00 2.735353e+00 8.710463e-01 3.463753e-02
<GCONST> 2.059788e+01
<STATE> 3
<MEAN> 6
 7.339129e+02 2.068220e+01 1.007095e+01 6.830202e+00 6.545303e+00 4.608272e+00
<VARIANCE> 6
 3.754287e+03 8.787468e+02 2.115118e+02 6.663354e+01 7.494699e+01 3.460944e+01
<GCONST> 4.345081e+01
<STATE> 4
<MEAN> 6
 7.385251e+02 1.545238e+01 5.250115e+00 7.392165e+00 5.218398e+00 3.693753e+00
<VARIANCE> 6
 3.196278e+03 4.897780e+02 4.518737e+01 5.994070e+01 4.307808e+01 1.760393e+01
<GCONST> 3.982627e+01
<TRANSP> 5
 0.000000e+00 1.000000e+00 0.000000e+00 0.000000e+00 0.000000e+00
 0.000000e+00 8.447695e-01 1.552305e-01 0.000000e+00 0.000000e+00
 0.000000e+00 0.000000e+00 2.398752e-01 7.601249e-01 0.000000e+00
 0.000000e+00 0.000000e+00 0.000000e+00 2.492104e-01 7.507896e-01
 0.000000e+00 0.000000e+00 0.000000e+00 0.000000e+00 0.000000e+00
<ENDHMM>
~h "bg_white_0_1"
<BEGINHMM>
<NUMSTATES> 5
<STATE> 2
<MEAN> 6
 7.532521e+02 6.681714e+00 3.263738e+00 3.611254e+00 2.870370e+00 2.587353e+00
<VARIANCE> 6
 1.299925e+03 7.132127e+01 1.370100e+01 1.161807e+01 6.269947e+00 4.881321e+00
<GCONST> 3.095573e+01
<STATE> 3
<MEAN> 6
 6.762418e+02 5.708997e+01 1.918370e+01 1.843708e+01 1.571540e+01 1.158602e+01
<VARIANCE> 6
 2.472312e+03 1.317141e+03 3.143590e+02 8.314885e+01 8.106017e+01 3.928202e+01
<GCONST> 4.426051e+01
<STATE> 4
<MEAN> 6
 7.314814e+02 2.164159e+01 9.481585e+00 9.764733e+00 6.858207e+00 5.693660e+00
<VARIANCE> 6
 3.313640e+03 5.769664e+02 9.736430e+01 6.265485e+01 3.628345e+01 2.251098e+01
<GCONST> 4.091232e+01
<TRANSP> 5
 0.000000e+00 1.000000e+00 0.000000e+00 0.000000e+00 0.000000e+00
 0.000000e+00 6.553974e-01 3.446027e-01 0.000000e+00 0.000000e+00
 0.000000e+00 0.000000e+00 8.170406e-01 1.829594e-01 0.000000e+00
 0.000000e+00 0.000000e+00 0.000000e+00 1.170439e-01 8.829560e-01
 0.000000e+00 0.000000e+00 0.000000e+00 0.000000e+00 0.000000e+00
<ENDHMM>
~h "bg_white_0_2"
<BEGINHMM>
<NUMSTATES> 5
<STATE> 2
<MEAN> 6
 7.502438e+02 9.203135e+00 4.571747e+00 5.089497e+00 4.273626e+00 3.631506e+00
<VARIANCE> 6
 1.316595e+03 1.161530e+02 2.521114e+01 1.834976e+01 1.626052e+01 9.300524e+00
<GCONST> 3.412069e+01
<STATE> 3
<MEAN> 6
 6.737896e+02 5.267202e+01 2.224501e+01 1.975718e+01 1.592354e+01 1.120586e+01
<VARIANCE> 6
 3.181768e+03 1.350426e+03 3.668116e+02 1.140045e+02 9.336909e+01 3.561920e+01
<GCONST> 4.505116e+01
<STATE> 4
<MEAN> 6
 7.147737e+02 3.325278e+01 9.231825e+00 1.280344e+01 9.042262e+00 6.504581e+00
<VARIANCE> 6
 4.597162e+03 1.115359e+03 7.991238e+01 8.075938e+01 6.008220e+01 2.277269e+01
<GCONST> 4.247107e+01
<TRANSP> 5
 0.000000e+00 1.000000e+00 0.000000e+00 0.000000e+00 0.000000e+00
 0.000000e+00 6.818615e-01 3.181385e-01 0.000000e+00 0.000000e+00
 0.000000e+00 0.000000e+00 7.290093e-01 2.709906e-01 0.000000e+00
 0.000000e+00 0.000000e+00 0.000000e+00 3.661106e-02 9.633890e-01
 0.000000e+00 0.000000e+00 0.000000e+00 0.000000e+00 0.000000e+00
<ENDHMM>
~h "bg_white_0_3"
<BEGINHMM>
<NUMSTATES> 5
<STATE> 2
<MEAN> 6
 7.226154e+02 3.050072e+01 1.021330e+01 1.213063e+01 1.000709e+01 6.672081e+00
<VARIANCE> 6
 3.388432e+03 7.902385e+02 1.034401e+02 6.673632e+01 6.401469e+01 2.287350e+01
<GCONST> 4.195655e+01
<STATE> 3
<MEAN> 6
 6.840457e+02 5.517627e+01 1.984340e+01 1.842998e+01 1.433728e+01 1.048083e+01
<VARIANCE> 6
 3.412436e+03 1.564775e+03 3.327157e+02 9.085633e+01 8.307932e+01 3.794839e+01
<GCONST> 4.489053e+01
<STATE> 4
<MEAN> 6
 7.502896e+02 7.814215e+00 4.917439e+00 4.756164e+00 3.389173e+00 2.633505e+00
<VARIANCE> 6
 2.882974e+03 1.020548e+02 3.260903e+01 2.402400e+01 9.861647e+00 5.539599e+00
<GCONST> 3.428357e+01
<TRANSP> 5
 0.000000e+00 1.000000e+00 0.000000e+00 0.000000e+00 0.000000e+00
 0.000000e+00 3.273601e-01 6.726399e-01 0.000000e+00 0.000000e+00
 0.000000e+00 0.000000e+00 6.911075e-01 3.088925e-01 0.000000e+00
 0.000000e+00 0.000000e+00 0.000000e+00 2.046693e-01 7.953308e-01
 0.000000e+00 0.000000e+00 0.000000e+00 0.000000e+00 0.000000e+00
<ENDHMM>
~h "bg_white_0_4"
<BEGINHMM>
<NUMSTATES> 5
<STATE> 2
<MEAN> 6
 7.593965e+02 5.206512e+00 2.322395e+00 2.662372e+00 1.896805e+00 1.842398e+00
<VARIANCE> 6
 8.513687e+02 4.295583e+01 6.883660e+00 7.010353e+00 2.856403e+00 4.048459e+00
<GCONST> 2.785872e+01
<STATE> 3
<MEAN> 6
 6.778509e+02 5.360847e+01 1.881708e+01 1.620127e+01 1.261301e+01 8.280364e+00
<VARIANCE> 6
 9.507426e+03 2.966844e+03 3.857778e+02 1.224705e+02 1.016859e+02 4.285453e+01
<GCONST> 4.732518e+01
<STATE> 4
<MEAN> 6
 7.031215e+02 7.372430e+00 5.966967e+00 3.789517e+00 4.162683e+00 2.417447e+00
<VARIANCE> 6
 3.191537e+04 1.083021e+02 6.398630e+01 2.367667e+01 2.876960e+01 8.782245e+00
<GCONST> 3.893824e+01
<TRANSP> 5
 0.000000e+00 1.000000e+00 0.000000e+00 0.000000e+00 0.000000e+00
 0.000000e+00 8.412939e-01 1.587061e-01 0.000000e+00 0.000000e+00
 0.000000e+00 0.000000e+00 6.904630e-01 3.095369e-01 0.000000e+00
 0.000000e+00 0.000000e+00 0.000000e+00 2.078920e-01 7.921081e-01
 0.000000e+00 0.000000e+00 0.000000e+00 0.000000e+00 0.000000e+00
<ENDHMM>
~h "bg_white_0_5"
<BEGINHMM>
<NUMSTATES> 5
<STATE> 2
<MEAN> 6
 7.587997e+02 2.149701e+00 2.411400e+00 1.005475e+00 1.292892e+00 6.111729e-01
<VARIANCE> 6
 5.464025e+02 9.802950e+00 1.348072e+01 1.689239e+00 2.983304e+00 1.176322e+00
<GCONST> 2.399427e+01
<STATE> 3
<MEAN> 6
 5.847879e+02 9.819967e+00 9.030459e+01 3.219606e+00 2.183037e+01 1.205443e+00
<VARIANCE> 6
 2.840671e+04 2.801713e+02 5.150726e+03 2.449002e+01 1.882452e+02 2.450211e+00
<GCONST> 4.479612e+01
<STATE> 4
<MEAN> 6
 3.602639e+02 1.028083e+01 1.360572e+01 4.391231e+00 4.805295e+00 1.122601e+00
<VARIANCE> 6
 4.062522e+04 3.290482e+02 9.496835e+02 2.562562e+01 5.494627e+01 2.373401e+00
<GCONST> 4.240601e+01
<TRANSP> 5
 0.000000e+00 1.000000e+00 0.000000e+00 0.000000e+00 0.000000e+00
 0.000000e+00 9.344103e-01 6.558963e-02 0.000000e+00 0.000000e+00
 0.000000e+00 0.000000e+00 7.717308e-02 9.228269e-01 0.000000e+00
 0.000000e+00 0.000000e+00 0.000000e+00 4.723915e-01 5.276086e-01
 0.000000e+00 0.000000e+00 0.000000e+00 0.000000e+00 0.000000e+00
<ENDHMM>
~h "bg_dark_0"
<BEGINHMM>
<NUMSTATES> 5
<STATE> 2
<MEAN> 6
 2.496595e+02 7.968916e+00 9.340411e+00 3.181870e+00 3.324668e+00 1.273149e+00
<VARIANCE> 6
 1.819576e+03 1.510691e+02 5.507317e+01 3.462742e+00 3.306620e+00 6.591323e-01
<GCONST> 2.958118e+01
<STATE> 3
<MEAN> 6
 1.451700e+02 3.093815e+01 6.675448e+00 5.202642e+00 2.849405e+00 9.149070e-01
<VARIANCE> 6
 1.893210e+03 1.528375e+03 3.573886e+01 1.609064e+01 1.798095e+00 2.464198e-01
<GCONST> 3.144574e+01
<STATE> 4
<MEAN> 6
 1.673399e+02 1.202262e+01 1.484559e+01 4.000851e+00 4.187947e+00 1.833383e+00
<VARIANCE> 6
 1.982088e+03 2.133737e+02 2.076962e+02 6.655317e+00 6.141614e+00 2.842223e+00
<GCONST> 3.407338e+01
<TRANSP> 5
 0.000000e+00 1.000000e+00 0.000000e+00 0.000000e+00 0.000000e+00
 0.000000e+00 8.529978e-01 1.470022e-01 0.000000e+00 0.000000e+00
 0.000000e+00 0.000000e+00 3.913383e-01 6.086618e-01 0.000000e+00
 0.000000e+00 0.000000e+00 0.000000e+00 3.089691e-01 6.910310e-01
 0.000000e+00 0.000000e+00 0.000000e+00 0.000000e+00 0.000000e+00
<ENDHMM>
~h "bg_dark_0_0"
<BEGINHMM>
<NUMSTATES> 5
<STATE> 2
<MEAN> 6
 2.161960e+02 8.980077e+00 8.658964e+00 3.565035e+00 2.886539e+00 1.052279e+00
<VARIANCE> 6
 1.944346e+03 1.234864e+02 2.273971e+01 4.436316e+00 1.312666e+00 5.344585e-01
<GCONST> 2.767557e+01
<STATE> 3
<MEAN> 6
 1.711468e+02 1.339620e+01 1.999548e+01 5.043042e+00 4.738352e+00 2.028820e+00
<VARIANCE> 6
 2.258381e+03 1.436331e+02 2.440916e+02 8.221104e+00 8.301498e+00 2.249574e+00
<GCONST> 3.424836e+01
<STATE> 4
<MEAN> 6
 1.662316e+02 4.857129e+00 8.931860e+00 2.702614e+00 3.171539e+00 1.160248e+00
<VARIANCE> 6
 1.713286e+03 1.808574e+01 5.550900e+01 2.320134e+00 3.412119e+00 5.936326e-01
<GCONST> 2.693257e+01
<TRANSP> 5
 0.000000e+00 1.000000e+00 0.000000e+00 0.000000e+00 0.000000e+00
 0.000000e+00 4.053333e-01 5.946667e-01 0.000000e+00 0.000000e+00
 0.000000e+00 0.000000e+00 3.240207e-01 6.759792e-01 0.000000e+00
 0.000000e+00 0.000000e+00 0.000000e+00 5.069190e-01 4.930809e-01
 0.000000e+00 0.000000e+00 0.000000e+00 0.000000e+00 0.000000e+00
<ENDHMM>
~h "bg_dark_0_1"
<BEGINHMM>
<NUMSTATES> 5
<STATE> 2
<MEAN> 6
 1.357247e+02 1.272239e+01 8.612170e+00 3.335529e+00 3.772434e+00 1.514269e+00
<VARIANCE> 6
 8.677734e+02 9.456424e+01 7.163460e+01 4.077811e+00 4.902193e+00 1.010795e+00
<GCONST> 2.962003e+01
<STATE> 3
<MEAN> 6
 1.086717e+02 5.379144e+00 6.316964e+00 1.769270e+00 2.617503e+00 6.542787e-01
<VARIANCE> 6
 7.965366e+02 2.154894e+01 4.036916e+01 6.606414e-01 1.860417e+00 1.965486e-01
<GCONST> 2.305534e+01
<STATE> 4
<MEAN> 6
 1.159798e+02 1.696546e+01 1.356898e+01 4.581968e+00 4.738173e+00 1.629195e+00
<VARIANCE> 6
 1.601147e+03 2.966956e+02 1.259906e+02 5.947940e+00 7.519886e+00 1.052834e+00
<GCONST> 3.278674e+01
<TRANSP> 5
 0.000000e+00 1.000000e+00 0.000000e+00 0.000000e+00 0.000000e+00
 0.000000e+00 5.332745e-01 4.667254e-01 0.000000e+00 0.000000e+00
 0.000000e+00 0.000000e+00 8.494434e-01 1.505567e-01 0.000000e+00
 0.000000e+00 0.000000e+00 0.000000e+00 5.583534e-01 4.416465e-01
 0.000000e+00 0.000000e+00 0.000000e+00 0.000000e+00 0.000000e+00
<ENDHMM>
~h "bg_dark_0_2"
<BEGINHMM>
<NUMSTATES> 5
<STATE> 2
<MEAN> 6
 1.083297e+02 7.587993e+00 8.366559e+00 2.511244e+00 3.408881e+00 9.869369e-01
<VARIANCE> 6
 4.734734e+02 5.254780e+01 6.132256e+01 2.576930e+00 4.907763e+00 4.300269e-01
<GCONST> 2.695874e+01
<STATE> 3
<MEAN> 6
 1.261208e+02 1.703119e+01 2.448497e+01 4.161252e+00 6.012273e+00 2.601091e+00
<VARIANCE> 6
 1.484185e+03 1.191138e+02 3.600662e+02 3.595743e+00 1.530859e+01 4.961068e+00
<GCONST> 3.460603e+01
<STATE> 4
<MEAN> 6
 1.225374e+02 1.302551e+01 1.017982e+01 4.800586e+00 5.281967e+00 1.791094e+00
<VARIANCE> 6
 2.209954e+03 1.136103e+02 8.279887e+01 8.633220e+00 1.202306e+01 3.090207e+00
<GCONST> 3.364786e+01
<TRANSP> 5
 0.000000e+00 1.000000e+00 0.000000e+00 0.000000e+00 0.000000e+00
 0.000000e+00 8.118647e-01 1.881353e-01 0.000000e+00 0.000000e+00
 0.000000e+00 0.000000e+00 6.267968e-05 9.999374e-01 0.000000e+00
 0.000000e+00 0.000000e+00 0.000000e+00 5.238202e-01 4.761799e-01
 0.000000e+00 0.000000e+00 0.000000e+00 0.000000e+00 0.000000e+00
<ENDHMM>
~h "bg_dark_0_3"
<BEGINHMM>
<NUMSTATES> 5
<STATE> 2
<MEAN> 6
 1.239654e+02 1.246292e+01 1.530820e+01 5.114266e+00 6.335304e+00 2.095124e+00
<VARIANCE> 6
 1.026949e+03 7.827946e+01 1.677752e+02 7.047625e+00 1.243013e+01 1.752867e+00
<GCONST> 3.247859e+01
<STATE> 3
<MEAN> 6
 8.504616e+01 3.892633e+01 4.542518e+00 6.157134e+00 2.207537e+00 7.670725e-01
<VARIANCE> 6
 1.435790e+03 6.384581e+02 1.989741e+01 1.254674e+01 4.656693e+00 4.954657e-01
<GCONST> 3.111189e+01
<STATE> 4
<MEAN> 6
 1.139996e+02 9.039560e+00 7.104458e+00 3.007736e+00 3.285851e+00 1.211011e+00
<VARIANCE> 6
 6.367480e+02 8.196668e+01 2.771022e+01 3.067852e+00 3.503491e+00 5.844370e-01
<GCONST> 2.704938e+01
<TRANSP> 5
 0.000000e+00 1.000000e+00 0.000000e+00 0.000000e+00 0.000000e+00
 0.000000e+00 6.909795e-01 3.090205e-01 0.000000e+00 0.000000e+00
 0.000000e+00 0.000000e+00 7.490121e-01 2.509879e-01 0.000000e+00
 0.000000e+00 0.000000e+00 0.000000e+00 7.561843e-01 2.438157e-01
 0.000000e+00 0.000000e+00 0.000000e+00 0.000000e+00 0.000000e+00
<ENDHMM>
~h "bg_dark_0_4"
<BEGINHMM>
<NUMSTATES> 5
<STATE> 2
<MEAN> 6
 1.153127e+02 4.540317e+00 4.716384e+00 1.369520e+00 1.734043e+00 5.495606e-01
<VARIANCE> 6
 1.976977e+02 2.699397e+01 2.454024e+01 1.175638e+00 2.430839e+00 2.363342e-01
<GCONST> 2.241747e+01
<STATE> 3
<MEAN> 6
 1.466841e+02 1.509428e+01 2.103266e+01 5.703640e+00 6.929342e+00 2.499839e+00
<VARIANCE> 6
 1.740895e+03 1.773353e+02 2.364647e+02 7.732309e+00 8.786488e+00 1.783282e+00
<GCONST> 3.393034e+01
<STATE> 4
<MEAN> 6
 1.143082e+02 1.019933e+01 7.884853e+00 3.392197e+00 3.717651e+00 1.351152e+00
<VARIANCE> 6
 9.054910e+02 1.316764e+02 3.852769e+01 4.400901e+00 4.555017e+00 1.478581e+00
<GCONST> 2.975659e+01
<TRANSP> 5
 0.000000e+00 1.000000e+00 0.000000e+00 0.000000e+00 0.000000e+00
 0.000000e+00 8.576234e-01 1.423766e-01 0.000000e+00 0.000000e+00
 0.000000e+00 0.000000e+00 7.024387e-01 2.975613e-01 0.000000e+00
 0.000000e+00 0.000000e+00 0.000000e+00 6.664178e-01 3.335822e-01
 0.000000e+00 0.000000e+00 0.000000e+00 0.000000e+00 0.000000e+00
<ENDHMM>
~h "bg_dark_0_5"
<BEGINHMM>
<NUMSTATES> 5
<STATE> 2
<MEAN> 6
 1.395133e+02 1.261211e+01 1.388336e+01 4.520477e+00 5.406796e+00 1.575202e+00
<VARIANCE> 6
 2.130814e+03 1.151865e+02 1.165596e+02 4.568172e+00 1.023907e+01 1.281549e+00
<GCONST> 3.228987e+01
<STATE> 3
<MEAN> 6
 1.412406e+02 2.521751e+01 1.404221e+01 8.267133e+00 6.980932e+00 3.072045e+00
<VARIANCE> 6
 1.802666e+03 3.351476e+02 1.649546e+02 1.752192e+01 1.133469e+01 3.487931e+00
<GCONST> 3.598516e+01
<STATE> 4
<MEAN> 6
 1.200051e+02 1.204755e+01 1.348561e+01 5.457474e+00 5.855008e+00 2.155834e+00
<VARIANCE> 6
 5.697954e+02 9.117210e+01 1.603624e+02 4.713593e+00 9.173444e+00 1.697237e+00
<GCONST> 3.125849e+01
<TRANSP> 5
 0.000000e+00 1.000000e+00 0.000000e+00 0.000000e+00 0.000000e+00
 0.000000e+00 7.189546e-01 2.810454e-01 0.000000e+00 0.000000e+00
 0.000000e+00 0.000000e+00 7.096258e-01 2.903742e-01 0.000000e+00
 0.000000e+00 0.000000e+00 0.000000e+00 7.331935e-01 2.668065e-01
 0.000000e+00 0.000000e+00 0.000000e+00 0.000000e+00 0.000000e+00
<ENDHMM>
~h "bg_red_0"
<BEGINHMM>
<NUMSTATES> 5
<STATE> 2
<MEAN> 6
 3.839232e+02 1.135636e+01 9.196660e+00 4.361446e+00 3.934645e+00 2.363065e+00
<VARIANCE> 6
 2.027574e+03 4.227745e+01 5.078068e+01 4.972952e+00 6.706306e+00 2.589508e+00
<GCONST> 3.077215e+01
<STATE> 3
<MEAN> 6
 4.301354e+02 1.700179e+01 7.189361e+00 3.176691e+00 2.204895e+00 1.334461e+00
<VARIANCE> 6
 2.636254e+03 2.012900e+02 2.854973e+01 8.645370e+00 3.424091e+00 2.484380e+00
<GCONST> 3.185866e+01
<STATE> 4
<MEAN> 6
 4.558886e+02 1.104536e+01 5.082205e+00 3.351434e+00 1.509588e+00 1.133955e+00
<VARIANCE> 6
 1.532521e+03 1.323430e+02 1.497553e+01 5.419728e+00 1.199974e+00 1.033207e+00
<GCONST> 2.785876e+01
<TRANSP> 5
 0.000000e+00 1.000000e+00 0.000000e+00 0.000000e+00 0.000000e+00
 0.000000e+00 6.294296e-01 3.705705e-01 0.000000e+00 0.000000e+00
 0.000000e+00 0.000000e+00 1.000283e-01 8.999718e-01 0.000000e+00
 0.000000e+00 0.000000e+00 0.000000e+00 3.612681e-02 9.638732e-01
 0.000000e+00 0.000000e+00 0.000000e+00 0.000000e+00 0.000000e+00
<ENDHMM>
~h "bg_board"
<BEGINHMM>
<NUMSTATES> 5
<STATE> 2
<MEAN> 6
 1.835017e+02 1.192505e+01 8.754537e+00 4.088023e+00 2.567943e+00 8.798426e-01
<VARIANCE> 6
 3.168552e+03 1.995894e+02 4.631430e+01 6.306551e+00 2.459928e+00 3.920195e-01
<GCONST> 3.002528e+01
<STATE> 3
<MEAN> 6
 2.158687e+02 1.636983e+01 1.158533e+01 5.930545e+00 2.908471e+00 1.157297e+00
<VARIANCE> 6
 2.609001e+03 5.145953e+02 1.946242e+02 2.323739e+01 1.053278e+01 1.601120e+00
<GCONST> 3.637939e+01
<STATE> 4
<MEAN> 6
 3.280276e+02 9.614594e+00 4.476863e+00 2.302659e+00 1.592926e+00 5.779523e-01
<VARIANCE> 6
 5.652613e+03 1.521423e+02 1.742578e+01 4.087431e+00 1.228304e+00 2.896719e-01
<GCONST> 2.792445e+01
<TRANSP> 5
 0.000000e+00 1.000000e+00 0.000000e+00 0.000000e+00 0.000000e+00
 0.000000e+00 7.254791e-01 2.745210e-01 0.000000e+00 0.000000e+00
 0.000000e+00 0.000000e+00 2.172167e-01 7.827833e-01 0.000000e+00
 0.000000e+00 0.000000e+00 0.000000e+00 8.715679e-01 1.284321e-01
 0.000000e+00 0.000000e+00 0.000000e+00 0.000000e+00 0.000000e+00
<ENDHMM>
~h "fp_key_0"
<BEGINHMM>
<NUMSTATES> 5
<STATE> 2
<MEAN> 6
 1.237954e+02 4.760593e+00 3.466160e+00 1.435069e+00 1.103797e+00 4.127121e-01
<VARIANCE> 6
 3.933946e+03 2.126148e+01 1.118703e+01 1.331225e+00 1.200930e+00 1.778475e-01
<GCONST> 2.351868e+01
<STATE> 3
<MEAN> 6
 2.230101e+02 3.427237e+01 3.788803e+01 1.295662e+01 1.289563e+01 4.304488e+00
<VARIANCE> 6
 1.599811e+04 1.340407e+03 2.900686e+03 1.797824e+02 2.430317e+02 3.215395e+01
<GCONST> 5.003639e+01
<STATE> 4
<MEAN> 6
 3.582361e+02 8.633756e+01 7.717122e+00 1.366987e+01 2.411472e+00 1.229556e+00
<VARIANCE> 6
 4.322336e+04 5.240576e+03 5.333654e+01 1.206628e+02 3.297096e+00 1.485980e+00
<GCONST> 4.062433e+01
<TRANSP> 5
 0.000000e+00 1.000000e+00 0.000000e+00 0.000000e+00 0.000000e+00
 0.000000e+00 8.711650e-01 1.288350e-01 0.000000e+00 0.000000e+00
 0.000000e+00 0.000000e+00 2.266944e-01 7.733056e-01 0.000000e+00
 0.000000e+00 0.000000e+00 0.000000e+00 5.157571e-01 4.842429e-01
 0.000000e+00 0.000000e+00 0.000000e+00 0.000000e+00 0.000000e+00
<ENDHMM>
~h "fp_key_1"
<BEGINHMM>
<NUMSTATES> 5
<STATE> 2
<MEAN> 6
 1.453769e+02 2.222088e+01 4.840270e+00 4.963108e+00 1.657030e+00 9.668970e-01
<VARIANCE> 6
 1.160766e+04 1.395072e+03 3.712059e+01 4.334714e+01 2.139049e+00 9.082614e-01
<GCONST> 3.567494e+01
<STATE> 3
<MEAN> 6
 3.409804e+02 7.284151e+01 7.168317e+01 2.523429e+01 2.421539e+01 9.401389e+00
<VARIANCE> 6
 2.083348e+04 3.579945e+03 3.593847e+03 2.681716e+02 3.197523e+02 4.821106e+01
<GCONST> 5.257642e+01
<STATE> 4
<MEAN> 6
 3.379323e+02 6.793649e+01 1.130193e+01 1.719691e+01 4.631332e+00 2.188136e+00
<VARIANCE> 6
 3.532818e+04 3.269844e+03 2.299242e+02 1.475969e+02 3.661711e+01 7.414061e+00
<GCONST> 4.562833e+01
<TRANSP> 5
 0.000000e+00 1.000000e+00 0.000000e+00 0.000000e+00 0.000000e+00
 0.000000e+00 5.952902e-01 4.047097e-01 0.000000e+00 0.000000e+00
 0.000000e+00 0.000000e+00 6.806458e-01 3.193542e-01 0.000000e+00
 0.000000e+00 0.000000e+00 0.000000e+00 3.724726e-01 6.275274e-01
 0.000000e+00 0.000000e+00 0.000000e+00 0.000000e+00 0.000000e+00
<ENDHMM>
~h "fp_key_2"
<BEGINHMM>
<NUMSTATES> 5
<STATE> 2
<MEAN> 6
 2.618234e+02 5.217225e+01 8.680833e+00 1.281052e+01 4.013773e+00 2.260172e+00
<VARIANCE> 6
 1.870784e+04 2.781054e+03 1.455289e+02 1.358683e+02 2.340131e+01 8.304127e+00
<GCONST> 4.395615e+01
<STATE> 3
<MEAN> 6
 2.675801e+02 5.290537e+01 3.763168e+01 1.200697e+01 1.144856e+01 4.046175e+00
<VARIANCE> 6
 2.650813e+04 3.156772e+03 3.174446e+03 1.251622e+02 1.917220e+02 1.647428e+01
<GCONST> 5.022012e+01
<STATE> 4
<MEAN> 6
 1.687669e+02 2.565514e+01 7.289718e+00 6.639095e+00 2.795501e+00 1.527671e+00
<VARIANCE> 6
 1.241785e+04 1.294094e+03 1.302087e+02 6.410958e+01 1.368295e+01 2.856015e+00
<GCONST> 4.031503e+01
<TRANSP> 5
 0.000000e+00 1.000000e+00 0.000000e+00 0.000000e+00 0.000000e+00
 0.000000e+00 2.207416e-01 7.792585e-01 0.000000e+00 0.000000e+00
 0.000000e+00 0.000000e+00 2.046019e-01 7.953981e-01 0.000000e+00
 0.000000e+00 0.000000e+00 0.000000e+00 5.229700e-01 4.770300e-01
 0.000000e+00 0.000000e+00 0.000000e+00 0.000000e+00 0.000000e+00
<ENDHMM>
~h "fp_key_3"
<BEGINHMM>
<NUMSTATES> 5
<STATE> 2
<MEAN> 6
 3.770992e+02 9.096555e+01 1.091051e+01 2.162828e+01 4.367632e+00 2.457775e+00
<VARIANCE> 6
 2.560437e+04 3.961505e+03 2.369293e+02 2.212261e+02 2.771767e+01 9.487864e+00
<GCONST> 4.590119e+01
<STATE> 3
<MEAN> 6
 3.062666e+02 5.257987e+01 6.558327e+01 1.302463e+01 1.804132e+01 5.534875e+00
<VARIANCE> 6
 1.932904e+04 2.872876e+03 7.023163e+03 1.367595e+02 3.157015e+02 2.900832e+01
<GCONST> 5.175727e+01
<STATE> 4
<MEAN> 6
 1.953060e+02 1.943445e+01 4.584738e+00 4.648541e+00 2.222670e+00 9.381627e-01
<VARIANCE> 6
 1.348279e+04 1.097565e+03 2.159991e+01 4.501247e+01 3.318065e+00 8.294704e-01
<GCONST> 3.542932e+01
<TRANSP> 5
 0.000000e+00 1.000000e+00 0.000000e+00 0.000000e+00 0.000000e+00
 0.000000e+00 6.450604e-01 3.549396e-01 0.000000e+00 0.000000e+00
 0.000000e+00 0.000000e+00 4.317730e-01 5.682271e-01 0.000000e+00
 0.000000e+00 0.000000e+00 0.000000e+00 6.541677e-01 3.458323e-01
 0.000000e+00 0.000000e+00 0.000000e+00 0.000000e+00 0.000000e+00
<ENDHMM>
~h "fp_key_4"
<BEGINHMM>
<NUMSTATES> 5
<STATE> 2
<MEAN> 6
 4.843449e+02 7.879195e+01 7.306190e+00 1.491230e+01 2.264404e+00 1.224050e+00
<VARIANCE> 6
 3.309754e+04 3.087812e+03 3.033724e+01 8.409569e+01 2.706791e+00 1.400468e+00
<GCONST> 3.864660e+01
<STATE> 3
<MEAN> 6
 4.236771e+02 8.117319e+01 5.886003e+01 1.861991e+01 1.746579e+01 7.838858e+00
<VARIANCE> 6
 2.276099e+04 3.554498e+03 3.478459e+03 1.718290e+02 1.645945e+02 4.201809e+01
<GCONST> 5.137847e+01
<STATE> 4
<MEAN> 6
 2.513324e+02 9.258808e+00 9.001335e+00 3.370008e+00 2.830120e+00 1.716464e+00
<VARIANCE> 6
 9.361698e+03 2.153931e+02 1.393551e+02 1.013278e+01 6.178941e+00 2.143657e+00
<GCONST> 3.538057e+01
<TRANSP> 5
 0.000000e+00 1.000000e+00 0.000000e+00 0.000000e+00 0.000000e+00
 0.000000e+00 6.683459e-01 3.316540e-01 0.000000e+00 0.000000e+00
 0.000000e+00 0.000000e+00 6.162728e-01 3.837272e-01 0.000000e+00
 0.000000e+00 0.000000e+00 0.000000e+00 3.652501e-01 6.347499e-01
 0.000000e+00 0.000000e+00 0.000000e+00 0.000000e+00 0.000000e+00
<ENDHMM>
~h "fp_key_5"
<BEGINHMM>
<NUMSTATES> 5
<STATE> 2
<MEAN> 6
 2.789950e+02 1.383076e+01 1.528768e+01 3.219524e+00 3.266288e+00 1.564408e+00
<VARIANCE> 6
 5.294536e+03 5.149413e+02 5.971995e+02 1.229446e+01 1.365758e+01 3.942432e+00
<GCONST> 3.873324e+01
<STATE> 3
<MEAN> 6
 2.686042e+02 7.808987e+00 6.359755e+00 2.539475e+00 2.281590e+00 1.224267e+00
<VARIANCE> 6
 4.956666e+03 1.385374e+02 5.079266e+01 3.008188e+00 3.047456e+00 1.315128e+00
<GCONST> 3.088422e+01
<STATE> 4
<MEAN> 6
 3.178156e+02 3.806987e+00 6.733909e+00 1.106551e+00 1.658371e+00 4.218184e-01
<VARIANCE> 6
 5.376888e+03 4.553034e+01 1.359999e+02 1.213801e+00 5.865886e+00 1.076858e-01
<GCONST> 2.808253e+01
<TRANSP> 5
 0.000000e+00 1.000000e+00 0.000000e+00 0.000000e+00 0.000000e+00
 0.000000e+00 1.552074e-02 9.844792e-01 0.000000e+00 0.000000e+00
 0.000000e+00 0.000000e+00 4.655624e-01 5.344377e-01 0.000000e+00
 0.000000e+00 0.000000e+00 0.000000e+00 8.717875e-01 1.282125e-01
 0.000000e+00 0.000000e+00 0.000000e+00 0.000000e+00 0.000000e+00
<ENDHMM>
~h "bg_red_0_0"
<BEGINHMM>
<NUMSTATES> 5
<STATE> 2
<MEAN> 6
 4.617106e+02 5.248606e+00 4.119414e+00 2.696068e+00 2.298041e+00 1.110546e+00
<VARIANCE> 6
 9.853369e+02 2.369597e+01 1.309730e+01 2.235887e+00 2.090895e+00 6.696702e-01
<GCONST> 2.479922e+01
<STATE> 3
<MEAN> 6
 4.747896e+02 1.148042e+01 2.030998e+01 5.177453e+00 8.257267e+00 2.767691e+00
<VARIANCE> 6
 1.502810e+03 9.694595e+01 7.972024e+02 1.584185e+01 9.073552e+01 4.298509e+00
<GCONST> 3.832649e+01
<STATE> 4
<MEAN> 6
 6.080778e+02 4.786459e+00 4.440926e+00 2.844780e+00 1.950107e+00 1.405091e+00
<VARIANCE> 6
 1.956255e+04 2.934097e+01 2.915947e+01 5.381404e+00 2.698796e+00 2.587476e+00
<GCONST> 3.128684e+01
<TRANSP> 5
 0.000000e+00 1.000000e+00 0.000000e+00 0.000000e+00 0.000000e+00
 0.000000e+00 7.078542e-01 2.921458e-01 0.000000e+00 0.000000e+00
 0.000000e+00 0.000000e+00 2.590636e-03 9.974093e-01 0.000000e+00
 0.000000e+00 0.000000e+00 0.000000e+00 4.875687e-01 5.124313e-01
 0.000000e+00 0.000000e+00 0.000000e+00 0.000000e+00 0.000000e+00
<ENDHMM>
~h "bg_red_0_1"
<BEGINHMM>
<NUMSTATES> 5
<STATE> 2
<MEAN> 6
 5.359567e+02 8.692551e+00 6.492315e+00 5.790467e+00 2.762071e+00 2.986138e+00
<VARIANCE> 6
 1.840717e+04 9.225854e+01 4.552261e+01 2.196848e+01 5.447829e+00 6.718871e+00
<GCONST> 3.588031e+01
<STATE> 3
<MEAN> 6
 4.988934e+02 7.930973e+01 7.721217e+00 1.834193e+01 2.151077e+00 2.650117e+00
<VARIANCE> 6
 7.282771e+03 4.012864e+03 1.587184e+01 1.150449e+02 3.550858e+00 4.364418e+00
<GCONST> 3.846833e+01
<STATE> 4
<MEAN> 6
 3.921294e+02 4.243887e+00 2.836701e+00 1.988073e+00 1.113361e+00 6.452066e-01
<VARIANCE> 6
 4.428424e+02 3.349968e+01 4.497506e+00 7.291524e+00 1.389235e+00 2.782053e-01
<GCONST> 2.317160e+01
<TRANSP> 5
 0.000000e+00 1.000000e+00 0.000000e+00 0.000000e+00 0.000000e+00
 0.000000e+00 2.644474e-01 7.355525e-01 0.000000e+00 0.000000e+00
 0.000000e+00 0.000000e+00 6.306698e-01 3.693302e-01 0.000000e+00
 0.000000e+00 0.000000e+00 0.000000e+00 7.940586e-01 2.059413e-01
 0.000000e+00 0.000000e+00 0.000000e+00 0.000000e+00 0.000000e+00
<ENDHMM>
~h "bg_red_0_2"
<BEGINHMM>
<NUMSTATES> 5
<STATE> 2
<MEAN> 6
 3.732881e+02 4.423744e+00 4.768432e+00 2.055104e+00 1.609939e+00 6.262420e-01
<VARIANCE> 6
 9.214896e+02 1.514008e+01 1.270036e+01 1.957115e+00 1.223959e+00 2.230769e-01
<GCONST> 2.248555e+01
<STATE> 3
<MEAN> 6
 3.494197e+02 3.163840e+00 2.220888e+00 9.513910e-01 6.149076e-01 2.674650e-01
<VARIANCE> 6
 7.192970e+02 6.197663e+00 2.254886e+00 3.821802e-01 1.544410e-01 1.348896e-02
<GCONST> 1.310712e+01
<STATE> 4
<MEAN> 6
 3.320518e+02 5.966918e+00 3.652429e+00 2.026875e+00 1.890967e+00 4.309723e-01
<VARIANCE> 6
 9.206062e+02 1.273630e+01 1.266579e+01 1.979638e+00 1.698148e+00 4.059538e-02
<GCONST> 2.094401e+01
<TRANSP> 5
 0.000000e+00 1.000000e+00 0.000000e+00 0.000000e+00 0.000000e+00
 0.000000e+00 5.103343e-03 9.948967e-01 0.000000e+00 0.000000e+00
 0.000000e+00 0.000000e+00 8.771657e-01 1.228344e-01 0.000000e+00
 0.000000e+00 0.000000e+00 0.000000e+00 7.759300e-01 2.240700e-01
 0.000000e+00 0.000000e+00 0.000000e+00 0.000000e+00 0.000000e+00
<ENDHMM>
~h "bg_red_0_3"
<BEGINHMM>
<NUMSTATES> 5
<STATE> 2
<MEAN> 6
 2.824507e+02 4.312351e+00 1.527962e+00 1.066383e+00 4.506655e-01 2.623511e-01
<VARIANCE> 6
 6.893236e+02 6.922793e+00 1.271427e+00 3.466357e-01 1.257480e-01 3.006866e-02
<GCONST> 1.310071e+01
<STATE> 3
<MEAN> 6
 2.240992e+02 2.148396e+01 3.419692e+00 5.042387e+00 8.190035e-01 4.421996e-01
<VARIANCE> 6
 2.270275e+03 2.558062e+02 4.625781e+00 1.449790e+01 2.636774e-01 6.731382e-02
<GCONST> 2.447357e+01
<STATE> 4
<MEAN> 6
 2.714915e+02 7.052361e+00 1.436067e+00 1.467029e+00 4.797833e-01 2.431775e-01
<VARIANCE> 6
 7.408693e+02 1.260711e+01 1.065287e+00 8.621556e-01 8.208740e-02 8.644804e-03
<GCONST> 1.283350e+01
<TRANSP> 5
 0.000000e+00 1.000000e+00 0.000000e+00 0.000000e+00 0.000000e+00
 0.000000e+00 8.561558e-01 1.438443e-01 0.000000e+00 0.000000e+00
 0.000000e+00 0.000000e+00 6.857078e-01 3.142922e-01 0.000000e+00
 0.000000e+00 0.000000e+00 0.000000e+00 7.678552e-01 2.321448e-01
 0.000000e+00 0.000000e+00 0.000000e+00 0.000000e+00 0.000000e+00
<ENDHMM>
~h "bg_red_0_4"
<BEGINHMM>
<NUMSTATES> 5
<STATE> 2
<MEAN> 6
 2.337619e+02 6.958803e+00 1.888719e+00 1.589884e+00 5.454217e-01 2.895479e-01
<VARIANCE> 6
 6.746816e+02 1.600813e+01 2.211499e+00 1.212214e+00 9.746798e-02 1.603969e-02
<GCONST> 1.483980e+01
<STATE> 3
<MEAN> 6
 2.446742e+02 9.627932e+00 1.420191e+00 3.761093e+00 7.278676e-01 4.229211e-01
<VARIANCE> 6
 8.407133e+02 2.986011e+01 9.289147e-01 6.300598e+00 4.796974e-02 1.516213e-02
<GCONST> 1.569880e+01
<STATE> 4
<MEAN> 6
 2.421329e+02 2.060101e+01 5.232093e+00 7.714990e+00 1.739923e+00 9.823871e-01
<VARIANCE> 6
 2.119369e+03 1.939818e+02 2.617534e+01 2.683825e+01 1.261457e+00 4.863732e-01
<GCONST> 3.002003e+01
<TRANSP> 5
 0.000000e+00 1.000000e+00 0.000000e+00 0.000000e+00 0.000000e+00
 0.000000e+00 7.034656e-01 2.965344e-01 0.000000e+00 0.000000e+00
 0.000000e+00 0.000000e+00 8.981483e-05 9.999102e-01 0.000000e+00
 0.000000e+00 0.000000e+00 0.000000e+00 7.710264e-01 2.289736e-01
 0.000000e+00 0.000000e+00 0.000000e+00 0.000000e+00 0.000000e+00
<ENDHMM>
~h "bg_red_0_5"
<BEGINHMM>
<NUMSTATES> 5
<STATE> 2
<MEAN> 6
 2.571721e+02 1.022790e+01 2.883136e+00 2.312439e+00 6.897659e-01 4.514977e-01
<VARIANCE> 6
 9.750236e+02 4.528632e+01 5.380143e+00 2.807966e+00 1.426309e-01 7.966956e-02
<GCONST> 1.996054e+01
<STATE> 3
<MEAN> 6
 2.495738e+02 2.011249e+01 6.778120e+00 6.920555e+00 1.449311e+00 1.259259e+00
<VARIANCE> 6
 1.511675e+03 1.883445e+02 1.071706e+01 1.395334e+01 5.396495e-01 4.707594e-01
<GCONST> 2.722382e+01
<STATE> 4
<MEAN> 6
 2.984913e+02 9.046906e+00 6.218390e+00 4.199700e+00 2.271983e+00 1.337437e+00
<VARIANCE> 6
 4.952430e+02 8.372691e+01 3.967776e+01 8.350319e+00 3.243396e+00 1.427149e+00
<GCONST> 2.899526e+01
<TRANSP> 5
 0.000000e+00 1.000000e+00 0.000000e+00 0.000000e+00 0.000000e+00
 0.000000e+00 8.277113e-01 1.722887e-01 0.000000e+00 0.000000e+00
 0.000000e+00 0.000000e+00 6.533368e-01 3.466632e-01 0.000000e+00
 0.000000e+00 0.000000e+00 0.000000e+00 7.713641e-01 2.286359e-01
 0.000000e+00 0.000000e+00 0.000000e+00 0.000000e+00 0.000000e+00
<ENDHMM>
~h "fp_screen"
<BEGINHMM>
<NUMSTATES> 5
<STATE> 2
<MEAN> 6
 1.323657e+02 5.425770e+00 1.862931e+01 1.557648e+00 7.273857e+00 1.265541e+00
<VARIANCE> 6
 3.126668e+03 3.888847e+01 9.013560e+02 1.636250e+00 1.210437e+02 3.100379e+00
<GCONST> 3.595966e+01
<STATE> 3
<MEAN> 6
 3.827160e+02 3.291552e+01 3.203438e+01 8.681159e+00 1.285468e+01 7.199225e+00
<VARIANCE> 6
 6.102789e+04 2.058829e+03 1.171655e+03 5.919745e+01 1.426367e+02 6.596346e+01
<GCONST> 4.997269e+01
<STATE> 4
<MEAN> 6
 1.861459e+02 5.674198e+00 6.466372e+00 1.768174e+00 1.910469e+00 6.513260e-01
<VARIANCE> 6
 1.562355e+04 5.122429e+01 7.319475e+01 2.631312e+00 3.871891e+00 7.173010e-01
<GCONST> 3.090210e+01
<TRANSP> 5
 0.000000e+00 1.000000e+00 0.000000e+00 0.000000e+00 0.000000e+00
 0.000000e+00 2.823721e-01 7.176279e-01 0.000000e+00 0.000000e+00
 0.000000e+00 0.000000e+00 5.123286e-01 4.876713e-01 0.000000e+00
 0.000000e+00 0.000000e+00 0.000000e+00 5.277866e-01 4.722134e-01
 0.000000e+00 0.000000e+00 0.000000e+00 0.000000e+00 0.000000e+00
<ENDHMM>
~h "bg_board_0"
<BEGINHMM>
<NUMSTATES> 5
<STATE> 2
<MEAN> 6
 2.293907e+02 1.190131e+01 4.833415e+00 2.771044e+00 1.929445e+00 6.141391e-01
<VARIANCE> 6
 3.371495e+03 1.479952e+02 1.496933e+01 3.588067e+00 1.207940e+00 1.867812e-01
<GCONST> 2.664227e+01
<STATE> 3
<MEAN> 6
 2.244282e+02 3.020706e+01 1.314407e+01 6.959249e+00 3.877462e+00 1.662991e+00
<VARIANCE> 6
 4.717221e+03 6.596900e+02 1.057334e+02 1.721610e+01 4.289822e+00 1.598912e+00
<GCONST> 3.541034e+01
<STATE> 4
<MEAN> 6
 1.549228e+02 1.640826e+01 7.309580e+00 3.528579e+00 2.461746e+00 9.107017e-01
<VARIANCE> 6
 4.587066e+03 2.615712e+02 3.390188e+01 4.450790e+00 1.493107e+00 4.766070e-01
<GCONST> 2.970131e+01
<TRANSP> 5
 0.000000e+00 1.000000e+00 0.000000e+00 0.000000e+00 0.000000e+00
 0.000000e+00 8.016016e-01 1.983984e-01 0.000000e+00 0.000000e+00
 0.000000e+00 0.000000e+00 5.446731e-01 4.553269e-01 0.000000e+00
 0.000000e+00 0.000000e+00 0.000000e+00 6.936304e-01 3.063696e-01
 0.000000e+00 0.000000e+00 0.000000e+00 0.000000e+00 0.000000e+00
<ENDHMM>
~h "bg_board_1"
<BEGINHMM>
<NUMSTATES> 5
<STATE> 2
<MEAN> 6
 1.368152e+02 1.703766e+01 9.576582e+00 4.061492e+00 2.511137e+00 9.075835e-01
<VARIANCE> 6
 3.799200e+03 2.483799e+02 6.338709e+01 5.941263e+00 1.758763e+00 4.365593e-01
<GCONST> 3.045173e+01
<STATE> 3
<MEAN> 6
 2.139603e+02 2.818129e+01 1.767314e+01 6.991653e+00 5.331882e+00 2.179956e+00
<VARIANCE> 6
 1.091217e+04 6.924618e+02 3.145476e+02 2.328218e+01 3.782295e+01 3.838738e+00
<GCONST> 4.074203e+01
<STATE> 4
<MEAN> 6
 2.550675e+02 1.009540e+01 4.689819e+00 2.217935e+00 1.523841e+00 4.693778e-01
<VARIANCE> 6
 2.046610e+04 2.108184e+02 1.638369e+01 3.966328e+00 6.374456e-01 7.629872e-02
<GCONST> 2.745553e+01
<TRANSP> 5
 0.000000e+00 1.000000e+00 0.000000e+00 0.000000e+00 0.000000e+00
 0.000000e+00 8.105419e-01 1.894582e-01 0.000000e+00 0.000000e+00
 0.000000e+00 0.000000e+00 4.674903e-01 5.325097e-01 0.000000e+00
 0.000000e+00 0.000000e+00 0.000000e+00 7.617151e-01 2.382848e-01
 0.000000e+00 0.000000e+00 0.000000e+00 0.000000e+00 0.000000e+00
<ENDHMM>
~h "bg_board_2"
<BEGINHMM>
<NUMSTATES> 5
<STATE> 2
<MEAN> 6
 1.178969e+02 1.583697e+01 7.797578e+00 3.923492e+00 2.165198e+00 6.753650e-01
<VARIANCE> 6
 4.330285e+03 2.440262e+02 4.170093e+01 5.304495e+00 1.874196e+00 1.926824e-01
<GCONST> 2.927847e+01
<STATE> 3
<MEAN> 6
 2.112330e+02 3.185415e+01 1.410196e+01 7.526916e+00 3.882261e+00 1.521714e+00
<VARIANCE> 6
 7.363420e+03 8.894521e+02 1.619354e+02 2.109004e+01 5.537299e+00 1.140425e+00
<GCONST> 3.670105e+01
<STATE> 4
<MEAN> 6
 2.462149e+02 2.087089e+01 4.928654e+00 4.043016e+00 2.300840e+00 9.322597e-01
<VARIANCE> 6
 1.126398e+04 5.520074e+02 1.466722e+01 9.650781e+00 2.177778e+00 3.659453e-01
<GCONST> 3.139588e+01
<TRANSP> 5
 0.000000e+00 1.000000e+00 0.000000e+00 0.000000e+00 0.000000e+00
 0.000000e+00 8.235831e-01 1.764169e-01 0.000000e+00 0.000000e+00
 0.000000e+00 0.000000e+00 4.466942e-01 5.533057e-01 0.000000e+00
 0.000000e+00 0.000000e+00 0.000000e+00 3.790081e-01 6.209918e-01
 0.000000e+00 0.000000e+00 0.000000e+00 0.000000e+00 0.000000e+00
<ENDHMM>
~h "bg_board_3"
<BEGINHMM>
<NUMSTATES> 5
<STATE> 2
<MEAN> 6
 1.642773e+02 2.051297e+01 7.276819e+00 4.688948e+00 3.007701e+00 1.034256e+00
<VARIANCE> 6
 9.876614e+03 5.336919e+02 4.152784e+01 1.044108e+01 2.897892e+00 5.297162e-01
<GCONST> 3.300569e+01
<STATE> 3
<MEAN> 6
 2.496039e+02 3.575230e+01 2.015563e+01 1.144257e+01 5.569001e+00 2.360262e+00
<VARIANCE> 6
 9.127456e+03 9.165304e+02 4.369434e+02 4.516705e+01 1.446526e+01 3.163834e+00
<GCONST> 4.068060e+01
<STATE> 4
<MEAN> 6
 2.052390e+02 1.578517e+01 7.702476e+00 4.806904e+00 3.073503e+00 1.253776e+00
<VARIANCE> 6
 9.771670e+03 4.107960e+02 5.112205e+01 8.171635e+00 2.603040e+00 6.557446e-01
<GCONST> 3.280218e+01
<TRANSP> 5
 0.000000e+00 1.000000e+00 0.000000e+00 0.000000e+00 0.000000e+00
 0.000000e+00 5.033250e-01 4.966750e-01 0.000000e+00 0.000000e+00
 0.000000e+00 0.000000e+00 5.148095e-01 4.851905e-01 0.000000e+00
 0.000000e+00 0.000000e+00 0.000000e+00 4.558467e-01 5.441533e-01
 0.000000e+00 0.000000e+00 0.000000e+00 0.000000e+00 0.000000e+00
<ENDHMM>
~h "bg_board_4"
<BEGINHMM>
<NUMSTATES> 5
<STATE> 2
<MEAN> 6
 1.751867e+02 1.749236e+01 1.055026e+01 5.412273e+00 3.692269e+00 1.648247e+00
<VARIANCE> 6
 4.504092e+03 2.640168e+02 6.554135e+01 7.585128e+00 4.526529e+00 1.311610e+00
<GCONST> 3.300610e+01
<STATE> 3
<MEAN> 6
 2.281646e+02 3.751411e+01 1.734192e+01 1.102306e+01 6.354607e+00 3.421980e+00
<VARIANCE> 6
 4.569016e+03 8.446860e+02 2.365395e+02 3.761578e+01 9.873245e+00 6.000015e+00
<GCONST> 3.936841e+01
<STATE> 4
<MEAN> 6
 2.299453e+02 1.956805e+01 7.844501e+00 4.779284e+00 3.062599e+00 1.247120e+00
<VARIANCE> 6
 6.752092e+03 4.677433e+02 4.406518e+01 9.423162e+00 2.513755e+00 6.935837e-01
<GCONST> 3.257752e+01
<TRANSP> 5
 0.000000e+00 1.000000e+00 0.000000e+00 0.000000e+00 0.000000e+00
 0.000000e+00 8.021050e-01 1.978950e-01 0.000000e+00 0.000000e+00
 0.000000e+00 0.000000e+00 6.548069e-01 3.451931e-01 0.000000e+00
 0.000000e+00 0.000000e+00 0.000000e+00 4.760616e-01 5.239384e-01
 0.000000e+00 0.000000e+00 0.000000e+00 0.000000e+00 0.000000e+00
<ENDHMM>
~h "bg_board_5"
<BEGINHMM>
<NUMSTATES> 5
<STATE> 2
<MEAN> 6
 2.558497e+02 1.981201e+01 1.118977e+01 6.172976e+00 4.504158e+00 2.258232e+00
<VARIANCE> 6
 3.484019e+03 3.652078e+02 9.707800e+01 8.158203e+00 5.374434e+00 2.488562e+00
<GCONST> 3.435157e+01
<STATE> 3
<MEAN> 6
 2.527804e+02 1.009477e+02 1.051552e+01 1.445665e+01 4.665811e+00 2.243435e+00
<VARIANCE> 6
 3.869861e+03 8.015698e+03 2.342038e+02 5.749816e+01 2.212286e+01 6.807830e+00
<GCONST> 4.280002e+01
<STATE> 4
<MEAN> 6
 2.984343e+02 1.685276e+01 8.002058e+00 4.937777e+00 3.099380e+00 1.474803e+00
<VARIANCE> 6
 5.569340e+03 5.889708e+02 6.595457e+01 1.350183e+01 3.075144e+00 1.105993e+00
<GCONST> 3.404656e+01
<TRANSP> 5
 0.000000e+00 1.000000e+00 0.000000e+00 0.000000e+00 0.000000e+00
 0.000000e+00 7.506918e-01 2.493082e-01 0.000000e+00 0.000000e+00
 0.000000e+00 0.000000e+00 6.921170e-01 3.078830e-01 0.000000e+00
 0.000000e+00 0.000000e+00 0.000000e+00 6.991401e-01 3.008600e-01
 0.000000e+00 0.000000e+00 0.000000e+00 0.000000e+00 0.000000e+00
<ENDHMM>
~h "fp_key"
<BEGINHMM>
<NUMSTATES> 5
<STATE> 2
<MEAN> 6
 1.452173e+02 3.738150e+00 3.298261e+00 1.098378e+00 1.045654e+00 3.831875e-01
<VARIANCE> 6
 3.574197e+03 1.237622e+01 8.617286e+00 6.515342e-01 6.320884e-01 9.772142e-02
<GCONST> 2.066552e+01
<STATE> 3
<MEAN> 6
 3.837828e+02 8.553506e+01 2.248239e+01 1.775876e+01 8.460438e+00 3.074736e+00
<VARIANCE> 6
 4.000115e+04 4.001854e+03 1.505048e+03 1.514323e+02 1.210092e+02 1.076284e+01
<GCONST> 4.942712e+01
<STATE> 4
<MEAN> 6
 1.432141e+02 2.327423e+01 6.889156e+00 3.980350e+00 2.402522e+00 1.098840e+00
<VARIANCE> 6
 3.941489e+03 3.780709e+02 7.158712e+01 7.695819e+00 5.666913e+00 2.336117e+00
<GCONST> 3.413639e+01
<TRANSP> 5
 0.000000e+00 1.000000e+00 0.000000e+00 0.000000e+00 0.000000e+00
 0.000000e+00 8.954141e-01 1.045859e-01 0.000000e+00 0.000000e+00
 0.000000e+00 0.000000e+00 8.722558e-01 1.277442e-01 0.000000e+00
 0.000000e+00 0.000000e+00 0.000000e+00 7.677487e-01 2.322514e-01
 0.000000e+00 0.000000e+00 0.000000e+00 0.000000e+00 0.000000e+00
<ENDHMM>
~h "fp_logo"
<BEGINHMM>
<NUMSTATES> 5
<STATE> 2
<MEAN> 6
 1.079661e+02 2.967131e+00 2.416425e+00 7.981211e-01 8.058634e-01 3.192495e-01
<VARIANCE> 6
 4.302430e+02 9.933240e+00 4.681938e+00 3.452144e-01 4.166526e-01 4.693517e-02
<GCONST> 1.593314e+01
<STATE> 3
<MEAN> 6
 1.238635e+02 1.868831e+01 7.210972e+00 5.476500e+00 3.568605e+00 1.188382e+00
<VARIANCE> 6
 8.364365e+02 4.635330e+02 3.328497e+01 2.456348e+01 7.214031e+00 7.468553e-01
<GCONST> 3.228580e+01
<STATE> 4
<MEAN> 6
 1.227797e+02 7.632526e+00 2.790626e+00 2.419534e+00 1.415349e+00 5.797121e-01
<VARIANCE> 6
 6.696245e+02 1.419037e+02 4.699973e+00 7.353787e+00 9.387028e-01 2.954284e-01
<GCONST> 2.474931e+01
<TRANSP> 5
 0.000000e+00 1.000000e+00 0.000000e+00 0.000000e+00 0.000000e+00
 0.000000e+00 9.277684e-01 7.223162e-02 0.000000e+00 0.000000e+00
 0.000000e+00 0.000000e+00 3.422251e-01 6.577749e-01 0.000000e+00
 0.000000e+00 0.000000e+00 0.000000e+00 2.575391e-01 7.424610e-01
 0.000000e+00 0.000000e+00 0.000000e+00 0.000000e+00 0.000000e+00
<ENDHMM>
