~o
<STREAMINFO> 1 6
<VECSIZE> 6<NULLD><MFCC><DIAGC>
~h "bg_dark_0_1"
<BEGINHMM>
<NUMSTATES> 5
<STATE> 2
<MEAN> 6
 4.562652e+02 9.471185e+00 5.577187e+00 3.148378e+00 2.236810e+00 1.093967e+00
<VARIANCE> 6
 8.824933e+04 2.439418e+02 1.512083e+02 1.600287e+01 1.399065e+01 3.049409e+00
<GCONST> 3.945687e+01
<STATE> 3
<MEAN> 6
 5.213545e+02 4.721669e+01 2.287453e+01 1.317326e+01 1.044448e+01 5.431445e+00
<VARIANCE> 6
 4.933595e+04 2.566152e+03 1.641605e+03 1.459679e+02 1.681294e+02 3.703555e+01
<GCONST> 5.080726e+01
<STATE> 4
<MEAN> 6
 2.727925e+02 5.608878e+00 4.240203e+00 2.160810e+00 1.822943e+00 8.592511e-01
<VARIANCE> 6
 1.143863e+04 4.536797e+01 3.493431e+01 4.523658e+00 3.004411e+00 1.265066e+00
<GCONST> 3.058482e+01
<TRANSP> 5
 0.000000e+00 1.000000e+00 0.000000e+00 0.000000e+00 0.000000e+00
 0.000000e+00 9.587255e-01 4.127456e-02 0.000000e+00 0.000000e+00
 0.000000e+00 0.000000e+00 9.572576e-01 4.274235e-02 0.000000e+00
 0.000000e+00 0.000000e+00 0.000000e+00 9.553093e-01 4.469074e-02
 0.000000e+00 0.000000e+00 0.000000e+00 0.000000e+00 0.000000e+00
<ENDHMM>
