~o
<STREAMINFO> 1 6
<VECSIZE> 6<NULLD><MFCC><DIAGC>
~h "fp_logo_0"
<BEGINHMM>
<NUMSTATES> 5
<STATE> 2
<MEAN> 6
 1.740851e+02 4.441598e+00 3.329299e+00 2.187628e+00 1.320081e+00 5.821076e-01
<VARIANCE> 6
 1.011901e+03 1.296245e+01 6.602080e+00 2.210361e+00 5.766483e-01 1.711467e-01
<GCONST> 2.087369e+01
<STATE> 3
<MEAN> 6
 2.224473e+02 8.061142e+00 7.136375e+00 4.686180e+00 3.087955e+00 1.732257e+00
<VARIANCE> 6
 5.514927e+03 4.630957e+01 5.099306e+01 1.955833e+01 2.962579e+00 1.508749e+00
<GCONST> 3.188025e+01
<STATE> 4
<MEAN> 6
 2.108027e+02 7.426908e+00 4.306739e+00 3.718232e+00 1.873038e+00 8.447423e-01
<VARIANCE> 6
 3.134490e+03 5.815786e+01 9.567293e+00 1.653172e+01 1.394729e+00 2.941251e-01
<GCONST> 2.731322e+01
<TRANSP> 5
 0.000000e+00 1.000000e+00 0.000000e+00 0.000000e+00 0.000000e+00
 0.000000e+00 8.210478e-01 1.789522e-01 0.000000e+00 0.000000e+00
 0.000000e+00 0.000000e+00 2.467265e-01 7.532735e-01 0.000000e+00
 0.000000e+00 0.000000e+00 0.000000e+00 2.204887e-01 7.795113e-01
 0.000000e+00 0.000000e+00 0.000000e+00 0.000000e+00 0.000000e+00
<ENDHMM>
~h "fp_logo_1"
<BEGINHMM>
<NUMSTATES> 5
<STATE> 2
<MEAN> 6
 2.207189e+02 1.311592e+01 3.454515e+00 4.829814e+00 2.370553e+00 1.383510e+00
<VARIANCE> 6
 1.254859e+03 1.204302e+02 7.069427e+00 9.401898e+00 2.172010e+00 1.690945e+00
<GCONST> 2.845074e+01
<STATE> 3
<MEAN> 6
 4.274178e+02 1.004269e+02 8.115309e+01 2.747997e+01 2.343568e+01 1.111963e+01
<VARIANCE> 6
 3.783110e+04 8.195381e+03 6.285162e+03 4.602633e+02 3.438914e+02 7.015838e+01
<GCONST> 5.554830e+01
<STATE> 4
<MEAN> 6
 3.504049e+02 1.567081e+01 2.801654e+01 8.716162e+00 1.104665e+01 3.336614e+00
<VARIANCE> 6
 5.787637e+04 4.623536e+02 3.183708e+03 1.028087e+02 2.557545e+02 9.182617e+00
<GCONST> 4.858986e+01
<TRANSP> 5
 0.000000e+00 1.000000e+00 0.000000e+00 0.000000e+00 0.000000e+00
 0.000000e+00 7.219886e-01 2.780114e-01 0.000000e+00 0.000000e+00
 0.000000e+00 0.000000e+00 6.488937e-01 3.511063e-01 0.000000e+00
 0.000000e+00 0.000000e+00 0.000000e+00 1.887121e-01 8.112879e-01
 0.000000e+00 0.000000e+00 0.000000e+00 0.000000e+00 0.000000e+00
<ENDHMM>
~h "fp_logo_2"
<BEGINHMM>
<NUMSTATES> 5
<STATE> 2
<MEAN> 6
 2.870299e+02 2.132057e+01 2.063313e+01 9.051911e+00 6.368417e+00 3.449643e+00
<VARIANCE> 6
 2.690882e+04 1.046028e+03 1.062589e+03 1.122812e+02 8.627950e+01 9.068460e+00
<GCONST> 4.653209e+01
<STATE> 3
<MEAN> 6
 4.502178e+02 6.434848e+01 8.644365e+01 2.177637e+01 2.655859e+01 9.822954e+00
<VARIANCE> 6
 4.656727e+04 5.367577e+03 9.309255e+03 4.944273e+02 5.423218e+02 6.315178e+01
<GCONST> 5.614761e+01
<STATE> 4
<MEAN> 6
 2.407328e+02 4.044855e+00 3.453149e+00 2.578902e+00 1.831411e+00 1.138595e+00
<VARIANCE> 6
 8.010588e+02 1.075464e+01 8.193800e+00 2.560214e+00 2.000650e+00 1.490010e+00
<GCONST> 2.422426e+01
<TRANSP> 5
 0.000000e+00 1.000000e+00 0.000000e+00 0.000000e+00 0.000000e+00
 0.000000e+00 3.514728e-02 9.648528e-01 0.000000e+00 0.000000e+00
 0.000000e+00 0.000000e+00 6.328798e-01 3.671202e-01 0.000000e+00
 0.000000e+00 0.000000e+00 0.000000e+00 7.958741e-01 2.041259e-01
 0.000000e+00 0.000000e+00 0.000000e+00 0.000000e+00 0.000000e+00
<ENDHMM>
~h "fp_logo_3"
<BEGINHMM>
<NUMSTATES> 5
<STATE> 2
<MEAN> 6
 2.265024e+02 1.673372e+01 4.330740e+00 5.857920e+00 2.162407e+00 1.231234e+00
<VARIANCE> 6
 3.913040e+03 2.774889e+02 8.544573e+00 1.843369e+01 2.128782e+00 1.072310e+00
<GCONST> 3.080996e+01
<STATE> 3
<MEAN> 6
 4.464977e+02 1.073656e+02 7.426028e+00 2.172552e+01 2.128522e+00 1.406778e+00
<VARIANCE> 6
 3.745980e+04 1.191798e+04 2.361318e+01 4.456547e+02 1.395740e+00 1.953783e+00
<GCONST> 4.120863e+01
<STATE> 4
<MEAN> 6
 2.864069e+02 8.150042e+00 3.553717e+00 2.521435e+00 1.398349e+00 4.689535e-01
<VARIANCE> 6
 3.316208e+03 2.546990e+02 4.999469e+00 5.986744e+00 5.697633e-01 1.687980e-01
<GCONST> 2.573121e+01
<TRANSP> 5
 0.000000e+00 1.000000e+00 0.000000e+00 0.000000e+00 0.000000e+00
 0.000000e+00 5.589637e-01 4.410363e-01 0.000000e+00 0.000000e+00
 0.000000e+00 0.000000e+00 5.854586e-01 4.145414e-01 0.000000e+00
 0.000000e+00 0.000000e+00 0.000000e+00 4.464800e-01 5.535200e-01
 0.000000e+00 0.000000e+00 0.000000e+00 0.000000e+00 0.000000e+00
<ENDHMM>
~h "fp_logo_4"
<BEGINHMM>
<NUMSTATES> 5
<STATE> 2
<MEAN> 6
 2.974708e+02 2.173084e+01 7.975268e+00 8.202106e+00 2.592898e+00 1.607899e+00
<VARIANCE> 6
 5.059880e+03 5.759391e+02 4.877118e+01 7.121011e+01 4.052661e+00 2.814245e+00
<GCONST> 3.649921e+01
<STATE> 3
<MEAN> 6
 4.995092e+02 8.462215e+01 2.520153e+01 2.054555e+01 6.892746e+00 3.183951e+00
<VARIANCE> 6
 5.806007e+04 1.050506e+04 1.340057e+03 3.867588e+02 7.770284e+01 1.127380e+01
<GCONST> 5.118975e+01
<STATE> 4
<MEAN> 6
 3.530302e+02 3.285614e+00 3.766488e+00 1.594196e+00 1.224302e+00 4.119688e-01
<VARIANCE> 6
 2.444704e+03 6.319145e+00 1.043568e+01 7.724193e-01 4.764121e-01 8.192340e-02
<GCONST> 1.951608e+01
<TRANSP> 5
 0.000000e+00 1.000000e+00 0.000000e+00 0.000000e+00 0.000000e+00
 0.000000e+00 3.483758e-01 6.516242e-01 0.000000e+00 0.000000e+00
 0.000000e+00 0.000000e+00 5.525352e-01 4.474647e-01 0.000000e+00
 0.000000e+00 0.000000e+00 0.000000e+00 9.045110e-01 9.548908e-02
 0.000000e+00 0.000000e+00 0.000000e+00 0.000000e+00 0.000000e+00
<ENDHMM>
~h "fp_logo_5"
<BEGINHMM>
<NUMSTATES> 5
<STATE> 2
<MEAN> 6
 4.071242e+02 4.637393e+00 3.328784e+00 1.029113e+00 1.858220e+00 4.787488e-01
<VARIANCE> 6
 4.244752e+03 2.399092e+01 5.442290e+00 2.845563e-01 6.967073e+00 9.640238e-02
<GCONST> 2.259772e+01
<STATE> 3
<MEAN> 6
 4.325090e+02 5.502704e+00 1.026175e+01 1.024305e+00 2.363503e+00 3.649202e-01
<VARIANCE> 6
 1.350481e+03 2.185054e+01 5.444053e+02 1.512877e-01 1.315627e+01 3.509413e-02
<GCONST> 2.495800e+01
<STATE> 4
<MEAN> 6
 4.761148e+02 2.238773e+00 2.821677e+00 7.879397e-01 6.528021e-01 2.476494e-01
<VARIANCE> 6
 1.706644e+03 2.876032e+00 3.833328e+00 1.687870e-01 1.073081e-01 8.558490e-03
<GCONST> 1.209769e+01
<TRANSP> 5
 0.000000e+00 1.000000e+00 0.000000e+00 0.000000e+00 0.000000e+00
 0.000000e+00 7.656504e-14 1.000000e+00 0.000000e+00 0.000000e+00
 0.000000e+00 0.000000e+00 1.818983e-12 1.000000e+00 0.000000e+00
 0.000000e+00 0.000000e+00 0.000000e+00 9.267189e-01 7.328113e-02
 0.000000e+00 0.000000e+00 0.000000e+00 0.000000e+00 0.000000e+00
<ENDHMM>
~h "bg_white_0"
<BEGINHMM>
<NUMSTATES> 5
<STATE> 2
<MEAN> 6
 7.008765e+02 3.065895e+00 2.570340e+01 1.641335e+00 4.999472e+00 9.576564e-01
<VARIANCE> 6
 2.400308e+04 5.948519e+01 2.865179e+03 6.667349e+00 7.247728e+01 1.611054e+00
<GCONST> 3.981670e+01
<STATE> 3
<MEAN> 6
 7.434728e+02 3.169490e+01 1.934669e+01 1.010216e+01 1.009856e+01 5.268483e+00
<VARIANCE> 6
 6.578341e+03 1.813269e+03 7.852151e+02 9.224740e+01 1.118891e+02 2.747823e+01
<GCONST> 4.654302e+01
<STATE> 4
<MEAN> 6
 7.777731e+02 1.959350e+00 2.635961e+00 7.579458e-01 8.471150e-01 3.487967e-01
<VARIANCE> 6
 1.534365e+04 4.876173e+00 2.985339e+01 1.072335e+00 2.715381e+00 2.001029e-01
<GCONST> 2.510622e+01
<TRANSP> 5
 0.000000e+00 1.000000e+00 0.000000e+00 0.000000e+00 0.000000e+00
 0.000000e+00 7.956380e-01 2.043620e-01 0.000000e+00 0.000000e+00
 0.000000e+00 0.000000e+00 5.319420e-01 4.680580e-01 0.000000e+00
 0.000000e+00 0.000000e+00 0.000000e+00 8.244413e-01 1.755587e-01
 0.000000e+00 0.000000e+00 0.000000e+00 0.000000e+00 0.000000e+00
<ENDHMM>
~h "fp_screen_0"
<BEGINHMM>
<NUMSTATES> 5
<STATE> 2
<MEAN> 6
 3.910597e+02 1.258818e+01 1.570386e+01 4.808388e+00 5.133473e+00 1.678017e+00
<VARIANCE> 6
 1.528110e+04 3.040577e+02 4.570851e+02 2.442312e+01 2.365905e+01 2.399485e+00
<GCONST> 3.973825e+01
<STATE> 3
<MEAN> 6
 5.251469e+02 3.646900e+01 3.009940e+01 8.413640e+00 8.439777e+00 5.120696e+00
<VARIANCE> 6
 5.362959e+04 1.906791e+03 1.646602e+03 6.363749e+01 5.484909e+01 4.562452e+01
<GCONST> 4.885500e+01
<STATE> 4
<MEAN> 6
 4.257468e+02 1.370500e+01 4.090961e+00 3.498428e+00 2.278566e+00 9.561754e-01
<VARIANCE> 6
 2.130638e+04 2.083675e+02 1.176381e+01 7.557672e+00 2.160661e+00 6.402998e-01
<GCONST> 3.114552e+01
<TRANSP> 5
 0.000000e+00 1.000000e+00 0.000000e+00 0.000000e+00 0.000000e+00
 0.000000e+00 1.039834e-01 8.960165e-01 0.000000e+00 0.000000e+00
 0.000000e+00 0.000000e+00 2.696030e-01 7.303970e-01 0.000000e+00
 0.000000e+00 0.000000e+00 0.000000e+00 7.330642e-01 2.669358e-01
 0.000000e+00 0.000000e+00 0.000000e+00 0.000000e+00 0.000000e+00
<ENDHMM>
~h "fp_screen_1"
<BEGINHMM>
<NUMSTATES> 5
<STATE> 2
<MEAN> 6
 3.304378e+02 3.667025e+01 6.015972e+00 9.203798e+00 2.884601e+00 1.685994e+00
<VARIANCE> 6
 1.488599e+04 9.916351e+02 2.082749e+01 4.139701e+01 4.849358e+00 2.463509e+00
<GCONST> 3.677471e+01
<STATE> 3
<MEAN> 6
 4.376791e+02 6.025881e+01 1.378038e+01 2.068967e+01 4.192361e+00 1.850245e+00
<VARIANCE> 6
 1.377942e+04 7.255146e+03 4.191461e+02 5.397780e+02 1.748337e+01 2.631621e+00
<GCONST> 4.560589e+01
<STATE> 4
<MEAN> 6
 4.000731e+02 7.835461e+00 6.597627e+00 3.199204e+00 3.173993e+00 9.599877e-01
<VARIANCE> 6
 3.205624e+03 7.446181e+01 9.009854e+01 1.423402e+01 9.994402e+00 4.485435e-01
<GCONST> 3.206703e+01
<TRANSP> 5
 0.000000e+00 1.000000e+00 0.000000e+00 0.000000e+00 0.000000e+00
 0.000000e+00 6.012273e-01 3.987727e-01 0.000000e+00 0.000000e+00
 0.000000e+00 0.000000e+00 3.712426e-01 6.287574e-01 0.000000e+00
 0.000000e+00 0.000000e+00 0.000000e+00 5.570156e-01 4.429844e-01
 0.000000e+00 0.000000e+00 0.000000e+00 0.000000e+00 0.000000e+00
<ENDHMM>
~h "fp_screen_2"
<BEGINHMM>
<NUMSTATES> 5
<STATE> 2
<MEAN> 6
 3.587788e+02 1.361512e+01 1.037018e+01 4.544328e+00 4.269338e+00 1.396611e+00
<VARIANCE> 6
 7.532403e+03 2.013557e+02 1.770577e+02 2.362473e+01 1.017194e+01 1.204900e+00
<GCONST> 3.610410e+01
<STATE> 3
<MEAN> 6
 6.247271e+02 9.306164e+01 4.059003e+01 2.265492e+01 1.938968e+01 9.891856e+00
<VARIANCE> 6
 3.605477e+04 5.905797e+03 2.231438e+03 1.496236e+02 1.980144e+02 4.171873e+01
<GCONST> 5.194156e+01
<STATE> 4
<MEAN> 6
 4.119444e+02 3.864627e+01 2.385375e+01 1.292591e+01 8.298387e+00 3.376671e+00
<VARIANCE> 6
 1.551652e+04 1.900354e+03 7.742308e+02 1.142435e+02 4.054121e+01 9.418394e+00
<GCONST> 4.556190e+01
<TRANSP> 5
 0.000000e+00 1.000000e+00 0.000000e+00 0.000000e+00 0.000000e+00
 0.000000e+00 4.194075e-01 5.805925e-01 0.000000e+00 0.000000e+00
 0.000000e+00 0.000000e+00 7.317759e-01 2.682241e-01 0.000000e+00
 0.000000e+00 0.000000e+00 0.000000e+00 1.415134e-01 8.584866e-01
 0.000000e+00 0.000000e+00 0.000000e+00 0.000000e+00 0.000000e+00
<ENDHMM>
~h "fp_screen_3"
<BEGINHMM>
<NUMSTATES> 5
<STATE> 2
<MEAN> 6
 3.998915e+02 3.696187e+01 1.178790e+01 1.082684e+01 5.180099e+00 2.863531e+00
<VARIANCE> 6
 8.603478e+03 1.468846e+03 4.158324e+02 7.167100e+01 2.379907e+01 1.176740e+01
<GCONST> 4.331676e+01
<STATE> 3
<MEAN> 6
 4.530008e+02 3.806239e+01 1.712515e+01 1.144120e+01 9.247459e+00 4.264180e+00
<VARIANCE> 6
 1.642774e+04 2.590207e+03 4.806896e+02 8.901765e+01 1.206308e+02 2.663326e+01
<GCONST> 4.733243e+01
<STATE> 4
<MEAN> 6
 4.041088e+02 7.106572e+00 5.009542e+00 2.546579e+00 2.264577e+00 9.361529e-01
<VARIANCE> 6
 1.475855e+03 5.812712e+01 1.782248e+01 3.151814e+00 1.888270e+00 6.388292e-01
<GCONST> 2.660287e+01
<TRANSP> 5
 0.000000e+00 1.000000e+00 0.000000e+00 0.000000e+00 0.000000e+00
 0.000000e+00 3.024198e-01 6.975803e-01 0.000000e+00 0.000000e+00
 0.000000e+00 0.000000e+00 1.494571e-01 8.505430e-01 0.000000e+00
 0.000000e+00 0.000000e+00 0.000000e+00 9.086397e-01 9.136029e-02
 0.000000e+00 0.000000e+00 0.000000e+00 0.000000e+00 0.000000e+00
<ENDHMM>
~h "fp_screen_4"
<BEGINHMM>
<NUMSTATES> 5
<STATE> 2
<MEAN> 6
 4.047093e+02 1.555084e+01 1.200927e+01 5.371879e+00 3.772669e+00 1.772357e+00
<VARIANCE> 6
 2.907449e+03 1.966613e+02 9.848759e+01 1.449535e+01 3.871109e+00 1.979091e+00
<GCONST> 3.358371e+01
<STATE> 3
<MEAN> 6
 4.056857e+02 2.426463e+01 1.319010e+01 9.605068e+00 4.620963e+00 2.410014e+00
<VARIANCE> 6
 3.938002e+03 7.890625e+02 1.403868e+02 9.696603e+01 1.025786e+01 3.979992e+00
<GCONST> 3.920462e+01
<STATE> 4
<MEAN> 6
 3.668398e+02 6.065003e+00 9.799943e+00 2.951773e+00 2.721883e+00 9.684808e-01
<VARIANCE> 6
 3.187464e+03 2.744952e+01 1.232551e+02 2.870394e+00 4.740658e+00 5.348833e-01
<GCONST> 2.920576e+01
<TRANSP> 5
 0.000000e+00 1.000000e+00 0.000000e+00 0.000000e+00 0.000000e+00
 0.000000e+00 3.927838e-01 6.072162e-01 0.000000e+00 0.000000e+00
 0.000000e+00 0.000000e+00 2.154830e-01 7.845170e-01 0.000000e+00
 0.000000e+00 0.000000e+00 0.000000e+00 8.408788e-01 1.591212e-01
 0.000000e+00 0.000000e+00 0.000000e+00 0.000000e+00 0.000000e+00
<ENDHMM>
~h "fp_screen_5"
<BEGINHMM>
<NUMSTATES> 5
<STATE> 2
<MEAN> 6
 3.880036e+02 8.730313e+00 3.526925e+01 3.972006e+00 1.280075e+01 1.515977e+00
<VARIANCE> 6
 6.054728e+03 7.300826e+01 1.352170e+03 6.247465e+00 3.723110e+01 1.466731e+00
<GCONST> 3.706826e+01
<STATE> 3
<MEAN> 6
 4.937041e+02 2.792465e+00 4.967362e+01 1.616742e+00 7.760622e+00 8.409599e-01
<VARIANCE> 6
 3.529361e+03 4.855996e+00 1.347489e+03 7.570546e-01 2.894516e+01 3.537108e-01
<GCONST> 3.003015e+01
<STATE> 4
<MEAN> 6
 5.871899e+02 1.875537e+00 2.985936e+00 6.626542e-01 5.227662e-01 2.736338e-01
<VARIANCE> 6
 1.230244e+03 2.255852e+00 4.215695e+00 1.690018e-01 8.700150e-02 1.561804e-02
<GCONST> 1.201557e+01
<TRANSP> 5
 0.000000e+00 1.000000e+00 0.000000e+00 0.000000e+00 0.000000e+00
 0.000000e+00 1.837934e-05 9.999816e-01 0.000000e+00 0.000000e+00
 0.000000e+00 0.000000e+00 1.141024e-05 9.999886e-01 0.000000e+00
 0.000000e+00 0.000000e+00 0.000000e+00 9.011118e-01 9.888814e-02
 0.000000e+00 0.000000e+00 0.000000e+00 0.000000e+00 0.000000e+00
<ENDHMM>
~h "bg_white_0_0"
<BEGINHMM>
<NUMSTATES> 5
<STATE> 2
<MEAN> 6
 7.932336e+02 2.378191e+00 4.534483e+00 1.597041e+00 2.467789e+00 1.167451e+00
<VARIANCE> 6
 3.482211e+03 1.267049e+01 9.256851e+01 3.120053e+00 2.237478e+01 2.107957e+00
<GCONST> 3.124142e+01
<STATE> 3
<MEAN> 6
 7.418058e+02 3.355228e+01 2.365750e+01 1.124263e+01 1.513347e+01 8.966622e+00
<VARIANCE> 6
 4.257705e+03 1.128427e+03 6.189827e+02 7.254887e+01 1.239585e+02 5.178415e+01
<GCONST> 4.589169e+01
<STATE> 4
<MEAN> 6
 8.050732e+02 4.214704e+00 2.486614e+00 2.931788e+00 2.345964e+00 2.522515e+00
<VARIANCE> 6
 8.888571e+02 5.254749e+01 1.437788e+01 1.179965e+01 7.014702e+00 6.139414e+00
<GCONST> 3.067542e+01
<TRANSP> 5
 0.000000e+00 1.000000e+00 0.000000e+00 0.000000e+00 0.000000e+00
 0.000000e+00 7.283326e-02 9.271668e-01 0.000000e+00 0.000000e+00
 0.000000e+00 0.000000e+00 4.863617e-01 5.136384e-01 0.000000e+00
 0.000000e+00 0.000000e+00 0.000000e+00 7.660186e-01 2.339814e-01
 0.000000e+00 0.000000e+00 0.000000e+00 0.000000e+00 0.000000e+00
<ENDHMM>
~h "bg_white_0_1"
<BEGINHMM>
<NUMSTATES> 5
<STATE> 2
<MEAN> 6
 7.806303e+02 1.884727e+01 1.271624e+01 9.563991e+00 9.293083e+00 6.307524e+00
<VARIANCE> 6
 2.660885e+03 3.948646e+02 2.258335e+02 5.497000e+01 7.341556e+01 2.134249e+01
<GCONST> 4.167564e+01
<STATE> 3
<MEAN> 6
 7.247026e+02 5.776871e+01 2.060752e+01 1.692168e+01 1.668083e+01 1.106110e+01
<VARIANCE> 6
 2.775951e+03 1.107638e+03 3.608431e+02 5.883324e+01 7.446665e+01 3.115714e+01
<GCONST> 4.367854e+01
<STATE> 4
<MEAN> 6
 7.993156e+02 1.022046e+01 3.545225e+00 5.461128e+00 3.728142e+00 3.392884e+00
<VARIANCE> 6
 1.681084e+03 2.716261e+02 1.608304e+01 3.033800e+01 1.579168e+01 7.122245e+00
<GCONST> 3.497176e+01
<TRANSP> 5
 0.000000e+00 1.000000e+00 0.000000e+00 0.000000e+00 0.000000e+00
 0.000000e+00 3.207843e-01 6.792157e-01 0.000000e+00 0.000000e+00
 0.000000e+00 0.000000e+00 8.043486e-01 1.956514e-01 0.000000e+00
 0.000000e+00 0.000000e+00 0.000000e+00 4.355744e-01 5.644256e-01
 0.000000e+00 0.000000e+00 0.000000e+00 0.000000e+00 0.000000e+00
<ENDHMM>
~h "bg_white_0_2"
<BEGINHMM>
<NUMSTATES> 5
<STATE> 2
<MEAN> 6
 7.795728e+02 2.238083e+01 1.074524e+01 1.008866e+01 8.909721e+00 6.865164e+00
<VARIANCE> 6
 2.020460e+03 4.446609e+02 1.512527e+02 4.283889e+01 5.207526e+01 2.257631e+01
<GCONST> 4.058165e+01
<STATE> 3
<MEAN> 6
 7.228315e+02 5.233332e+01 2.454486e+01 1.706845e+01 1.739834e+01 1.178478e+01
<VARIANCE> 6
 2.487588e+03 1.136959e+03 4.561255e+02 6.357457e+01 9.501176e+01 4.009290e+01
<GCONST> 4.440263e+01
<STATE> 4
<MEAN> 6
 7.851520e+02 1.566320e+01 5.891001e+00 7.558594e+00 5.231162e+00 4.461169e+00
<VARIANCE> 6
 2.553028e+03 4.549738e+02 4.894963e+01 5.183840e+01 2.508516e+01 1.118168e+01
<GCONST> 3.846801e+01
<TRANSP> 5
 0.000000e+00 1.000000e+00 0.000000e+00 0.000000e+00 0.000000e+00
 0.000000e+00 4.762426e-01 5.237574e-01 0.000000e+00 0.000000e+00
 0.000000e+00 0.000000e+00 7.923729e-01 2.076271e-01 0.000000e+00
 0.000000e+00 0.000000e+00 0.000000e+00 2.655303e-01 7.344697e-01
 0.000000e+00 0.000000e+00 0.000000e+00 0.000000e+00 0.000000e+00
<ENDHMM>
~h "bg_white_0_3"
<BEGINHMM>
<NUMSTATES> 5
<STATE> 2
<MEAN> 6
 6.572257e+02 4.212277e+01 1.739207e+01 1.342055e+01 9.593530e+00 6.480909e+00
<VARIANCE> 6
 3.764530e+04 2.871317e+03 3.047792e+02 1.217940e+02 8.193665e+01 4.126804e+01
<GCONST> 4.817370e+01
<STATE> 3
<MEAN> 6
 7.416437e+02 4.666732e+01 2.009379e+01 1.514619e+01 1.690118e+01 1.098632e+01
<VARIANCE> 6
 2.497592e+03 8.952010e+02 3.317901e+02 5.031472e+01 9.294102e+01 3.638373e+01
<GCONST> 4.349628e+01
<STATE> 4
<MEAN> 6
 8.049047e+02 4.672745e+00 2.549741e+00 2.981891e+00 2.203928e+00 1.861974e+00
<VARIANCE> 6
 1.212233e+03 6.038097e+01 1.429101e+01 1.680415e+01 8.697989e+00 4.910715e+00
<GCONST> 3.146392e+01
<TRANSP> 5
 0.000000e+00 1.000000e+00 0.000000e+00 0.000000e+00 0.000000e+00
 0.000000e+00 2.592509e-01 7.407490e-01 0.000000e+00 0.000000e+00
 0.000000e+00 0.000000e+00 7.721727e-01 2.278273e-01 0.000000e+00
 0.000000e+00 0.000000e+00 0.000000e+00 7.773342e-01 2.226658e-01
 0.000000e+00 0.000000e+00 0.000000e+00 0.000000e+00 0.000000e+00
<ENDHMM>
~h "bg_white_0_4"
<BEGINHMM>
<NUMSTATES> 5
<STATE> 2
<MEAN> 6
 7.808184e+02 2.183451e+01 1.059174e+01 9.175543e+00 8.896267e+00 6.018137e+00
<VARIANCE> 6
 2.860289e+03 3.897792e+02 1.710841e+02 4.560570e+01 5.627858e+01 1.971772e+01
<GCONST> 4.092554e+01
<STATE> 3
<MEAN> 6
 7.167455e+02 5.300096e+01 1.940263e+01 1.476015e+01 1.433220e+01 9.954123e+00
<VARIANCE> 6
 8.013704e+03 1.735286e+03 3.113100e+02 7.629469e+01 8.613631e+01 4.743700e+01
<GCONST> 4.586583e+01
<STATE> 4
<MEAN> 6
 7.781579e+02 2.214660e+00 1.771721e+00 1.014139e+00 8.909341e-01 7.486947e-01
<VARIANCE> 6
 9.914828e+03 1.289342e+01 1.408881e+01 2.090239e+00 1.597937e+00 1.612542e+00
<GCONST> 2.711495e+01
<TRANSP> 5
 0.000000e+00 1.000000e+00 0.000000e+00 0.000000e+00 0.000000e+00
 0.000000e+00 4.340824e-01 5.659176e-01 0.000000e+00 0.000000e+00
 0.000000e+00 0.000000e+00 7.308343e-01 2.691658e-01 0.000000e+00
 0.000000e+00 0.000000e+00 0.000000e+00 8.970370e-01 1.029630e-01
 0.000000e+00 0.000000e+00 0.000000e+00 0.000000e+00 0.000000e+00
<ENDHMM>
~h "bg_white_0_5"
<BEGINHMM>
<NUMSTATES> 5
<STATE> 2
<MEAN> 6
 7.879719e+02 2.332638e+00 2.249000e+00 9.421258e-01 1.234585e+00 6.280088e-01
<VARIANCE> 6
 9.169223e+03 1.948009e+01 1.320101e+01 3.100050e+00 3.582357e+00 1.645956e+00
<GCONST> 2.860632e+01
<STATE> 3
<MEAN> 6
 6.096877e+02 3.710859e+01 7.019246e+01 7.467281e+00 1.495015e+01 2.349360e+00
<VARIANCE> 6
 3.089189e+04 4.209269e+03 8.520103e+03 1.118851e+02 2.325376e+02 1.794665e+01
<GCONST> 5.181467e+01
<STATE> 4
<MEAN> 6
 5.898030e+02 3.374227e+00 7.677479e+00 6.831182e-01 2.098541e+00 2.969985e-01
<VARIANCE> 6
 5.852341e+04 1.160310e+02 9.631249e+02 1.833245e+00 4.190446e+01 4.376829e-02
<GCONST> 3.484112e+01
<TRANSP> 5
 0.000000e+00 1.000000e+00 0.000000e+00 0.000000e+00 0.000000e+00
 0.000000e+00 4.792812e-01 5.207188e-01 0.000000e+00 0.000000e+00
 0.000000e+00 0.000000e+00 2.975568e-01 7.024432e-01 0.000000e+00
 0.000000e+00 0.000000e+00 0.000000e+00 7.900681e-01 2.099319e-01
 0.000000e+00 0.000000e+00 0.000000e+00 0.000000e+00 0.000000e+00
<ENDHMM>
~h "bg_dark_0"
<BEGINHMM>
<NUMSTATES> 5
<STATE> 2
<MEAN> 6
 2.010649e+02 8.555163e+00 9.788408e+00 1.994081e+00 2.457939e+00 7.914170e-01
<VARIANCE> 6
 2.169177e+03 7.773424e+01 7.813810e+01 1.250729e+00 1.742350e+00 2.193809e-01
<GCONST> 2.668316e+01
<STATE> 3
<MEAN> 6
 1.497621e+02 3.344057e+01 1.279216e+01 5.674614e+00 2.941969e+00 1.031296e+00
<VARIANCE> 6
 4.200755e+03 9.403571e+02 1.317670e+02 1.167580e+01 3.622979e+00 5.588982e-01
<GCONST> 3.426060e+01
<STATE> 4
<MEAN> 6
 9.332810e+01 1.111271e+01 6.527627e+00 1.953255e+00 1.324005e+00 3.442944e-01
<VARIANCE> 6
 3.299929e+03 9.619152e+01 4.906992e+01 1.367512e+00 9.090667e-01 4.741783e-02
<GCONST> 2.475740e+01
<TRANSP> 5
 0.000000e+00 1.000000e+00 0.000000e+00 0.000000e+00 0.000000e+00
 0.000000e+00 7.643716e-01 2.356284e-01 0.000000e+00 0.000000e+00
 0.000000e+00 0.000000e+00 5.828937e-01 4.171063e-01 0.000000e+00
 0.000000e+00 0.000000e+00 0.000000e+00 7.177025e-01 2.822975e-01
 0.000000e+00 0.000000e+00 0.000000e+00 0.000000e+00 0.000000e+00
<ENDHMM>
~h "bg_dark_0_0"
<BEGINHMM>
<NUMSTATES> 5
<STATE> 2
<MEAN> 6
 2.103662e+02 7.719876e+00 1.119256e+01 1.505408e+00 2.296829e+00 5.611205e-01
<VARIANCE> 6
 4.567554e+03 4.372718e+01 1.068996e+02 9.400811e-01 1.852781e+00 1.266933e-01
<GCONST> 2.639277e+01
<STATE> 3
<MEAN> 6
 1.769119e+02 2.379559e+01 2.067162e+01 4.755252e+00 3.936635e+00 1.252876e+00
<VARIANCE> 6
 4.437266e+03 4.477451e+02 2.095273e+02 7.270025e+00 6.502412e+00 9.861539e-01
<GCONST> 3.471613e+01
<STATE> 4
<MEAN> 6
 2.098419e+02 1.050603e+01 7.269113e+00 2.236371e+00 1.661000e+00 5.717103e-01
<VARIANCE> 6
 7.092062e+03 1.169206e+02 4.097137e+01 2.096129e+00 6.641796e-01 1.366611e-01
<GCONST> 2.670900e+01
<TRANSP> 5
 0.000000e+00 1.000000e+00 0.000000e+00 0.000000e+00 0.000000e+00
 0.000000e+00 6.962673e-01 3.037327e-01 0.000000e+00 0.000000e+00
 0.000000e+00 0.000000e+00 4.984421e-01 5.015579e-01 0.000000e+00
 0.000000e+00 0.000000e+00 0.000000e+00 5.334312e-01 4.665688e-01
 0.000000e+00 0.000000e+00 0.000000e+00 0.000000e+00 0.000000e+00
<ENDHMM>
~h "bg_dark_0_1"
<BEGINHMM>
<NUMSTATES> 5
<STATE> 2
<MEAN> 6
 1.874647e+02 1.689532e+01 7.756926e+00 2.733986e+00 1.793962e+00 5.620951e-01
<VARIANCE> 6
 7.321351e+03 2.761455e+02 3.305884e+01 4.013710e+00 1.490611e+00 1.200349e-01
<GCONST> 2.871396e+01
<STATE> 3
<MEAN> 6
 1.852774e+02 1.679825e+01 2.883214e+01 2.671682e+00 5.231325e+00 9.636843e-01
<VARIANCE> 6
 4.452363e+03 9.610947e+01 6.368923e+02 2.287135e+00 1.298506e+01 5.327388e-01
<GCONST> 3.321191e+01
<STATE> 4
<MEAN> 6
 2.187652e+02 7.733452e+00 8.241549e+00 1.738747e+00 1.617196e+00 5.577566e-01
<VARIANCE> 6
 6.417818e+03 4.189403e+01 7.231206e+01 7.948397e-01 1.055366e+00 1.464937e-01
<GCONST> 2.571373e+01
<TRANSP> 5
 0.000000e+00 1.000000e+00 0.000000e+00 0.000000e+00 0.000000e+00
 0.000000e+00 4.360999e-01 5.639001e-01 0.000000e+00 0.000000e+00
 0.000000e+00 0.000000e+00 7.516640e-02 9.248336e-01 0.000000e+00
 0.000000e+00 0.000000e+00 0.000000e+00 8.106860e-01 1.893141e-01
 0.000000e+00 0.000000e+00 0.000000e+00 0.000000e+00 0.000000e+00
<ENDHMM>
~h "bg_dark_0_2"
<BEGINHMM>
<NUMSTATES> 5
<STATE> 2
<MEAN> 6
 1.854734e+02 2.272037e+01 1.317542e+01 5.956091e+00 3.316905e+00 1.650593e+00
<VARIANCE> 6
 6.574312e+03 2.997461e+02 1.019567e+02 3.220659e+01 6.292297e+00 3.187958e+00
<GCONST> 3.661655e+01
<STATE> 3
<MEAN> 6
 1.685825e+02 3.126104e+01 2.069470e+01 4.893105e+00 3.281032e+00 1.283281e+00
<VARIANCE> 6
 2.567748e+03 4.100097e+02 3.457841e+02 6.243605e+00 4.493463e+00 9.272460e-01
<GCONST> 3.399869e+01
<STATE> 4
<MEAN> 6
 1.160516e+02 8.979988e+00 7.084409e+00 1.850824e+00 1.598166e+00 4.370646e-01
<VARIANCE> 6
 4.818923e+03 8.757908e+01 4.680226e+01 1.157399e+00 1.139648e+00 6.158901e-02
<GCONST> 2.531567e+01
<TRANSP> 5
 0.000000e+00 1.000000e+00 0.000000e+00 0.000000e+00 0.000000e+00
 0.000000e+00 3.626349e-01 6.373652e-01 0.000000e+00 0.000000e+00
 0.000000e+00 0.000000e+00 5.886716e-01 4.113284e-01 0.000000e+00
 0.000000e+00 0.000000e+00 0.000000e+00 8.460912e-01 1.539088e-01
 0.000000e+00 0.000000e+00 0.000000e+00 0.000000e+00 0.000000e+00
<ENDHMM>
~h "bg_dark_0_3"
<BEGINHMM>
<NUMSTATES> 5
<STATE> 2
<MEAN> 6
 2.479521e+02 1.797119e+01 1.662667e+01 4.165352e+00 5.198742e+00 1.671067e+00
<VARIANCE> 6
 9.140552e+03 2.094199e+02 1.914219e+02 7.816740e+00 1.443074e+01 1.250116e+00
<GCONST> 3.569543e+01
<STATE> 3
<MEAN> 6
 1.716986e+02 2.285579e+01 1.577232e+01 3.398631e+00 2.355529e+00 1.339393e+00
<VARIANCE> 6
 5.387776e+03 2.362429e+02 1.307697e+02 2.225978e+00 1.607415e+00 7.411795e-01
<GCONST> 3.093276e+01
<STATE> 4
<MEAN> 6
 1.081970e+02 6.047517e+00 7.911962e+00 1.793559e+00 2.108749e+00 6.009718e-01
<VARIANCE> 6
 3.292199e+03 3.377496e+01 3.338356e+01 1.088743e+00 2.225488e+00 1.459401e-01
<GCONST> 2.511480e+01
<TRANSP> 5
 0.000000e+00 1.000000e+00 0.000000e+00 0.000000e+00 0.000000e+00
 0.000000e+00 7.511158e-01 2.488843e-01 0.000000e+00 0.000000e+00
 0.000000e+00 0.000000e+00 5.189978e-01 4.810022e-01 0.000000e+00
 0.000000e+00 0.000000e+00 0.000000e+00 7.407636e-01 2.592364e-01
 0.000000e+00 0.000000e+00 0.000000e+00 0.000000e+00 0.000000e+00
<ENDHMM>
~h "bg_dark_0_4"
<BEGINHMM>
<NUMSTATES> 5
<STATE> 2
<MEAN> 6
 1.689741e+02 1.505356e+01 1.959352e+01 2.705581e+00 3.409525e+00 1.096718e+00
<VARIANCE> 6
 4.674396e+03 1.330815e+02 1.723087e+02 2.176569e+00 6.902184e+00 6.475146e-01
<GCONST> 3.179234e+01
<STATE> 3
<MEAN> 6
 1.275608e+02 2.332258e+01 2.638748e+01 3.514050e+00 4.648144e+00 1.231614e+00
<VARIANCE> 6
 2.670288e+03 2.431183e+02 3.498091e+02 4.801159e+00 1.020718e+01 1.698170e+00
<GCONST> 3.468964e+01
<STATE> 4
<MEAN> 6
 7.002073e+01 6.242890e+00 6.029431e+00 1.234552e+00 1.419031e+00 3.804879e-01
<VARIANCE> 6
 4.491419e+02 6.890821e+01 3.837526e+01 7.471153e-01 8.014485e-01 5.023171e-02
<GCONST> 2.151081e+01
<TRANSP> 5
 0.000000e+00 1.000000e+00 0.000000e+00 0.000000e+00 0.000000e+00
 0.000000e+00 4.900585e-01 5.099415e-01 0.000000e+00 0.000000e+00
 0.000000e+00 0.000000e+00 3.417346e-01 6.582654e-01 0.000000e+00
 0.000000e+00 0.000000e+00 0.000000e+00 8.746374e-01 1.253625e-01
 0.000000e+00 0.000000e+00 0.000000e+00 0.000000e+00 0.000000e+00
<ENDHMM>
~h "bg_dark_0_5"
<BEGINHMM>
<NUMSTATES> 5
<STATE> 2
<MEAN> 6
 1.563660e+02 1.429377e+01 1.265767e+01 2.367882e+00 2.562672e+00 5.963619e-01
<VARIANCE> 6
 3.749975e+03 1.971732e+02 1.321171e+02 1.800345e+00 1.931370e+00 2.002232e-01
<GCONST> 2.906242e+01
<STATE> 3
<MEAN> 6
 1.091137e+02 1.270102e+01 1.956918e+01 1.746146e+00 2.602872e+00 5.119547e-01
<VARIANCE> 6
 1.744512e+03 1.020085e+02 2.032380e+02 1.092727e+00 3.467623e+00 1.494681e-01
<GCONST> 2.786240e+01
<STATE> 4
<MEAN> 6
 7.141581e+01 4.660394e+00 3.515926e+00 9.823901e-01 9.521717e-01 2.642191e-01
<VARIANCE> 6
 4.781646e+02 4.076200e+01 9.642273e+00 4.885079e-01 4.580249e-01 1.023038e-02
<GCONST> 1.709150e+01
<TRANSP> 5
 0.000000e+00 1.000000e+00 0.000000e+00 0.000000e+00 0.000000e+00
 0.000000e+00 8.206055e-01 1.793945e-01 0.000000e+00 0.000000e+00
 0.000000e+00 0.000000e+00 1.281900e-06 9.999987e-01 0.000000e+00
 0.000000e+00 0.000000e+00 0.000000e+00 8.265864e-01 1.734136e-01
 0.000000e+00 0.000000e+00 0.000000e+00 0.000000e+00 0.000000e+00
<ENDHMM>
~h "bg_red_0"
<BEGINHMM>
<NUMSTATES> 5
<STATE> 2
<MEAN> 6
 3.786826e+02 9.662783e+00 5.113532e+00 5.444546e+00 1.871947e+00 9.798495e-01
<VARIANCE> 6
 5.625836e+02 2.095332e+02 1.048671e+02 5.793467e+01 4.100461e+00 9.168625e-01
<GCONST> 3.274100e+01
<STATE> 3
<MEAN> 6
 4.228491e+02 5.860612e+01 4.325713e+00 1.668906e+01 1.273473e+00 7.805395e-01
<VARIANCE> 6
 3.331272e+03 3.406022e+03 8.299902e+00 2.113005e+02 6.299491e-01 2.955545e-01
<GCONST> 3.306018e+01
<STATE> 4
<MEAN> 6
 3.500233e+02 2.451452e+00 1.927131e+00 1.228670e+00 7.109889e-01 3.483893e-01
<VARIANCE> 6
 1.362910e+02 2.778164e+00 1.808532e+00 2.487634e-01 1.557887e-01 4.950945e-02
<GCONST> 1.130026e+01
<TRANSP> 5
 0.000000e+00 1.000000e+00 0.000000e+00 0.000000e+00 0.000000e+00
 0.000000e+00 1.422825e-01 8.577175e-01 0.000000e+00 0.000000e+00
 0.000000e+00 0.000000e+00 6.588965e-01 3.411035e-01 0.000000e+00
 0.000000e+00 0.000000e+00 0.000000e+00 7.646105e-01 2.353895e-01
 0.000000e+00 0.000000e+00 0.000000e+00 0.000000e+00 0.000000e+00
<ENDHMM>
~h "bg_board"
<BEGINHMM>
<NUMSTATES> 5
<STATE> 2
<MEAN> 6
 1.944508e+02 2.415924e+01 1.149310e+01 7.967639e+00 4.110892e+00 1.995129e+00
<VARIANCE> 6
 2.332370e+03 5.080087e+02 1.098220e+02 1.541472e+01 5.071376e+00 2.316171e+00
<GCONST> 3.491011e+01
<STATE> 3
<MEAN> 6
 2.301468e+02 3.179443e+01 1.603361e+01 9.951571e+00 5.554017e+00 2.705683e+00
<VARIANCE> 6
 7.352429e+03 1.096673e+03 4.779085e+02 5.174158e+01 1.694868e+01 3.829817e+00
<GCONST> 4.121877e+01
<STATE> 4
<MEAN> 6
 2.348179e+02 1.583124e+01 6.437408e+00 4.048985e+00 2.356721e+00 8.759198e-01
<VARIANCE> 6
 5.985916e+03 2.744875e+02 2.450801e+01 6.339540e+00 2.061660e+00 4.351098e-01
<GCONST> 3.027649e+01
<TRANSP> 5
 0.000000e+00 1.000000e+00 0.000000e+00 0.000000e+00 0.000000e+00
 0.000000e+00 6.532981e-01 3.467018e-01 0.000000e+00 0.000000e+00
 0.000000e+00 0.000000e+00 2.889013e-01 7.110987e-01 0.000000e+00
 0.000000e+00 0.000000e+00 0.000000e+00 7.288043e-01 2.711957e-01
 0.000000e+00 0.000000e+00 0.000000e+00 0.000000e+00 0.000000e+00
<ENDHMM>
~h "fp_key_0"
<BEGINHMM>
<NUMSTATES> 5
<STATE> 2
<MEAN> 6
 2.003655e+02 2.543847e+01 7.493948e+00 4.151969e+00 2.350886e+00 7.246953e-01
<VARIANCE> 6
 8.562335e+03 6.277414e+02 2.349598e+02 1.738082e+01 2.402530e+01 7.672674e-01
<GCONST> 3.775349e+01
<STATE> 3
<MEAN> 6
 3.795818e+02 7.545969e+01 5.738344e+01 1.687454e+01 1.919907e+01 5.797534e+00
<VARIANCE> 6
 1.985581e+04 4.834781e+03 4.646873e+03 2.587564e+02 3.738559e+02 3.760370e+01
<GCONST> 5.295792e+01
<STATE> 4
<MEAN> 6
 4.256189e+02 1.039493e+02 7.533195e+00 1.159232e+01 2.907404e+00 1.692538e+00
<VARIANCE> 6
 3.176631e+04 6.136794e+03 1.055446e+02 7.743562e+01 9.270054e+00 2.467902e+00
<GCONST> 4.225422e+01
<TRANSP> 5
 0.000000e+00 1.000000e+00 0.000000e+00 0.000000e+00 0.000000e+00
 0.000000e+00 6.410905e-01 3.589096e-01 0.000000e+00 0.000000e+00
 0.000000e+00 0.000000e+00 3.897170e-01 6.102830e-01 0.000000e+00
 0.000000e+00 0.000000e+00 0.000000e+00 5.362862e-01 4.637138e-01
 0.000000e+00 0.000000e+00 0.000000e+00 0.000000e+00 0.000000e+00
<ENDHMM>
~h "fp_key_1"
<BEGINHMM>
<NUMSTATES> 5
<STATE> 2
<MEAN> 6
 2.516492e+02 1.609963e+01 5.538730e+00 4.587084e+00 2.215017e+00 1.318561e+00
<VARIANCE> 6
 1.029114e+04 8.849143e+02 5.828392e+01 2.408938e+01 3.998244e+00 1.946811e+00
<GCONST> 3.635094e+01
<STATE> 3
<MEAN> 6
 4.492880e+02 9.875652e+01 6.058053e+01 2.741271e+01 2.331781e+01 1.042086e+01
<VARIANCE> 6
 2.744654e+04 6.516362e+03 3.719483e+03 4.663740e+02 3.506813e+02 8.093895e+01
<GCONST> 5.464923e+01
<STATE> 4
<MEAN> 6
 4.186979e+02 9.335249e+01 1.093124e+01 1.344324e+01 5.768559e+00 2.720393e+00
<VARIANCE> 6
 3.230889e+04 7.027096e+03 2.616930e+02 9.408362e+01 7.801596e+01 9.070121e+00
<GCONST> 4.694114e+01
<TRANSP> 5
 0.000000e+00 1.000000e+00 0.000000e+00 0.000000e+00 0.000000e+00
 0.000000e+00 7.168118e-01 2.831882e-01 0.000000e+00 0.000000e+00
 0.000000e+00 0.000000e+00 5.685617e-01 4.314383e-01 0.000000e+00
 0.000000e+00 0.000000e+00 0.000000e+00 5.212867e-01 4.787133e-01
 0.000000e+00 0.000000e+00 0.000000e+00 0.000000e+00 0.000000e+00
<ENDHMM>
~h "fp_key_2"
<BEGINHMM>
<NUMSTATES> 5
<STATE> 2
<MEAN> 6
 2.821093e+02 1.985462e+01 8.257871e+00 5.350464e+00 3.383986e+00 1.739799e+00
<VARIANCE> 6
 1.206391e+04 1.178574e+03 1.766008e+02 2.646353e+01 1.502536e+01 4.441183e+00
<GCONST> 4.014762e+01
<STATE> 3
<MEAN> 6
 5.255488e+02 9.077043e+01 8.469213e+01 3.050165e+01 2.838573e+01 1.104343e+01
<VARIANCE> 6
 3.612996e+04 6.274153e+03 6.531065e+03 5.537393e+02 4.206372e+02 8.046976e+01
<GCONST> 5.579700e+01
<STATE> 4
<MEAN> 6
 4.881264e+02 8.478115e+01 3.436652e+01 1.805079e+01 9.924300e+00 4.487706e+00
<VARIANCE> 6
 4.206325e+04 6.503065e+03 1.868842e+03 2.721532e+02 1.246503e+02 2.298889e+01
<GCONST> 5.155418e+01
<TRANSP> 5
 0.000000e+00 1.000000e+00 0.000000e+00 0.000000e+00 0.000000e+00
 0.000000e+00 5.874956e-01 4.125043e-01 0.000000e+00 0.000000e+00
 0.000000e+00 0.000000e+00 4.299190e-01 5.700810e-01 0.000000e+00
 0.000000e+00 0.000000e+00 0.000000e+00 1.730653e-01 8.269347e-01
 0.000000e+00 0.000000e+00 0.000000e+00 0.000000e+00 0.000000e+00
<ENDHMM>
~h "fp_key_3"
<BEGINHMM>
<NUMSTATES> 5
<STATE> 2
<MEAN> 6
 5.331613e+02 8.143168e+01 2.149987e+01 2.203762e+01 8.809299e+00 3.715997e+00
<VARIANCE> 6
 4.562224e+04 4.157627e+03 1.047017e+03 2.616936e+02 1.950702e+02 2.044783e+01
<GCONST> 5.090022e+01
<STATE> 3
<MEAN> 6
 5.165237e+02 4.224274e+01 6.303298e+01 1.693215e+01 2.096758e+01 6.724395e+00
<VARIANCE> 6
 5.270041e+04 1.936701e+03 5.526325e+03 2.393049e+02 4.481609e+02 4.357953e+01
<GCONST> 5.344314e+01
<STATE> 4
<MEAN> 6
 3.422383e+02 1.265459e+01 4.902241e+00 3.858591e+00 1.969268e+00 1.174810e+00
<VARIANCE> 6
 9.152574e+03 6.196146e+02 2.731467e+01 3.400745e+01 3.140833e+00 1.648333e+00
<GCONST> 3.505641e+01
<TRANSP> 5
 0.000000e+00 1.000000e+00 0.000000e+00 0.000000e+00 0.000000e+00
 0.000000e+00 4.385293e-01 5.614707e-01 0.000000e+00 0.000000e+00
 0.000000e+00 0.000000e+00 4.128063e-01 5.871936e-01 0.000000e+00
 0.000000e+00 0.000000e+00 0.000000e+00 7.677946e-01 2.322054e-01
 0.000000e+00 0.000000e+00 0.000000e+00 0.000000e+00 0.000000e+00
<ENDHMM>
~h "fp_key_4"
<BEGINHMM>
<NUMSTATES> 5
<STATE> 2
<MEAN> 6
 5.625416e+02 7.402463e+01 6.575368e+00 1.344836e+01 2.187329e+00 1.552099e+00
<VARIANCE> 6
 3.906662e+04 2.947439e+03 3.928096e+01 8.183260e+01 2.693371e+00 2.165830e+00
<GCONST> 3.942799e+01
<STATE> 3
<MEAN> 6
 5.997604e+02 9.227772e+01 5.546187e+01 2.548251e+01 1.951880e+01 9.490934e+00
<VARIANCE> 6
 3.210764e+04 5.174816e+03 3.103146e+03 2.342873e+02 2.446864e+02 5.516036e+01
<GCONST> 5.296261e+01
<STATE> 4
<MEAN> 6
 4.248628e+02 3.503568e+01 9.251931e+00 7.510967e+00 2.427974e+00 1.436386e+00
<VARIANCE> 6
 2.174362e+04 1.737535e+03 1.019540e+02 4.669502e+01 5.099582e+00 2.501694e+00
<GCONST> 3.948885e+01
<TRANSP> 5
 0.000000e+00 1.000000e+00 0.000000e+00 0.000000e+00 0.000000e+00
 0.000000e+00 6.742578e-01 3.257422e-01 0.000000e+00 0.000000e+00
 0.000000e+00 0.000000e+00 5.756395e-01 4.243605e-01 0.000000e+00
 0.000000e+00 0.000000e+00 0.000000e+00 3.911683e-01 6.088317e-01
 0.000000e+00 0.000000e+00 0.000000e+00 0.000000e+00 0.000000e+00
<ENDHMM>
~h "fp_key_5"
<BEGINHMM>
<NUMSTATES> 5
<STATE> 2
<MEAN> 6
 4.847946e+02 3.421043e+01 1.705564e+01 7.581917e+00 4.146752e+00 2.667482e+00
<VARIANCE> 6
 3.501868e+04 2.797945e+03 5.083576e+02 7.498631e+01 2.608372e+01 7.631494e+00
<GCONST> 4.526963e+01
<STATE> 3
<MEAN> 6
 4.476569e+02 1.602598e+01 3.117848e+01 4.311920e+00 6.147101e+00 2.549991e+00
<VARIANCE> 6
 1.532292e+04 7.447781e+02 3.637930e+03 2.112214e+01 1.111662e+02 1.109553e+01
<GCONST> 4.564452e+01
<STATE> 4
<MEAN> 6
 4.676787e+02 3.645201e+00 7.293060e+00 8.939625e-01 1.390875e+00 3.070337e-01
<VARIANCE> 6
 7.343597e+03 2.021051e+01 2.865115e+02 3.855410e-01 9.071260e+00 4.518305e-02
<GCONST> 2.674780e+01
<TRANSP> 5
 0.000000e+00 1.000000e+00 0.000000e+00 0.000000e+00 0.000000e+00
 0.000000e+00 6.746992e-02 9.325301e-01 0.000000e+00 0.000000e+00
 0.000000e+00 0.000000e+00 1.432446e-10 1.000000e+00 0.000000e+00
 0.000000e+00 0.000000e+00 0.000000e+00 9.075487e-01 9.245129e-02
 0.000000e+00 0.000000e+00 0.000000e+00 0.000000e+00 0.000000e+00
<ENDHMM>
~h "bg_red_0_0"
<BEGINHMM>
<NUMSTATES> 5
<STATE> 2
<MEAN> 6
 3.605728e+02 4.127021e+00 2.042244e+00 1.055174e+00 1.135759e+00 4.992077e-01
<VARIANCE> 6
 2.535404e+02 7.198914e+00 1.472324e+00 1.180916e-01 4.429567e-01 2.313970e-01
<GCONST> 1.450936e+01
<STATE> 3
<MEAN> 6
 3.582404e+02 5.484894e+00 1.810036e+00 1.084276e+00 1.487447e+00 4.523372e-01
<VARIANCE> 6
 1.925503e+02 1.472192e+01 1.087481e+00 1.160889e-01 1.364272e+00 1.233205e-01
<GCONST> 1.512508e+01
<STATE> 4
<MEAN> 6
 3.582522e+02 2.915704e+00 2.034278e+00 1.340885e+00 1.001460e+00 3.203461e-01
<VARIANCE> 6
 1.708895e+02 6.321721e+00 2.338161e+00 9.629759e-01 2.384303e-01 2.492906e-02
<GCONST> 1.369851e+01
<TRANSP> 5
 0.000000e+00 1.000000e+00 0.000000e+00 0.000000e+00 0.000000e+00
 0.000000e+00 3.729530e-11 1.000000e+00 0.000000e+00 0.000000e+00
 0.000000e+00 0.000000e+00 1.995769e-04 9.998004e-01 0.000000e+00
 0.000000e+00 0.000000e+00 0.000000e+00 7.199243e-01 2.800758e-01
 0.000000e+00 0.000000e+00 0.000000e+00 0.000000e+00 0.000000e+00
<ENDHMM>
~h "bg_red_0_1"
<BEGINHMM>
<NUMSTATES> 5
<STATE> 2
<MEAN> 6
 3.516587e+02 3.484138e+00 2.136026e+00 1.231793e+00 7.770302e-01 4.023553e-01
<VARIANCE> 6
 1.315908e+02 1.539260e+01 2.005382e+00 3.860984e-01 6.337057e-02 1.963356e-02
<GCONST> 1.169575e+01
<STATE> 3
<MEAN> 6
 3.517757e+02 4.322489e+00 2.523794e+00 1.782586e+00 1.910496e+00 8.908699e-01
<VARIANCE> 6
 1.320226e+02 1.127082e+01 3.205419e+00 5.711695e-01 5.657408e-01 1.813034e-01
<GCONST> 1.666002e+01
<STATE> 4
<MEAN> 6
 3.451019e+02 2.932751e+00 1.888239e+00 1.504247e+00 1.134669e+00 5.012153e-01
<VARIANCE> 6
 4.391777e+01 6.776042e+00 1.990630e+00 7.387476e-01 3.217476e-01 8.108176e-02
<GCONST> 1.346234e+01
<TRANSP> 5
 0.000000e+00 1.000000e+00 0.000000e+00 0.000000e+00 0.000000e+00
 0.000000e+00 1.658100e-08 1.000000e+00 0.000000e+00 0.000000e+00
 0.000000e+00 0.000000e+00 1.730407e-01 8.269593e-01 0.000000e+00
 0.000000e+00 0.000000e+00 0.000000e+00 8.409590e-01 1.590410e-01
 0.000000e+00 0.000000e+00 0.000000e+00 0.000000e+00 0.000000e+00
<ENDHMM>
~h "bg_red_0_2"
<BEGINHMM>
<NUMSTATES> 5
<STATE> 2
<MEAN> 6
 3.413262e+02 2.582535e+00 1.299803e+00 1.837586e+00 1.379719e+00 5.081066e-01
<VARIANCE> 6
 4.045072e+01 8.260820e+00 3.999709e-01 7.627600e-01 3.345720e-01 3.814736e-02
<GCONST> 1.129049e+01
<STATE> 3
<MEAN> 6
 3.373465e+02 1.943120e+00 2.151326e+00 1.052853e+00 1.115925e+00 2.686981e-01
<VARIANCE> 6
 2.251333e+01 2.339309e+00 3.178176e+00 2.992499e-01 5.193489e-01 1.005358e-02
<GCONST> 9.686051e+00
<STATE> 4
<MEAN> 6
 3.497116e+02 5.768647e+00 2.335447e+00 2.142047e+00 8.362654e-01 5.936753e-01
<VARIANCE> 6
 1.628288e+02 1.381679e+01 5.455525e+00 1.621054e+00 1.698137e-01 1.735252e-01
<GCONST> 1.740107e+01
<TRANSP> 5
 0.000000e+00 1.000000e+00 0.000000e+00 0.000000e+00 0.000000e+00
 0.000000e+00 1.823458e-07 9.999998e-01 0.000000e+00 0.000000e+00
 0.000000e+00 0.000000e+00 9.073049e-01 9.269510e-02 0.000000e+00
 0.000000e+00 0.000000e+00 0.000000e+00 6.382073e-01 3.617927e-01
 0.000000e+00 0.000000e+00 0.000000e+00 0.000000e+00 0.000000e+00
<ENDHMM>
~h "bg_red_0_3"
<BEGINHMM>
<NUMSTATES> 5
<STATE> 2
<MEAN> 6
 3.419821e+02 9.939407e+00 1.553564e+00 3.170693e+00 6.984038e-01 4.357637e-01
<VARIANCE> 6
 9.907928e+01 3.566674e+01 5.448862e-01 3.370688e+00 6.203580e-02 2.538222e-02
<GCONST> 1.335159e+01
<STATE> 3
<MEAN> 6
 3.310164e+02 4.766311e+00 1.708807e+00 2.072383e+00 1.310236e+00 2.408268e-01
<VARIANCE> 6
 5.421911e+01 3.013053e+01 1.253322e+00 2.788633e+00 2.068613e-01 1.240880e-02
<GCONST> 1.371213e+01
<STATE> 4
<MEAN> 6
 3.363259e+02 4.042607e+00 2.658352e+00 1.528273e+00 2.122921e+00 4.619254e-01
<VARIANCE> 6
 9.031066e+01 1.606852e+01 7.521996e+00 1.313037e+00 9.417502e-01 1.297606e-01
<GCONST> 1.849548e+01
<TRANSP> 5
 0.000000e+00 1.000000e+00 0.000000e+00 0.000000e+00 0.000000e+00
 0.000000e+00 4.887886e-01 5.112114e-01 0.000000e+00 0.000000e+00
 0.000000e+00 0.000000e+00 1.796859e-04 9.998203e-01 0.000000e+00
 0.000000e+00 0.000000e+00 0.000000e+00 7.989154e-01 2.010846e-01
 0.000000e+00 0.000000e+00 0.000000e+00 0.000000e+00 0.000000e+00
<ENDHMM>
~h "bg_red_0_4"
<BEGINHMM>
<NUMSTATES> 5
<STATE> 2
<MEAN> 6
 3.225249e+02 2.536292e+00 1.439983e+00 1.070072e+00 6.832569e-01 3.016052e-01
<VARIANCE> 6
 2.661322e+01 7.689151e+00 1.371542e+00 1.156278e+00 2.413381e-01 2.285354e-02
<GCONST> 1.160942e+01
<STATE> 3
<MEAN> 6
 3.446616e+02 2.511079e+01 1.851089e+00 9.428032e+00 6.943405e-01 3.422973e-01
<VARIANCE> 6
 3.943462e+02 3.891552e+02 2.259328e+00 5.561797e+01 1.279705e-01 1.320548e-02
<GCONST> 2.141896e+01
<STATE> 4
<MEAN> 6
 3.254301e+02 1.114665e+01 6.158882e-01 4.473921e+00 4.404911e-01 2.779102e-01
<VARIANCE> 6
 3.012282e+02 4.986708e+02 2.459449e-01 6.765250e+01 8.836909e-02 2.303916e-03
<GCONST> 1.725944e+01
<TRANSP> 5
 0.000000e+00 1.000000e+00 0.000000e+00 0.000000e+00 0.000000e+00
 0.000000e+00 8.574168e-01 1.425832e-01 0.000000e+00 0.000000e+00
 0.000000e+00 0.000000e+00 5.758755e-01 4.241246e-01 0.000000e+00
 0.000000e+00 0.000000e+00 0.000000e+00 2.451438e-12 1.000000e+00
 0.000000e+00 0.000000e+00 0.000000e+00 0.000000e+00 0.000000e+00
<ENDHMM>
~h "bg_red_0_5"
<BEGINHMM>
<NUMSTATES> 5
<STATE> 2
<MEAN> 6
 3.252343e+02 1.064634e+01 8.369973e-01 4.566175e+00 3.048440e-01 2.783826e-01
<VARIANCE> 6
 3.394705e+02 4.444568e+02 1.890310e-01 7.197632e+01 3.545232e-02 2.343006e-02
<GCONST> 1.846869e+01
<STATE> 3
<MEAN> 6
 3.991253e+02 9.252361e+01 4.102196e+00 2.222145e+01 1.213335e+00 4.605948e-01
<VARIANCE> 6
 3.761021e+03 4.245453e+03 3.838193e+01 2.244242e+02 3.644321e+00 1.123967e-01
<GCONST> 3.578189e+01
<STATE> 4
<MEAN> 6
 3.141332e+02 1.309201e+00 1.292384e+00 4.143202e-01 4.407584e-01 2.600343e-01
<VARIANCE> 6
 8.729045e+00 1.025914e+00 7.815222e-01 8.476946e-02 9.861933e-02 2.445053e-02
<GCONST> 4.477578e+00
<TRANSP> 5
 0.000000e+00 1.000000e+00 0.000000e+00 0.000000e+00 0.000000e+00
 0.000000e+00 1.200330e-11 1.000000e+00 0.000000e+00 0.000000e+00
 0.000000e+00 0.000000e+00 6.842554e-01 3.157446e-01 0.000000e+00
 0.000000e+00 0.000000e+00 0.000000e+00 9.053646e-01 9.463541e-02
 0.000000e+00 0.000000e+00 0.000000e+00 0.000000e+00 0.000000e+00
<ENDHMM>
~h "fp_screen"
<BEGINHMM>
<NUMSTATES> 5
<STATE> 2
<MEAN> 6
 2.552390e+02 1.311091e+01 1.366818e+01 4.728365e+00 5.332753e+00 1.882497e+00
<VARIANCE> 6
 2.606954e+04 4.263570e+02 3.988204e+02 1.659881e+01 3.185081e+01 3.835862e+00
<GCONST> 4.085436e+01
<STATE> 3
<MEAN> 6
 5.102057e+02 5.680721e+01 3.114590e+01 1.384003e+01 9.623817e+00 4.003804e+00
<VARIANCE> 6
 3.949529e+04 2.784984e+03 1.376781e+03 1.014362e+02 6.784032e+01 2.134531e+01
<GCONST> 4.866812e+01
<STATE> 4
<MEAN> 6
 4.314297e+02 3.566078e+00 3.112995e+00 1.949859e+00 1.405982e+00 6.342224e-01
<VARIANCE> 6
 2.143309e+03 1.668438e+01 9.003305e+00 2.863322e+00 1.650128e+00 3.166476e-01
<GCONST> 2.411230e+01
<TRANSP> 5
 0.000000e+00 1.000000e+00 0.000000e+00 0.000000e+00 0.000000e+00
 0.000000e+00 7.112862e-01 2.887138e-01 0.000000e+00 0.000000e+00
 0.000000e+00 0.000000e+00 6.368766e-01 3.631234e-01 0.000000e+00
 0.000000e+00 0.000000e+00 0.000000e+00 8.969746e-01 1.030254e-01
 0.000000e+00 0.000000e+00 0.000000e+00 0.000000e+00 0.000000e+00
<ENDHMM>
~h "bg_board_0"
<BEGINHMM>
<NUMSTATES> 5
<STATE> 2
<MEAN> 6
 1.939119e+02 2.410134e+01 9.717693e+00 8.159420e+00 3.476429e+00 2.019644e+00
<VARIANCE> 6
 2.443069e+03 3.861227e+02 5.134650e+01 1.314018e+01 3.298445e+00 1.255258e+00
<GCONST> 3.271949e+01
<STATE> 3
<MEAN> 6
 2.187040e+02 4.019088e+01 1.499343e+01 1.243466e+01 4.751545e+00 2.514876e+00
<VARIANCE> 6
 4.225213e+03 1.588496e+03 1.702376e+02 5.271581e+01 7.886709e+00 4.041201e+00
<GCONST> 3.931046e+01
<STATE> 4
<MEAN> 6
 1.694131e+02 1.768539e+01 6.998981e+00 5.339667e+00 2.500922e+00 9.428035e-01
<VARIANCE> 6
 2.965510e+03 2.838347e+02 3.104770e+01 1.301825e+01 2.470889e+00 3.413979e-01
<GCONST> 3.050221e+01
<TRANSP> 5
 0.000000e+00 1.000000e+00 0.000000e+00 0.000000e+00 0.000000e+00
 0.000000e+00 7.492299e-01 2.507701e-01 0.000000e+00 0.000000e+00
 0.000000e+00 0.000000e+00 3.834051e-01 6.165949e-01 0.000000e+00
 0.000000e+00 0.000000e+00 0.000000e+00 7.263104e-01 2.736895e-01
 0.000000e+00 0.000000e+00 0.000000e+00 0.000000e+00 0.000000e+00
<ENDHMM>
~h "bg_board_1"
<BEGINHMM>
<NUMSTATES> 5
<STATE> 2
<MEAN> 6
 1.955531e+02 2.863921e+01 1.201602e+01 9.077489e+00 3.514759e+00 1.771716e+00
<VARIANCE> 6
 2.369200e+03 5.026265e+02 7.804542e+01 2.102129e+01 3.308284e+00 1.152412e+00
<GCONST> 3.375853e+01
<STATE> 3
<MEAN> 6
 2.318081e+02 3.928218e+01 2.557738e+01 1.274761e+01 8.156200e+00 4.176705e+00
<VARIANCE> 6
 4.693833e+03 1.379073e+03 8.276520e+02 5.074205e+01 5.210123e+01 1.376955e+01
<GCONST> 4.393143e+01
<STATE> 4
<MEAN> 6
 1.612278e+02 1.373279e+01 5.887459e+00 3.810874e+00 1.835007e+00 7.769177e-01
<VARIANCE> 6
 3.911933e+03 2.247924e+02 3.089406e+01 7.336038e+00 1.592221e+00 4.953763e-01
<GCONST> 2.990028e+01
<TRANSP> 5
 0.000000e+00 1.000000e+00 0.000000e+00 0.000000e+00 0.000000e+00
 0.000000e+00 6.410082e-01 3.589918e-01 0.000000e+00 0.000000e+00
 0.000000e+00 0.000000e+00 4.625616e-01 5.374383e-01 0.000000e+00
 0.000000e+00 0.000000e+00 0.000000e+00 8.838934e-01 1.161066e-01
 0.000000e+00 0.000000e+00 0.000000e+00 0.000000e+00 0.000000e+00
<ENDHMM>
~h "bg_board_2"
<BEGINHMM>
<NUMSTATES> 5
<STATE> 2
<MEAN> 6
 2.259008e+02 2.307298e+01 1.394266e+01 9.977190e+00 4.045802e+00 2.301288e+00
<VARIANCE> 6
 2.367810e+03 3.059980e+02 1.138453e+02 2.184256e+01 3.941229e+00 1.804977e+00
<GCONST> 3.430131e+01
<STATE> 3
<MEAN> 6
 2.468173e+02 4.534689e+01 1.579211e+01 1.689593e+01 6.146901e+00 3.053376e+00
<VARIANCE> 6
 4.697012e+03 1.706201e+03 1.638095e+02 1.432670e+02 1.646563e+01 5.156800e+00
<GCONST> 4.142897e+01
<STATE> 4
<MEAN> 6
 2.135208e+02 2.157093e+01 9.769552e+00 6.241312e+00 3.004074e+00 1.334010e+00
<VARIANCE> 6
 3.070655e+03 5.169103e+02 6.970440e+01 1.244005e+01 2.361940e+00 8.120047e-01
<GCONST> 3.272120e+01
<TRANSP> 5
 0.000000e+00 1.000000e+00 0.000000e+00 0.000000e+00 0.000000e+00
 0.000000e+00 8.199653e-01 1.800347e-01 0.000000e+00 0.000000e+00
 0.000000e+00 0.000000e+00 4.647501e-01 5.352499e-01 0.000000e+00
 0.000000e+00 0.000000e+00 0.000000e+00 6.229016e-01 3.770984e-01
 0.000000e+00 0.000000e+00 0.000000e+00 0.000000e+00 0.000000e+00
<ENDHMM>
~h "bg_board_3"
<BEGINHMM>
<NUMSTATES> 5
<STATE> 2
<MEAN> 6
 2.148032e+02 2.398836e+01 1.189113e+01 8.949973e+00 4.318800e+00 2.723341e+00
<VARIANCE> 6
 2.581788e+03 4.664233e+02 9.316709e+01 2.205671e+01 4.608704e+00 2.952347e+00
<GCONST> 3.526715e+01
<STATE> 3
<MEAN> 6
 2.708633e+02 5.185723e+01 1.648905e+01 1.759028e+01 6.448140e+00 3.413604e+00
<VARIANCE> 6
 3.437189e+03 1.866807e+03 1.934818e+02 1.216907e+02 1.398209e+01 5.239126e+00
<GCONST> 4.106225e+01
<STATE> 4
<MEAN> 6
 2.796228e+02 2.252595e+01 7.276934e+00 6.212288e+00 3.288659e+00 1.369206e+00
<VARIANCE> 6
 3.902271e+03 4.014610e+02 3.963392e+01 1.342659e+01 2.992675e+00 9.856687e-01
<GCONST> 3.265034e+01
<TRANSP> 5
 0.000000e+00 1.000000e+00 0.000000e+00 0.000000e+00 0.000000e+00
 0.000000e+00 5.910663e-01 4.089337e-01 0.000000e+00 0.000000e+00
 0.000000e+00 0.000000e+00 5.904812e-01 4.095188e-01 0.000000e+00
 0.000000e+00 0.000000e+00 0.000000e+00 6.088594e-01 3.911406e-01
 0.000000e+00 0.000000e+00 0.000000e+00 0.000000e+00 0.000000e+00
<ENDHMM>
~h "bg_board_4"
<BEGINHMM>
<NUMSTATES> 5
<STATE> 2
<MEAN> 6
 3.307964e+02 2.376347e+01 1.780096e+01 1.069500e+01 5.557087e+00 3.205471e+00
<VARIANCE> 6
 3.879284e+03 4.475934e+02 2.338128e+02 2.543757e+01 9.412119e+00 4.805944e+00
<GCONST> 3.789716e+01
<STATE> 3
<MEAN> 6
 3.006478e+02 1.076091e+02 1.272559e+01 2.103350e+01 3.819961e+00 2.032566e+00
<VARIANCE> 6
 7.080536e+03 7.342802e+03 1.670562e+02 1.217840e+02 6.946452e+00 3.959877e+00
<GCONST> 4.202887e+01
<STATE> 4
<MEAN> 6
 3.268647e+02 2.106319e+01 9.294392e+00 6.786136e+00 3.128924e+00 1.241427e+00
<VARIANCE> 6
 5.302456e+03 4.590967e+02 5.245094e+01 1.841045e+01 3.014662e+00 6.099231e-01
<GCONST> 3.321431e+01
<TRANSP> 5
 0.000000e+00 1.000000e+00 0.000000e+00 0.000000e+00 0.000000e+00
 0.000000e+00 7.918510e-01 2.081490e-01 0.000000e+00 0.000000e+00
 0.000000e+00 0.000000e+00 6.422335e-01 3.577665e-01 0.000000e+00
 0.000000e+00 0.000000e+00 0.000000e+00 6.824103e-01 3.175896e-01
 0.000000e+00 0.000000e+00 0.000000e+00 0.000000e+00 0.000000e+00
<ENDHMM>
~h "bg_board_5"
<BEGINHMM>
<NUMSTATES> 5
<STATE> 2
<MEAN> 6
 3.785706e+02 2.562593e+01 1.181191e+01 9.168842e+00 4.393050e+00 2.268566e+00
<VARIANCE> 6
 4.924196e+03 4.844751e+02 8.411830e+01 1.992102e+01 6.328331e+00 1.777640e+00
<GCONST> 3.555656e+01
<STATE> 3
<MEAN> 6
 3.615560e+02 5.942754e+01 1.754796e+01 1.371796e+01 5.547609e+00 2.525274e+00
<VARIANCE> 6
 1.019425e+04 4.231904e+03 3.218265e+02 6.340742e+01 1.841516e+01 4.190035e+00
<GCONST> 4.287673e+01
<STATE> 4
<MEAN> 6
 4.261397e+02 1.584344e+01 6.237454e+00 4.804358e+00 2.694670e+00 1.160956e+00
<VARIANCE> 6
 3.637431e+03 4.365030e+02 3.484941e+01 1.973362e+01 4.558651e+00 1.590897e+00
<GCONST> 3.381978e+01
<TRANSP> 5
 0.000000e+00 1.000000e+00 0.000000e+00 0.000000e+00 0.000000e+00
 0.000000e+00 6.916012e-01 3.083988e-01 0.000000e+00 0.000000e+00
 0.000000e+00 0.000000e+00 3.738563e-01 6.261437e-01 0.000000e+00
 0.000000e+00 0.000000e+00 0.000000e+00 8.435816e-01 1.564185e-01
 0.000000e+00 0.000000e+00 0.000000e+00 0.000000e+00 0.000000e+00
<ENDHMM>
~h "fp_key"
<BEGINHMM>
<NUMSTATES> 5
<STATE> 2
<MEAN> 6
 2.463997e+02 5.092184e+01 7.548361e+00 9.555368e+00 2.195279e+00 1.343443e+00
<VARIANCE> 6
 1.042306e+04 3.086888e+03 1.458717e+02 8.980967e+01 5.820946e+00 1.939811e+00
<GCONST> 4.021843e+01
<STATE> 3
<MEAN> 6
 5.683013e+02 9.971809e+01 3.313751e+01 2.038254e+01 8.848236e+00 3.012854e+00
<VARIANCE> 6
 3.779265e+04 5.035033e+03 3.337955e+03 1.544522e+02 1.608427e+02 1.673009e+01
<GCONST> 5.114194e+01
<STATE> 4
<MEAN> 6
 2.038981e+02 3.960196e+00 3.896783e+00 1.427061e+00 1.265184e+00 4.552979e-01
<VARIANCE> 6
 4.520520e+03 1.711647e+01 7.090383e+01 1.681417e+00 3.377493e+00 2.469747e-01
<GCONST> 2.688331e+01
<TRANSP> 5
 0.000000e+00 1.000000e+00 0.000000e+00 0.000000e+00 0.000000e+00
 0.000000e+00 7.747256e-01 2.252744e-01 0.000000e+00 0.000000e+00
 0.000000e+00 0.000000e+00 8.804282e-01 1.195718e-01 0.000000e+00
 0.000000e+00 0.000000e+00 0.000000e+00 8.952038e-01 1.047961e-01
 0.000000e+00 0.000000e+00 0.000000e+00 0.000000e+00 0.000000e+00
<ENDHMM>
~h "fp_logo"
<BEGINHMM>
<NUMSTATES> 5
<STATE> 2
<MEAN> 6
 1.779437e+02 1.007508e+01 4.151489e+00 3.832933e+00 1.752071e+00 8.882943e-01
<VARIANCE> 6
 6.152108e+02 3.037419e+02 8.711102e+00 2.247919e+01 1.094092e+00 6.475623e-01
<GCONST> 2.809798e+01
<STATE> 3
<MEAN> 6
 4.641011e+02 9.752535e+01 6.280479e+00 1.642267e+01 2.691530e+00 1.370777e+00
<VARIANCE> 6
 5.150014e+04 1.083006e+04 2.598547e+01 3.341498e+02 1.839363e+00 1.638281e+00
<GCONST> 4.133888e+01
<STATE> 4
<MEAN> 6
 1.995022e+02 3.331391e+00 2.454720e+00 1.707330e+00 1.215727e+00 4.753274e-01
<VARIANCE> 6
 3.196945e+03 9.146263e+00 2.971562e+00 8.886854e-01 4.693425e-01 1.623536e-01
<GCONST> 1.970724e+01
<TRANSP> 5
 0.000000e+00 1.000000e+00 0.000000e+00 0.000000e+00 0.000000e+00
 0.000000e+00 7.770777e-01 2.229223e-01 0.000000e+00 0.000000e+00
 0.000000e+00 0.000000e+00 6.696947e-01 3.303054e-01 0.000000e+00
 0.000000e+00 0.000000e+00 0.000000e+00 3.658119e-01 6.341881e-01
 0.000000e+00 0.000000e+00 0.000000e+00 0.000000e+00 0.000000e+00
<ENDHMM>
