~o
<STREAMINFO> 1 6
<VECSIZE> 6<NULLD><MFCC><DIAGC>
~h "bg_board_3"
<BEGINHMM>
<NUMSTATES> 5
<STATE> 2
<MEAN> 6
 2.494335e+02 2.156218e+01 1.010722e+01 8.729165e+00 4.249841e+00 2.403641e+00
<VARIANCE> 6
 7.646030e+03 4.175254e+02 8.823114e+01 3.086593e+01 9.205199e+00 3.719744e+00
<GCONST> 3.744659e+01
<STATE> 3
<MEAN> 6
 3.129088e+02 4.555856e+01 9.350021e+00 1.058570e+01 3.713537e+00 2.210723e+00
<VARIANCE> 6
 1.278320e+04 3.408270e+03 9.735332e+01 7.773029e+01 1.087084e+01 5.677862e+00
<GCONST> 4.167136e+01
<STATE> 4
<MEAN> 6
 3.448309e+02 1.109622e+01 5.784295e+00 2.888322e+00 1.610030e+00 6.488600e-01
<VARIANCE> 6
 1.546410e+04 2.375745e+02 3.699493e+01 1.260611e+01 2.116468e+00 7.053107e-01
<GCONST> 3.268961e+01
<TRANSP> 5
 0.000000e+00 1.000000e+00 0.000000e+00 0.000000e+00 0.000000e+00
 0.000000e+00 7.784699e-01 2.215301e-01 0.000000e+00 0.000000e+00
 0.000000e+00 0.000000e+00 4.107604e-01 5.892397e-01 0.000000e+00
 0.000000e+00 0.000000e+00 0.000000e+00 8.272538e-01 1.727463e-01
 0.000000e+00 0.000000e+00 0.000000e+00 0.000000e+00 0.000000e+00
<ENDHMM>
