~o
<STREAMINFO> 1 6
<VECSIZE> 6<NULLD><MFCC><DIAGC>
~h "bg_board"
<BEGINHMM>
<NUMSTATES> 5
<STATE> 2
<MEAN> 6
 2.467063e+02 2.125500e+01 1.100028e+01 8.723527e+00 4.373151e+00 2.527556e+00
<VARIANCE> 6
 7.934995e+03 3.696352e+02 1.329590e+02 3.262785e+01 1.015009e+01 4.630146e+00
<GCONST> 3.814410e+01
<STATE> 3
<MEAN> 6
 3.718672e+02 7.227169e+01 1.184829e+01 1.496728e+01 4.603518e+00 2.839109e+00
<VARIANCE> 6
 2.042496e+04 5.261544e+03 2.087626e+02 8.897507e+01 1.924810e+01 9.380015e+00
<GCONST> 4.454551e+01
<STATE> 4
<MEAN> 6
 4.014014e+02 6.818085e+00 3.972465e+00 1.428629e+00 9.568056e-01 3.672318e-01
<VARIANCE> 6
 8.097179e+03 9.882685e+01 1.450033e+01 3.060055e+00 7.270505e-01 1.305947e-01
<GCONST> 2.605809e+01
<TRANSP> 5
 0.000000e+00 1.000000e+00 0.000000e+00 0.000000e+00 0.000000e+00
 0.000000e+00 9.709322e-01 2.906783e-02 0.000000e+00 0.000000e+00
 0.000000e+00 0.000000e+00 8.339982e-01 1.660018e-01 0.000000e+00
 0.000000e+00 0.000000e+00 0.000000e+00 9.661862e-01 3.381385e-02
 0.000000e+00 0.000000e+00 0.000000e+00 0.000000e+00 0.000000e+00
<ENDHMM>
