~o
<STREAMINFO> 1 6
<VECSIZE> 6<NULLD><MFCC><DIAGC>
~h "bg_board_0"
<BEGINHMM>
<NUMSTATES> 5
<STATE> 2
<MEAN> 6
 3.337424e+02 2.077414e+01 1.023379e+01 9.032357e+00 4.400309e+00 2.501831e+00
<VARIANCE> 6
 1.182938e+04 5.640023e+02 9.703175e+01 3.434491e+01 1.026965e+01 4.450342e+00
<GCONST> 3.867433e+01
<STATE> 3
<MEAN> 6
 3.616568e+02 4.725344e+01 1.580702e+01 1.280505e+01 5.722878e+00 3.098353e+00
<VARIANCE> 6
 1.892837e+04 3.713987e+03 3.977650e+02 7.991780e+01 3.010512e+01 9.527496e+00
<GCONST> 4.512128e+01
<STATE> 4
<MEAN> 6
 3.714409e+02 8.358789e+00 4.263791e+00 2.955662e+00 1.531590e+00 7.520384e-01
<VARIANCE> 6
 2.169223e+04 3.205129e+02 3.414851e+01 1.951073e+01 3.733311e+00 1.177222e+00
<GCONST> 3.476403e+01
<TRANSP> 5
 0.000000e+00 1.000000e+00 0.000000e+00 0.000000e+00 0.000000e+00
 0.000000e+00 7.277720e-01 2.722280e-01 0.000000e+00 0.000000e+00
 0.000000e+00 0.000000e+00 5.704622e-01 4.295378e-01 0.000000e+00
 0.000000e+00 0.000000e+00 0.000000e+00 8.332924e-01 1.667077e-01
 0.000000e+00 0.000000e+00 0.000000e+00 0.000000e+00 0.000000e+00
<ENDHMM>
