~o
<STREAMINFO> 1 6
<VECSIZE> 6<NULLD><MFCC><DIAGC>
~h "bg_board_2"
<BEGINHMM>
<NUMSTATES> 5
<STATE> 2
<MEAN> 6
 2.822533e+02 2.322426e+01 1.216438e+01 1.001589e+01 4.787194e+00 2.968155e+00
<VARIANCE> 6
 9.319630e+03 4.949161e+02 1.185293e+02 4.458338e+01 1.094588e+01 5.377886e+00
<GCONST> 3.901931e+01
<STATE> 3
<MEAN> 6
 3.223382e+02 4.688217e+01 1.675324e+01 1.225456e+01 5.120888e+00 3.334943e+00
<VARIANCE> 6
 1.669124e+04 2.568465e+03 4.923551e+02 8.537281e+01 2.226729e+01 1.302759e+01
<GCONST> 4.491738e+01
<STATE> 4
<MEAN> 6
 3.440008e+02 1.030835e+01 5.357082e+00 2.645672e+00 1.490685e+00 6.139428e-01
<VARIANCE> 6
 1.783262e+04 1.871666e+02 2.806994e+01 1.143845e+01 2.868573e+00 6.765658e-01
<GCONST> 3.248281e+01
<TRANSP> 5
 0.000000e+00 1.000000e+00 0.000000e+00 0.000000e+00 0.000000e+00
 0.000000e+00 7.424166e-01 2.575834e-01 0.000000e+00 0.000000e+00
 0.000000e+00 0.000000e+00 5.366597e-01 4.633404e-01 0.000000e+00
 0.000000e+00 0.000000e+00 0.000000e+00 8.563119e-01 1.436881e-01
 0.000000e+00 0.000000e+00 0.000000e+00 0.000000e+00 0.000000e+00
<ENDHMM>
