~o
<STREAMINFO> 1 6
<VECSIZE> 6<NULLD><MFCC><DIAGC>
~h "bg_board_5"
<BEGINHMM>
<NUMSTATES> 5
<STATE> 2
<MEAN> 6
 2.675467e+02 2.114974e+01 1.003130e+01 7.263145e+00 3.793733e+00 2.209609e+00
<VARIANCE> 6
 4.204210e+03 4.229218e+02 8.406489e+01 1.965767e+01 5.397110e+00 3.189970e+00
<GCONST> 3.567422e+01
<STATE> 3
<MEAN> 6
 2.962179e+02 4.490974e+01 8.954271e+00 8.767447e+00 3.065769e+00 1.881685e+00
<VARIANCE> 6
 6.001086e+03 4.111521e+03 1.089399e+02 5.787306e+01 1.199185e+01 5.800243e+00
<GCONST> 4.103968e+01
<STATE> 4
<MEAN> 6
 3.721068e+02 1.018737e+01 5.411214e+00 2.791288e+00 1.558928e+00 6.296370e-01
<VARIANCE> 6
 8.025459e+03 2.414039e+02 2.114540e+01 7.727091e+00 1.624332e+00 4.543345e-01
<GCONST> 3.029644e+01
<TRANSP> 5
 0.000000e+00 1.000000e+00 0.000000e+00 0.000000e+00 0.000000e+00
 0.000000e+00 7.544486e-01 2.455515e-01 0.000000e+00 0.000000e+00
 0.000000e+00 0.000000e+00 3.042737e-01 6.957263e-01 0.000000e+00
 0.000000e+00 0.000000e+00 0.000000e+00 8.459213e-01 1.540788e-01
 0.000000e+00 0.000000e+00 0.000000e+00 0.000000e+00 0.000000e+00
<ENDHMM>
