~o
<STREAMINFO> 1 6
<VECSIZE> 6<NULLD><MFCC><DIAGC>
~h "bg_board_1"
<BEGINHMM>
<NUMSTATES> 5
<STATE> 2
<MEAN> 6
 2.960503e+02 2.215831e+01 1.115545e+01 9.787250e+00 5.240243e+00 3.235132e+00
<VARIANCE> 6
 9.823103e+03 5.589999e+02 9.978162e+01 3.729842e+01 1.127753e+01 5.231616e+00
<GCONST> 3.884537e+01
<STATE> 3
<MEAN> 6
 3.961367e+02 5.632938e+01 1.363662e+01 1.462180e+01 5.154522e+00 3.356126e+00
<VARIANCE> 6
 2.797312e+04 4.235060e+03 3.030811e+02 1.421429e+02 2.400783e+01 1.140175e+01
<GCONST> 4.590039e+01
<STATE> 4
<MEAN> 6
 3.567165e+02 8.898077e+00 4.694810e+00 2.748171e+00 1.426019e+00 7.169023e-01
<VARIANCE> 6
 1.928797e+04 2.691222e+02 3.404623e+01 1.955037e+01 4.047193e+00 1.530659e+00
<GCONST> 3.481410e+01
<TRANSP> 5
 0.000000e+00 1.000000e+00 0.000000e+00 0.000000e+00 0.000000e+00
 0.000000e+00 7.727413e-01 2.272587e-01 0.000000e+00 0.000000e+00
 0.000000e+00 0.000000e+00 4.890510e-01 5.109490e-01 0.000000e+00
 0.000000e+00 0.000000e+00 0.000000e+00 8.494562e-01 1.505438e-01
 0.000000e+00 0.000000e+00 0.000000e+00 0.000000e+00 0.000000e+00
<ENDHMM>
