~o
<STREAMINFO> 1 6
<VECSIZE> 6<NULLD><MFCC><DIAGC>
~h "bg_board_4"
<BEGINHMM>
<NUMSTATES> 5
<STATE> 2
<MEAN> 6
 2.339082e+02 1.879044e+01 9.180350e+00 7.709293e+00 3.617199e+00 2.014396e+00
<VARIANCE> 6
 6.199035e+03 3.692243e+02 6.813277e+01 2.314384e+01 5.295707e+00 2.372967e+00
<GCONST> 3.556504e+01
<STATE> 3
<MEAN> 6
 2.734549e+02 4.115870e+01 1.126603e+01 1.052962e+01 4.309029e+00 2.593273e+00
<VARIANCE> 6
 7.153782e+03 2.372661e+03 1.383818e+02 5.261435e+01 1.456011e+01 6.291814e+00
<GCONST> 4.108497e+01
<STATE> 4
<MEAN> 6
 3.258677e+02 9.922596e+00 4.467905e+00 2.389437e+00 1.396896e+00 6.465836e-01
<VARIANCE> 6
 7.968081e+03 2.318721e+02 2.100999e+01 9.330882e+00 2.033710e+00 9.792834e-01
<GCONST> 3.142390e+01
<TRANSP> 5
 0.000000e+00 1.000000e+00 0.000000e+00 0.000000e+00 0.000000e+00
 0.000000e+00 7.908531e-01 2.091469e-01 0.000000e+00 0.000000e+00
 0.000000e+00 0.000000e+00 5.743840e-01 4.256160e-01 0.000000e+00
 0.000000e+00 0.000000e+00 0.000000e+00 8.296171e-01 1.703828e-01
 0.000000e+00 0.000000e+00 0.000000e+00 0.000000e+00 0.000000e+00
<ENDHMM>
