~o
<STREAMINFO> 1 6
<VECSIZE> 6<NULLD><MFCC><DIAGC>
~h "bg_dark_0_5"
<BEGINHMM>
<NUMSTATES> 5
<STATE> 2
<MEAN> 6
 1.645421e+02 1.793291e+01 1.687606e+01 5.890278e+00 5.052302e+00 2.183837e+00
<VARIANCE> 6
 5.412499e+03 3.315765e+02 3.240207e+02 2.017431e+01 1.695655e+01 3.270706e+00
<GCONST> 3.822847e+01
<STATE> 3
<MEAN> 6
 1.348711e+02 1.509180e+01 1.302778e+01 3.710061e+00 4.105090e+00 1.897026e+00
<VARIANCE> 6
 4.166470e+03 5.390648e+02 4.359939e+02 1.623960e+01 2.493738e+01 1.308320e+01
<GCONST> 4.030470e+01
<STATE> 4
<MEAN> 6
 1.275404e+02 4.869886e+00 4.088719e+00 1.360120e+00 1.173300e+00 5.432987e-01
<VARIANCE> 6
 2.173966e+03 9.115914e+01 6.239305e+01 3.460560e+00 3.365058e+00 1.315352e+00
<GCONST> 3.008661e+01
<TRANSP> 5
 0.000000e+00 1.000000e+00 0.000000e+00 0.000000e+00 0.000000e+00
 0.000000e+00 7.862121e-01 2.137879e-01 0.000000e+00 0.000000e+00
 0.000000e+00 0.000000e+00 2.316944e-02 9.768305e-01 0.000000e+00
 0.000000e+00 0.000000e+00 0.000000e+00 8.412383e-01 1.587617e-01
 0.000000e+00 0.000000e+00 0.000000e+00 0.000000e+00 0.000000e+00
<ENDHMM>
