~o
<STREAMINFO> 1 6
<VECSIZE> 6<NULLD><MFCC><DIAGC>
~h "bg_dark_0_1"
<BEGINHMM>
<NUMSTATES> 5
<STATE> 2
<MEAN> 6
 1.855660e+02 1.203147e+01 9.621924e+00 4.081640e+00 3.427526e+00 1.455699e+00
<VARIANCE> 6
 1.356602e+04 1.918456e+02 9.272095e+01 9.707646e+00 4.612908e+00 1.464035e+00
<GCONST> 3.451184e+01
<STATE> 3
<MEAN> 6
 2.470042e+02 3.267195e+01 1.829959e+01 9.249548e+00 6.543520e+00 2.560820e+00
<VARIANCE> 6
 1.243209e+04 9.098478e+02 3.006639e+02 3.175832e+01 1.805375e+01 2.968917e+00
<GCONST> 4.041428e+01
<STATE> 4
<MEAN> 6
 3.276968e+02 1.300985e+01 8.874887e+00 4.082691e+00 3.693460e+00 1.452854e+00
<VARIANCE> 6
 1.854180e+04 2.765471e+02 6.875835e+01 7.504197e+00 5.228259e+00 1.338065e+00
<GCONST> 3.466879e+01
<TRANSP> 5
 0.000000e+00 1.000000e+00 0.000000e+00 0.000000e+00 0.000000e+00
 0.000000e+00 8.050905e-01 1.949095e-01 0.000000e+00 0.000000e+00
 0.000000e+00 0.000000e+00 7.150077e-01 2.849924e-01 0.000000e+00
 0.000000e+00 0.000000e+00 0.000000e+00 7.706710e-01 2.293290e-01
 0.000000e+00 0.000000e+00 0.000000e+00 0.000000e+00 0.000000e+00
<ENDHMM>
