~o
<STREAMINFO> 1 6
<VECSIZE> 6<NULLD><MFCC><DIAGC>
~h "bg_dark_0_2"
<BEGINHMM>
<NUMSTATES> 5
<STATE> 2
<MEAN> 6
 2.864252e+02 1.722886e+01 9.681295e+00 4.875382e+00 3.707426e+00 1.543023e+00
<VARIANCE> 6
 2.241980e+04 4.164901e+02 7.546669e+01 1.219601e+01 5.668764e+00 1.236132e+00
<GCONST> 3.584858e+01
<STATE> 3
<MEAN> 6
 2.226141e+02 3.546852e+01 1.942624e+01 9.111099e+00 7.022840e+00 3.252163e+00
<VARIANCE> 6
 9.269352e+03 1.183918e+03 2.477223e+02 3.690996e+01 2.198283e+01 4.949060e+00
<GCONST> 4.104857e+01
<STATE> 4
<MEAN> 6
 2.443251e+02 1.391714e+01 6.435118e+00 3.266591e+00 2.237134e+00 9.586537e-01
<VARIANCE> 6
 2.206797e+04 2.648094e+02 4.680332e+01 7.417232e+00 4.405898e+00 1.125187e+00
<GCONST> 3.405881e+01
<TRANSP> 5
 0.000000e+00 1.000000e+00 0.000000e+00 0.000000e+00 0.000000e+00
 0.000000e+00 7.348165e-01 2.651835e-01 0.000000e+00 0.000000e+00
 0.000000e+00 0.000000e+00 7.494944e-01 2.505056e-01 0.000000e+00
 0.000000e+00 0.000000e+00 0.000000e+00 8.090547e-01 1.909453e-01
 0.000000e+00 0.000000e+00 0.000000e+00 0.000000e+00 0.000000e+00
<ENDHMM>
