~o
<STREAMINFO> 1 6
<VECSIZE> 6<NULLD><MFCC><DIAGC>
~h "bg_dark_0_0"
<BEGINHMM>
<NUMSTATES> 5
<STATE> 2
<MEAN> 6
 3.166827e+02 1.156643e+01 9.004315e+00 4.329272e+00 3.845265e+00 1.826644e+00
<VARIANCE> 6
 1.002767e+04 2.007214e+02 6.325893e+01 8.727179e+00 4.981631e+00 2.140969e+00
<GCONST> 3.422298e+01
<STATE> 3
<MEAN> 6
 2.601786e+02 3.190882e+01 1.322202e+01 8.067595e+00 5.650938e+00 2.763362e+00
<VARIANCE> 6
 1.174667e+04 8.387482e+02 1.726829e+02 2.613874e+01 1.181987e+01 3.681034e+00
<GCONST> 3.931835e+01
<STATE> 4
<MEAN> 6
 1.572248e+02 1.371495e+01 9.296881e+00 3.693645e+00 2.897800e+00 1.072982e+00
<VARIANCE> 6
 1.321378e+04 2.692300e+02 1.085072e+02 9.672537e+00 4.086985e+00 9.695858e-01
<GCONST> 3.444487e+01
<TRANSP> 5
 0.000000e+00 1.000000e+00 0.000000e+00 0.000000e+00 0.000000e+00
 0.000000e+00 8.099010e-01 1.900990e-01 0.000000e+00 0.000000e+00
 0.000000e+00 0.000000e+00 6.140293e-01 3.859707e-01 0.000000e+00
 0.000000e+00 0.000000e+00 0.000000e+00 7.589615e-01 2.410385e-01
 0.000000e+00 0.000000e+00 0.000000e+00 0.000000e+00 0.000000e+00
<ENDHMM>
