~o
<STREAMINFO> 1 6
<VECSIZE> 6<NULLD><MFCC><DIAGC>
~h "bg_dark_0_4"
<BEGINHMM>
<NUMSTATES> 5
<STATE> 2
<MEAN> 6
 3.117506e+02 1.475338e+01 7.116578e+00 5.075584e+00 3.302397e+00 1.654359e+00
<VARIANCE> 6
 2.440264e+04 2.912073e+02 5.011330e+01 1.860834e+01 5.093266e+00 2.902787e+00
<GCONST> 3.633523e+01
<STATE> 3
<MEAN> 6
 2.169940e+02 3.012649e+01 2.537828e+01 8.276640e+00 8.099713e+00 3.779794e+00
<VARIANCE> 6
 7.867543e+03 6.572401e+02 5.665610e+02 1.760750e+01 2.590365e+01 6.435833e+00
<GCONST> 4.080999e+01
<STATE> 4
<MEAN> 6
 1.029968e+02 7.586935e+00 7.290338e+00 2.355368e+00 2.387811e+00 9.726924e-01
<VARIANCE> 6
 2.018507e+03 9.354904e+01 8.850620e+01 6.442246e+00 6.439369e+00 1.088486e+00
<GCONST> 3.146903e+01
<TRANSP> 5
 0.000000e+00 1.000000e+00 0.000000e+00 0.000000e+00 0.000000e+00
 0.000000e+00 7.320045e-01 2.679955e-01 0.000000e+00 0.000000e+00
 0.000000e+00 0.000000e+00 7.750796e-01 2.249204e-01 0.000000e+00
 0.000000e+00 0.000000e+00 0.000000e+00 7.926419e-01 2.073581e-01
 0.000000e+00 0.000000e+00 0.000000e+00 0.000000e+00 0.000000e+00
<ENDHMM>
