~o
<STREAMINFO> 1 6
<VECSIZE> 6<NULLD><MFCC><DIAGC>
~h "bg_dark_0"
<BEGINHMM>
<NUMSTATES> 5
<STATE> 2
<MEAN> 6
 3.480738e+02 1.331925e+01 7.906635e+00 4.540040e+00 3.486548e+00 1.656208e+00
<VARIANCE> 6
 1.446224e+04 2.390387e+02 6.132545e+01 1.254116e+01 5.865336e+00 2.074501e+00
<GCONST> 3.522717e+01
<STATE> 3
<MEAN> 6
 2.230114e+02 2.723827e+01 1.768008e+01 7.714188e+00 6.217035e+00 2.756651e+00
<VARIANCE> 6
 1.082925e+04 8.337706e+02 3.214945e+02 2.851320e+01 1.868946e+01 4.743118e+00
<GCONST> 4.065123e+01
<STATE> 4
<MEAN> 6
 1.151918e+02 1.010364e+01 6.619092e+00 2.397727e+00 1.966839e+00 7.395764e-01
<VARIANCE> 6
 2.846684e+03 1.872970e+02 7.394589e+01 4.945630e+00 3.870239e+00 8.270398e-01
<GCONST> 3.127912e+01
<TRANSP> 5
 0.000000e+00 1.000000e+00 0.000000e+00 0.000000e+00 0.000000e+00
 0.000000e+00 9.544596e-01 4.554039e-02 0.000000e+00 0.000000e+00
 0.000000e+00 0.000000e+00 9.599656e-01 4.003445e-02 0.000000e+00
 0.000000e+00 0.000000e+00 0.000000e+00 9.566405e-01 4.335953e-02
 0.000000e+00 0.000000e+00 0.000000e+00 0.000000e+00 0.000000e+00
<ENDHMM>
