~o
<STREAMINFO> 1 6
<VECSIZE> 6<NULLD><MFCC><DIAGC>
~h "bg_dark_0_3"
<BEGINHMM>
<NUMSTATES> 5
<STATE> 2
<MEAN> 6
 2.036501e+02 1.682233e+01 8.308745e+00 4.319320e+00 3.400975e+00 1.358665e+00
<VARIANCE> 6
 1.925592e+04 2.937653e+02 6.790579e+01 8.162555e+00 7.303230e+00 1.435058e+00
<GCONST> 3.524282e+01
<STATE> 3
<MEAN> 6
 2.651835e+02 3.470345e+01 1.546918e+01 9.517857e+00 5.580378e+00 2.675531e+00
<VARIANCE> 6
 1.481149e+04 1.257399e+03 2.006848e+02 4.368647e+01 1.419574e+01 4.477914e+00
<GCONST> 4.099810e+01
<STATE> 4
<MEAN> 6
 3.367511e+02 9.916917e+00 5.470474e+00 3.186787e+00 2.437725e+00 1.064854e+00
<VARIANCE> 6
 2.194210e+04 1.827072e+02 3.651710e+01 1.059040e+01 4.303601e+00 1.625180e+00
<GCONST> 3.413411e+01
<TRANSP> 5
 0.000000e+00 1.000000e+00 0.000000e+00 0.000000e+00 0.000000e+00
 0.000000e+00 7.846173e-01 2.153827e-01 0.000000e+00 0.000000e+00
 0.000000e+00 0.000000e+00 6.756566e-01 3.243434e-01 0.000000e+00
 0.000000e+00 0.000000e+00 0.000000e+00 7.660245e-01 2.339755e-01
 0.000000e+00 0.000000e+00 0.000000e+00 0.000000e+00 0.000000e+00
<ENDHMM>
