~o
<STREAMINFO> 1 6
<VECSIZE> 6<NULLD><MFCC><DIAGC>
~h "bg_red_0_2"
<BEGINHMM>
<NUMSTATES> 5
<STATE> 2
<MEAN> 6
 3.023022e+02 8.729362e+00 3.061540e+00 2.829934e+00 1.205866e+00 5.299492e-01
<VARIANCE> 6
 4.969334e+03 1.143492e+02 8.390966e+00 7.379257e+00 1.343320e+00 2.328289e-01
<GCONST> 2.724108e+01
<STATE> 3
<MEAN> 6
 3.344410e+02 5.979142e+00 1.992727e+00 1.985276e+00 6.798784e-01 3.357432e-01
<VARIANCE> 6
 5.177356e+03 4.960281e+01 2.498014e+00 5.316983e+00 1.492846e-01 1.744123e-02
<GCONST> 2.011894e+01
<STATE> 4
<MEAN> 6
 3.514270e+02 3.587767e+00 1.614729e+00 1.127427e+00 5.110520e-01 2.655598e-01
<VARIANCE> 6
 4.051464e+03 1.716334e+01 1.821200e+00 1.198089e+00 2.298939e-01 1.735472e-02
<GCONST> 1.743307e+01
<TRANSP> 5
 0.000000e+00 1.000000e+00 0.000000e+00 0.000000e+00 0.000000e+00
 0.000000e+00 8.046219e-01 1.953781e-01 0.000000e+00 0.000000e+00
 0.000000e+00 0.000000e+00 7.074187e-02 9.292581e-01 0.000000e+00
 0.000000e+00 0.000000e+00 0.000000e+00 8.530620e-01 1.469380e-01
 0.000000e+00 0.000000e+00 0.000000e+00 0.000000e+00 0.000000e+00
<ENDHMM>
