~o
<STREAMINFO> 1 6
<VECSIZE> 6<NULLD><MFCC><DIAGC>
~h "bg_red_0_4"
<BEGINHMM>
<NUMSTATES> 5
<STATE> 2
<MEAN> 6
 2.746734e+02 8.479879e+00 5.720163e+00 2.092705e+00 1.098416e+00 4.931643e-01
<VARIANCE> 6
 6.123129e+03 1.261615e+02 3.669752e+01 3.439075e+00 8.366062e-01 1.704562e-01
<GCONST> 2.747489e+01
<STATE> 3
<MEAN> 6
 2.614838e+02 2.953730e+01 6.545435e+00 6.946627e+00 1.810266e+00 7.659412e-01
<VARIANCE> 6
 1.673546e+04 2.239081e+03 3.983481e+01 7.935728e+01 3.153201e+00 4.070652e-01
<GCONST> 3.677471e+01
<STATE> 4
<MEAN> 6
 2.566892e+02 6.673713e+00 2.628401e+00 1.749100e+00 7.281098e-01 3.873318e-01
<VARIANCE> 6
 4.839509e+03 5.219380e+01 7.645920e+00 4.211257e+00 4.748069e-01 1.153064e-01
<GCONST> 2.403372e+01
<TRANSP> 5
 0.000000e+00 1.000000e+00 0.000000e+00 0.000000e+00 0.000000e+00
 0.000000e+00 7.139768e-01 2.860232e-01 0.000000e+00 0.000000e+00
 0.000000e+00 0.000000e+00 3.935749e-01 6.064251e-01 0.000000e+00
 0.000000e+00 0.000000e+00 0.000000e+00 8.726889e-01 1.273112e-01
 0.000000e+00 0.000000e+00 0.000000e+00 0.000000e+00 0.000000e+00
<ENDHMM>
