~o
<STREAMINFO> 1 6
<VECSIZE> 6<NULLD><MFCC><DIAGC>
~h "bg_red_0_3"
<BEGINHMM>
<NUMSTATES> 5
<STATE> 2
<MEAN> 6
 3.212400e+02 4.933752e+00 1.553125e+00 1.011403e+00 4.902482e-01 2.564305e-01
<VARIANCE> 6
 3.903363e+03 1.922466e+01 1.720086e+00 1.002164e+00 2.091409e-01 1.437397e-02
<GCONST> 1.699050e+01
<STATE> 3
<MEAN> 6
 3.084034e+02 1.097868e+01 2.974684e+00 3.960277e+00 1.557991e+00 5.458365e-01
<VARIANCE> 6
 6.467971e+03 1.796184e+02 7.588926e+00 1.280342e+01 2.140435e+00 2.459975e-01
<GCONST> 2.892769e+01
<STATE> 4
<MEAN> 6
 3.359115e+02 5.391670e+00 2.144328e+00 1.406319e+00 6.645657e-01 3.739001e-01
<VARIANCE> 6
 5.298096e+03 8.853052e+01 9.953523e+00 2.872556e+00 4.981254e-01 1.430047e-01
<GCONST> 2.479706e+01
<TRANSP> 5
 0.000000e+00 1.000000e+00 0.000000e+00 0.000000e+00 0.000000e+00
 0.000000e+00 8.479049e-01 1.520951e-01 0.000000e+00 0.000000e+00
 0.000000e+00 0.000000e+00 5.460965e-01 4.539035e-01 0.000000e+00
 0.000000e+00 0.000000e+00 0.000000e+00 6.896391e-01 3.103609e-01
 0.000000e+00 0.000000e+00 0.000000e+00 0.000000e+00 0.000000e+00
<ENDHMM>
