~o
<STREAMINFO> 1 6
<VECSIZE> 6<NULLD><MFCC><DIAGC>
~h "bg_red_0_5"
<BEGINHMM>
<NUMSTATES> 5
<STATE> 2
<MEAN> 6
 2.273139e+02 6.537404e+00 4.076076e+00 2.340419e+00 1.254978e+00 5.393589e-01
<VARIANCE> 6
 1.329765e+04 5.539236e+01 1.290127e+01 4.669602e+00 1.024324e+00 2.021905e-01
<GCONST> 2.706094e+01
<STATE> 3
<MEAN> 6
 2.732148e+02 4.106469e+01 1.868882e+01 9.963730e+00 5.470444e+00 3.441423e+00
<VARIANCE> 6
 2.175199e+04 2.603053e+03 4.072657e+02 8.065775e+01 4.483628e+01 1.331753e+01
<GCONST> 4.567094e+01
<STATE> 4
<MEAN> 6
 2.628779e+02 1.029105e+01 9.003577e+00 4.288741e+00 2.952937e+00 1.800068e+00
<VARIANCE> 6
 8.242994e+03 1.082044e+02 6.351221e+01 8.805555e+00 5.539230e+00 3.693121e+00
<GCONST> 3.407335e+01
<TRANSP> 5
 0.000000e+00 1.000000e+00 0.000000e+00 0.000000e+00 0.000000e+00
 0.000000e+00 8.596227e-01 1.403773e-01 0.000000e+00 0.000000e+00
 0.000000e+00 0.000000e+00 3.667637e-01 6.332363e-01 0.000000e+00
 0.000000e+00 0.000000e+00 0.000000e+00 6.967081e-01 3.032919e-01
 0.000000e+00 0.000000e+00 0.000000e+00 0.000000e+00 0.000000e+00
<ENDHMM>
