~o
<STREAMINFO> 1 6
<VECSIZE> 6<NULLD><MFCC><DIAGC>
~h "bg_red_0_1"
<BEGINHMM>
<NUMSTATES> 5
<STATE> 2
<MEAN> 6
 2.733030e+02 1.077241e+01 5.417881e+00 4.037897e+00 2.138134e+00 1.221791e+00
<VARIANCE> 6
 1.091253e+04 2.799791e+02 3.190386e+01 1.864682e+01 3.020076e+00 1.914580e+00
<GCONST> 3.410283e+01
<STATE> 3
<MEAN> 6
 3.887256e+02 4.210472e+01 7.295458e+00 1.007048e+01 1.837016e+00 1.143155e+00
<VARIANCE> 6
 2.753541e+04 3.035443e+03 2.168684e+01 1.105117e+02 5.155033e+00 2.533296e+00
<GCONST> 3.961992e+01
<STATE> 4
<MEAN> 6
 3.270989e+02 3.362836e+00 1.796965e+00 1.404289e+00 6.577001e-01 3.341811e-01
<VARIANCE> 6
 5.385923e+03 1.575369e+01 1.925833e+00 2.140435e+00 4.230794e-01 5.297755e-02
<GCONST> 1.999417e+01
<TRANSP> 5
 0.000000e+00 1.000000e+00 0.000000e+00 0.000000e+00 0.000000e+00
 0.000000e+00 8.053461e-01 1.946539e-01 0.000000e+00 0.000000e+00
 0.000000e+00 0.000000e+00 3.710939e-01 6.289061e-01 0.000000e+00
 0.000000e+00 0.000000e+00 0.000000e+00 8.405769e-01 1.594231e-01
 0.000000e+00 0.000000e+00 0.000000e+00 0.000000e+00 0.000000e+00
<ENDHMM>
