~o
<STREAMINFO> 1 6
<VECSIZE> 6<NULLD><MFCC><DIAGC>
~h "bg_red_0_0"
<BEGINHMM>
<NUMSTATES> 5
<STATE> 2
<MEAN> 6
 2.980914e+02 6.157113e+00 4.049856e+00 2.096208e+00 1.772814e+00 7.807102e-01
<VARIANCE> 6
 1.120654e+04 3.824121e+01 2.309666e+01 3.756983e+00 2.611730e+00 7.429910e-01
<GCONST> 2.912168e+01
<STATE> 3
<MEAN> 6
 3.832534e+02 3.294659e+01 1.882458e+01 1.015733e+01 5.127617e+00 2.838112e+00
<VARIANCE> 6
 3.596615e+04 2.458006e+03 9.301199e+02 1.201725e+02 2.766564e+01 8.765742e+00
<GCONST> 4.643999e+01
<STATE> 4
<MEAN> 6
 3.076531e+02 1.456420e+01 4.867390e+00 4.240665e+00 2.328867e+00 1.203446e+00
<VARIANCE> 6
 3.595842e+04 4.976964e+02 2.299611e+01 2.383271e+01 5.464418e+00 1.787096e+00
<GCONST> 3.631261e+01
<TRANSP> 5
 0.000000e+00 1.000000e+00 0.000000e+00 0.000000e+00 0.000000e+00
 0.000000e+00 8.660046e-01 1.339954e-01 0.000000e+00 0.000000e+00
 0.000000e+00 0.000000e+00 4.656156e-01 5.343844e-01 0.000000e+00
 0.000000e+00 0.000000e+00 0.000000e+00 6.248704e-01 3.751296e-01
 0.000000e+00 0.000000e+00 0.000000e+00 0.000000e+00 0.000000e+00
<ENDHMM>
