~o
<STREAMINFO> 1 6
<VECSIZE> 6<NULLD><MFCC><DIAGC>
~h "bg_red_0"
<BEGINHMM>
<NUMSTATES> 5
<STATE> 2
<MEAN> 6
 2.812506e+02 8.824420e+00 4.475690e+00 2.739912e+00 1.565760e+00 7.187114e-01
<VARIANCE> 6
 1.436685e+04 1.447949e+02 3.135884e+01 8.924844e+00 2.704615e+00 6.852650e-01
<GCONST> 3.182661e+01
<STATE> 3
<MEAN> 6
 3.804173e+02 3.360917e+01 1.094370e+01 9.256159e+00 3.006611e+00 2.030412e+00
<VARIANCE> 6
 3.415777e+04 2.546907e+03 3.784788e+02 9.261567e+01 2.161874e+01 7.527209e+00
<GCONST> 4.486535e+01
<STATE> 4
<MEAN> 6
 2.927888e+02 5.540790e+00 3.006697e+00 1.741728e+00 1.033830e+00 4.974662e-01
<VARIANCE> 6
 3.755564e+03 3.416027e+01 1.455921e+01 3.754963e+00 1.731737e+00 6.000764e-01
<GCONST> 2.682905e+01
<TRANSP> 5
 0.000000e+00 1.000000e+00 0.000000e+00 0.000000e+00 0.000000e+00
 0.000000e+00 9.607156e-01 3.928443e-02 0.000000e+00 0.000000e+00
 0.000000e+00 0.000000e+00 8.599879e-01 1.400122e-01 0.000000e+00
 0.000000e+00 0.000000e+00 0.000000e+00 9.732637e-01 2.673627e-02
 0.000000e+00 0.000000e+00 0.000000e+00 0.000000e+00 0.000000e+00
<ENDHMM>
