~o
<STREAMINFO> 1 6
<VECSIZE> 6<NULLD><MFCC><DIAGC>
~h "bg_white_0_4"
<BEGINHMM>
<NUMSTATES> 5
<STATE> 2
<MEAN> 6
 6.999801e+02 1.467882e+01 5.035525e+00 5.984719e+00 3.834626e+00 2.824084e+00
<VARIANCE> 6
 1.728896e+04 5.857370e+02 7.871722e+01 5.671500e+01 3.939143e+01 1.844339e+01
<GCONST> 4.215012e+01
<STATE> 3
<MEAN> 6
 6.925261e+02 4.402828e+01 1.620235e+01 1.478051e+01 1.139565e+01 8.089218e+00
<VARIANCE> 6
 5.946262e+03 1.422369e+03 3.161747e+02 1.064310e+02 7.879411e+01 3.882544e+01
<GCONST> 4.542756e+01
<STATE> 4
<MEAN> 6
 7.516694e+02 3.210177e+00 1.562272e+00 1.400223e+00 1.097793e+00 9.343162e-01
<VARIANCE> 6
 1.943228e+03 8.878927e+01 8.108196e+00 1.018408e+01 6.556594e+00 3.804106e+00
<GCONST> 3.071589e+01
<TRANSP> 5
 0.000000e+00 1.000000e+00 0.000000e+00 0.000000e+00 0.000000e+00
 0.000000e+00 5.945116e-01 4.054884e-01 0.000000e+00 0.000000e+00
 0.000000e+00 0.000000e+00 6.976899e-01 3.023101e-01 0.000000e+00
 0.000000e+00 0.000000e+00 0.000000e+00 8.616103e-01 1.383897e-01
 0.000000e+00 0.000000e+00 0.000000e+00 0.000000e+00 0.000000e+00
<ENDHMM>
