~o
<STREAMINFO> 1 6
<VECSIZE> 6<NULLD><MFCC><DIAGC>
~h "bg_white_0"
<BEGINHMM>
<NUMSTATES> 5
<STATE> 2
<MEAN> 6
 7.711225e+02 2.837557e+00 4.876526e+00 1.171575e+00 1.764238e+00 7.003192e-01
<VARIANCE> 6
 5.886549e+03 2.976123e+01 4.232928e+02 3.695101e+00 2.554800e+01 1.817943e+00
<GCONST> 3.429424e+01
<STATE> 3
<MEAN> 6
 7.090823e+02 4.247186e+01 1.404185e+01 1.390594e+01 1.073323e+01 7.537410e+00
<VARIANCE> 6
 8.554633e+03 1.615109e+03 3.108902e+02 9.646444e+01 9.049078e+01 3.670998e+01
<GCONST> 4.588556e+01
<STATE> 4
<MEAN> 6
 6.162523e+02 4.015067e+00 8.088843e+00 1.551552e+00 2.469126e+00 7.534658e-01
<VARIANCE> 6
 4.528729e+04 3.628004e+01 8.760875e+02 4.537132e+00 3.779859e+01 1.269343e+00
<GCONST> 3.749784e+01
<TRANSP> 5
 0.000000e+00 1.000000e+00 0.000000e+00 0.000000e+00 0.000000e+00
 0.000000e+00 9.578872e-01 4.211283e-02 0.000000e+00 0.000000e+00
 0.000000e+00 0.000000e+00 9.624570e-01 3.754301e-02 0.000000e+00
 0.000000e+00 0.000000e+00 0.000000e+00 9.490268e-01 5.097318e-02
 0.000000e+00 0.000000e+00 0.000000e+00 0.000000e+00 0.000000e+00
<ENDHMM>
