~o
<STREAMINFO> 1 6
<VECSIZE> 6<NULLD><MFCC><DIAGC>
~h "bg_white_0_1"
<BEGINHMM>
<NUMSTATES> 5
<STATE> 2
<MEAN> 6
 7.776901e+02 1.416290e+01 4.743205e+00 5.968115e+00 3.842865e+00 3.060027e+00
<VARIANCE> 6
 2.191292e+03 5.912385e+02 6.620310e+01 6.107621e+01 3.229791e+01 1.740476e+01
<GCONST> 3.973832e+01
<STATE> 3
<MEAN> 6
 7.116374e+02 5.831537e+01 1.764868e+01 1.683501e+01 1.417623e+01 9.630653e+00
<VARIANCE> 6
 4.507405e+03 1.535345e+03 3.218062e+02 8.489532e+01 9.698448e+01 3.748172e+01
<GCONST> 4.519102e+01
<STATE> 4
<MEAN> 6
 7.726425e+02 7.722877e+00 3.129997e+00 3.080262e+00 2.427886e+00 1.919876e+00
<VARIANCE> 6
 5.353266e+03 3.596556e+02 4.249475e+01 2.700869e+01 2.363319e+01 1.057182e+01
<GCONST> 3.806425e+01
<TRANSP> 5
 0.000000e+00 1.000000e+00 0.000000e+00 0.000000e+00 0.000000e+00
 0.000000e+00 6.383052e-01 3.616948e-01 0.000000e+00 0.000000e+00
 0.000000e+00 0.000000e+00 7.743336e-01 2.256664e-01 0.000000e+00
 0.000000e+00 0.000000e+00 0.000000e+00 8.277025e-01 1.722975e-01
 0.000000e+00 0.000000e+00 0.000000e+00 0.000000e+00 0.000000e+00
<ENDHMM>
