~o
<STREAMINFO> 1 6
<VECSIZE> 6<NULLD><MFCC><DIAGC>
~h "bg_white_0_5"
<BEGINHMM>
<NUMSTATES> 5
<STATE> 2
<MEAN> 6
 7.501058e+02 3.606500e+00 2.891044e+00 1.292091e+00 1.539790e+00 7.885127e-01
<VARIANCE> 6
 2.436887e+03 1.582968e+02 2.664943e+01 1.495496e+01 1.103557e+01 4.367971e+00
<GCONST> 3.375344e+01
<STATE> 3
<MEAN> 6
 5.258575e+02 2.632485e+01 6.051385e+01 7.627023e+00 1.536649e+01 2.310884e+00
<VARIANCE> 6
 3.795669e+04 1.266875e+03 5.667225e+03 9.102057e+01 2.147944e+02 1.574536e+01
<GCONST> 4.999554e+01
<STATE> 4
<MEAN> 6
 3.429774e+02 5.890905e+00 4.849434e+00 2.103720e+00 1.746461e+00 5.949412e-01
<VARIANCE> 6
 2.304158e+04 5.378485e+01 1.192868e+02 5.847095e+00 7.471094e+00 4.737509e-01
<GCONST> 3.286876e+01
<TRANSP> 5
 0.000000e+00 1.000000e+00 0.000000e+00 0.000000e+00 0.000000e+00
 0.000000e+00 7.832477e-01 2.167523e-01 0.000000e+00 0.000000e+00
 0.000000e+00 0.000000e+00 5.014340e-01 4.985660e-01 0.000000e+00
 0.000000e+00 0.000000e+00 0.000000e+00 8.141502e-01 1.858499e-01
 0.000000e+00 0.000000e+00 0.000000e+00 0.000000e+00 0.000000e+00
<ENDHMM>
