~o
<STREAMINFO> 1 6
<VECSIZE> 6<NULLD><MFCC><DIAGC>
~h "bg_white_0_0"
<BEGINHMM>
<NUMSTATES> 5
<STATE> 2
<MEAN> 6
 6.944777e+02 3.681056e+00 1.482696e+01 1.308108e+00 4.626681e+00 5.087594e-01
<VARIANCE> 6
 2.954122e+04 1.404435e+02 1.400060e+03 8.855002e+00 9.108833e+01 6.675900e-01
<GCONST> 3.979861e+01
<STATE> 3
<MEAN> 6
 6.889103e+02 3.886785e+01 3.422082e+01 1.191915e+01 1.291516e+01 5.427791e+00
<VARIANCE> 6
 1.843566e+04 2.753739e+03 2.630811e+03 1.381118e+02 1.413025e+02 4.098125e+01
<GCONST> 5.023715e+01
<STATE> 4
<MEAN> 6
 7.935064e+02 4.713439e+00 2.382533e+00 1.849574e+00 1.388224e+00 1.010244e+00
<VARIANCE> 6
 1.323475e+03 2.330152e+02 2.687381e+01 2.261938e+01 1.202882e+01 6.649052e+00
<GCONST> 3.445812e+01
<TRANSP> 5
 0.000000e+00 1.000000e+00 0.000000e+00 0.000000e+00 0.000000e+00
 0.000000e+00 6.593531e-01 3.406470e-01 0.000000e+00 0.000000e+00
 0.000000e+00 0.000000e+00 4.482544e-01 5.517457e-01 0.000000e+00
 0.000000e+00 0.000000e+00 0.000000e+00 8.621066e-01 1.378935e-01
 0.000000e+00 0.000000e+00 0.000000e+00 0.000000e+00 0.000000e+00
<ENDHMM>
