~o
<STREAMINFO> 1 6
<VECSIZE> 6<NULLD><MFCC><DIAGC>
~h "bg_white_0_3"
<BEGINHMM>
<NUMSTATES> 5
<STATE> 2
<MEAN> 6
 7.429855e+02 2.354775e+01 7.583799e+00 8.985432e+00 7.306111e+00 4.934258e+00
<VARIANCE> 6
 3.032810e+03 8.131176e+02 9.777600e+01 7.461987e+01 5.985398e+01 2.206301e+01
<GCONST> 4.182628e+01
<STATE> 3
<MEAN> 6
 6.916723e+02 4.805103e+01 1.754150e+01 1.569412e+01 1.274138e+01 8.956774e+00
<VARIANCE> 6
 5.832099e+03 1.616151e+03 3.355021e+02 1.075182e+02 9.316370e+01 4.048333e+01
<GCONST> 4.581474e+01
<STATE> 4
<MEAN> 6
 7.456588e+02 7.191008e+00 2.931689e+00 3.102863e+00 2.144032e+00 1.647171e+00
<VARIANCE> 6
 7.301325e+03 2.343040e+02 3.502326e+01 2.277570e+01 1.765328e+01 8.580674e+00
<GCONST> 3.708183e+01
<TRANSP> 5
 0.000000e+00 1.000000e+00 0.000000e+00 0.000000e+00 0.000000e+00
 0.000000e+00 6.318086e-01 3.681914e-01 0.000000e+00 0.000000e+00
 0.000000e+00 0.000000e+00 7.045932e-01 2.954068e-01 0.000000e+00
 0.000000e+00 0.000000e+00 0.000000e+00 8.304757e-01 1.695242e-01
 0.000000e+00 0.000000e+00 0.000000e+00 0.000000e+00 0.000000e+00
<ENDHMM>
