~o
<STREAMINFO> 1 6
<VECSIZE> 6<NULLD><MFCC><DIAGC>
~h "bg_white_0_2"
<BEGINHMM>
<NUMSTATES> 5
<STATE> 2
<MEAN> 6
 7.587083e+02 1.981390e+01 7.195782e+00 7.783819e+00 6.165060e+00 4.588348e+00
<VARIANCE> 6
 2.748858e+03 8.068893e+02 1.087635e+02 6.554320e+01 5.713289e+01 2.314627e+01
<GCONST> 4.169849e+01
<STATE> 3
<MEAN> 6
 6.963192e+02 5.675245e+01 1.803557e+01 1.689604e+01 1.399448e+01 9.654618e+00
<VARIANCE> 6
 5.618937e+03 1.745932e+03 3.387665e+02 8.829047e+01 1.055023e+02 3.973858e+01
<GCONST> 4.577320e+01
<STATE> 4
<MEAN> 6
 7.563681e+02 9.446439e+00 3.119126e+00 3.506578e+00 2.576553e+00 1.890727e+00
<VARIANCE> 6
 6.976060e+03 3.517528e+02 3.484305e+01 3.202094e+01 2.283283e+01 8.775813e+00
<GCONST> 3.805788e+01
<TRANSP> 5
 0.000000e+00 1.000000e+00 0.000000e+00 0.000000e+00 0.000000e+00
 0.000000e+00 6.271654e-01 3.728346e-01 0.000000e+00 0.000000e+00
 0.000000e+00 0.000000e+00 7.648779e-01 2.351221e-01 0.000000e+00
 0.000000e+00 0.000000e+00 0.000000e+00 8.351123e-01 1.648877e-01
 0.000000e+00 0.000000e+00 0.000000e+00 0.000000e+00 0.000000e+00
<ENDHMM>
