~o
<STREAMINFO> 1 6
<VECSIZE> 6<NULLD><MFCC><DIAGC>
~h "fp_key_0"
<BEGINHMM>
<NUMSTATES> 5
<STATE> 2
<MEAN> 6
 2.133744e+02 1.038328e+01 4.672370e+00 2.173620e+00 1.357732e+00 5.510983e-01
<VARIANCE> 6
 1.135534e+04 7.441028e+02 4.536112e+01 2.528621e+01 3.331531e+00 4.965493e-01
<GCONST> 3.452516e+01
<STATE> 3
<MEAN> 6
 4.306880e+02 7.898204e+01 2.974326e+01 1.786096e+01 9.491163e+00 3.456369e+00
<VARIANCE> 6
 3.419907e+04 3.914620e+03 1.846087e+03 1.626742e+02 1.501026e+02 1.778686e+01
<GCONST> 5.024204e+01
<STATE> 4
<MEAN> 6
 2.842354e+02 1.525716e+01 7.434150e+00 4.260200e+00 3.124479e+00 1.135981e+00
<VARIANCE> 6
 1.632016e+04 8.349607e+02 2.380807e+02 4.676112e+01 2.594868e+01 3.069466e+00
<GCONST> 4.115009e+01
<TRANSP> 5
 0.000000e+00 1.000000e+00 0.000000e+00 0.000000e+00 0.000000e+00
 0.000000e+00 7.967386e-01 2.032614e-01 0.000000e+00 0.000000e+00
 0.000000e+00 0.000000e+00 6.764850e-01 3.235150e-01 0.000000e+00
 0.000000e+00 0.000000e+00 0.000000e+00 7.493219e-01 2.506781e-01
 0.000000e+00 0.000000e+00 0.000000e+00 0.000000e+00 0.000000e+00
<ENDHMM>
