~o
<STREAMINFO> 1 6
<VECSIZE> 6<NULLD><MFCC><DIAGC>
~h "fp_key_4"
<BEGINHMM>
<NUMSTATES> 5
<STATE> 2
<MEAN> 6
 3.046482e+02 1.397500e+01 5.189773e+00 4.526799e+00 2.379914e+00 1.339658e+00
<VARIANCE> 6
 1.161215e+04 7.372157e+02 9.351752e+01 4.883821e+01 1.714802e+01 3.011298e+00
<GCONST> 3.936087e+01
<STATE> 3
<MEAN> 6
 4.947962e+02 6.290809e+01 5.504321e+01 1.893637e+01 2.109860e+01 7.472825e+00
<VARIANCE> 6
 2.961639e+04 3.204798e+03 3.653476e+03 2.220806e+02 3.131591e+02 4.227089e+01
<GCONST> 5.249303e+01
<STATE> 4
<MEAN> 6
 4.377351e+02 4.127668e+01 9.239724e+00 9.746139e+00 2.776985e+00 1.653113e+00
<VARIANCE> 6
 2.868842e+04 2.405921e+03 3.196882e+02 1.059388e+02 1.840973e+01 5.016655e+00
<GCONST> 4.403305e+01
<TRANSP> 5
 0.000000e+00 1.000000e+00 0.000000e+00 0.000000e+00 0.000000e+00
 0.000000e+00 8.365861e-01 1.634139e-01 0.000000e+00 0.000000e+00
 0.000000e+00 0.000000e+00 6.139392e-01 3.860608e-01 0.000000e+00
 0.000000e+00 0.000000e+00 0.000000e+00 7.669163e-01 2.330837e-01
 0.000000e+00 0.000000e+00 0.000000e+00 0.000000e+00 0.000000e+00
<ENDHMM>
