~o
<STREAMINFO> 1 6
<VECSIZE> 6<NULLD><MFCC><DIAGC>
~h "fp_key_2"
<BEGINHMM>
<NUMSTATES> 5
<STATE> 2
<MEAN> 6
 4.462914e+02 5.795962e+01 1.315987e+01 1.179289e+01 4.667477e+00 1.918582e+00
<VARIANCE> 6
 3.373410e+04 3.353827e+03 5.556140e+02 9.774701e+01 5.603064e+01 7.796513e+00
<GCONST> 4.655341e+01
<STATE> 3
<MEAN> 6
 4.758380e+02 7.287787e+01 4.455811e+01 2.181658e+01 1.926216e+01 7.265732e+00
<VARIANCE> 6
 4.008585e+04 3.672694e+03 2.978043e+03 2.858549e+02 3.779359e+02 5.504875e+01
<GCONST> 5.343217e+01
<STATE> 4
<MEAN> 6
 2.451592e+02 1.219547e+01 8.154799e+00 3.475985e+00 2.764870e+00 1.218390e+00
<VARIANCE> 6
 1.692739e+04 6.561583e+02 4.491405e+02 4.081739e+01 3.321552e+01 4.085724e+00
<GCONST> 4.197731e+01
<TRANSP> 5
 0.000000e+00 1.000000e+00 0.000000e+00 0.000000e+00 0.000000e+00
 0.000000e+00 7.732494e-01 2.267505e-01 0.000000e+00 0.000000e+00
 0.000000e+00 0.000000e+00 6.118354e-01 3.881646e-01 0.000000e+00
 0.000000e+00 0.000000e+00 0.000000e+00 8.337113e-01 1.662887e-01
 0.000000e+00 0.000000e+00 0.000000e+00 0.000000e+00 0.000000e+00
<ENDHMM>
