~o
<STREAMINFO> 1 6
<VECSIZE> 6<NULLD><MFCC><DIAGC>
~h "fp_key_5"
<BEGINHMM>
<NUMSTATES> 5
<STATE> 2
<MEAN> 6
 4.481221e+02 6.503912e+01 1.189773e+01 1.333171e+01 3.410048e+00 1.984195e+00
<VARIANCE> 6
 3.666927e+04 3.687166e+03 4.544387e+02 1.268289e+02 2.669746e+01 6.802068e+00
<GCONST> 4.591327e+01
<STATE> 3
<MEAN> 6
 4.869118e+02 4.968951e+01 4.365721e+01 1.527913e+01 1.355806e+01 5.973073e+00
<VARIANCE> 6
 3.331303e+04 3.492890e+03 2.885946e+03 2.775723e+02 2.634003e+02 4.849439e+01
<GCONST> 5.264827e+01
<STATE> 4
<MEAN> 6
 3.987671e+02 3.720547e+00 5.666338e+00 8.852757e-01 1.412442e+00 5.262004e-01
<VARIANCE> 6
 1.038470e+04 4.706390e+01 1.185013e+02 1.394060e+00 4.962773e+00 6.729147e-01
<GCONST> 3.043983e+01
<TRANSP> 5
 0.000000e+00 1.000000e+00 0.000000e+00 0.000000e+00 0.000000e+00
 0.000000e+00 6.243303e-01 3.756697e-01 0.000000e+00 0.000000e+00
 0.000000e+00 0.000000e+00 3.131358e-01 6.868643e-01 0.000000e+00
 0.000000e+00 0.000000e+00 0.000000e+00 8.731318e-01 1.268683e-01
 0.000000e+00 0.000000e+00 0.000000e+00 0.000000e+00 0.000000e+00
<ENDHMM>
