~o
<STREAMINFO> 1 6
<VECSIZE> 6<NULLD><MFCC><DIAGC>
~h "fp_key"
<BEGINHMM>
<NUMSTATES> 5
<STATE> 2
<MEAN> 6
 2.326734e+02 1.000710e+01 5.362289e+00 2.645877e+00 1.968160e+00 7.966781e-01
<VARIANCE> 6
 1.330561e+04 3.788025e+02 7.569753e+01 1.733689e+01 8.831356e+00 1.209814e+00
<GCONST> 3.600858e+01
<STATE> 3
<MEAN> 6
 4.403978e+02 5.765065e+01 2.407436e+01 1.505951e+01 8.914366e+00 3.695355e+00
<VARIANCE> 6
 3.951474e+04 3.263504e+03 1.726517e+03 1.875114e+02 1.860711e+02 2.717022e+01
<GCONST> 5.091820e+01
<STATE> 4
<MEAN> 6
 3.245358e+02 3.863379e+00 4.329637e+00 1.067795e+00 1.244167e+00 5.508664e-01
<VARIANCE> 6
 1.540973e+04 3.152769e+01 5.765437e+01 1.249662e+00 2.887416e+00 5.963318e-01
<GCONST> 2.894163e+01
<TRANSP> 5
 0.000000e+00 1.000000e+00 0.000000e+00 0.000000e+00 0.000000e+00
 0.000000e+00 9.263370e-01 7.366299e-02 0.000000e+00 0.000000e+00
 0.000000e+00 0.000000e+00 9.734225e-01 2.657749e-02 0.000000e+00
 0.000000e+00 0.000000e+00 0.000000e+00 9.468052e-01 5.319479e-02
 0.000000e+00 0.000000e+00 0.000000e+00 0.000000e+00 0.000000e+00
<ENDHMM>
