~o
<STREAMINFO> 1 6
<VECSIZE> 6<NULLD><MFCC><DIAGC>
~h "fp_key_3"
<BEGINHMM>
<NUMSTATES> 5
<STATE> 2
<MEAN> 6
 3.980084e+02 5.970016e+01 1.327839e+01 1.289968e+01 4.876658e+00 1.976939e+00
<VARIANCE> 6
 2.944091e+04 3.259066e+03 7.481596e+02 1.425874e+02 5.565461e+01 5.919847e+00
<GCONST> 4.678164e+01
<STATE> 3
<MEAN> 6
 4.770305e+02 7.762609e+01 5.304347e+01 2.769177e+01 2.110701e+01 8.618134e+00
<VARIANCE> 6
 2.751812e+04 4.083064e+03 3.747016e+03 3.341452e+02 4.297413e+02 7.230961e+01
<GCONST> 5.394889e+01
<STATE> 4
<MEAN> 6
 2.744854e+02 1.472281e+01 5.116217e+00 4.480417e+00 2.332786e+00 1.387281e+00
<VARIANCE> 6
 1.429524e+04 7.402133e+02 1.031071e+02 4.538752e+01 1.804316e+01 3.206856e+00
<GCONST> 3.971095e+01
<TRANSP> 5
 0.000000e+00 1.000000e+00 0.000000e+00 0.000000e+00 0.000000e+00
 0.000000e+00 7.507451e-01 2.492549e-01 0.000000e+00 0.000000e+00
 0.000000e+00 0.000000e+00 6.327171e-01 3.672829e-01 0.000000e+00
 0.000000e+00 0.000000e+00 0.000000e+00 8.100789e-01 1.899211e-01
 0.000000e+00 0.000000e+00 0.000000e+00 0.000000e+00 0.000000e+00
<ENDHMM>
