~o
<STREAMINFO> 1 6
<VECSIZE> 6<NULLD><MFCC><DIAGC>
~h "fp_key_1"
<BEGINHMM>
<NUMSTATES> 5
<STATE> 2
<MEAN> 6
 2.827508e+02 1.129112e+01 6.077548e+00 3.427718e+00 1.877761e+00 8.904412e-01
<VARIANCE> 6
 3.474133e+04 4.493264e+02 1.492822e+02 3.232173e+01 1.149656e+01 2.292671e+00
<GCONST> 3.934404e+01
<STATE> 3
<MEAN> 6
 4.206382e+02 5.728666e+01 5.042290e+01 1.711785e+01 1.795918e+01 6.957790e+00
<VARIANCE> 6
 3.900426e+04 2.900961e+03 3.547396e+03 2.144836e+02 3.025541e+02 4.910458e+01
<GCONST> 5.271990e+01
<STATE> 4
<MEAN> 6
 5.241191e+02 5.798901e+01 1.416006e+01 1.496905e+01 4.821726e+00 2.035615e+00
<VARIANCE> 6
 5.803212e+04 2.742431e+03 6.630425e+02 1.457718e+02 5.928663e+01 8.455249e+00
<GCONST> 4.760867e+01
<TRANSP> 5
 0.000000e+00 1.000000e+00 0.000000e+00 0.000000e+00 0.000000e+00
 0.000000e+00 8.449430e-01 1.550570e-01 0.000000e+00 0.000000e+00
 0.000000e+00 0.000000e+00 4.283711e-01 5.716289e-01 0.000000e+00
 0.000000e+00 0.000000e+00 0.000000e+00 7.917262e-01 2.082738e-01
 0.000000e+00 0.000000e+00 0.000000e+00 0.000000e+00 0.000000e+00
<ENDHMM>
