~o
<STREAMINFO> 1 6
<VECSIZE> 6<NULLD><MFCC><DIAGC>
~h "fp_logo_3"
<BEGINHMM>
<NUMSTATES> 5
<STATE> 2
<MEAN> 6
 2.191893e+02 2.063307e+01 1.779287e+01 8.052153e+00 5.636766e+00 3.144416e+00
<VARIANCE> 6
 1.505022e+04 1.162392e+03 2.692528e+03 1.987486e+02 1.132024e+02 2.528908e+01
<GCONST> 4.885447e+01
<STATE> 3
<MEAN> 6
 3.506491e+02 7.577037e+01 5.846309e+01 1.925471e+01 1.774641e+01 8.483329e+00
<VARIANCE> 6
 2.604410e+04 7.316725e+03 5.916446e+03 3.568255e+02 3.871862e+02 8.170928e+01
<GCONST> 5.501754e+01
<STATE> 4
<MEAN> 6
 2.166647e+02 6.287610e+00 2.707487e+00 1.891575e+00 1.510539e+00 8.162026e-01
<VARIANCE> 6
 3.122256e+03 1.958952e+02 5.592331e+00 4.061938e+00 1.844077e+00 1.202874e+00
<GCONST> 2.827090e+01
<TRANSP> 5
 0.000000e+00 1.000000e+00 0.000000e+00 0.000000e+00 0.000000e+00
 0.000000e+00 4.066964e-01 5.933036e-01 0.000000e+00 0.000000e+00
 0.000000e+00 0.000000e+00 6.277966e-01 3.722034e-01 0.000000e+00
 0.000000e+00 0.000000e+00 0.000000e+00 8.689010e-01 1.310991e-01
 0.000000e+00 0.000000e+00 0.000000e+00 0.000000e+00 0.000000e+00
<ENDHMM>
