~o
<STREAMINFO> 1 6
<VECSIZE> 6<NULLD><MFCC><DIAGC>
~h "fp_logo"
<BEGINHMM>
<NUMSTATES> 5
<STATE> 2
<MEAN> 6
 1.807888e+02 1.253024e+01 3.801337e+00 3.761571e+00 1.795952e+00 8.376234e-01
<VARIANCE> 6
 5.247054e+03 3.138021e+02 2.553326e+01 2.617357e+01 3.585091e+00 1.319524e+00
<GCONST> 3.340023e+01
<STATE> 3
<MEAN> 6
 3.807060e+02 7.881763e+01 5.878872e+01 2.136030e+01 1.834098e+01 8.344006e+00
<VARIANCE> 6
 3.447048e+04 6.684792e+03 5.123803e+03 3.443591e+02 3.189536e+02 6.519115e+01
<GCONST> 5.460842e+01
<STATE> 4
<MEAN> 6
 2.401447e+02 3.235141e+00 3.005977e+00 1.245082e+00 1.382752e+00 5.203116e-01
<VARIANCE> 6
 6.838819e+03 7.675445e+00 1.619034e+01 1.484309e+00 2.890107e+00 3.358859e-01
<GCONST> 2.504533e+01
<TRANSP> 5
 0.000000e+00 1.000000e+00 0.000000e+00 0.000000e+00 0.000000e+00
 0.000000e+00 9.564618e-01 4.353822e-02 0.000000e+00 0.000000e+00
 0.000000e+00 0.000000e+00 8.675069e-01 1.324931e-01 0.000000e+00
 0.000000e+00 0.000000e+00 0.000000e+00 9.746734e-01 2.532664e-02
 0.000000e+00 0.000000e+00 0.000000e+00 0.000000e+00 0.000000e+00
<ENDHMM>
