~o
<STREAMINFO> 1 6
<VECSIZE> 6<NULLD><MFCC><DIAGC>
~h "fp_logo_5"
<BEGINHMM>
<NUMSTATES> 5
<STATE> 2
<MEAN> 6
 3.247119e+02 4.742512e+00 2.818761e+00 2.559606e+00 1.717829e+00 7.664349e-01
<VARIANCE> 6
 3.404848e+03 4.125597e+01 4.656540e+00 1.254008e+01 1.224030e+00 4.159045e-01
<GCONST> 2.627206e+01
<STATE> 3
<MEAN> 6
 2.997498e+02 8.036690e+00 4.316971e+00 1.590926e+00 1.212052e+00 4.325792e-01
<VARIANCE> 6
 3.907261e+03 8.663579e+01 4.811875e+01 9.886442e+00 2.311704e+00 1.302539e-01
<GCONST> 2.872412e+01
<STATE> 4
<MEAN> 6
 3.164065e+02 2.892155e+00 5.166852e+00 7.645223e-01 1.849193e+00 3.247329e-01
<VARIANCE> 6
 5.583549e+03 1.174875e+01 6.615805e+01 2.628477e+00 9.745123e+00 4.163121e-02
<GCONST> 2.637490e+01
<TRANSP> 5
 0.000000e+00 1.000000e+00 0.000000e+00 0.000000e+00 0.000000e+00
 0.000000e+00 7.275323e-01 2.724677e-01 0.000000e+00 0.000000e+00
 0.000000e+00 0.000000e+00 3.515822e-01 6.484178e-01 0.000000e+00
 0.000000e+00 0.000000e+00 0.000000e+00 8.526731e-01 1.473269e-01
 0.000000e+00 0.000000e+00 0.000000e+00 0.000000e+00 0.000000e+00
<ENDHMM>
