~o
<STREAMINFO> 1 6
<VECSIZE> 6<NULLD><MFCC><DIAGC>
~h "fp_logo_4"
<BEGINHMM>
<NUMSTATES> 5
<STATE> 2
<MEAN> 6
 2.604121e+02 9.198560e+00 4.016933e+00 2.330587e+00 2.285113e+00 1.083879e+00
<VARIANCE> 6
 2.307083e+03 3.583088e+02 1.084230e+01 4.818342e+00 2.217825e+00 6.513399e-01
<GCONST> 2.897608e+01
<STATE> 3
<MEAN> 6
 2.717947e+02 2.971075e+01 7.586329e+00 6.141025e+00 2.919703e+00 1.135008e+00
<VARIANCE> 6
 8.408292e+03 3.303882e+03 1.215150e+02 4.979869e+01 5.078887e+00 1.087981e+00
<GCONST> 3.858453e+01
<STATE> 4
<MEAN> 6
 2.559100e+02 3.072045e+00 2.349777e+00 1.110304e+00 1.077230e+00 4.191261e-01
<VARIANCE> 6
 3.562420e+03 1.247245e+01 4.753371e+00 1.853382e+00 9.615871e-01 9.263045e-02
<GCONST> 2.148654e+01
<TRANSP> 5
 0.000000e+00 1.000000e+00 0.000000e+00 0.000000e+00 0.000000e+00
 0.000000e+00 7.356231e-01 2.643769e-01 0.000000e+00 0.000000e+00
 0.000000e+00 0.000000e+00 4.723797e-01 5.276204e-01 0.000000e+00
 0.000000e+00 0.000000e+00 0.000000e+00 8.634294e-01 1.365706e-01
 0.000000e+00 0.000000e+00 0.000000e+00 0.000000e+00 0.000000e+00
<ENDHMM>
