~o
<STREAMINFO> 1 6
<VECSIZE> 6<NULLD><MFCC><DIAGC>
~h "fp_logo_2"
<BEGINHMM>
<NUMSTATES> 5
<STATE> 2
<MEAN> 6
 1.987241e+02 1.935825e+01 1.333896e+01 5.996263e+00 4.114442e+00 2.272473e+00
<VARIANCE> 6
 1.014327e+04 1.948104e+03 1.034934e+03 1.029819e+02 7.145521e+01 1.807113e+01
<GCONST> 4.656647e+01
<STATE> 3
<MEAN> 6
 3.775342e+02 6.774683e+01 6.341711e+01 1.955135e+01 2.098845e+01 8.256560e+00
<VARIANCE> 6
 3.127704e+04 5.150419e+03 5.007204e+03 3.394382e+02 3.176662e+02 6.687270e+01
<GCONST> 5.423445e+01
<STATE> 4
<MEAN> 6
 2.017031e+02 9.215270e+00 6.150418e+00 3.462662e+00 2.270834e+00 1.225824e+00
<VARIANCE> 6
 7.195949e+03 3.230686e+02 6.258113e+02 5.497081e+01 2.942910e+01 7.632178e+00
<GCONST> 4.154661e+01
<TRANSP> 5
 0.000000e+00 1.000000e+00 0.000000e+00 0.000000e+00 0.000000e+00
 0.000000e+00 4.200868e-01 5.799132e-01 0.000000e+00 0.000000e+00
 0.000000e+00 0.000000e+00 7.094138e-01 2.905863e-01 0.000000e+00
 0.000000e+00 0.000000e+00 0.000000e+00 8.723559e-01 1.276441e-01
 0.000000e+00 0.000000e+00 0.000000e+00 0.000000e+00 0.000000e+00
<ENDHMM>
