~o
<STREAMINFO> 1 6
<VECSIZE> 6<NULLD><MFCC><DIAGC>
~h "fp_logo_1"
<BEGINHMM>
<NUMSTATES> 5
<STATE> 2
<MEAN> 6
 1.668340e+02 5.719540e+00 2.409354e+00 1.788049e+00 1.151885e+00 4.799003e-01
<VARIANCE> 6
 4.385509e+03 1.202536e+02 6.039074e+00 9.131272e+00 1.233108e+00 2.606294e-01
<GCONST> 2.707776e+01
<STATE> 3
<MEAN> 6
 2.264872e+02 3.176794e+01 5.040087e+00 8.219888e+00 2.629043e+00 1.387767e+00
<VARIANCE> 6
 2.771000e+04 3.250655e+03 3.138605e+01 1.212788e+02 4.792951e+00 1.986748e+00
<GCONST> 3.984153e+01
<STATE> 4
<MEAN> 6
 2.337100e+02 3.312083e+01 2.476502e+01 1.065211e+01 6.726666e+00 4.125985e+00
<VARIANCE> 6
 1.622060e+04 3.033521e+03 1.548403e+03 2.156943e+02 1.041062e+02 3.960423e+01
<GCONST> 4.978197e+01
<TRANSP> 5
 0.000000e+00 1.000000e+00 0.000000e+00 0.000000e+00 0.000000e+00
 0.000000e+00 8.886855e-01 1.113145e-01 0.000000e+00 0.000000e+00
 0.000000e+00 0.000000e+00 6.420463e-01 3.579538e-01 0.000000e+00
 0.000000e+00 0.000000e+00 0.000000e+00 1.821938e-01 8.178062e-01
 0.000000e+00 0.000000e+00 0.000000e+00 0.000000e+00 0.000000e+00
<ENDHMM>
