~o
<STREAMINFO> 1 6
<VECSIZE> 6<NULLD><MFCC><DIAGC>
~h "fp_logo_0"
<BEGINHMM>
<NUMSTATES> 5
<STATE> 2
<MEAN> 6
 1.456935e+02 9.194895e+00 6.664656e+00 3.177301e+00 2.486643e+00 5.430499e-01
<VARIANCE> 6
 3.282113e+03 3.358988e+02 1.095487e+02 3.371369e+01 1.143226e+01 2.467044e-01
<GCONST> 3.419146e+01
<STATE> 3
<MEAN> 6
 2.082679e+02 3.532694e+01 7.907644e+00 1.125416e+01 2.634353e+00 1.183599e+00
<VARIANCE> 6
 2.166574e+04 2.758649e+03 3.848795e+02 1.997943e+02 1.062420e+01 2.302518e+00
<GCONST> 4.338060e+01
<STATE> 4
<MEAN> 6
 1.538815e+02 5.916325e+00 2.417890e+00 1.917961e+00 1.069516e+00 4.405833e-01
<VARIANCE> 6
 4.045540e+03 1.236110e+02 5.909161e+00 1.081529e+01 1.198376e+00 2.021172e-01
<GCONST> 2.688930e+01
<TRANSP> 5
 0.000000e+00 1.000000e+00 0.000000e+00 0.000000e+00 0.000000e+00
 0.000000e+00 3.274714e-01 6.725286e-01 0.000000e+00 0.000000e+00
 0.000000e+00 0.000000e+00 3.591677e-01 6.408322e-01 0.000000e+00
 0.000000e+00 0.000000e+00 0.000000e+00 8.883006e-01 1.116993e-01
 0.000000e+00 0.000000e+00 0.000000e+00 0.000000e+00 0.000000e+00
<ENDHMM>
