~o
<STREAMINFO> 1 6
<VECSIZE> 6<NULLD><MFCC><DIAGC>
~h "fp_screen_1"
<BEGINHMM>
<NUMSTATES> 5
<STATE> 2
<MEAN> 6
 3.977469e+02 4.698251e+00 4.264144e+00 1.420710e+00 1.606480e+00 5.393044e-01
<VARIANCE> 6
 2.716149e+04 5.729495e+01 9.855710e+01 5.291842e+00 1.310427e+01 1.163209e+00
<GCONST> 3.426596e+01
<STATE> 3
<MEAN> 6
 5.103555e+02 4.807329e+01 2.449241e+01 1.463708e+01 8.132790e+00 3.982178e+00
<VARIANCE> 6
 3.377126e+04 3.442883e+03 1.375711e+03 2.049861e+02 9.724042e+01 2.683535e+01
<GCONST> 5.001526e+01
<STATE> 4
<MEAN> 6
 4.361295e+02 2.052168e+01 4.406876e+00 5.744085e+00 1.902418e+00 1.219433e+00
<VARIANCE> 6
 3.125630e+04 9.843398e+02 8.353837e+01 5.714690e+01 7.639534e+00 4.817658e+00
<GCONST> 4.034576e+01
<TRANSP> 5
 0.000000e+00 1.000000e+00 0.000000e+00 0.000000e+00 0.000000e+00
 0.000000e+00 8.635384e-01 1.364616e-01 0.000000e+00 0.000000e+00
 0.000000e+00 0.000000e+00 5.481094e-01 4.518907e-01 0.000000e+00
 0.000000e+00 0.000000e+00 0.000000e+00 7.108996e-01 2.891004e-01
 0.000000e+00 0.000000e+00 0.000000e+00 0.000000e+00 0.000000e+00
<ENDHMM>
