~o
<STREAMINFO> 1 6
<VECSIZE> 6<NULLD><MFCC><DIAGC>
~h "fp_screen_0"
<BEGINHMM>
<NUMSTATES> 5
<STATE> 2
<MEAN> 6
 2.191165e+02 2.559650e+00 6.426037e+00 1.024374e+00 2.331561e+00 4.681823e-01
<VARIANCE> 6
 2.961081e+03 6.307209e+00 1.487011e+02 1.074201e+00 1.792462e+01 5.098820e-01
<GCONST> 2.814838e+01
<STATE> 3
<MEAN> 6
 3.949302e+02 2.189543e+01 4.235936e+01 7.972181e+00 1.356551e+01 4.062601e+00
<VARIANCE> 6
 2.932203e+04 1.018506e+03 1.530446e+03 1.170265e+02 1.466658e+02 3.710469e+01
<GCONST> 4.893707e+01
<STATE> 4
<MEAN> 6
 3.750446e+02 7.134215e+00 5.105584e+00 2.454440e+00 2.215014e+00 7.502357e-01
<VARIANCE> 6
 1.875524e+04 1.279677e+02 1.561962e+02 1.418937e+01 2.353092e+01 2.141526e+00
<GCONST> 3.734171e+01
<TRANSP> 5
 0.000000e+00 1.000000e+00 0.000000e+00 0.000000e+00 0.000000e+00
 0.000000e+00 8.515881e-01 1.484119e-01 0.000000e+00 0.000000e+00
 0.000000e+00 0.000000e+00 3.998906e-01 6.001094e-01 0.000000e+00
 0.000000e+00 0.000000e+00 0.000000e+00 7.218850e-01 2.781150e-01
 0.000000e+00 0.000000e+00 0.000000e+00 0.000000e+00 0.000000e+00
<ENDHMM>
