~o
<STREAMINFO> 1 6
<VECSIZE> 6<NULLD><MFCC><DIAGC>
~h "fp_screen_2"
<BEGINHMM>
<NUMSTATES> 5
<STATE> 2
<MEAN> 6
 3.984221e+02 1.095299e+01 3.426066e+00 3.261675e+00 1.595700e+00 8.269123e-01
<VARIANCE> 6
 2.325720e+04 4.684290e+02 4.510900e+01 2.897771e+01 4.566041e+00 2.221353e+00
<GCONST> 3.672339e+01
<STATE> 3
<MEAN> 6
 5.361876e+02 6.417551e+01 4.094535e+01 1.935922e+01 1.313018e+01 5.060503e+00
<VARIANCE> 6
 3.510035e+04 5.070771e+03 2.348538e+03 3.050158e+02 2.553641e+02 5.159060e+01
<GCONST> 5.299242e+01
<STATE> 4
<MEAN> 6
 4.924121e+02 2.379651e+01 1.756569e+01 6.548109e+00 5.132342e+00 1.850501e+00
<VARIANCE> 6
 1.737318e+04 1.327052e+03 1.004401e+03 7.652031e+01 6.947527e+01 8.047198e+00
<GCONST> 4.555666e+01
<TRANSP> 5
 0.000000e+00 1.000000e+00 0.000000e+00 0.000000e+00 0.000000e+00
 0.000000e+00 8.522647e-01 1.477353e-01 0.000000e+00 0.000000e+00
 0.000000e+00 0.000000e+00 6.571310e-01 3.428690e-01 0.000000e+00
 0.000000e+00 0.000000e+00 0.000000e+00 6.983016e-01 3.016984e-01
 0.000000e+00 0.000000e+00 0.000000e+00 0.000000e+00 0.000000e+00
<ENDHMM>
