~o
<STREAMINFO> 1 6
<VECSIZE> 6<NULLD><MFCC><DIAGC>
~h "fp_screen"
<BEGINHMM>
<NUMSTATES> 5
<STATE> 2
<MEAN> 6
 3.521118e+02 3.343416e+00 8.471382e+00 1.204250e+00 2.616112e+00 5.445890e-01
<VARIANCE> 6
 2.534414e+04 1.075299e+01 3.661938e+02 1.409890e+00 2.260422e+01 5.732249e-01
<GCONST> 3.235108e+01
<STATE> 3
<MEAN> 6
 4.918972e+02 5.198042e+01 2.336404e+01 1.440375e+01 8.602181e+00 3.928814e+00
<VARIANCE> 6
 3.794513e+04 3.096133e+03 1.592196e+03 1.742505e+02 1.545037e+02 2.893971e+01
<GCONST> 5.054787e+01
<STATE> 4
<MEAN> 6
 3.671534e+02 5.238934e+00 4.997770e+00 1.787175e+00 1.686870e+00 7.662225e-01
<VARIANCE> 6
 7.822455e+03 3.462153e+01 3.575647e+01 3.284589e+00 2.600394e+00 9.591361e-01
<GCONST> 2.921640e+01
<TRANSP> 5
 0.000000e+00 1.000000e+00 0.000000e+00 0.000000e+00 0.000000e+00
 0.000000e+00 9.485754e-01 5.142456e-02 0.000000e+00 0.000000e+00
 0.000000e+00 0.000000e+00 9.448730e-01 5.512695e-02 0.000000e+00
 0.000000e+00 0.000000e+00 0.000000e+00 9.691492e-01 3.085077e-02
 0.000000e+00 0.000000e+00 0.000000e+00 0.000000e+00 0.000000e+00
<ENDHMM>
