~o
<STREAMINFO> 1 6
<VECSIZE> 6<NULLD><MFCC><DIAGC>
~h "fp_screen_3"
<BEGINHMM>
<NUMSTATES> 5
<STATE> 2
<MEAN> 6
 4.599516e+02 6.119754e+01 1.638122e+01 1.481066e+01 5.867909e+00 2.274199e+00
<VARIANCE> 6
 2.099245e+04 3.203484e+03 9.801514e+02 1.836393e+02 8.485184e+01 9.577527e+00
<GCONST> 4.785218e+01
<STATE> 3
<MEAN> 6
 5.951668e+02 6.189503e+01 4.486534e+01 1.514604e+01 1.694039e+01 6.578928e+00
<VARIANCE> 6
 4.463270e+04 3.652714e+03 3.525672e+03 1.526184e+02 2.788300e+02 3.994383e+01
<GCONST> 5.245055e+01
<STATE> 4
<MEAN> 6
 3.722608e+02 1.097989e+01 4.653076e+00 3.141733e+00 1.977160e+00 9.761918e-01
<VARIANCE> 6
 1.243950e+04 3.031946e+02 5.254299e+01 1.828132e+01 8.414165e+00 1.835806e+00
<GCONST> 3.577518e+01
<TRANSP> 5
 0.000000e+00 1.000000e+00 0.000000e+00 0.000000e+00 0.000000e+00
 0.000000e+00 6.208050e-01 3.791950e-01 0.000000e+00 0.000000e+00
 0.000000e+00 0.000000e+00 5.707591e-01 4.292409e-01 0.000000e+00
 0.000000e+00 0.000000e+00 0.000000e+00 8.578160e-01 1.421840e-01
 0.000000e+00 0.000000e+00 0.000000e+00 0.000000e+00 0.000000e+00
<ENDHMM>
