~o
<STREAMINFO> 1 6
<VECSIZE> 6<NULLD><MFCC><DIAGC>
~h "fp_screen_4"
<BEGINHMM>
<NUMSTATES> 5
<STATE> 2
<MEAN> 6
 3.740389e+02 2.075094e+01 6.608086e+00 6.677627e+00 3.065426e+00 1.510761e+00
<VARIANCE> 6
 1.469683e+04 7.936658e+02 1.547707e+02 6.310818e+01 2.332967e+01 4.014721e+00
<GCONST> 4.102580e+01
<STATE> 3
<MEAN> 6
 4.776501e+02 4.881940e+01 2.206223e+01 1.235477e+01 7.137228e+00 3.654098e+00
<VARIANCE> 6
 3.544436e+04 3.565495e+03 1.480415e+03 1.931402e+02 8.744841e+01 2.491036e+01
<GCONST> 4.993187e+01
<STATE> 4
<MEAN> 6
 3.582492e+02 5.189546e+00 5.753439e+00 1.747528e+00 1.750338e+00 6.415102e-01
<VARIANCE> 6
 3.670414e+03 9.445179e+01 6.026647e+01 8.111251e+00 2.348649e+00 5.103341e-01
<GCONST> 3.015659e+01
<TRANSP> 5
 0.000000e+00 1.000000e+00 0.000000e+00 0.000000e+00 0.000000e+00
 0.000000e+00 5.238557e-01 4.761443e-01 0.000000e+00 0.000000e+00
 0.000000e+00 0.000000e+00 3.962212e-01 6.037788e-01 0.000000e+00
 0.000000e+00 0.000000e+00 0.000000e+00 8.918166e-01 1.081834e-01
 0.000000e+00 0.000000e+00 0.000000e+00 0.000000e+00 0.000000e+00
<ENDHMM>
