~o
<STREAMINFO> 1 6
<VECSIZE> 6<NULLD><MFCC><DIAGC>
~h "fp_screen_5"
<BEGINHMM>
<NUMSTATES> 5
<STATE> 2
<MEAN> 6
 3.390798e+02 6.864571e+00 7.835797e+00 3.297777e+00 3.078548e+00 1.576847e+00
<VARIANCE> 6
 4.077842e+03 1.924794e+02 8.487557e+01 1.695325e+01 5.329948e+00 2.276244e+00
<GCONST> 3.436809e+01
<STATE> 3
<MEAN> 6
 3.893525e+02 2.806622e+01 1.976910e+01 8.207167e+00 7.461551e+00 3.313053e+00
<VARIANCE> 6
 1.612863e+04 2.495306e+03 1.003702e+03 1.151517e+02 1.211059e+02 2.259552e+01
<GCONST> 4.810990e+01
<STATE> 4
<MEAN> 6
 4.192243e+02 2.586807e+00 5.943305e+00 8.361493e-01 1.289757e+00 5.154732e-01
<VARIANCE> 6
 8.163402e+03 7.615455e+00 4.983808e+01 1.103095e+00 2.495732e+00 4.400207e-01
<GCONST> 2.616541e+01
<TRANSP> 5
 0.000000e+00 1.000000e+00 0.000000e+00 0.000000e+00 0.000000e+00
 0.000000e+00 7.541088e-01 2.458912e-01 0.000000e+00 0.000000e+00
 0.000000e+00 0.000000e+00 2.676257e-01 7.323743e-01 0.000000e+00
 0.000000e+00 0.000000e+00 0.000000e+00 8.477405e-01 1.522595e-01
 0.000000e+00 0.000000e+00 0.000000e+00 0.000000e+00 0.000000e+00
<ENDHMM>
