~o
<STREAMINFO> 1 6
<VECSIZE> 6<NULLD><MFCC><DIAGC>
~h "bg_red_0"
<BEGINHMM>
<NUMSTATES> 5
<STATE> 2
<MEAN> 6
 2.812506e+02 8.824420e+00 4.475690e+00 2.739912e+00 1.565760e+00 7.187114e-01
<VARIANCE> 6
 1.436685e+04 1.447949e+02 3.135884e+01 8.924844e+00 2.704615e+00 6.852650e-01
<GCONST> 3.182661e+01
<STATE> 3
<MEAN> 6
 3.804173e+02 3.360917e+01 1.094370e+01 9.256159e+00 3.006611e+00 2.030412e+00
<VARIANCE> 6
 3.415777e+04 2.546907e+03 3.784788e+02 9.261567e+01 2.161874e+01 7.527209e+00
<GCONST> 4.486535e+01
<STATE> 4
<MEAN> 6
 2.927888e+02 5.540790e+00 3.006697e+00 1.741728e+00 1.033830e+00 4.974662e-01
<VARIANCE> 6
 3.755564e+03 3.416027e+01 1.455921e+01 3.754963e+00 1.731737e+00 6.000764e-01
<GCONST> 2.682905e+01
<TRANSP> 5
 0.000000e+00 1.000000e+00 0.000000e+00 0.000000e+00 0.000000e+00
 0.000000e+00 9.607156e-01 3.928443e-02 0.000000e+00 0.000000e+00
 0.000000e+00 0.000000e+00 8.599879e-01 1.400122e-01 0.000000e+00
 0.000000e+00 0.000000e+00 0.000000e+00 9.732637e-01 2.673627e-02
 0.000000e+00 0.000000e+00 0.000000e+00 0.000000e+00 0.000000e+00
<ENDHMM>
~h "bg_red_0_0"
<BEGINHMM>
<NUMSTATES> 5
<STATE> 2
<MEAN> 6
 2.980914e+02 6.157113e+00 4.049856e+00 2.096208e+00 1.772814e+00 7.807102e-01
<VARIANCE> 6
 1.120654e+04 3.824121e+01 2.309666e+01 3.756983e+00 2.611730e+00 7.429910e-01
<GCONST> 2.912168e+01
<STATE> 3
<MEAN> 6
 3.832534e+02 3.294659e+01 1.882458e+01 1.015733e+01 5.127617e+00 2.838112e+00
<VARIANCE> 6
 3.596615e+04 2.458006e+03 9.301199e+02 1.201725e+02 2.766564e+01 8.765742e+00
<GCONST> 4.643999e+01
<STATE> 4
<MEAN> 6
 3.076531e+02 1.456420e+01 4.867390e+00 4.240665e+00 2.328867e+00 1.203446e+00
<VARIANCE> 6
 3.595842e+04 4.976964e+02 2.299611e+01 2.383271e+01 5.464418e+00 1.787096e+00
<GCONST> 3.631261e+01
<TRANSP> 5
 0.000000e+00 1.000000e+00 0.000000e+00 0.000000e+00 0.000000e+00
 0.000000e+00 8.660046e-01 1.339954e-01 0.000000e+00 0.000000e+00
 0.000000e+00 0.000000e+00 4.656156e-01 5.343844e-01 0.000000e+00
 0.000000e+00 0.000000e+00 0.000000e+00 6.248704e-01 3.751296e-01
 0.000000e+00 0.000000e+00 0.000000e+00 0.000000e+00 0.000000e+00
<ENDHMM>
~h "bg_red_0_1"
<BEGINHMM>
<NUMSTATES> 5
<STATE> 2
<MEAN> 6
 2.733030e+02 1.077241e+01 5.417881e+00 4.037897e+00 2.138134e+00 1.221791e+00
<VARIANCE> 6
 1.091253e+04 2.799791e+02 3.190386e+01 1.864682e+01 3.020076e+00 1.914580e+00
<GCONST> 3.410283e+01
<STATE> 3
<MEAN> 6
 3.887256e+02 4.210472e+01 7.295458e+00 1.007048e+01 1.837016e+00 1.143155e+00
<VARIANCE> 6
 2.753541e+04 3.035443e+03 2.168684e+01 1.105117e+02 5.155033e+00 2.533296e+00
<GCONST> 3.961992e+01
<STATE> 4
<MEAN> 6
 3.270989e+02 3.362836e+00 1.796965e+00 1.404289e+00 6.577001e-01 3.341811e-01
<VARIANCE> 6
 5.385923e+03 1.575369e+01 1.925833e+00 2.140435e+00 4.230794e-01 5.297755e-02
<GCONST> 1.999417e+01
<TRANSP> 5
 0.000000e+00 1.000000e+00 0.000000e+00 0.000000e+00 0.000000e+00
 0.000000e+00 8.053461e-01 1.946539e-01 0.000000e+00 0.000000e+00
 0.000000e+00 0.000000e+00 3.710939e-01 6.289061e-01 0.000000e+00
 0.000000e+00 0.000000e+00 0.000000e+00 8.405769e-01 1.594231e-01
 0.000000e+00 0.000000e+00 0.000000e+00 0.000000e+00 0.000000e+00
<ENDHMM>
~h "bg_red_0_2"
<BEGINHMM>
<NUMSTATES> 5
<STATE> 2
<MEAN> 6
 3.023022e+02 8.729362e+00 3.061540e+00 2.829934e+00 1.205866e+00 5.299492e-01
<VARIANCE> 6
 4.969334e+03 1.143492e+02 8.390966e+00 7.379257e+00 1.343320e+00 2.328289e-01
<GCONST> 2.724108e+01
<STATE> 3
<MEAN> 6
 3.344410e+02 5.979142e+00 1.992727e+00 1.985276e+00 6.798784e-01 3.357432e-01
<VARIANCE> 6
 5.177356e+03 4.960281e+01 2.498014e+00 5.316983e+00 1.492846e-01 1.744123e-02
<GCONST> 2.011894e+01
<STATE> 4
<MEAN> 6
 3.514270e+02 3.587767e+00 1.614729e+00 1.127427e+00 5.110520e-01 2.655598e-01
<VARIANCE> 6
 4.051464e+03 1.716334e+01 1.821200e+00 1.198089e+00 2.298939e-01 1.735472e-02
<GCONST> 1.743307e+01
<TRANSP> 5
 0.000000e+00 1.000000e+00 0.000000e+00 0.000000e+00 0.000000e+00
 0.000000e+00 8.046219e-01 1.953781e-01 0.000000e+00 0.000000e+00
 0.000000e+00 0.000000e+00 7.074187e-02 9.292581e-01 0.000000e+00
 0.000000e+00 0.000000e+00 0.000000e+00 8.530620e-01 1.469380e-01
 0.000000e+00 0.000000e+00 0.000000e+00 0.000000e+00 0.000000e+00
<ENDHMM>
~h "bg_red_0_3"
<BEGINHMM>
<NUMSTATES> 5
<STATE> 2
<MEAN> 6
 3.212400e+02 4.933752e+00 1.553125e+00 1.011403e+00 4.902482e-01 2.564305e-01
<VARIANCE> 6
 3.903363e+03 1.922466e+01 1.720086e+00 1.002164e+00 2.091409e-01 1.437397e-02
<GCONST> 1.699050e+01
<STATE> 3
<MEAN> 6
 3.084034e+02 1.097868e+01 2.974684e+00 3.960277e+00 1.557991e+00 5.458365e-01
<VARIANCE> 6
 6.467971e+03 1.796184e+02 7.588926e+00 1.280342e+01 2.140435e+00 2.459975e-01
<GCONST> 2.892769e+01
<STATE> 4
<MEAN> 6
 3.359115e+02 5.391670e+00 2.144328e+00 1.406319e+00 6.645657e-01 3.739001e-01
<VARIANCE> 6
 5.298096e+03 8.853052e+01 9.953523e+00 2.872556e+00 4.981254e-01 1.430047e-01
<GCONST> 2.479706e+01
<TRANSP> 5
 0.000000e+00 1.000000e+00 0.000000e+00 0.000000e+00 0.000000e+00
 0.000000e+00 8.479049e-01 1.520951e-01 0.000000e+00 0.000000e+00
 0.000000e+00 0.000000e+00 5.460965e-01 4.539035e-01 0.000000e+00
 0.000000e+00 0.000000e+00 0.000000e+00 6.896391e-01 3.103609e-01
 0.000000e+00 0.000000e+00 0.000000e+00 0.000000e+00 0.000000e+00
<ENDHMM>
~h "bg_red_0_4"
<BEGINHMM>
<NUMSTATES> 5
<STATE> 2
<MEAN> 6
 2.746734e+02 8.479879e+00 5.720163e+00 2.092705e+00 1.098416e+00 4.931643e-01
<VARIANCE> 6
 6.123129e+03 1.261615e+02 3.669752e+01 3.439075e+00 8.366062e-01 1.704562e-01
<GCONST> 2.747489e+01
<STATE> 3
<MEAN> 6
 2.614838e+02 2.953730e+01 6.545435e+00 6.946627e+00 1.810266e+00 7.659412e-01
<VARIANCE> 6
 1.673546e+04 2.239081e+03 3.983481e+01 7.935728e+01 3.153201e+00 4.070652e-01
<GCONST> 3.677471e+01
<STATE> 4
<MEAN> 6
 2.566892e+02 6.673713e+00 2.628401e+00 1.749100e+00 7.281098e-01 3.873318e-01
<VARIANCE> 6
 4.839509e+03 5.219380e+01 7.645920e+00 4.211257e+00 4.748069e-01 1.153064e-01
<GCONST> 2.403372e+01
<TRANSP> 5
 0.000000e+00 1.000000e+00 0.000000e+00 0.000000e+00 0.000000e+00
 0.000000e+00 7.139768e-01 2.860232e-01 0.000000e+00 0.000000e+00
 0.000000e+00 0.000000e+00 3.935749e-01 6.064251e-01 0.000000e+00
 0.000000e+00 0.000000e+00 0.000000e+00 8.726889e-01 1.273112e-01
 0.000000e+00 0.000000e+00 0.000000e+00 0.000000e+00 0.000000e+00
<ENDHMM>
~h "bg_red_0_5"
<BEGINHMM>
<NUMSTATES> 5
<STATE> 2
<MEAN> 6
 2.273139e+02 6.537404e+00 4.076076e+00 2.340419e+00 1.254978e+00 5.393589e-01
<VARIANCE> 6
 1.329765e+04 5.539236e+01 1.290127e+01 4.669602e+00 1.024324e+00 2.021905e-01
<GCONST> 2.706094e+01
<STATE> 3
<MEAN> 6
 2.732148e+02 4.106469e+01 1.868882e+01 9.963730e+00 5.470444e+00 3.441423e+00
<VARIANCE> 6
 2.175199e+04 2.603053e+03 4.072657e+02 8.065775e+01 4.483628e+01 1.331753e+01
<GCONST> 4.567094e+01
<STATE> 4
<MEAN> 6
 2.628779e+02 1.029105e+01 9.003577e+00 4.288741e+00 2.952937e+00 1.800068e+00
<VARIANCE> 6
 8.242994e+03 1.082044e+02 6.351221e+01 8.805555e+00 5.539230e+00 3.693121e+00
<GCONST> 3.407335e+01
<TRANSP> 5
 0.000000e+00 1.000000e+00 0.000000e+00 0.000000e+00 0.000000e+00
 0.000000e+00 8.596227e-01 1.403773e-01 0.000000e+00 0.000000e+00
 0.000000e+00 0.000000e+00 3.667637e-01 6.332363e-01 0.000000e+00
 0.000000e+00 0.000000e+00 0.000000e+00 6.967081e-01 3.032919e-01
 0.000000e+00 0.000000e+00 0.000000e+00 0.000000e+00 0.000000e+00
<ENDHMM>
~h "bg_dark_0"
<BEGINHMM>
<NUMSTATES> 5
<STATE> 2
<MEAN> 6
 3.480738e+02 1.331925e+01 7.906635e+00 4.540040e+00 3.486548e+00 1.656208e+00
<VARIANCE> 6
 1.446224e+04 2.390387e+02 6.132545e+01 1.254116e+01 5.865336e+00 2.074501e+00
<GCONST> 3.522717e+01
<STATE> 3
<MEAN> 6
 2.230114e+02 2.723827e+01 1.768008e+01 7.714188e+00 6.217035e+00 2.756651e+00
<VARIANCE> 6
 1.082925e+04 8.337706e+02 3.214945e+02 2.851320e+01 1.868946e+01 4.743118e+00
<GCONST> 4.065123e+01
<STATE> 4
<MEAN> 6
 1.151918e+02 1.010364e+01 6.619092e+00 2.397727e+00 1.966839e+00 7.395764e-01
<VARIANCE> 6
 2.846684e+03 1.872970e+02 7.394589e+01 4.945630e+00 3.870239e+00 8.270398e-01
<GCONST> 3.127912e+01
<TRANSP> 5
 0.000000e+00 1.000000e+00 0.000000e+00 0.000000e+00 0.000000e+00
 0.000000e+00 9.544596e-01 4.554039e-02 0.000000e+00 0.000000e+00
 0.000000e+00 0.000000e+00 9.599656e-01 4.003445e-02 0.000000e+00
 0.000000e+00 0.000000e+00 0.000000e+00 9.566405e-01 4.335953e-02
 0.000000e+00 0.000000e+00 0.000000e+00 0.000000e+00 0.000000e+00
<ENDHMM>
~h "bg_dark_0_0"
<BEGINHMM>
<NUMSTATES> 5
<STATE> 2
<MEAN> 6
 3.166827e+02 1.156643e+01 9.004315e+00 4.329272e+00 3.845265e+00 1.826644e+00
<VARIANCE> 6
 1.002767e+04 2.007214e+02 6.325893e+01 8.727179e+00 4.981631e+00 2.140969e+00
<GCONST> 3.422298e+01
<STATE> 3
<MEAN> 6
 2.601786e+02 3.190882e+01 1.322202e+01 8.067595e+00 5.650938e+00 2.763362e+00
<VARIANCE> 6
 1.174667e+04 8.387482e+02 1.726829e+02 2.613874e+01 1.181987e+01 3.681034e+00
<GCONST> 3.931835e+01
<STATE> 4
<MEAN> 6
 1.572248e+02 1.371495e+01 9.296881e+00 3.693645e+00 2.897800e+00 1.072982e+00
<VARIANCE> 6
 1.321378e+04 2.692300e+02 1.085072e+02 9.672537e+00 4.086985e+00 9.695858e-01
<GCONST> 3.444487e+01
<TRANSP> 5
 0.000000e+00 1.000000e+00 0.000000e+00 0.000000e+00 0.000000e+00
 0.000000e+00 8.099010e-01 1.900990e-01 0.000000e+00 0.000000e+00
 0.000000e+00 0.000000e+00 6.140293e-01 3.859707e-01 0.000000e+00
 0.000000e+00 0.000000e+00 0.000000e+00 7.589615e-01 2.410385e-01
 0.000000e+00 0.000000e+00 0.000000e+00 0.000000e+00 0.000000e+00
<ENDHMM>
~h "bg_dark_0_1"
<BEGINHMM>
<NUMSTATES> 5
<STATE> 2
<MEAN> 6
 1.855660e+02 1.203147e+01 9.621924e+00 4.081640e+00 3.427526e+00 1.455699e+00
<VARIANCE> 6
 1.356602e+04 1.918456e+02 9.272095e+01 9.707646e+00 4.612908e+00 1.464035e+00
<GCONST> 3.451184e+01
<STATE> 3
<MEAN> 6
 2.470042e+02 3.267195e+01 1.829959e+01 9.249548e+00 6.543520e+00 2.560820e+00
<VARIANCE> 6
 1.243209e+04 9.098478e+02 3.006639e+02 3.175832e+01 1.805375e+01 2.968917e+00
<GCONST> 4.041428e+01
<STATE> 4
<MEAN> 6
 3.276968e+02 1.300985e+01 8.874887e+00 4.082691e+00 3.693460e+00 1.452854e+00
<VARIANCE> 6
 1.854180e+04 2.765471e+02 6.875835e+01 7.504197e+00 5.228259e+00 1.338065e+00
<GCONST> 3.466879e+01
<TRANSP> 5
 0.000000e+00 1.000000e+00 0.000000e+00 0.000000e+00 0.000000e+00
 0.000000e+00 8.050905e-01 1.949095e-01 0.000000e+00 0.000000e+00
 0.000000e+00 0.000000e+00 7.150077e-01 2.849924e-01 0.000000e+00
 0.000000e+00 0.000000e+00 0.000000e+00 7.706710e-01 2.293290e-01
 0.000000e+00 0.000000e+00 0.000000e+00 0.000000e+00 0.000000e+00
<ENDHMM>
~h "bg_dark_0_2"
<BEGINHMM>
<NUMSTATES> 5
<STATE> 2
<MEAN> 6
 2.864252e+02 1.722886e+01 9.681295e+00 4.875382e+00 3.707426e+00 1.543023e+00
<VARIANCE> 6
 2.241980e+04 4.164901e+02 7.546669e+01 1.219601e+01 5.668764e+00 1.236132e+00
<GCONST> 3.584858e+01
<STATE> 3
<MEAN> 6
 2.226141e+02 3.546852e+01 1.942624e+01 9.111099e+00 7.022840e+00 3.252163e+00
<VARIANCE> 6
 9.269352e+03 1.183918e+03 2.477223e+02 3.690996e+01 2.198283e+01 4.949060e+00
<GCONST> 4.104857e+01
<STATE> 4
<MEAN> 6
 2.443251e+02 1.391714e+01 6.435118e+00 3.266591e+00 2.237134e+00 9.586537e-01
<VARIANCE> 6
 2.206797e+04 2.648094e+02 4.680332e+01 7.417232e+00 4.405898e+00 1.125187e+00
<GCONST> 3.405881e+01
<TRANSP> 5
 0.000000e+00 1.000000e+00 0.000000e+00 0.000000e+00 0.000000e+00
 0.000000e+00 7.348165e-01 2.651835e-01 0.000000e+00 0.000000e+00
 0.000000e+00 0.000000e+00 7.494944e-01 2.505056e-01 0.000000e+00
 0.000000e+00 0.000000e+00 0.000000e+00 8.090547e-01 1.909453e-01
 0.000000e+00 0.000000e+00 0.000000e+00 0.000000e+00 0.000000e+00
<ENDHMM>
~h "bg_dark_0_3"
<BEGINHMM>
<NUMSTATES> 5
<STATE> 2
<MEAN> 6
 2.036501e+02 1.682233e+01 8.308745e+00 4.319320e+00 3.400975e+00 1.358665e+00
<VARIANCE> 6
 1.925592e+04 2.937653e+02 6.790579e+01 8.162555e+00 7.303230e+00 1.435058e+00
<GCONST> 3.524282e+01
<STATE> 3
<MEAN> 6
 2.651835e+02 3.470345e+01 1.546918e+01 9.517857e+00 5.580378e+00 2.675531e+00
<VARIANCE> 6
 1.481149e+04 1.257399e+03 2.006848e+02 4.368647e+01 1.419574e+01 4.477914e+00
<GCONST> 4.099810e+01
<STATE> 4
<MEAN> 6
 3.367511e+02 9.916917e+00 5.470474e+00 3.186787e+00 2.437725e+00 1.064854e+00
<VARIANCE> 6
 2.194210e+04 1.827072e+02 3.651710e+01 1.059040e+01 4.303601e+00 1.625180e+00
<GCONST> 3.413411e+01
<TRANSP> 5
 0.000000e+00 1.000000e+00 0.000000e+00 0.000000e+00 0.000000e+00
 0.000000e+00 7.846173e-01 2.153827e-01 0.000000e+00 0.000000e+00
 0.000000e+00 0.000000e+00 6.756566e-01 3.243434e-01 0.000000e+00
 0.000000e+00 0.000000e+00 0.000000e+00 7.660245e-01 2.339755e-01
 0.000000e+00 0.000000e+00 0.000000e+00 0.000000e+00 0.000000e+00
<ENDHMM>
~h "bg_dark_0_4"
<BEGINHMM>
<NUMSTATES> 5
<STATE> 2
<MEAN> 6
 3.117506e+02 1.475338e+01 7.116578e+00 5.075584e+00 3.302397e+00 1.654359e+00
<VARIANCE> 6
 2.440264e+04 2.912073e+02 5.011330e+01 1.860834e+01 5.093266e+00 2.902787e+00
<GCONST> 3.633523e+01
<STATE> 3
<MEAN> 6
 2.169940e+02 3.012649e+01 2.537828e+01 8.276640e+00 8.099713e+00 3.779794e+00
<VARIANCE> 6
 7.867543e+03 6.572401e+02 5.665610e+02 1.760750e+01 2.590365e+01 6.435833e+00
<GCONST> 4.080999e+01
<STATE> 4
<MEAN> 6
 1.029968e+02 7.586935e+00 7.290338e+00 2.355368e+00 2.387811e+00 9.726924e-01
<VARIANCE> 6
 2.018507e+03 9.354904e+01 8.850620e+01 6.442246e+00 6.439369e+00 1.088486e+00
<GCONST> 3.146903e+01
<TRANSP> 5
 0.000000e+00 1.000000e+00 0.000000e+00 0.000000e+00 0.000000e+00
 0.000000e+00 7.320045e-01 2.679955e-01 0.000000e+00 0.000000e+00
 0.000000e+00 0.000000e+00 7.750796e-01 2.249204e-01 0.000000e+00
 0.000000e+00 0.000000e+00 0.000000e+00 7.926419e-01 2.073581e-01
 0.000000e+00 0.000000e+00 0.000000e+00 0.000000e+00 0.000000e+00
<ENDHMM>
~h "bg_dark_0_5"
<BEGINHMM>
<NUMSTATES> 5
<STATE> 2
<MEAN> 6
 1.645421e+02 1.793291e+01 1.687606e+01 5.890278e+00 5.052302e+00 2.183837e+00
<VARIANCE> 6
 5.412499e+03 3.315765e+02 3.240207e+02 2.017431e+01 1.695655e+01 3.270706e+00
<GCONST> 3.822847e+01
<STATE> 3
<MEAN> 6
 1.348711e+02 1.509180e+01 1.302778e+01 3.710061e+00 4.105090e+00 1.897026e+00
<VARIANCE> 6
 4.166470e+03 5.390648e+02 4.359939e+02 1.623960e+01 2.493738e+01 1.308320e+01
<GCONST> 4.030470e+01
<STATE> 4
<MEAN> 6
 1.275404e+02 4.869886e+00 4.088719e+00 1.360120e+00 1.173300e+00 5.432987e-01
<VARIANCE> 6
 2.173966e+03 9.115914e+01 6.239305e+01 3.460560e+00 3.365058e+00 1.315352e+00
<GCONST> 3.008661e+01
<TRANSP> 5
 0.000000e+00 1.000000e+00 0.000000e+00 0.000000e+00 0.000000e+00
 0.000000e+00 7.862121e-01 2.137879e-01 0.000000e+00 0.000000e+00
 0.000000e+00 0.000000e+00 2.316944e-02 9.768305e-01 0.000000e+00
 0.000000e+00 0.000000e+00 0.000000e+00 8.412383e-01 1.587617e-01
 0.000000e+00 0.000000e+00 0.000000e+00 0.000000e+00 0.000000e+00
<ENDHMM>
~h "bg_white_0"
<BEGINHMM>
<NUMSTATES> 5
<STATE> 2
<MEAN> 6
 7.711225e+02 2.837557e+00 4.876526e+00 1.171575e+00 1.764238e+00 7.003192e-01
<VARIANCE> 6
 5.886549e+03 2.976123e+01 4.232928e+02 3.695101e+00 2.554800e+01 1.817943e+00
<GCONST> 3.429424e+01
<STATE> 3
<MEAN> 6
 7.090823e+02 4.247186e+01 1.404185e+01 1.390594e+01 1.073323e+01 7.537410e+00
<VARIANCE> 6
 8.554633e+03 1.615109e+03 3.108902e+02 9.646444e+01 9.049078e+01 3.670998e+01
<GCONST> 4.588556e+01
<STATE> 4
<MEAN> 6
 6.162523e+02 4.015067e+00 8.088843e+00 1.551552e+00 2.469126e+00 7.534658e-01
<VARIANCE> 6
 4.528729e+04 3.628004e+01 8.760875e+02 4.537132e+00 3.779859e+01 1.269343e+00
<GCONST> 3.749784e+01
<TRANSP> 5
 0.000000e+00 1.000000e+00 0.000000e+00 0.000000e+00 0.000000e+00
 0.000000e+00 9.578872e-01 4.211283e-02 0.000000e+00 0.000000e+00
 0.000000e+00 0.000000e+00 9.624570e-01 3.754301e-02 0.000000e+00
 0.000000e+00 0.000000e+00 0.000000e+00 9.490268e-01 5.097318e-02
 0.000000e+00 0.000000e+00 0.000000e+00 0.000000e+00 0.000000e+00
<ENDHMM>
~h "bg_white_0_0"
<BEGINHMM>
<NUMSTATES> 5
<STATE> 2
<MEAN> 6
 6.944777e+02 3.681056e+00 1.482696e+01 1.308108e+00 4.626681e+00 5.087594e-01
<VARIANCE> 6
 2.954122e+04 1.404435e+02 1.400060e+03 8.855002e+00 9.108833e+01 6.675900e-01
<GCONST> 3.979861e+01
<STATE> 3
<MEAN> 6
 6.889103e+02 3.886785e+01 3.422082e+01 1.191915e+01 1.291516e+01 5.427791e+00
<VARIANCE> 6
 1.843566e+04 2.753739e+03 2.630811e+03 1.381118e+02 1.413025e+02 4.098125e+01
<GCONST> 5.023715e+01
<STATE> 4
<MEAN> 6
 7.935064e+02 4.713439e+00 2.382533e+00 1.849574e+00 1.388224e+00 1.010244e+00
<VARIANCE> 6
 1.323475e+03 2.330152e+02 2.687381e+01 2.261938e+01 1.202882e+01 6.649052e+00
<GCONST> 3.445812e+01
<TRANSP> 5
 0.000000e+00 1.000000e+00 0.000000e+00 0.000000e+00 0.000000e+00
 0.000000e+00 6.593531e-01 3.406470e-01 0.000000e+00 0.000000e+00
 0.000000e+00 0.000000e+00 4.482544e-01 5.517457e-01 0.000000e+00
 0.000000e+00 0.000000e+00 0.000000e+00 8.621066e-01 1.378935e-01
 0.000000e+00 0.000000e+00 0.000000e+00 0.000000e+00 0.000000e+00
<ENDHMM>
~h "bg_white_0_1"
<BEGINHMM>
<NUMSTATES> 5
<STATE> 2
<MEAN> 6
 7.776901e+02 1.416290e+01 4.743205e+00 5.968115e+00 3.842865e+00 3.060027e+00
<VARIANCE> 6
 2.191292e+03 5.912385e+02 6.620310e+01 6.107621e+01 3.229791e+01 1.740476e+01
<GCONST> 3.973832e+01
<STATE> 3
<MEAN> 6
 7.116374e+02 5.831537e+01 1.764868e+01 1.683501e+01 1.417623e+01 9.630653e+00
<VARIANCE> 6
 4.507405e+03 1.535345e+03 3.218062e+02 8.489532e+01 9.698448e+01 3.748172e+01
<GCONST> 4.519102e+01
<STATE> 4
<MEAN> 6
 7.726425e+02 7.722877e+00 3.129997e+00 3.080262e+00 2.427886e+00 1.919876e+00
<VARIANCE> 6
 5.353266e+03 3.596556e+02 4.249475e+01 2.700869e+01 2.363319e+01 1.057182e+01
<GCONST> 3.806425e+01
<TRANSP> 5
 0.000000e+00 1.000000e+00 0.000000e+00 0.000000e+00 0.000000e+00
 0.000000e+00 6.383052e-01 3.616948e-01 0.000000e+00 0.000000e+00
 0.000000e+00 0.000000e+00 7.743336e-01 2.256664e-01 0.000000e+00
 0.000000e+00 0.000000e+00 0.000000e+00 8.277025e-01 1.722975e-01
 0.000000e+00 0.000000e+00 0.000000e+00 0.000000e+00 0.000000e+00
<ENDHMM>
~h "bg_white_0_2"
<BEGINHMM>
<NUMSTATES> 5
<STATE> 2
<MEAN> 6
 7.587083e+02 1.981390e+01 7.195782e+00 7.783819e+00 6.165060e+00 4.588348e+00
<VARIANCE> 6
 2.748858e+03 8.068893e+02 1.087635e+02 6.554320e+01 5.713289e+01 2.314627e+01
<GCONST> 4.169849e+01
<STATE> 3
<MEAN> 6
 6.963192e+02 5.675245e+01 1.803557e+01 1.689604e+01 1.399448e+01 9.654618e+00
<VARIANCE> 6
 5.618937e+03 1.745932e+03 3.387665e+02 8.829047e+01 1.055023e+02 3.973858e+01
<GCONST> 4.577320e+01
<STATE> 4
<MEAN> 6
 7.563681e+02 9.446439e+00 3.119126e+00 3.506578e+00 2.576553e+00 1.890727e+00
<VARIANCE> 6
 6.976060e+03 3.517528e+02 3.484305e+01 3.202094e+01 2.283283e+01 8.775813e+00
<GCONST> 3.805788e+01
<TRANSP> 5
 0.000000e+00 1.000000e+00 0.000000e+00 0.000000e+00 0.000000e+00
 0.000000e+00 6.271654e-01 3.728346e-01 0.000000e+00 0.000000e+00
 0.000000e+00 0.000000e+00 7.648779e-01 2.351221e-01 0.000000e+00
 0.000000e+00 0.000000e+00 0.000000e+00 8.351123e-01 1.648877e-01
 0.000000e+00 0.000000e+00 0.000000e+00 0.000000e+00 0.000000e+00
<ENDHMM>
~h "bg_white_0_3"
<BEGINHMM>
<NUMSTATES> 5
<STATE> 2
<MEAN> 6
 7.429855e+02 2.354775e+01 7.583799e+00 8.985432e+00 7.306111e+00 4.934258e+00
<VARIANCE> 6
 3.032810e+03 8.131176e+02 9.777600e+01 7.461987e+01 5.985398e+01 2.206301e+01
<GCONST> 4.182628e+01
<STATE> 3
<MEAN> 6
 6.916723e+02 4.805103e+01 1.754150e+01 1.569412e+01 1.274138e+01 8.956774e+00
<VARIANCE> 6
 5.832099e+03 1.616151e+03 3.355021e+02 1.075182e+02 9.316370e+01 4.048333e+01
<GCONST> 4.581474e+01
<STATE> 4
<MEAN> 6
 7.456588e+02 7.191008e+00 2.931689e+00 3.102863e+00 2.144032e+00 1.647171e+00
<VARIANCE> 6
 7.301325e+03 2.343040e+02 3.502326e+01 2.277570e+01 1.765328e+01 8.580674e+00
<GCONST> 3.708183e+01
<TRANSP> 5
 0.000000e+00 1.000000e+00 0.000000e+00 0.000000e+00 0.000000e+00
 0.000000e+00 6.318086e-01 3.681914e-01 0.000000e+00 0.000000e+00
 0.000000e+00 0.000000e+00 7.045932e-01 2.954068e-01 0.000000e+00
 0.000000e+00 0.000000e+00 0.000000e+00 8.304757e-01 1.695242e-01
 0.000000e+00 0.000000e+00 0.000000e+00 0.000000e+00 0.000000e+00
<ENDHMM>
~h "bg_white_0_4"
<BEGINHMM>
<NUMSTATES> 5
<STATE> 2
<MEAN> 6
 6.999801e+02 1.467882e+01 5.035525e+00 5.984719e+00 3.834626e+00 2.824084e+00
<VARIANCE> 6
 1.728896e+04 5.857370e+02 7.871722e+01 5.671500e+01 3.939143e+01 1.844339e+01
<GCONST> 4.215012e+01
<STATE> 3
<MEAN> 6
 6.925261e+02 4.402828e+01 1.620235e+01 1.478051e+01 1.139565e+01 8.089218e+00
<VARIANCE> 6
 5.946262e+03 1.422369e+03 3.161747e+02 1.064310e+02 7.879411e+01 3.882544e+01
<GCONST> 4.542756e+01
<STATE> 4
<MEAN> 6
 7.516694e+02 3.210177e+00 1.562272e+00 1.400223e+00 1.097793e+00 9.343162e-01
<VARIANCE> 6
 1.943228e+03 8.878927e+01 8.108196e+00 1.018408e+01 6.556594e+00 3.804106e+00
<GCONST> 3.071589e+01
<TRANSP> 5
 0.000000e+00 1.000000e+00 0.000000e+00 0.000000e+00 0.000000e+00
 0.000000e+00 5.945116e-01 4.054884e-01 0.000000e+00 0.000000e+00
 0.000000e+00 0.000000e+00 6.976899e-01 3.023101e-01 0.000000e+00
 0.000000e+00 0.000000e+00 0.000000e+00 8.616103e-01 1.383897e-01
 0.000000e+00 0.000000e+00 0.000000e+00 0.000000e+00 0.000000e+00
<ENDHMM>
~h "bg_white_0_5"
<BEGINHMM>
<NUMSTATES> 5
<STATE> 2
<MEAN> 6
 7.501058e+02 3.606500e+00 2.891044e+00 1.292091e+00 1.539790e+00 7.885127e-01
<VARIANCE> 6
 2.436887e+03 1.582968e+02 2.664943e+01 1.495496e+01 1.103557e+01 4.367971e+00
<GCONST> 3.375344e+01
<STATE> 3
<MEAN> 6
 5.258575e+02 2.632485e+01 6.051385e+01 7.627023e+00 1.536649e+01 2.310884e+00
<VARIANCE> 6
 3.795669e+04 1.266875e+03 5.667225e+03 9.102057e+01 2.147944e+02 1.574536e+01
<GCONST> 4.999554e+01
<STATE> 4
<MEAN> 6
 3.429774e+02 5.890905e+00 4.849434e+00 2.103720e+00 1.746461e+00 5.949412e-01
<VARIANCE> 6
 2.304158e+04 5.378485e+01 1.192868e+02 5.847095e+00 7.471094e+00 4.737509e-01
<GCONST> 3.286876e+01
<TRANSP> 5
 0.000000e+00 1.000000e+00 0.000000e+00 0.000000e+00 0.000000e+00
 0.000000e+00 7.832477e-01 2.167523e-01 0.000000e+00 0.000000e+00
 0.000000e+00 0.000000e+00 5.014340e-01 4.985660e-01 0.000000e+00
 0.000000e+00 0.000000e+00 0.000000e+00 8.141502e-01 1.858499e-01
 0.000000e+00 0.000000e+00 0.000000e+00 0.000000e+00 0.000000e+00
<ENDHMM>
~h "bg_board"
<BEGINHMM>
<NUMSTATES> 5
<STATE> 2
<MEAN> 6
 2.467063e+02 2.125500e+01 1.100028e+01 8.723527e+00 4.373151e+00 2.527556e+00
<VARIANCE> 6
 7.934995e+03 3.696352e+02 1.329590e+02 3.262785e+01 1.015009e+01 4.630146e+00
<GCONST> 3.814410e+01
<STATE> 3
<MEAN> 6
 3.718672e+02 7.227169e+01 1.184829e+01 1.496728e+01 4.603518e+00 2.839109e+00
<VARIANCE> 6
 2.042496e+04 5.261544e+03 2.087626e+02 8.897507e+01 1.924810e+01 9.380015e+00
<GCONST> 4.454551e+01
<STATE> 4
<MEAN> 6
 4.014014e+02 6.818085e+00 3.972465e+00 1.428629e+00 9.568056e-01 3.672318e-01
<VARIANCE> 6
 8.097179e+03 9.882685e+01 1.450033e+01 3.060055e+00 7.270505e-01 1.305947e-01
<GCONST> 2.605809e+01
<TRANSP> 5
 0.000000e+00 1.000000e+00 0.000000e+00 0.000000e+00 0.000000e+00
 0.000000e+00 9.709322e-01 2.906783e-02 0.000000e+00 0.000000e+00
 0.000000e+00 0.000000e+00 8.339982e-01 1.660018e-01 0.000000e+00
 0.000000e+00 0.000000e+00 0.000000e+00 9.661862e-01 3.381385e-02
 0.000000e+00 0.000000e+00 0.000000e+00 0.000000e+00 0.000000e+00
<ENDHMM>
~h "bg_board_0"
<BEGINHMM>
<NUMSTATES> 5
<STATE> 2
<MEAN> 6
 3.337424e+02 2.077414e+01 1.023379e+01 9.032357e+00 4.400309e+00 2.501831e+00
<VARIANCE> 6
 1.182938e+04 5.640023e+02 9.703175e+01 3.434491e+01 1.026965e+01 4.450342e+00
<GCONST> 3.867433e+01
<STATE> 3
<MEAN> 6
 3.616568e+02 4.725344e+01 1.580702e+01 1.280505e+01 5.722878e+00 3.098353e+00
<VARIANCE> 6
 1.892837e+04 3.713987e+03 3.977650e+02 7.991780e+01 3.010512e+01 9.527496e+00
<GCONST> 4.512128e+01
<STATE> 4
<MEAN> 6
 3.714409e+02 8.358789e+00 4.263791e+00 2.955662e+00 1.531590e+00 7.520384e-01
<VARIANCE> 6
 2.169223e+04 3.205129e+02 3.414851e+01 1.951073e+01 3.733311e+00 1.177222e+00
<GCONST> 3.476403e+01
<TRANSP> 5
 0.000000e+00 1.000000e+00 0.000000e+00 0.000000e+00 0.000000e+00
 0.000000e+00 7.277720e-01 2.722280e-01 0.000000e+00 0.000000e+00
 0.000000e+00 0.000000e+00 5.704622e-01 4.295378e-01 0.000000e+00
 0.000000e+00 0.000000e+00 0.000000e+00 8.332924e-01 1.667077e-01
 0.000000e+00 0.000000e+00 0.000000e+00 0.000000e+00 0.000000e+00
<ENDHMM>
~h "bg_board_1"
<BEGINHMM>
<NUMSTATES> 5
<STATE> 2
<MEAN> 6
 2.960503e+02 2.215831e+01 1.115545e+01 9.787250e+00 5.240243e+00 3.235132e+00
<VARIANCE> 6
 9.823103e+03 5.589999e+02 9.978162e+01 3.729842e+01 1.127753e+01 5.231616e+00
<GCONST> 3.884537e+01
<STATE> 3
<MEAN> 6
 3.961367e+02 5.632938e+01 1.363662e+01 1.462180e+01 5.154522e+00 3.356126e+00
<VARIANCE> 6
 2.797312e+04 4.235060e+03 3.030811e+02 1.421429e+02 2.400783e+01 1.140175e+01
<GCONST> 4.590039e+01
<STATE> 4
<MEAN> 6
 3.567165e+02 8.898077e+00 4.694810e+00 2.748171e+00 1.426019e+00 7.169023e-01
<VARIANCE> 6
 1.928797e+04 2.691222e+02 3.404623e+01 1.955037e+01 4.047193e+00 1.530659e+00
<GCONST> 3.481410e+01
<TRANSP> 5
 0.000000e+00 1.000000e+00 0.000000e+00 0.000000e+00 0.000000e+00
 0.000000e+00 7.727413e-01 2.272587e-01 0.000000e+00 0.000000e+00
 0.000000e+00 0.000000e+00 4.890510e-01 5.109490e-01 0.000000e+00
 0.000000e+00 0.000000e+00 0.000000e+00 8.494562e-01 1.505438e-01
 0.000000e+00 0.000000e+00 0.000000e+00 0.000000e+00 0.000000e+00
<ENDHMM>
~h "bg_board_2"
<BEGINHMM>
<NUMSTATES> 5
<STATE> 2
<MEAN> 6
 2.822533e+02 2.322426e+01 1.216438e+01 1.001589e+01 4.787194e+00 2.968155e+00
<VARIANCE> 6
 9.319630e+03 4.949161e+02 1.185293e+02 4.458338e+01 1.094588e+01 5.377886e+00
<GCONST> 3.901931e+01
<STATE> 3
<MEAN> 6
 3.223382e+02 4.688217e+01 1.675324e+01 1.225456e+01 5.120888e+00 3.334943e+00
<VARIANCE> 6
 1.669124e+04 2.568465e+03 4.923551e+02 8.537281e+01 2.226729e+01 1.302759e+01
<GCONST> 4.491738e+01
<STATE> 4
<MEAN> 6
 3.440008e+02 1.030835e+01 5.357082e+00 2.645672e+00 1.490685e+00 6.139428e-01
<VARIANCE> 6
 1.783262e+04 1.871666e+02 2.806994e+01 1.143845e+01 2.868573e+00 6.765658e-01
<GCONST> 3.248281e+01
<TRANSP> 5
 0.000000e+00 1.000000e+00 0.000000e+00 0.000000e+00 0.000000e+00
 0.000000e+00 7.424166e-01 2.575834e-01 0.000000e+00 0.000000e+00
 0.000000e+00 0.000000e+00 5.366597e-01 4.633404e-01 0.000000e+00
 0.000000e+00 0.000000e+00 0.000000e+00 8.563119e-01 1.436881e-01
 0.000000e+00 0.000000e+00 0.000000e+00 0.000000e+00 0.000000e+00
<ENDHMM>
~h "bg_board_3"
<BEGINHMM>
<NUMSTATES> 5
<STATE> 2
<MEAN> 6
 2.494335e+02 2.156218e+01 1.010722e+01 8.729165e+00 4.249841e+00 2.403641e+00
<VARIANCE> 6
 7.646030e+03 4.175254e+02 8.823114e+01 3.086593e+01 9.205199e+00 3.719744e+00
<GCONST> 3.744659e+01
<STATE> 3
<MEAN> 6
 3.129088e+02 4.555856e+01 9.350021e+00 1.058570e+01 3.713537e+00 2.210723e+00
<VARIANCE> 6
 1.278320e+04 3.408270e+03 9.735332e+01 7.773029e+01 1.087084e+01 5.677862e+00
<GCONST> 4.167136e+01
<STATE> 4
<MEAN> 6
 3.448309e+02 1.109622e+01 5.784295e+00 2.888322e+00 1.610030e+00 6.488600e-01
<VARIANCE> 6
 1.546410e+04 2.375745e+02 3.699493e+01 1.260611e+01 2.116468e+00 7.053107e-01
<GCONST> 3.268961e+01
<TRANSP> 5
 0.000000e+00 1.000000e+00 0.000000e+00 0.000000e+00 0.000000e+00
 0.000000e+00 7.784699e-01 2.215301e-01 0.000000e+00 0.000000e+00
 0.000000e+00 0.000000e+00 4.107604e-01 5.892397e-01 0.000000e+00
 0.000000e+00 0.000000e+00 0.000000e+00 8.272538e-01 1.727463e-01
 0.000000e+00 0.000000e+00 0.000000e+00 0.000000e+00 0.000000e+00
<ENDHMM>
~h "bg_board_4"
<BEGINHMM>
<NUMSTATES> 5
<STATE> 2
<MEAN> 6
 2.339082e+02 1.879044e+01 9.180350e+00 7.709293e+00 3.617199e+00 2.014396e+00
<VARIANCE> 6
 6.199035e+03 3.692243e+02 6.813277e+01 2.314384e+01 5.295707e+00 2.372967e+00
<GCONST> 3.556504e+01
<STATE> 3
<MEAN> 6
 2.734549e+02 4.115870e+01 1.126603e+01 1.052962e+01 4.309029e+00 2.593273e+00
<VARIANCE> 6
 7.153782e+03 2.372661e+03 1.383818e+02 5.261435e+01 1.456011e+01 6.291814e+00
<GCONST> 4.108497e+01
<STATE> 4
<MEAN> 6
 3.258677e+02 9.922596e+00 4.467905e+00 2.389437e+00 1.396896e+00 6.465836e-01
<VARIANCE> 6
 7.968081e+03 2.318721e+02 2.100999e+01 9.330882e+00 2.033710e+00 9.792834e-01
<GCONST> 3.142390e+01
<TRANSP> 5
 0.000000e+00 1.000000e+00 0.000000e+00 0.000000e+00 0.000000e+00
 0.000000e+00 7.908531e-01 2.091469e-01 0.000000e+00 0.000000e+00
 0.000000e+00 0.000000e+00 5.743840e-01 4.256160e-01 0.000000e+00
 0.000000e+00 0.000000e+00 0.000000e+00 8.296171e-01 1.703828e-01
 0.000000e+00 0.000000e+00 0.000000e+00 0.000000e+00 0.000000e+00
<ENDHMM>
~h "bg_board_5"
<BEGINHMM>
<NUMSTATES> 5
<STATE> 2
<MEAN> 6
 2.675467e+02 2.114974e+01 1.003130e+01 7.263145e+00 3.793733e+00 2.209609e+00
<VARIANCE> 6
 4.204210e+03 4.229218e+02 8.406489e+01 1.965767e+01 5.397110e+00 3.189970e+00
<GCONST> 3.567422e+01
<STATE> 3
<MEAN> 6
 2.962179e+02 4.490974e+01 8.954271e+00 8.767447e+00 3.065769e+00 1.881685e+00
<VARIANCE> 6
 6.001086e+03 4.111521e+03 1.089399e+02 5.787306e+01 1.199185e+01 5.800243e+00
<GCONST> 4.103968e+01
<STATE> 4
<MEAN> 6
 3.721068e+02 1.018737e+01 5.411214e+00 2.791288e+00 1.558928e+00 6.296370e-01
<VARIANCE> 6
 8.025459e+03 2.414039e+02 2.114540e+01 7.727091e+00 1.624332e+00 4.543345e-01
<GCONST> 3.029644e+01
<TRANSP> 5
 0.000000e+00 1.000000e+00 0.000000e+00 0.000000e+00 0.000000e+00
 0.000000e+00 7.544486e-01 2.455515e-01 0.000000e+00 0.000000e+00
 0.000000e+00 0.000000e+00 3.042737e-01 6.957263e-01 0.000000e+00
 0.000000e+00 0.000000e+00 0.000000e+00 8.459213e-01 1.540788e-01
 0.000000e+00 0.000000e+00 0.000000e+00 0.000000e+00 0.000000e+00
<ENDHMM>
~h "fp_logo"
<BEGINHMM>
<NUMSTATES> 5
<STATE> 2
<MEAN> 6
 1.807888e+02 1.253024e+01 3.801337e+00 3.761571e+00 1.795952e+00 8.376234e-01
<VARIANCE> 6
 5.247054e+03 3.138021e+02 2.553326e+01 2.617357e+01 3.585091e+00 1.319524e+00
<GCONST> 3.340023e+01
<STATE> 3
<MEAN> 6
 3.807060e+02 7.881763e+01 5.878872e+01 2.136030e+01 1.834098e+01 8.344006e+00
<VARIANCE> 6
 3.447048e+04 6.684792e+03 5.123803e+03 3.443591e+02 3.189536e+02 6.519115e+01
<GCONST> 5.460842e+01
<STATE> 4
<MEAN> 6
 2.401447e+02 3.235141e+00 3.005977e+00 1.245082e+00 1.382752e+00 5.203116e-01
<VARIANCE> 6
 6.838819e+03 7.675445e+00 1.619034e+01 1.484309e+00 2.890107e+00 3.358859e-01
<GCONST> 2.504533e+01
<TRANSP> 5
 0.000000e+00 1.000000e+00 0.000000e+00 0.000000e+00 0.000000e+00
 0.000000e+00 9.564618e-01 4.353822e-02 0.000000e+00 0.000000e+00
 0.000000e+00 0.000000e+00 8.675069e-01 1.324931e-01 0.000000e+00
 0.000000e+00 0.000000e+00 0.000000e+00 9.746734e-01 2.532664e-02
 0.000000e+00 0.000000e+00 0.000000e+00 0.000000e+00 0.000000e+00
<ENDHMM>
~h "fp_logo_0"
<BEGINHMM>
<NUMSTATES> 5
<STATE> 2
<MEAN> 6
 1.456935e+02 9.194895e+00 6.664656e+00 3.177301e+00 2.486643e+00 5.430499e-01
<VARIANCE> 6
 3.282113e+03 3.358988e+02 1.095487e+02 3.371369e+01 1.143226e+01 2.467044e-01
<GCONST> 3.419146e+01
<STATE> 3
<MEAN> 6
 2.082679e+02 3.532694e+01 7.907644e+00 1.125416e+01 2.634353e+00 1.183599e+00
<VARIANCE> 6
 2.166574e+04 2.758649e+03 3.848795e+02 1.997943e+02 1.062420e+01 2.302518e+00
<GCONST> 4.338060e+01
<STATE> 4
<MEAN> 6
 1.538815e+02 5.916325e+00 2.417890e+00 1.917961e+00 1.069516e+00 4.405833e-01
<VARIANCE> 6
 4.045540e+03 1.236110e+02 5.909161e+00 1.081529e+01 1.198376e+00 2.021172e-01
<GCONST> 2.688930e+01
<TRANSP> 5
 0.000000e+00 1.000000e+00 0.000000e+00 0.000000e+00 0.000000e+00
 0.000000e+00 3.274714e-01 6.725286e-01 0.000000e+00 0.000000e+00
 0.000000e+00 0.000000e+00 3.591677e-01 6.408322e-01 0.000000e+00
 0.000000e+00 0.000000e+00 0.000000e+00 8.883006e-01 1.116993e-01
 0.000000e+00 0.000000e+00 0.000000e+00 0.000000e+00 0.000000e+00
<ENDHMM>
~h "fp_logo_1"
<BEGINHMM>
<NUMSTATES> 5
<STATE> 2
<MEAN> 6
 1.668340e+02 5.719540e+00 2.409354e+00 1.788049e+00 1.151885e+00 4.799003e-01
<VARIANCE> 6
 4.385509e+03 1.202536e+02 6.039074e+00 9.131272e+00 1.233108e+00 2.606294e-01
<GCONST> 2.707776e+01
<STATE> 3
<MEAN> 6
 2.264872e+02 3.176794e+01 5.040087e+00 8.219888e+00 2.629043e+00 1.387767e+00
<VARIANCE> 6
 2.771000e+04 3.250655e+03 3.138605e+01 1.212788e+02 4.792951e+00 1.986748e+00
<GCONST> 3.984153e+01
<STATE> 4
<MEAN> 6
 2.337100e+02 3.312083e+01 2.476502e+01 1.065211e+01 6.726666e+00 4.125985e+00
<VARIANCE> 6
 1.622060e+04 3.033521e+03 1.548403e+03 2.156943e+02 1.041062e+02 3.960423e+01
<GCONST> 4.978197e+01
<TRANSP> 5
 0.000000e+00 1.000000e+00 0.000000e+00 0.000000e+00 0.000000e+00
 0.000000e+00 8.886855e-01 1.113145e-01 0.000000e+00 0.000000e+00
 0.000000e+00 0.000000e+00 6.420463e-01 3.579538e-01 0.000000e+00
 0.000000e+00 0.000000e+00 0.000000e+00 1.821938e-01 8.178062e-01
 0.000000e+00 0.000000e+00 0.000000e+00 0.000000e+00 0.000000e+00
<ENDHMM>
~h "fp_logo_2"
<BEGINHMM>
<NUMSTATES> 5
<STATE> 2
<MEAN> 6
 1.987241e+02 1.935825e+01 1.333896e+01 5.996263e+00 4.114442e+00 2.272473e+00
<VARIANCE> 6
 1.014327e+04 1.948104e+03 1.034934e+03 1.029819e+02 7.145521e+01 1.807113e+01
<GCONST> 4.656647e+01
<STATE> 3
<MEAN> 6
 3.775342e+02 6.774683e+01 6.341711e+01 1.955135e+01 2.098845e+01 8.256560e+00
<VARIANCE> 6
 3.127704e+04 5.150419e+03 5.007204e+03 3.394382e+02 3.176662e+02 6.687270e+01
<GCONST> 5.423445e+01
<STATE> 4
<MEAN> 6
 2.017031e+02 9.215270e+00 6.150418e+00 3.462662e+00 2.270834e+00 1.225824e+00
<VARIANCE> 6
 7.195949e+03 3.230686e+02 6.258113e+02 5.497081e+01 2.942910e+01 7.632178e+00
<GCONST> 4.154661e+01
<TRANSP> 5
 0.000000e+00 1.000000e+00 0.000000e+00 0.000000e+00 0.000000e+00
 0.000000e+00 4.200868e-01 5.799132e-01 0.000000e+00 0.000000e+00
 0.000000e+00 0.000000e+00 7.094138e-01 2.905863e-01 0.000000e+00
 0.000000e+00 0.000000e+00 0.000000e+00 8.723559e-01 1.276441e-01
 0.000000e+00 0.000000e+00 0.000000e+00 0.000000e+00 0.000000e+00
<ENDHMM>
~h "fp_logo_3"
<BEGINHMM>
<NUMSTATES> 5
<STATE> 2
<MEAN> 6
 2.191893e+02 2.063307e+01 1.779287e+01 8.052153e+00 5.636766e+00 3.144416e+00
<VARIANCE> 6
 1.505022e+04 1.162392e+03 2.692528e+03 1.987486e+02 1.132024e+02 2.528908e+01
<GCONST> 4.885447e+01
<STATE> 3
<MEAN> 6
 3.506491e+02 7.577037e+01 5.846309e+01 1.925471e+01 1.774641e+01 8.483329e+00
<VARIANCE> 6
 2.604410e+04 7.316725e+03 5.916446e+03 3.568255e+02 3.871862e+02 8.170928e+01
<GCONST> 5.501754e+01
<STATE> 4
<MEAN> 6
 2.166647e+02 6.287610e+00 2.707487e+00 1.891575e+00 1.510539e+00 8.162026e-01
<VARIANCE> 6
 3.122256e+03 1.958952e+02 5.592331e+00 4.061938e+00 1.844077e+00 1.202874e+00
<GCONST> 2.827090e+01
<TRANSP> 5
 0.000000e+00 1.000000e+00 0.000000e+00 0.000000e+00 0.000000e+00
 0.000000e+00 4.066964e-01 5.933036e-01 0.000000e+00 0.000000e+00
 0.000000e+00 0.000000e+00 6.277966e-01 3.722034e-01 0.000000e+00
 0.000000e+00 0.000000e+00 0.000000e+00 8.689010e-01 1.310991e-01
 0.000000e+00 0.000000e+00 0.000000e+00 0.000000e+00 0.000000e+00
<ENDHMM>
~h "fp_logo_4"
<BEGINHMM>
<NUMSTATES> 5
<STATE> 2
<MEAN> 6
 2.604121e+02 9.198560e+00 4.016933e+00 2.330587e+00 2.285113e+00 1.083879e+00
<VARIANCE> 6
 2.307083e+03 3.583088e+02 1.084230e+01 4.818342e+00 2.217825e+00 6.513399e-01
<GCONST> 2.897608e+01
<STATE> 3
<MEAN> 6
 2.717947e+02 2.971075e+01 7.586329e+00 6.141025e+00 2.919703e+00 1.135008e+00
<VARIANCE> 6
 8.408292e+03 3.303882e+03 1.215150e+02 4.979869e+01 5.078887e+00 1.087981e+00
<GCONST> 3.858453e+01
<STATE> 4
<MEAN> 6
 2.559100e+02 3.072045e+00 2.349777e+00 1.110304e+00 1.077230e+00 4.191261e-01
<VARIANCE> 6
 3.562420e+03 1.247245e+01 4.753371e+00 1.853382e+00 9.615871e-01 9.263045e-02
<GCONST> 2.148654e+01
<TRANSP> 5
 0.000000e+00 1.000000e+00 0.000000e+00 0.000000e+00 0.000000e+00
 0.000000e+00 7.356231e-01 2.643769e-01 0.000000e+00 0.000000e+00
 0.000000e+00 0.000000e+00 4.723797e-01 5.276204e-01 0.000000e+00
 0.000000e+00 0.000000e+00 0.000000e+00 8.634294e-01 1.365706e-01
 0.000000e+00 0.000000e+00 0.000000e+00 0.000000e+00 0.000000e+00
<ENDHMM>
~h "fp_logo_5"
<BEGINHMM>
<NUMSTATES> 5
<STATE> 2
<MEAN> 6
 3.247119e+02 4.742512e+00 2.818761e+00 2.559606e+00 1.717829e+00 7.664349e-01
<VARIANCE> 6
 3.404848e+03 4.125597e+01 4.656540e+00 1.254008e+01 1.224030e+00 4.159045e-01
<GCONST> 2.627206e+01
<STATE> 3
<MEAN> 6
 2.997498e+02 8.036690e+00 4.316971e+00 1.590926e+00 1.212052e+00 4.325792e-01
<VARIANCE> 6
 3.907261e+03 8.663579e+01 4.811875e+01 9.886442e+00 2.311704e+00 1.302539e-01
<GCONST> 2.872412e+01
<STATE> 4
<MEAN> 6
 3.164065e+02 2.892155e+00 5.166852e+00 7.645223e-01 1.849193e+00 3.247329e-01
<VARIANCE> 6
 5.583549e+03 1.174875e+01 6.615805e+01 2.628477e+00 9.745123e+00 4.163121e-02
<GCONST> 2.637490e+01
<TRANSP> 5
 0.000000e+00 1.000000e+00 0.000000e+00 0.000000e+00 0.000000e+00
 0.000000e+00 7.275323e-01 2.724677e-01 0.000000e+00 0.000000e+00
 0.000000e+00 0.000000e+00 3.515822e-01 6.484178e-01 0.000000e+00
 0.000000e+00 0.000000e+00 0.000000e+00 8.526731e-01 1.473269e-01
 0.000000e+00 0.000000e+00 0.000000e+00 0.000000e+00 0.000000e+00
<ENDHMM>
~h "fp_screen"
<BEGINHMM>
<NUMSTATES> 5
<STATE> 2
<MEAN> 6
 3.521118e+02 3.343416e+00 8.471382e+00 1.204250e+00 2.616112e+00 5.445890e-01
<VARIANCE> 6
 2.534414e+04 1.075299e+01 3.661938e+02 1.409890e+00 2.260422e+01 5.732249e-01
<GCONST> 3.235108e+01
<STATE> 3
<MEAN> 6
 4.918972e+02 5.198042e+01 2.336404e+01 1.440375e+01 8.602181e+00 3.928814e+00
<VARIANCE> 6
 3.794513e+04 3.096133e+03 1.592196e+03 1.742505e+02 1.545037e+02 2.893971e+01
<GCONST> 5.054787e+01
<STATE> 4
<MEAN> 6
 3.671534e+02 5.238934e+00 4.997770e+00 1.787175e+00 1.686870e+00 7.662225e-01
<VARIANCE> 6
 7.822455e+03 3.462153e+01 3.575647e+01 3.284589e+00 2.600394e+00 9.591361e-01
<GCONST> 2.921640e+01
<TRANSP> 5
 0.000000e+00 1.000000e+00 0.000000e+00 0.000000e+00 0.000000e+00
 0.000000e+00 9.485754e-01 5.142456e-02 0.000000e+00 0.000000e+00
 0.000000e+00 0.000000e+00 9.448730e-01 5.512695e-02 0.000000e+00
 0.000000e+00 0.000000e+00 0.000000e+00 9.691492e-01 3.085077e-02
 0.000000e+00 0.000000e+00 0.000000e+00 0.000000e+00 0.000000e+00
<ENDHMM>
~h "fp_screen_0"
<BEGINHMM>
<NUMSTATES> 5
<STATE> 2
<MEAN> 6
 2.191165e+02 2.559650e+00 6.426037e+00 1.024374e+00 2.331561e+00 4.681823e-01
<VARIANCE> 6
 2.961081e+03 6.307209e+00 1.487011e+02 1.074201e+00 1.792462e+01 5.098820e-01
<GCONST> 2.814838e+01
<STATE> 3
<MEAN> 6
 3.949302e+02 2.189543e+01 4.235936e+01 7.972181e+00 1.356551e+01 4.062601e+00
<VARIANCE> 6
 2.932203e+04 1.018506e+03 1.530446e+03 1.170265e+02 1.466658e+02 3.710469e+01
<GCONST> 4.893707e+01
<STATE> 4
<MEAN> 6
 3.750446e+02 7.134215e+00 5.105584e+00 2.454440e+00 2.215014e+00 7.502357e-01
<VARIANCE> 6
 1.875524e+04 1.279677e+02 1.561962e+02 1.418937e+01 2.353092e+01 2.141526e+00
<GCONST> 3.734171e+01
<TRANSP> 5
 0.000000e+00 1.000000e+00 0.000000e+00 0.000000e+00 0.000000e+00
 0.000000e+00 8.515881e-01 1.484119e-01 0.000000e+00 0.000000e+00
 0.000000e+00 0.000000e+00 3.998906e-01 6.001094e-01 0.000000e+00
 0.000000e+00 0.000000e+00 0.000000e+00 7.218850e-01 2.781150e-01
 0.000000e+00 0.000000e+00 0.000000e+00 0.000000e+00 0.000000e+00
<ENDHMM>
~h "fp_screen_1"
<BEGINHMM>
<NUMSTATES> 5
<STATE> 2
<MEAN> 6
 3.977469e+02 4.698251e+00 4.264144e+00 1.420710e+00 1.606480e+00 5.393044e-01
<VARIANCE> 6
 2.716149e+04 5.729495e+01 9.855710e+01 5.291842e+00 1.310427e+01 1.163209e+00
<GCONST> 3.426596e+01
<STATE> 3
<MEAN> 6
 5.103555e+02 4.807329e+01 2.449241e+01 1.463708e+01 8.132790e+00 3.982178e+00
<VARIANCE> 6
 3.377126e+04 3.442883e+03 1.375711e+03 2.049861e+02 9.724042e+01 2.683535e+01
<GCONST> 5.001526e+01
<STATE> 4
<MEAN> 6
 4.361295e+02 2.052168e+01 4.406876e+00 5.744085e+00 1.902418e+00 1.219433e+00
<VARIANCE> 6
 3.125630e+04 9.843398e+02 8.353837e+01 5.714690e+01 7.639534e+00 4.817658e+00
<GCONST> 4.034576e+01
<TRANSP> 5
 0.000000e+00 1.000000e+00 0.000000e+00 0.000000e+00 0.000000e+00
 0.000000e+00 8.635384e-01 1.364616e-01 0.000000e+00 0.000000e+00
 0.000000e+00 0.000000e+00 5.481094e-01 4.518907e-01 0.000000e+00
 0.000000e+00 0.000000e+00 0.000000e+00 7.108996e-01 2.891004e-01
 0.000000e+00 0.000000e+00 0.000000e+00 0.000000e+00 0.000000e+00
<ENDHMM>
~h "fp_screen_2"
<BEGINHMM>
<NUMSTATES> 5
<STATE> 2
<MEAN> 6
 3.984221e+02 1.095299e+01 3.426066e+00 3.261675e+00 1.595700e+00 8.269123e-01
<VARIANCE> 6
 2.325720e+04 4.684290e+02 4.510900e+01 2.897771e+01 4.566041e+00 2.221353e+00
<GCONST> 3.672339e+01
<STATE> 3
<MEAN> 6
 5.361876e+02 6.417551e+01 4.094535e+01 1.935922e+01 1.313018e+01 5.060503e+00
<VARIANCE> 6
 3.510035e+04 5.070771e+03 2.348538e+03 3.050158e+02 2.553641e+02 5.159060e+01
<GCONST> 5.299242e+01
<STATE> 4
<MEAN> 6
 4.924121e+02 2.379651e+01 1.756569e+01 6.548109e+00 5.132342e+00 1.850501e+00
<VARIANCE> 6
 1.737318e+04 1.327052e+03 1.004401e+03 7.652031e+01 6.947527e+01 8.047198e+00
<GCONST> 4.555666e+01
<TRANSP> 5
 0.000000e+00 1.000000e+00 0.000000e+00 0.000000e+00 0.000000e+00
 0.000000e+00 8.522647e-01 1.477353e-01 0.000000e+00 0.000000e+00
 0.000000e+00 0.000000e+00 6.571310e-01 3.428690e-01 0.000000e+00
 0.000000e+00 0.000000e+00 0.000000e+00 6.983016e-01 3.016984e-01
 0.000000e+00 0.000000e+00 0.000000e+00 0.000000e+00 0.000000e+00
<ENDHMM>
~h "fp_screen_3"
<BEGINHMM>
<NUMSTATES> 5
<STATE> 2
<MEAN> 6
 4.599516e+02 6.119754e+01 1.638122e+01 1.481066e+01 5.867909e+00 2.274199e+00
<VARIANCE> 6
 2.099245e+04 3.203484e+03 9.801514e+02 1.836393e+02 8.485184e+01 9.577527e+00
<GCONST> 4.785218e+01
<STATE> 3
<MEAN> 6
 5.951668e+02 6.189503e+01 4.486534e+01 1.514604e+01 1.694039e+01 6.578928e+00
<VARIANCE> 6
 4.463270e+04 3.652714e+03 3.525672e+03 1.526184e+02 2.788300e+02 3.994383e+01
<GCONST> 5.245055e+01
<STATE> 4
<MEAN> 6
 3.722608e+02 1.097989e+01 4.653076e+00 3.141733e+00 1.977160e+00 9.761918e-01
<VARIANCE> 6
 1.243950e+04 3.031946e+02 5.254299e+01 1.828132e+01 8.414165e+00 1.835806e+00
<GCONST> 3.577518e+01
<TRANSP> 5
 0.000000e+00 1.000000e+00 0.000000e+00 0.000000e+00 0.000000e+00
 0.000000e+00 6.208050e-01 3.791950e-01 0.000000e+00 0.000000e+00
 0.000000e+00 0.000000e+00 5.707591e-01 4.292409e-01 0.000000e+00
 0.000000e+00 0.000000e+00 0.000000e+00 8.578160e-01 1.421840e-01
 0.000000e+00 0.000000e+00 0.000000e+00 0.000000e+00 0.000000e+00
<ENDHMM>
~h "fp_screen_4"
<BEGINHMM>
<NUMSTATES> 5
<STATE> 2
<MEAN> 6
 3.740389e+02 2.075094e+01 6.608086e+00 6.677627e+00 3.065426e+00 1.510761e+00
<VARIANCE> 6
 1.469683e+04 7.936658e+02 1.547707e+02 6.310818e+01 2.332967e+01 4.014721e+00
<GCONST> 4.102580e+01
<STATE> 3
<MEAN> 6
 4.776501e+02 4.881940e+01 2.206223e+01 1.235477e+01 7.137228e+00 3.654098e+00
<VARIANCE> 6
 3.544436e+04 3.565495e+03 1.480415e+03 1.931402e+02 8.744841e+01 2.491036e+01
<GCONST> 4.993187e+01
<STATE> 4
<MEAN> 6
 3.582492e+02 5.189546e+00 5.753439e+00 1.747528e+00 1.750338e+00 6.415102e-01
<VARIANCE> 6
 3.670414e+03 9.445179e+01 6.026647e+01 8.111251e+00 2.348649e+00 5.103341e-01
<GCONST> 3.015659e+01
<TRANSP> 5
 0.000000e+00 1.000000e+00 0.000000e+00 0.000000e+00 0.000000e+00
 0.000000e+00 5.238557e-01 4.761443e-01 0.000000e+00 0.000000e+00
 0.000000e+00 0.000000e+00 3.962212e-01 6.037788e-01 0.000000e+00
 0.000000e+00 0.000000e+00 0.000000e+00 8.918166e-01 1.081834e-01
 0.000000e+00 0.000000e+00 0.000000e+00 0.000000e+00 0.000000e+00
<ENDHMM>
~h "fp_screen_5"
<BEGINHMM>
<NUMSTATES> 5
<STATE> 2
<MEAN> 6
 3.390798e+02 6.864571e+00 7.835797e+00 3.297777e+00 3.078548e+00 1.576847e+00
<VARIANCE> 6
 4.077842e+03 1.924794e+02 8.487557e+01 1.695325e+01 5.329948e+00 2.276244e+00
<GCONST> 3.436809e+01
<STATE> 3
<MEAN> 6
 3.893525e+02 2.806622e+01 1.976910e+01 8.207167e+00 7.461551e+00 3.313053e+00
<VARIANCE> 6
 1.612863e+04 2.495306e+03 1.003702e+03 1.151517e+02 1.211059e+02 2.259552e+01
<GCONST> 4.810990e+01
<STATE> 4
<MEAN> 6
 4.192243e+02 2.586807e+00 5.943305e+00 8.361493e-01 1.289757e+00 5.154732e-01
<VARIANCE> 6
 8.163402e+03 7.615455e+00 4.983808e+01 1.103095e+00 2.495732e+00 4.400207e-01
<GCONST> 2.616541e+01
<TRANSP> 5
 0.000000e+00 1.000000e+00 0.000000e+00 0.000000e+00 0.000000e+00
 0.000000e+00 7.541088e-01 2.458912e-01 0.000000e+00 0.000000e+00
 0.000000e+00 0.000000e+00 2.676257e-01 7.323743e-01 0.000000e+00
 0.000000e+00 0.000000e+00 0.000000e+00 8.477405e-01 1.522595e-01
 0.000000e+00 0.000000e+00 0.000000e+00 0.000000e+00 0.000000e+00
<ENDHMM>
~h "fp_key"
<BEGINHMM>
<NUMSTATES> 5
<STATE> 2
<MEAN> 6
 2.326734e+02 1.000710e+01 5.362289e+00 2.645877e+00 1.968160e+00 7.966781e-01
<VARIANCE> 6
 1.330561e+04 3.788025e+02 7.569753e+01 1.733689e+01 8.831356e+00 1.209814e+00
<GCONST> 3.600858e+01
<STATE> 3
<MEAN> 6
 4.403978e+02 5.765065e+01 2.407436e+01 1.505951e+01 8.914366e+00 3.695355e+00
<VARIANCE> 6
 3.951474e+04 3.263504e+03 1.726517e+03 1.875114e+02 1.860711e+02 2.717022e+01
<GCONST> 5.091820e+01
<STATE> 4
<MEAN> 6
 3.245358e+02 3.863379e+00 4.329637e+00 1.067795e+00 1.244167e+00 5.508664e-01
<VARIANCE> 6
 1.540973e+04 3.152769e+01 5.765437e+01 1.249662e+00 2.887416e+00 5.963318e-01
<GCONST> 2.894163e+01
<TRANSP> 5
 0.000000e+00 1.000000e+00 0.000000e+00 0.000000e+00 0.000000e+00
 0.000000e+00 9.263370e-01 7.366299e-02 0.000000e+00 0.000000e+00
 0.000000e+00 0.000000e+00 9.734225e-01 2.657749e-02 0.000000e+00
 0.000000e+00 0.000000e+00 0.000000e+00 9.468052e-01 5.319479e-02
 0.000000e+00 0.000000e+00 0.000000e+00 0.000000e+00 0.000000e+00
<ENDHMM>
~h "fp_key_0"
<BEGINHMM>
<NUMSTATES> 5
<STATE> 2
<MEAN> 6
 2.133744e+02 1.038328e+01 4.672370e+00 2.173620e+00 1.357732e+00 5.510983e-01
<VARIANCE> 6
 1.135534e+04 7.441028e+02 4.536112e+01 2.528621e+01 3.331531e+00 4.965493e-01
<GCONST> 3.452516e+01
<STATE> 3
<MEAN> 6
 4.306880e+02 7.898204e+01 2.974326e+01 1.786096e+01 9.491163e+00 3.456369e+00
<VARIANCE> 6
 3.419907e+04 3.914620e+03 1.846087e+03 1.626742e+02 1.501026e+02 1.778686e+01
<GCONST> 5.024204e+01
<STATE> 4
<MEAN> 6
 2.842354e+02 1.525716e+01 7.434150e+00 4.260200e+00 3.124479e+00 1.135981e+00
<VARIANCE> 6
 1.632016e+04 8.349607e+02 2.380807e+02 4.676112e+01 2.594868e+01 3.069466e+00
<GCONST> 4.115009e+01
<TRANSP> 5
 0.000000e+00 1.000000e+00 0.000000e+00 0.000000e+00 0.000000e+00
 0.000000e+00 7.967386e-01 2.032614e-01 0.000000e+00 0.000000e+00
 0.000000e+00 0.000000e+00 6.764850e-01 3.235150e-01 0.000000e+00
 0.000000e+00 0.000000e+00 0.000000e+00 7.493219e-01 2.506781e-01
 0.000000e+00 0.000000e+00 0.000000e+00 0.000000e+00 0.000000e+00
<ENDHMM>
~h "fp_key_1"
<BEGINHMM>
<NUMSTATES> 5
<STATE> 2
<MEAN> 6
 2.827508e+02 1.129112e+01 6.077548e+00 3.427718e+00 1.877761e+00 8.904412e-01
<VARIANCE> 6
 3.474133e+04 4.493264e+02 1.492822e+02 3.232173e+01 1.149656e+01 2.292671e+00
<GCONST> 3.934404e+01
<STATE> 3
<MEAN> 6
 4.206382e+02 5.728666e+01 5.042290e+01 1.711785e+01 1.795918e+01 6.957790e+00
<VARIANCE> 6
 3.900426e+04 2.900961e+03 3.547396e+03 2.144836e+02 3.025541e+02 4.910458e+01
<GCONST> 5.271990e+01
<STATE> 4
<MEAN> 6
 5.241191e+02 5.798901e+01 1.416006e+01 1.496905e+01 4.821726e+00 2.035615e+00
<VARIANCE> 6
 5.803212e+04 2.742431e+03 6.630425e+02 1.457718e+02 5.928663e+01 8.455249e+00
<GCONST> 4.760867e+01
<TRANSP> 5
 0.000000e+00 1.000000e+00 0.000000e+00 0.000000e+00 0.000000e+00
 0.000000e+00 8.449430e-01 1.550570e-01 0.000000e+00 0.000000e+00
 0.000000e+00 0.000000e+00 4.283711e-01 5.716289e-01 0.000000e+00
 0.000000e+00 0.000000e+00 0.000000e+00 7.917262e-01 2.082738e-01
 0.000000e+00 0.000000e+00 0.000000e+00 0.000000e+00 0.000000e+00
<ENDHMM>
~h "fp_key_2"
<BEGINHMM>
<NUMSTATES> 5
<STATE> 2
<MEAN> 6
 4.462914e+02 5.795962e+01 1.315987e+01 1.179289e+01 4.667477e+00 1.918582e+00
<VARIANCE> 6
 3.373410e+04 3.353827e+03 5.556140e+02 9.774701e+01 5.603064e+01 7.796513e+00
<GCONST> 4.655341e+01
<STATE> 3
<MEAN> 6
 4.758380e+02 7.287787e+01 4.455811e+01 2.181658e+01 1.926216e+01 7.265732e+00
<VARIANCE> 6
 4.008585e+04 3.672694e+03 2.978043e+03 2.858549e+02 3.779359e+02 5.504875e+01
<GCONST> 5.343217e+01
<STATE> 4
<MEAN> 6
 2.451592e+02 1.219547e+01 8.154799e+00 3.475985e+00 2.764870e+00 1.218390e+00
<VARIANCE> 6
 1.692739e+04 6.561583e+02 4.491405e+02 4.081739e+01 3.321552e+01 4.085724e+00
<GCONST> 4.197731e+01
<TRANSP> 5
 0.000000e+00 1.000000e+00 0.000000e+00 0.000000e+00 0.000000e+00
 0.000000e+00 7.732494e-01 2.267505e-01 0.000000e+00 0.000000e+00
 0.000000e+00 0.000000e+00 6.118354e-01 3.881646e-01 0.000000e+00
 0.000000e+00 0.000000e+00 0.000000e+00 8.337113e-01 1.662887e-01
 0.000000e+00 0.000000e+00 0.000000e+00 0.000000e+00 0.000000e+00
<ENDHMM>
~h "fp_key_3"
<BEGINHMM>
<NUMSTATES> 5
<STATE> 2
<MEAN> 6
 3.980084e+02 5.970016e+01 1.327839e+01 1.289968e+01 4.876658e+00 1.976939e+00
<VARIANCE> 6
 2.944091e+04 3.259066e+03 7.481596e+02 1.425874e+02 5.565461e+01 5.919847e+00
<GCONST> 4.678164e+01
<STATE> 3
<MEAN> 6
 4.770305e+02 7.762609e+01 5.304347e+01 2.769177e+01 2.110701e+01 8.618134e+00
<VARIANCE> 6
 2.751812e+04 4.083064e+03 3.747016e+03 3.341452e+02 4.297413e+02 7.230961e+01
<GCONST> 5.394889e+01
<STATE> 4
<MEAN> 6
 2.744854e+02 1.472281e+01 5.116217e+00 4.480417e+00 2.332786e+00 1.387281e+00
<VARIANCE> 6
 1.429524e+04 7.402133e+02 1.031071e+02 4.538752e+01 1.804316e+01 3.206856e+00
<GCONST> 3.971095e+01
<TRANSP> 5
 0.000000e+00 1.000000e+00 0.000000e+00 0.000000e+00 0.000000e+00
 0.000000e+00 7.507451e-01 2.492549e-01 0.000000e+00 0.000000e+00
 0.000000e+00 0.000000e+00 6.327171e-01 3.672829e-01 0.000000e+00
 0.000000e+00 0.000000e+00 0.000000e+00 8.100789e-01 1.899211e-01
 0.000000e+00 0.000000e+00 0.000000e+00 0.000000e+00 0.000000e+00
<ENDHMM>
~h "fp_key_4"
<BEGINHMM>
<NUMSTATES> 5
<STATE> 2
<MEAN> 6
 3.046482e+02 1.397500e+01 5.189773e+00 4.526799e+00 2.379914e+00 1.339658e+00
<VARIANCE> 6
 1.161215e+04 7.372157e+02 9.351752e+01 4.883821e+01 1.714802e+01 3.011298e+00
<GCONST> 3.936087e+01
<STATE> 3
<MEAN> 6
 4.947962e+02 6.290809e+01 5.504321e+01 1.893637e+01 2.109860e+01 7.472825e+00
<VARIANCE> 6
 2.961639e+04 3.204798e+03 3.653476e+03 2.220806e+02 3.131591e+02 4.227089e+01
<GCONST> 5.249303e+01
<STATE> 4
<MEAN> 6
 4.377351e+02 4.127668e+01 9.239724e+00 9.746139e+00 2.776985e+00 1.653113e+00
<VARIANCE> 6
 2.868842e+04 2.405921e+03 3.196882e+02 1.059388e+02 1.840973e+01 5.016655e+00
<GCONST> 4.403305e+01
<TRANSP> 5
 0.000000e+00 1.000000e+00 0.000000e+00 0.000000e+00 0.000000e+00
 0.000000e+00 8.365861e-01 1.634139e-01 0.000000e+00 0.000000e+00
 0.000000e+00 0.000000e+00 6.139392e-01 3.860608e-01 0.000000e+00
 0.000000e+00 0.000000e+00 0.000000e+00 7.669163e-01 2.330837e-01
 0.000000e+00 0.000000e+00 0.000000e+00 0.000000e+00 0.000000e+00
<ENDHMM>
~h "fp_key_5"
<BEGINHMM>
<NUMSTATES> 5
<STATE> 2
<MEAN> 6
 4.481221e+02 6.503912e+01 1.189773e+01 1.333171e+01 3.410048e+00 1.984195e+00
<VARIANCE> 6
 3.666927e+04 3.687166e+03 4.544387e+02 1.268289e+02 2.669746e+01 6.802068e+00
<GCONST> 4.591327e+01
<STATE> 3
<MEAN> 6
 4.869118e+02 4.968951e+01 4.365721e+01 1.527913e+01 1.355806e+01 5.973073e+00
<VARIANCE> 6
 3.331303e+04 3.492890e+03 2.885946e+03 2.775723e+02 2.634003e+02 4.849439e+01
<GCONST> 5.264827e+01
<STATE> 4
<MEAN> 6
 3.987671e+02 3.720547e+00 5.666338e+00 8.852757e-01 1.412442e+00 5.262004e-01
<VARIANCE> 6
 1.038470e+04 4.706390e+01 1.185013e+02 1.394060e+00 4.962773e+00 6.729147e-01
<GCONST> 3.043983e+01
<TRANSP> 5
 0.000000e+00 1.000000e+00 0.000000e+00 0.000000e+00 0.000000e+00
 0.000000e+00 6.243303e-01 3.756697e-01 0.000000e+00 0.000000e+00
 0.000000e+00 0.000000e+00 3.131358e-01 6.868643e-01 0.000000e+00
 0.000000e+00 0.000000e+00 0.000000e+00 8.731318e-01 1.268683e-01
 0.000000e+00 0.000000e+00 0.000000e+00 0.000000e+00 0.000000e+00
<ENDHMM>
