~o
<STREAMINFO> 1 6
<VECSIZE> 6<NULLD><MFCC><DIAGC>
~h "fp_logo_0"
<BEGINHMM>
<NUMSTATES> 5
<STATE> 2
<MEAN> 6
 1.526631e+02 6.102449e+00 4.469722e+00 3.036410e+00 1.997792e+00 7.066170e-01
<VARIANCE> 6
 1.743612e+03 4.009767e+01 2.080588e+01 8.910528e+00 2.606668e+00 3.361686e-01
<GCONST> 2.727269e+01
<STATE> 3
<MEAN> 6
 3.809532e+02 1.024254e+02 8.123318e+00 1.777946e+01 2.908295e+00 1.387642e+00
<VARIANCE> 6
 6.152110e+04 1.086428e+04 3.210542e+02 2.636493e+02 1.070861e+01 2.110158e+00
<GCONST> 4.581167e+01
<STATE> 4
<MEAN> 6
 1.531110e+02 5.679321e+00 2.369851e+00 1.721417e+00 1.112110e+00 3.915417e-01
<VARIANCE> 6
 1.929924e+03 4.782057e+01 3.455842e+00 2.889419e+00 6.004452e-01 1.010069e-01
<GCONST> 2.195843e+01
<TRANSP> 5
 0.000000e+00 1.000000e+00 0.000000e+00 0.000000e+00 0.000000e+00
 0.000000e+00 2.024333e-01 7.975667e-01 0.000000e+00 0.000000e+00
 0.000000e+00 0.000000e+00 5.542825e-01 4.457174e-01 0.000000e+00
 0.000000e+00 0.000000e+00 0.000000e+00 7.149189e-01 2.850812e-01
 0.000000e+00 0.000000e+00 0.000000e+00 0.000000e+00 0.000000e+00
<ENDHMM>
~h "fp_logo_1"
<BEGINHMM>
<NUMSTATES> 5
<STATE> 2
<MEAN> 6
 1.676448e+02 6.897217e+00 2.378272e+00 1.806157e+00 1.149235e+00 4.887805e-01
<VARIANCE> 6
 2.470129e+03 6.418172e+01 4.388725e+00 2.735569e+00 7.068409e-01 2.239670e-01
<GCONST> 2.364318e+01
<STATE> 3
<MEAN> 6
 1.761176e+02 1.165380e+01 3.677198e+00 4.774045e+00 2.304199e+00 1.605983e+00
<VARIANCE> 6
 2.719910e+03 1.922512e+02 8.326696e+00 2.472501e+01 2.915721e+00 2.452850e+00
<GCONST> 3.148907e+01
<STATE> 4
<MEAN> 6
 2.208365e+02 3.119118e+01 2.056117e+01 1.018965e+01 6.248360e+00 3.952892e+00
<VARIANCE> 6
 9.508569e+03 3.090115e+03 1.361408e+03 2.005185e+02 6.888940e+01 2.656123e+01
<GCONST> 4.825231e+01
<TRANSP> 5
 0.000000e+00 1.000000e+00 0.000000e+00 0.000000e+00 0.000000e+00
 0.000000e+00 6.838250e-01 3.161750e-01 0.000000e+00 0.000000e+00
 0.000000e+00 0.000000e+00 3.437344e-01 6.562656e-01 0.000000e+00
 0.000000e+00 0.000000e+00 0.000000e+00 1.434410e-01 8.565589e-01
 0.000000e+00 0.000000e+00 0.000000e+00 0.000000e+00 0.000000e+00
<ENDHMM>
~h "fp_logo_2"
<BEGINHMM>
<NUMSTATES> 5
<STATE> 2
<MEAN> 6
 2.021592e+02 1.751152e+01 1.426436e+01 7.732402e+00 5.817999e+00 3.545738e+00
<VARIANCE> 6
 4.772265e+03 5.576623e+02 4.669556e+02 9.774178e+01 7.024759e+01 2.028186e+01
<GCONST> 4.381191e+01
<STATE> 3
<MEAN> 6
 3.829629e+02 6.936175e+01 7.442189e+01 2.214235e+01 2.326901e+01 1.072603e+01
<VARIANCE> 6
 2.847429e+04 4.530026e+03 5.658467e+03 4.186859e+02 2.764844e+02 7.860512e+01
<GCONST> 5.436712e+01
<STATE> 4
<MEAN> 6
 1.884178e+02 8.651881e+00 4.888867e+00 5.464560e+00 3.181223e+00 2.091979e+00
<VARIANCE> 6
 2.454181e+03 8.787792e+01 3.788735e+01 2.568813e+01 7.479077e+00 3.967326e+00
<GCONST> 3.357961e+01
<TRANSP> 5
 0.000000e+00 1.000000e+00 0.000000e+00 0.000000e+00 0.000000e+00
 0.000000e+00 2.513355e-02 9.748664e-01 0.000000e+00 0.000000e+00
 0.000000e+00 0.000000e+00 6.719872e-01 3.280129e-01 0.000000e+00
 0.000000e+00 0.000000e+00 0.000000e+00 4.526580e-01 5.473421e-01
 0.000000e+00 0.000000e+00 0.000000e+00 0.000000e+00 0.000000e+00
<ENDHMM>
~h "fp_logo_3"
<BEGINHMM>
<NUMSTATES> 5
<STATE> 2
<MEAN> 6
 2.300903e+02 1.467679e+01 2.055868e+01 6.117099e+00 7.444063e+00 3.347451e+00
<VARIANCE> 6
 8.724992e+03 4.334263e+02 2.008398e+03 7.684123e+01 2.192621e+02 3.002902e+01
<GCONST> 4.691220e+01
<STATE> 3
<MEAN> 6
 3.439519e+02 5.397109e+01 7.145205e+01 1.738698e+01 2.150394e+01 8.276417e+00
<VARIANCE> 6
 2.318490e+04 4.359755e+03 6.445594e+03 3.519254e+02 4.368094e+02 7.063491e+01
<GCONST> 5.443028e+01
<STATE> 4
<MEAN> 6
 2.094519e+02 7.959149e+00 2.881414e+00 2.257017e+00 2.014817e+00 1.206784e+00
<VARIANCE> 6
 1.965433e+03 7.011002e+01 4.858522e+00 2.388253e+00 1.835250e+00 2.128266e+00
<GCONST> 2.667458e+01
<TRANSP> 5
 0.000000e+00 1.000000e+00 0.000000e+00 0.000000e+00 0.000000e+00
 0.000000e+00 8.078970e-02 9.192103e-01 0.000000e+00 0.000000e+00
 0.000000e+00 0.000000e+00 5.270851e-01 4.729148e-01 0.000000e+00
 0.000000e+00 0.000000e+00 0.000000e+00 7.055837e-01 2.944163e-01
 0.000000e+00 0.000000e+00 0.000000e+00 0.000000e+00 0.000000e+00
<ENDHMM>
~h "fp_logo_4"
<BEGINHMM>
<NUMSTATES> 5
<STATE> 2
<MEAN> 6
 2.607064e+02 8.324279e+00 4.061342e+00 2.833439e+00 2.315537e+00 1.089170e+00
<VARIANCE> 6
 2.666758e+03 5.407410e+01 1.189517e+01 4.097235e+00 2.386134e+00 7.136858e-01
<GCONST> 2.732504e+01
<STATE> 3
<MEAN> 6
 2.420872e+02 1.839536e+01 4.719386e+00 6.387149e+00 2.563755e+00 1.154636e+00
<VARIANCE> 6
 3.587245e+03 4.007584e+02 2.132094e+01 3.219325e+01 3.143669e+00 1.084931e+00
<GCONST> 3.296412e+01
<STATE> 4
<MEAN> 6
 2.334697e+02 2.910629e+00 2.135436e+00 9.401013e-01 8.320930e-01 3.469494e-01
<VARIANCE> 6
 4.360584e+03 4.780304e+00 3.250611e+00 6.372328e-01 5.099866e-01 4.673603e-02
<GCONST> 1.796374e+01
<TRANSP> 5
 0.000000e+00 1.000000e+00 0.000000e+00 0.000000e+00 0.000000e+00
 0.000000e+00 6.712701e-01 3.287298e-01 0.000000e+00 0.000000e+00
 0.000000e+00 0.000000e+00 4.631719e-01 5.368281e-01 0.000000e+00
 0.000000e+00 0.000000e+00 0.000000e+00 9.463232e-01 5.367683e-02
 0.000000e+00 0.000000e+00 0.000000e+00 0.000000e+00 0.000000e+00
<ENDHMM>
~h "fp_logo_5"
<BEGINHMM>
<NUMSTATES> 5
<STATE> 2
<MEAN> 6
 3.274380e+02 4.361503e+00 3.000543e+00 2.107055e+00 1.909888e+00 9.217004e-01
<VARIANCE> 6
 2.322284e+03 2.809947e+01 4.465296e+00 5.638664e+00 1.345466e+00 5.109943e-01
<GCONST> 2.496465e+01
<STATE> 3
<MEAN> 6
 3.146872e+02 1.187612e+01 4.023520e+00 1.530667e+00 1.251859e+00 3.924563e-01
<VARIANCE> 6
 2.296010e+03 9.375595e+01 4.269854e+01 7.281876e+00 2.355744e+00 9.854797e-02
<GCONST> 2.758608e+01
<STATE> 4
<MEAN> 6
 3.585871e+02 3.211759e+00 7.338931e+00 9.794049e-01 2.758914e+00 3.659782e-01
<VARIANCE> 6
 3.122218e+03 1.817440e+01 9.793176e+01 4.372255e+00 1.441012e+01 5.102858e-02
<GCONST> 2.772569e+01
<TRANSP> 5
 0.000000e+00 1.000000e+00 0.000000e+00 0.000000e+00 0.000000e+00
 0.000000e+00 6.949958e-01 3.050041e-01 0.000000e+00 0.000000e+00
 0.000000e+00 0.000000e+00 5.070818e-01 4.929182e-01 0.000000e+00
 0.000000e+00 0.000000e+00 0.000000e+00 7.452838e-01 2.547162e-01
 0.000000e+00 0.000000e+00 0.000000e+00 0.000000e+00 0.000000e+00
<ENDHMM>
~h "bg_white_0"
<BEGINHMM>
<NUMSTATES> 5
<STATE> 2
<MEAN> 6
 7.520563e+02 2.583429e+00 7.576953e+00 8.957151e-01 2.272642e+00 3.783579e-01
<VARIANCE> 6
 1.398207e+04 7.617769e+01 7.353604e+02 4.723324e+00 4.411779e+01 5.134295e-01
<GCONST> 3.617896e+01
<STATE> 3
<MEAN> 6
 6.595034e+02 2.950222e+01 2.705691e+01 9.340137e+00 9.445162e+00 3.134700e+00
<VARIANCE> 6
 2.829112e+04 2.611057e+03 2.481404e+03 1.303773e+02 1.441948e+02 2.157876e+01
<GCONST> 4.987496e+01
<STATE> 4
<MEAN> 6
 7.005886e+02 3.256837e+00 1.185363e+01 1.344929e+00 3.682209e+00 5.186558e-01
<VARIANCE> 6
 3.550579e+04 1.991311e+01 1.064201e+03 4.767858e+00 5.792359e+01 6.834079e-01
<GCONST> 3.670643e+01
<TRANSP> 5
 0.000000e+00 1.000000e+00 0.000000e+00 0.000000e+00 0.000000e+00
 0.000000e+00 8.183396e-01 1.816604e-01 0.000000e+00 0.000000e+00
 0.000000e+00 0.000000e+00 3.550038e-01 6.449962e-01 0.000000e+00
 0.000000e+00 0.000000e+00 0.000000e+00 3.161141e-01 6.838859e-01
 0.000000e+00 0.000000e+00 0.000000e+00 0.000000e+00 0.000000e+00
<ENDHMM>
~h "fp_screen_0"
<BEGINHMM>
<NUMSTATES> 5
<STATE> 2
<MEAN> 6
 2.403757e+02 2.647440e+00 5.810087e+00 9.986895e-01 1.831811e+00 3.710558e-01
<VARIANCE> 6
 3.012144e+03 7.959043e+00 1.065004e+02 8.050944e-01 1.019905e+01 9.333678e-02
<GCONST> 2.551408e+01
<STATE> 3
<MEAN> 6
 3.816686e+02 1.062624e+01 3.937129e+01 3.258986e+00 9.294313e+00 1.336202e+00
<VARIANCE> 6
 2.261683e+04 4.015845e+02 1.799161e+03 2.876547e+01 6.861551e+01 5.223716e+00
<GCONST> 4.378511e+01
<STATE> 4
<MEAN> 6
 3.905962e+02 6.260048e+00 4.726416e+00 2.118322e+00 2.173265e+00 6.956105e-01
<VARIANCE> 6
 3.380202e+04 5.683745e+01 3.145639e+01 5.397986e+00 6.114940e+00 6.431833e-01
<GCONST> 3.199977e+01
<TRANSP> 5
 0.000000e+00 1.000000e+00 0.000000e+00 0.000000e+00 0.000000e+00
 0.000000e+00 8.197959e-01 1.802041e-01 0.000000e+00 0.000000e+00
 0.000000e+00 0.000000e+00 4.533693e-02 9.546631e-01 0.000000e+00
 0.000000e+00 0.000000e+00 0.000000e+00 1.715466e-01 8.284534e-01
 0.000000e+00 0.000000e+00 0.000000e+00 0.000000e+00 0.000000e+00
<ENDHMM>
~h "fp_screen_1"
<BEGINHMM>
<NUMSTATES> 5
<STATE> 2
<MEAN> 6
 4.796731e+02 4.267775e+00 3.326998e+00 1.365216e+00 1.299432e+00 5.808265e-01
<VARIANCE> 6
 2.512168e+04 2.616805e+01 2.030499e+01 2.083375e+00 1.950485e+00 5.392990e-01
<GCONST> 2.821874e+01
<STATE> 3
<MEAN> 6
 5.770938e+02 3.798098e+01 3.260411e+01 8.835986e+00 8.949767e+00 4.475266e+00
<VARIANCE> 6
 5.355697e+04 1.896545e+03 1.646039e+03 6.877660e+01 6.985367e+01 2.632740e+01
<GCONST> 4.861755e+01
<STATE> 4
<MEAN> 6
 4.201089e+02 3.775502e+01 4.529332e+00 7.640718e+00 2.328361e+00 1.602270e+00
<VARIANCE> 6
 3.449611e+04 1.325080e+03 2.608646e+01 4.520089e+01 3.821479e+00 3.349422e+00
<GCONST> 3.828705e+01
<TRANSP> 5
 0.000000e+00 1.000000e+00 0.000000e+00 0.000000e+00 0.000000e+00
 0.000000e+00 7.694113e-01 2.305886e-01 0.000000e+00 0.000000e+00
 0.000000e+00 0.000000e+00 4.683497e-01 5.316503e-01 0.000000e+00
 0.000000e+00 0.000000e+00 0.000000e+00 5.511709e-01 4.488291e-01
 0.000000e+00 0.000000e+00 0.000000e+00 0.000000e+00 0.000000e+00
<ENDHMM>
~h "fp_screen_2"
<BEGINHMM>
<NUMSTATES> 5
<STATE> 2
<MEAN> 6
 4.445595e+02 1.474292e+01 3.237214e+00 4.210303e+00 1.504679e+00 7.897233e-01
<VARIANCE> 6
 2.655096e+04 3.415178e+02 8.030957e+00 2.221612e+01 1.587502e+00 7.972699e-01
<GCONST> 3.246721e+01
<STATE> 3
<MEAN> 6
 4.986204e+02 6.764085e+01 4.540080e+01 1.641391e+01 1.453613e+01 6.074262e+00
<VARIANCE> 6
 2.723717e+04 6.363059e+03 2.822105e+03 2.445423e+02 2.628206e+02 6.071550e+01
<GCONST> 5.312016e+01
<STATE> 4
<MEAN> 6
 4.450837e+02 2.666846e+01 1.942307e+01 8.334873e+00 6.071355e+00 2.324540e+00
<VARIANCE> 6
 1.631089e+04 1.246104e+03 7.143995e+02 8.816344e+01 4.238887e+01 7.361692e+00
<GCONST> 4.464844e+01
<TRANSP> 5
 0.000000e+00 1.000000e+00 0.000000e+00 0.000000e+00 0.000000e+00
 0.000000e+00 6.397722e-01 3.602278e-01 0.000000e+00 0.000000e+00
 0.000000e+00 0.000000e+00 4.204399e-01 5.795601e-01 0.000000e+00
 0.000000e+00 0.000000e+00 0.000000e+00 1.783985e-01 8.216015e-01
 0.000000e+00 0.000000e+00 0.000000e+00 0.000000e+00 0.000000e+00
<ENDHMM>
~h "fp_screen_3"
<BEGINHMM>
<NUMSTATES> 5
<STATE> 2
<MEAN> 6
 4.647859e+02 8.135116e+01 7.757904e+00 2.510727e+01 3.388452e+00 1.741345e+00
<VARIANCE> 6
 1.422266e+04 4.058613e+03 2.046723e+02 2.813647e+02 2.595535e+01 5.845409e+00
<GCONST> 4.488155e+01
<STATE> 3
<MEAN> 6
 6.388879e+02 5.950587e+01 5.142077e+01 1.715854e+01 1.996085e+01 7.983834e+00
<VARIANCE> 6
 4.152825e+04 2.790056e+03 3.287907e+03 1.359589e+02 2.958972e+02 4.106405e+01
<GCONST> 5.201072e+01
<STATE> 4
<MEAN> 6
 3.758561e+02 1.517567e+01 4.324935e+00 4.351313e+00 2.164655e+00 1.290001e+00
<VARIANCE> 6
 2.178200e+04 1.800572e+02 1.685343e+01 1.276773e+01 2.769194e+00 1.740969e+00
<GCONST> 3.315385e+01
<TRANSP> 5
 0.000000e+00 1.000000e+00 0.000000e+00 0.000000e+00 0.000000e+00
 0.000000e+00 6.618107e-01 3.381893e-01 0.000000e+00 0.000000e+00
 0.000000e+00 0.000000e+00 6.412922e-01 3.587079e-01 0.000000e+00
 0.000000e+00 0.000000e+00 0.000000e+00 6.684809e-01 3.315191e-01
 0.000000e+00 0.000000e+00 0.000000e+00 0.000000e+00 0.000000e+00
<ENDHMM>
~h "fp_screen_4"
<BEGINHMM>
<NUMSTATES> 5
<STATE> 2
<MEAN> 6
 3.949757e+02 2.126735e+01 5.565800e+00 6.097949e+00 2.805654e+00 1.801296e+00
<VARIANCE> 6
 1.257330e+04 6.530166e+02 4.671618e+01 3.737856e+01 7.519636e+00 3.862316e+00
<GCONST> 3.778217e+01
<STATE> 3
<MEAN> 6
 4.530771e+02 2.699969e+01 2.297366e+01 7.108174e+00 6.750809e+00 2.991045e+00
<VARIANCE> 6
 2.743329e+04 1.567788e+03 1.633004e+03 6.598041e+01 7.859641e+01 1.295473e+01
<GCONST> 4.711752e+01
<STATE> 4
<MEAN> 6
 3.462778e+02 6.429732e+00 4.628430e+00 2.066965e+00 1.714531e+00 6.220411e-01
<VARIANCE> 6
 4.697946e+03 3.659491e+01 2.817374e+01 2.613090e+00 1.348633e+00 2.409768e-01
<GCONST> 2.625701e+01
<TRANSP> 5
 0.000000e+00 1.000000e+00 0.000000e+00 0.000000e+00 0.000000e+00
 0.000000e+00 2.851039e-01 7.148961e-01 0.000000e+00 0.000000e+00
 0.000000e+00 0.000000e+00 2.379924e-01 7.620077e-01 0.000000e+00
 0.000000e+00 0.000000e+00 0.000000e+00 8.904802e-01 1.095198e-01
 0.000000e+00 0.000000e+00 0.000000e+00 0.000000e+00 0.000000e+00
<ENDHMM>
~h "fp_screen_5"
<BEGINHMM>
<NUMSTATES> 5
<STATE> 2
<MEAN> 6
 3.414424e+02 7.406474e+00 7.146786e+00 3.503501e+00 3.177393e+00 1.948475e+00
<VARIANCE> 6
 4.854576e+03 5.610134e+01 4.656614e+01 7.481862e+00 4.183002e+00 2.351369e+00
<GCONST> 3.168148e+01
<STATE> 3
<MEAN> 6
 4.053032e+02 2.737990e+01 2.618203e+01 9.241053e+00 8.328652e+00 3.238003e+00
<VARIANCE> 6
 1.506994e+04 2.208516e+03 1.085372e+03 1.290100e+02 1.054284e+02 2.169317e+01
<GCONST> 4.793239e+01
<STATE> 4
<MEAN> 6
 4.171360e+02 2.566636e+00 5.220584e+00 8.460894e-01 1.213433e+00 4.633222e-01
<VARIANCE> 6
 5.698414e+03 6.389726e+00 3.783220e+01 7.788436e-01 1.705080e+00 2.753759e-01
<GCONST> 2.415710e+01
<TRANSP> 5
 0.000000e+00 1.000000e+00 0.000000e+00 0.000000e+00 0.000000e+00
 0.000000e+00 6.377393e-01 3.622607e-01 0.000000e+00 0.000000e+00
 0.000000e+00 0.000000e+00 3.565191e-01 6.434810e-01 0.000000e+00
 0.000000e+00 0.000000e+00 0.000000e+00 9.181796e-01 8.182041e-02
 0.000000e+00 0.000000e+00 0.000000e+00 0.000000e+00 0.000000e+00
<ENDHMM>
~h "bg_white_0_0"
<BEGINHMM>
<NUMSTATES> 5
<STATE> 2
<MEAN> 6
 7.779724e+02 2.803131e+00 2.953192e+00 1.200177e+00 1.401368e+00 4.617001e-01
<VARIANCE> 6
 9.707846e+03 3.093392e+01 2.129285e+01 5.146346e+00 6.001474e+00 4.511413e-01
<GCONST> 2.933249e+01
<STATE> 3
<MEAN> 6
 7.256262e+02 3.359917e+01 6.501013e+00 9.464553e+00 4.052529e+00 2.882015e+00
<VARIANCE> 6
 1.877907e+04 3.166810e+03 1.584043e+02 1.742427e+02 5.224998e+01 2.529584e+01
<GCONST> 4.634052e+01
<STATE> 4
<MEAN> 6
 7.912012e+02 3.338391e+00 1.606324e+00 1.565181e+00 1.095293e+00 1.000829e+00
<VARIANCE> 6
 7.785571e+02 3.189002e+01 3.094054e+00 5.395237e+00 2.092910e+00 2.339433e+00
<GCONST> 2.555046e+01
<TRANSP> 5
 0.000000e+00 1.000000e+00 0.000000e+00 0.000000e+00 0.000000e+00
 0.000000e+00 6.642728e-02 9.335728e-01 0.000000e+00 0.000000e+00
 0.000000e+00 0.000000e+00 2.788636e-01 7.211364e-01 0.000000e+00
 0.000000e+00 0.000000e+00 0.000000e+00 8.560755e-01 1.439245e-01
 0.000000e+00 0.000000e+00 0.000000e+00 0.000000e+00 0.000000e+00
<ENDHMM>
~h "bg_white_0_1"
<BEGINHMM>
<NUMSTATES> 5
<STATE> 2
<MEAN> 6
 7.749888e+02 1.194063e+01 5.361715e+00 6.350090e+00 4.175368e+00 3.378854e+00
<VARIANCE> 6
 2.250791e+03 2.800542e+02 5.947545e+01 4.434521e+01 2.443437e+01 1.411568e+01
<GCONST> 3.810213e+01
<STATE> 3
<MEAN> 6
 7.098919e+02 5.883689e+01 1.915170e+01 1.678231e+01 1.509490e+01 1.036894e+01
<VARIANCE> 6
 2.626881e+03 1.370411e+03 3.532085e+02 7.626707e+01 9.091962e+01 3.634735e+01
<GCONST> 4.442808e+01
<STATE> 4
<MEAN> 6
 7.743404e+02 9.945483e+00 3.445762e+00 4.689418e+00 3.009411e+00 2.557531e+00
<VARIANCE> 6
 1.908230e+03 2.479177e+02 1.947122e+01 3.025738e+01 1.115472e+01 7.032383e+00
<GCONST> 3.483536e+01
<TRANSP> 5
 0.000000e+00 1.000000e+00 0.000000e+00 0.000000e+00 0.000000e+00
 0.000000e+00 2.829792e-01 7.170208e-01 0.000000e+00 0.000000e+00
 0.000000e+00 0.000000e+00 7.933883e-01 2.066117e-01 0.000000e+00
 0.000000e+00 0.000000e+00 0.000000e+00 4.421296e-01 5.578704e-01
 0.000000e+00 0.000000e+00 0.000000e+00 0.000000e+00 0.000000e+00
<ENDHMM>
~h "bg_white_0_2"
<BEGINHMM>
<NUMSTATES> 5
<STATE> 2
<MEAN> 6
 7.536842e+02 2.374148e+01 9.300196e+00 1.046074e+01 8.032946e+00 5.545321e+00
<VARIANCE> 6
 2.482679e+03 6.562645e+02 1.263984e+02 6.915618e+01 5.774223e+01 2.227844e+01
<GCONST> 4.156633e+01
<STATE> 3
<MEAN> 6
 6.972662e+02 5.611969e+01 1.918278e+01 1.756860e+01 1.545612e+01 1.072009e+01
<VARIANCE> 6
 3.099022e+03 1.377910e+03 3.444875e+02 7.776207e+01 1.003332e+02 3.674070e+01
<GCONST> 4.470252e+01
<STATE> 4
<MEAN> 6
 7.675784e+02 1.218444e+01 3.354021e+00 5.423372e+00 3.061019e+00 2.691575e+00
<VARIANCE> 6
 2.114733e+03 3.539670e+02 1.632923e+01 3.409516e+01 1.040582e+01 6.949806e+00
<GCONST> 3.515634e+01
<TRANSP> 5
 0.000000e+00 1.000000e+00 0.000000e+00 0.000000e+00 0.000000e+00
 0.000000e+00 3.327648e-01 6.672351e-01 0.000000e+00 0.000000e+00
 0.000000e+00 0.000000e+00 7.549522e-01 2.450478e-01 0.000000e+00
 0.000000e+00 0.000000e+00 0.000000e+00 4.928309e-01 5.071691e-01
 0.000000e+00 0.000000e+00 0.000000e+00 0.000000e+00 0.000000e+00
<ENDHMM>
~h "bg_white_0_3"
<BEGINHMM>
<NUMSTATES> 5
<STATE> 2
<MEAN> 6
 7.430181e+02 2.709105e+01 9.408047e+00 1.140743e+01 8.170821e+00 5.565238e+00
<VARIANCE> 6
 2.362514e+03 6.752369e+02 1.179061e+02 6.860847e+01 5.427955e+01 1.930023e+01
<GCONST> 4.126238e+01
<STATE> 3
<MEAN> 6
 6.947284e+02 5.427214e+01 1.742772e+01 1.672632e+01 1.287336e+01 9.165543e+00
<VARIANCE> 6
 5.002680e+03 1.818439e+03 3.325682e+02 9.916071e+01 9.723766e+01 4.089857e+01
<GCONST> 4.574257e+01
<STATE> 4
<MEAN> 6
 7.589515e+02 7.717103e+00 3.000613e+00 3.892319e+00 2.563130e+00 2.299272e+00
<VARIANCE> 6
 2.635013e+03 1.715148e+02 1.336653e+01 2.307137e+01 8.274879e+00 6.672911e+00
<GCONST> 3.379120e+01
<TRANSP> 5
 0.000000e+00 1.000000e+00 0.000000e+00 0.000000e+00 0.000000e+00
 0.000000e+00 3.656406e-01 6.343595e-01 0.000000e+00 0.000000e+00
 0.000000e+00 0.000000e+00 6.486166e-01 3.513834e-01 0.000000e+00
 0.000000e+00 0.000000e+00 0.000000e+00 5.236584e-01 4.763416e-01
 0.000000e+00 0.000000e+00 0.000000e+00 0.000000e+00 0.000000e+00
<ENDHMM>
~h "bg_white_0_4"
<BEGINHMM>
<NUMSTATES> 5
<STATE> 2
<MEAN> 6
 7.237086e+02 1.581329e+01 5.997876e+00 7.129230e+00 4.750855e+00 3.655022e+00
<VARIANCE> 6
 1.064414e+04 4.776214e+02 7.664207e+01 5.568405e+01 3.082698e+01 1.727685e+01
<GCONST> 4.110545e+01
<STATE> 3
<MEAN> 6
 6.987505e+02 4.418407e+01 1.902271e+01 1.448058e+01 1.367058e+01 9.004181e+00
<VARIANCE> 6
 3.473373e+03 1.194749e+03 3.362661e+02 7.968829e+01 7.892145e+01 3.500120e+01
<GCONST> 4.438570e+01
<STATE> 4
<MEAN> 6
 7.627011e+02 2.571947e+00 1.383091e+00 1.183594e+00 8.889530e-01 8.022760e-01
<VARIANCE> 6
 1.122998e+03 1.094215e+01 2.291250e+00 2.361621e+00 1.269753e+00 1.780290e+00
<GCONST> 2.294769e+01
<TRANSP> 5
 0.000000e+00 1.000000e+00 0.000000e+00 0.000000e+00 0.000000e+00
 0.000000e+00 1.894464e-01 8.105536e-01 0.000000e+00 0.000000e+00
 0.000000e+00 0.000000e+00 7.223819e-01 2.776181e-01 0.000000e+00
 0.000000e+00 0.000000e+00 0.000000e+00 9.381845e-01 6.181548e-02
 0.000000e+00 0.000000e+00 0.000000e+00 0.000000e+00 0.000000e+00
<ENDHMM>
~h "bg_white_0_5"
<BEGINHMM>
<NUMSTATES> 5
<STATE> 2
<MEAN> 6
 7.389897e+02 3.404734e+00 4.646860e+00 1.322915e+00 1.868545e+00 5.912977e-01
<VARIANCE> 6
 3.710961e+03 5.723212e+01 2.863906e+01 9.451678e+00 5.262453e+00 1.599766e+00
<GCONST> 3.102484e+01
<STATE> 3
<MEAN> 6
 4.900550e+02 3.216695e+01 6.377173e+01 9.502921e+00 1.467718e+01 1.251320e+00
<VARIANCE> 6
 3.505543e+04 1.983492e+03 6.105040e+03 1.704671e+02 2.334511e+02 5.137405e+00
<GCONST> 5.002949e+01
<STATE> 4
<MEAN> 6
 3.192684e+02 6.284801e+00 4.839361e+00 2.217909e+00 1.715208e+00 6.066166e-01
<VARIANCE> 6
 1.130207e+04 5.791613e+01 1.181749e+02 5.990154e+00 7.333858e+00 4.983423e-01
<GCONST> 3.227732e+01
<TRANSP> 5
 0.000000e+00 1.000000e+00 0.000000e+00 0.000000e+00 0.000000e+00
 0.000000e+00 4.085104e-01 5.914896e-01 0.000000e+00 0.000000e+00
 0.000000e+00 0.000000e+00 4.488193e-01 5.511807e-01 0.000000e+00
 0.000000e+00 0.000000e+00 0.000000e+00 8.168236e-01 1.831764e-01
 0.000000e+00 0.000000e+00 0.000000e+00 0.000000e+00 0.000000e+00
<ENDHMM>
~h "bg_dark_0"
<BEGINHMM>
<NUMSTATES> 5
<STATE> 2
<MEAN> 6
 3.514417e+02 1.152939e+01 8.654813e+00 4.351872e+00 4.049677e+00 1.868590e+00
<VARIANCE> 6
 1.394684e+04 1.950641e+02 5.597917e+01 8.131898e+00 5.067417e+00 2.118400e+00
<GCONST> 3.433786e+01
<STATE> 3
<MEAN> 6
 2.165687e+02 3.235170e+01 1.427279e+01 7.702905e+00 5.822822e+00 2.567488e+00
<VARIANCE> 6
 1.075953e+04 1.011845e+03 1.940304e+02 2.298825e+01 1.240631e+01 3.277554e+00
<GCONST> 3.933864e+01
<STATE> 4
<MEAN> 6
 1.175077e+02 9.730906e+00 7.310525e+00 2.774313e+00 2.484081e+00 7.918350e-01
<VARIANCE> 6
 7.059225e+03 1.259228e+02 6.070375e+01 3.741807e+00 2.211998e+00 3.672337e-01
<GCONST> 2.994274e+01
<TRANSP> 5
 0.000000e+00 1.000000e+00 0.000000e+00 0.000000e+00 0.000000e+00
 0.000000e+00 8.109635e-01 1.890365e-01 0.000000e+00 0.000000e+00
 0.000000e+00 0.000000e+00 6.327547e-01 3.672453e-01 0.000000e+00
 0.000000e+00 0.000000e+00 0.000000e+00 7.850309e-01 2.149691e-01
 0.000000e+00 0.000000e+00 0.000000e+00 0.000000e+00 0.000000e+00
<ENDHMM>
~h "bg_dark_0_0"
<BEGINHMM>
<NUMSTATES> 5
<STATE> 2
<MEAN> 6
 2.778618e+02 1.189711e+01 8.952814e+00 4.578323e+00 3.955209e+00 1.965460e+00
<VARIANCE> 6
 1.088076e+04 1.246123e+02 5.659311e+01 5.456312e+00 4.013023e+00 1.733966e+00
<GCONST> 3.281984e+01
<STATE> 3
<MEAN> 6
 2.347492e+02 3.132665e+01 1.605399e+01 9.197182e+00 5.672489e+00 2.694988e+00
<VARIANCE> 6
 1.148411e+04 7.507098e+02 2.039109e+02 3.026552e+01 1.187699e+01 3.483724e+00
<GCONST> 3.944740e+01
<STATE> 4
<MEAN> 6
 1.802376e+02 1.925019e+01 8.456225e+00 4.700762e+00 2.836630e+00 1.106386e+00
<VARIANCE> 6
 1.660364e+04 3.361401e+02 5.594679e+01 6.306103e+00 3.355157e+00 7.311562e-01
<GCONST> 3.332545e+01
<TRANSP> 5
 0.000000e+00 1.000000e+00 0.000000e+00 0.000000e+00 0.000000e+00
 0.000000e+00 5.345860e-01 4.654140e-01 0.000000e+00 0.000000e+00
 0.000000e+00 0.000000e+00 5.827510e-01 4.172490e-01 0.000000e+00
 0.000000e+00 0.000000e+00 0.000000e+00 4.978003e-01 5.021996e-01
 0.000000e+00 0.000000e+00 0.000000e+00 0.000000e+00 0.000000e+00
<ENDHMM>
~h "bg_dark_0_1"
<BEGINHMM>
<NUMSTATES> 5
<STATE> 2
<MEAN> 6
 2.294253e+02 1.273002e+01 9.296095e+00 4.185127e+00 3.612959e+00 1.580267e+00
<VARIANCE> 6
 1.359470e+04 1.479702e+02 5.982489e+01 6.344095e+00 3.596261e+00 1.243538e+00
<GCONST> 3.297851e+01
<STATE> 3
<MEAN> 6
 2.553154e+02 2.663861e+01 2.068013e+01 8.099615e+00 6.970272e+00 2.567433e+00
<VARIANCE> 6
 1.443057e+04 7.005133e+02 3.727532e+02 3.251977e+01 2.239904e+01 2.980780e+00
<GCONST> 4.076015e+01
<STATE> 4
<MEAN> 6
 3.383222e+02 1.244686e+01 7.579706e+00 4.022305e+00 3.459769e+00 1.472413e+00
<VARIANCE> 6
 1.995102e+04 1.803787e+02 4.445312e+01 4.496452e+00 3.993538e+00 1.212130e+00
<GCONST> 3.299814e+01
<TRANSP> 5
 0.000000e+00 1.000000e+00 0.000000e+00 0.000000e+00 0.000000e+00
 0.000000e+00 4.459122e-01 5.540878e-01 0.000000e+00 0.000000e+00
 0.000000e+00 0.000000e+00 5.796565e-01 4.203435e-01 0.000000e+00
 0.000000e+00 0.000000e+00 0.000000e+00 6.011716e-01 3.988285e-01
 0.000000e+00 0.000000e+00 0.000000e+00 0.000000e+00 0.000000e+00
<ENDHMM>
~h "bg_dark_0_2"
<BEGINHMM>
<NUMSTATES> 5
<STATE> 2
<MEAN> 6
 2.629604e+02 1.875612e+01 9.136884e+00 4.757390e+00 3.630994e+00 1.613899e+00
<VARIANCE> 6
 1.988096e+04 3.666145e+02 5.643938e+01 7.353422e+00 5.567913e+00 1.409208e+00
<GCONST> 3.491748e+01
<STATE> 3
<MEAN> 6
 2.183254e+02 3.262179e+01 2.030422e+01 8.752534e+00 7.247233e+00 3.193910e+00
<VARIANCE> 6
 8.835042e+03 1.035863e+03 2.658521e+02 2.435294e+01 2.355749e+01 4.985360e+00
<GCONST> 4.059827e+01
<STATE> 4
<MEAN> 6
 2.450135e+02 1.066009e+01 3.907675e+00 2.553668e+00 1.640215e+00 6.930447e-01
<VARIANCE> 6
 1.459658e+04 1.596615e+02 1.943019e+01 4.382109e+00 2.326126e+00 4.844227e-01
<GCONST> 3.025262e+01
<TRANSP> 5
 0.000000e+00 1.000000e+00 0.000000e+00 0.000000e+00 0.000000e+00
 0.000000e+00 3.134318e-01 6.865681e-01 0.000000e+00 0.000000e+00
 0.000000e+00 0.000000e+00 7.222630e-01 2.777370e-01 0.000000e+00
 0.000000e+00 0.000000e+00 0.000000e+00 7.976891e-01 2.023109e-01
 0.000000e+00 0.000000e+00 0.000000e+00 0.000000e+00 0.000000e+00
<ENDHMM>
~h "bg_dark_0_3"
<BEGINHMM>
<NUMSTATES> 5
<STATE> 2
<MEAN> 6
 2.236647e+02 1.740628e+01 8.962658e+00 4.638737e+00 3.788628e+00 1.609550e+00
<VARIANCE> 6
 1.768332e+04 2.317491e+02 4.869279e+01 5.321109e+00 6.375398e+00 1.292591e+00
<GCONST> 3.391961e+01
<STATE> 3
<MEAN> 6
 2.863661e+02 4.838602e+01 1.528470e+01 1.145957e+01 5.641000e+00 3.038236e+00
<VARIANCE> 6
 1.252773e+04 1.512896e+03 1.814311e+02 5.052916e+01 1.202021e+01 5.014113e+00
<GCONST> 4.100701e+01
<STATE> 4
<MEAN> 6
 3.851721e+02 1.015511e+01 5.027964e+00 3.218488e+00 2.360391e+00 9.508046e-01
<VARIANCE> 6
 1.502881e+04 7.983408e+01 2.237619e+01 5.373366e+00 2.845495e+00 7.472520e-01
<GCONST> 3.056877e+01
<TRANSP> 5
 0.000000e+00 1.000000e+00 0.000000e+00 0.000000e+00 0.000000e+00
 0.000000e+00 5.348769e-01 4.651231e-01 0.000000e+00 0.000000e+00
 0.000000e+00 0.000000e+00 6.965973e-01 3.034028e-01 0.000000e+00
 0.000000e+00 0.000000e+00 0.000000e+00 7.937269e-01 2.062732e-01
 0.000000e+00 0.000000e+00 0.000000e+00 0.000000e+00 0.000000e+00
<ENDHMM>
~h "bg_dark_0_4"
<BEGINHMM>
<NUMSTATES> 5
<STATE> 2
<MEAN> 6
 3.307274e+02 1.744771e+01 8.033854e+00 6.531852e+00 4.004995e+00 1.989154e+00
<VARIANCE> 6
 2.313928e+04 2.552930e+02 3.610213e+01 1.861401e+01 4.767007e+00 2.137826e+00
<GCONST> 3.545073e+01
<STATE> 3
<MEAN> 6
 2.208386e+02 2.874443e+01 2.780731e+01 8.685385e+00 8.235481e+00 3.868023e+00
<VARIANCE> 6
 7.952971e+03 5.316100e+02 5.764666e+02 2.157840e+01 2.600045e+01 6.338593e+00
<GCONST> 4.081786e+01
<STATE> 4
<MEAN> 6
 1.029712e+02 7.981944e+00 8.351608e+00 2.429209e+00 2.621474e+00 9.373844e-01
<VARIANCE> 6
 2.001426e+03 6.546151e+01 6.528673e+01 2.773398e+00 4.265177e+00 6.269466e-01
<GCONST> 2.899279e+01
<TRANSP> 5
 0.000000e+00 1.000000e+00 0.000000e+00 0.000000e+00 0.000000e+00
 0.000000e+00 4.705653e-01 5.294346e-01 0.000000e+00 0.000000e+00
 0.000000e+00 0.000000e+00 7.693564e-01 2.306436e-01 0.000000e+00
 0.000000e+00 0.000000e+00 0.000000e+00 7.948456e-01 2.051544e-01
 0.000000e+00 0.000000e+00 0.000000e+00 0.000000e+00 0.000000e+00
<ENDHMM>
~h "bg_dark_0_5"
<BEGINHMM>
<NUMSTATES> 5
<STATE> 2
<MEAN> 6
 1.707933e+02 1.755874e+01 1.805046e+01 6.129615e+00 5.771840e+00 2.635905e+00
<VARIANCE> 6
 4.566815e+03 2.790557e+02 2.738481e+02 1.572013e+01 1.571764e+01 3.187742e+00
<GCONST> 3.736686e+01
<STATE> 3
<MEAN> 6
 1.378254e+02 1.578368e+01 1.566396e+01 3.935019e+00 4.669755e+00 1.980830e+00
<VARIANCE> 6
 3.590754e+03 5.130334e+02 4.781867e+02 1.532821e+01 2.479999e+01 1.299480e+01
<GCONST> 4.012881e+01
<STATE> 4
<MEAN> 6
 1.198091e+02 4.231293e+00 3.846163e+00 1.212454e+00 1.128486e+00 4.948456e-01
<VARIANCE> 6
 2.138998e+03 6.991669e+01 5.261887e+01 2.803188e+00 2.870189e+00 1.048989e+00
<GCONST> 2.903870e+01
<TRANSP> 5
 0.000000e+00 1.000000e+00 0.000000e+00 0.000000e+00 0.000000e+00
 0.000000e+00 7.296165e-01 2.703834e-01 0.000000e+00 0.000000e+00
 0.000000e+00 0.000000e+00 2.113915e-02 9.788609e-01 0.000000e+00
 0.000000e+00 0.000000e+00 0.000000e+00 8.749133e-01 1.250866e-01
 0.000000e+00 0.000000e+00 0.000000e+00 0.000000e+00 0.000000e+00
<ENDHMM>
~h "bg_red_0"
<BEGINHMM>
<NUMSTATES> 5
<STATE> 2
<MEAN> 6
 2.481911e+02 7.898605e+00 5.277622e+00 2.986008e+00 2.245602e+00 8.771395e-01
<VARIANCE> 6
 1.670015e+04 6.384254e+01 3.309208e+01 5.220030e+00 2.773429e+00 7.292703e-01
<GCONST> 3.076303e+01
<STATE> 3
<MEAN> 6
 3.245631e+02 1.637750e+01 1.443295e+01 5.719079e+00 4.815880e+00 2.147800e+00
<VARIANCE> 6
 2.182437e+04 6.094036e+02 6.732193e+02 5.024574e+01 2.339162e+01 5.091270e+00
<GCONST> 4.263943e+01
<STATE> 4
<MEAN> 6
 2.639247e+02 4.308353e+00 2.326004e+00 1.356394e+00 1.104754e+00 4.646523e-01
<VARIANCE> 6
 7.851299e+03 2.252280e+01 6.659350e+00 1.377970e+00 1.349590e+00 2.023327e-01
<GCONST> 2.402882e+01
<TRANSP> 5
 0.000000e+00 1.000000e+00 0.000000e+00 0.000000e+00 0.000000e+00
 0.000000e+00 6.610481e-01 3.389519e-01 0.000000e+00 0.000000e+00
 0.000000e+00 0.000000e+00 3.414824e-01 6.585176e-01 0.000000e+00
 0.000000e+00 0.000000e+00 0.000000e+00 7.551027e-01 2.448973e-01
 0.000000e+00 0.000000e+00 0.000000e+00 0.000000e+00 0.000000e+00
<ENDHMM>
~h "bg_board"
<BEGINHMM>
<NUMSTATES> 5
<STATE> 2
<MEAN> 6
 2.951649e+02 2.114366e+01 1.099258e+01 9.525981e+00 4.934285e+00 2.943690e+00
<VARIANCE> 6
 1.011804e+04 4.897356e+02 1.053760e+02 3.569812e+01 1.303499e+01 5.101404e+00
<GCONST> 3.887299e+01
<STATE> 3
<MEAN> 6
 3.841353e+02 6.371008e+01 1.453362e+01 1.504549e+01 5.578811e+00 3.235885e+00
<VARIANCE> 6
 2.283908e+04 4.838914e+03 3.384125e+02 9.148180e+01 2.319801e+01 9.174823e+00
<GCONST> 4.524887e+01
<STATE> 4
<MEAN> 6
 4.239331e+02 5.154650e+00 3.414948e+00 1.089057e+00 8.025714e-01 3.098904e-01
<VARIANCE> 6
 7.593376e+03 5.877576e+01 1.023974e+01 2.048966e+00 4.721616e-01 5.582160e-02
<GCONST> 2.344361e+01
<TRANSP> 5
 0.000000e+00 1.000000e+00 0.000000e+00 0.000000e+00 0.000000e+00
 0.000000e+00 7.791291e-01 2.208709e-01 0.000000e+00 0.000000e+00
 0.000000e+00 0.000000e+00 7.278811e-01 2.721188e-01 0.000000e+00
 0.000000e+00 0.000000e+00 0.000000e+00 9.449880e-01 5.501204e-02
 0.000000e+00 0.000000e+00 0.000000e+00 0.000000e+00 0.000000e+00
<ENDHMM>
~h "fp_key_0"
<BEGINHMM>
<NUMSTATES> 5
<STATE> 2
<MEAN> 6
 1.890833e+02 1.401505e+01 4.500011e+00 3.521919e+00 1.704492e+00 6.711827e-01
<VARIANCE> 6
 1.886307e+04 2.792712e+02 5.612984e+01 1.159180e+01 4.693304e+00 6.412770e-01
<GCONST> 3.408422e+01
<STATE> 3
<MEAN> 6
 4.948467e+02 7.265328e+01 2.646087e+01 2.113482e+01 9.079650e+00 3.758673e+00
<VARIANCE> 6
 4.489632e+04 3.136460e+03 1.676064e+03 1.946498e+02 1.496905e+02 1.985745e+01
<GCONST> 5.048278e+01
<STATE> 4
<MEAN> 6
 3.456068e+02 2.568478e+01 8.997046e+00 7.824313e+00 3.334060e+00 1.523423e+00
<VARIANCE> 6
 3.736538e+04 9.228932e+02 1.231653e+02 5.492306e+01 1.345929e+01 2.149015e+00
<GCONST> 4.056742e+01
<TRANSP> 5
 0.000000e+00 1.000000e+00 0.000000e+00 0.000000e+00 0.000000e+00
 0.000000e+00 4.935608e-01 5.064392e-01 0.000000e+00 0.000000e+00
 0.000000e+00 0.000000e+00 6.563003e-01 3.436997e-01 0.000000e+00
 0.000000e+00 0.000000e+00 0.000000e+00 2.302943e-01 7.697057e-01
 0.000000e+00 0.000000e+00 0.000000e+00 0.000000e+00 0.000000e+00
<ENDHMM>
~h "fp_key_1"
<BEGINHMM>
<NUMSTATES> 5
<STATE> 2
<MEAN> 6
 3.477156e+02 1.198070e+01 5.704391e+00 4.088455e+00 1.998495e+00 1.039026e+00
<VARIANCE> 6
 3.727447e+04 3.728241e+02 4.091303e+01 2.373421e+01 3.465790e+00 1.044456e+00
<GCONST> 3.563923e+01
<STATE> 3
<MEAN> 6
 4.258270e+02 5.429478e+01 5.233767e+01 1.833088e+01 1.909878e+01 7.292006e+00
<VARIANCE> 6
 3.758027e+04 2.369611e+03 3.578550e+03 2.476233e+02 3.643034e+02 6.709368e+01
<GCONST> 5.313068e+01
<STATE> 4
<MEAN> 6
 5.967556e+02 7.878657e+01 1.322036e+01 1.761807e+01 4.301877e+00 2.141650e+00
<VARIANCE> 6
 6.255836e+04 2.677873e+03 4.235045e+02 1.313805e+02 3.398372e+01 5.861983e+00
<GCONST> 4.618493e+01
<TRANSP> 5
 0.000000e+00 1.000000e+00 0.000000e+00 0.000000e+00 0.000000e+00
 0.000000e+00 6.839995e-01 3.160005e-01 0.000000e+00 0.000000e+00
 0.000000e+00 0.000000e+00 3.386711e-01 6.613289e-01 0.000000e+00
 0.000000e+00 0.000000e+00 0.000000e+00 6.312512e-01 3.687489e-01
 0.000000e+00 0.000000e+00 0.000000e+00 0.000000e+00 0.000000e+00
<ENDHMM>
~h "fp_key_2"
<BEGINHMM>
<NUMSTATES> 5
<STATE> 2
<MEAN> 6
 4.123354e+02 8.810773e+01 1.232827e+01 1.332934e+01 4.294260e+00 2.229899e+00
<VARIANCE> 6
 3.448177e+04 4.029907e+03 2.656840e+02 7.330797e+01 2.587729e+01 4.452069e+00
<GCONST> 4.440066e+01
<STATE> 3
<MEAN> 6
 4.225322e+02 6.856694e+01 4.708517e+01 1.934019e+01 1.916688e+01 6.572262e+00
<VARIANCE> 6
 2.780477e+04 3.845087e+03 2.959920e+03 2.655711e+02 3.200733e+02 3.969278e+01
<GCONST> 5.253930e+01
<STATE> 4
<MEAN> 6
 2.770294e+02 1.188860e+01 6.479957e+00 3.876910e+00 3.061727e+00 1.519650e+00
<VARIANCE> 6
 1.326433e+04 3.091615e+02 7.338258e+01 1.535371e+01 1.258545e+01 2.307549e+00
<GCONST> 3.664973e+01
<TRANSP> 5
 0.000000e+00 1.000000e+00 0.000000e+00 0.000000e+00 0.000000e+00
 0.000000e+00 5.196613e-01 4.803387e-01 0.000000e+00 0.000000e+00
 0.000000e+00 0.000000e+00 4.049302e-01 5.950698e-01 0.000000e+00
 0.000000e+00 0.000000e+00 0.000000e+00 6.099486e-01 3.900514e-01
 0.000000e+00 0.000000e+00 0.000000e+00 0.000000e+00 0.000000e+00
<ENDHMM>
~h "fp_key_3"
<BEGINHMM>
<NUMSTATES> 5
<STATE> 2
<MEAN> 6
 4.646156e+02 7.655508e+01 1.277518e+01 1.692493e+01 4.857440e+00 2.032635e+00
<VARIANCE> 6
 2.901373e+04 3.132293e+03 6.079416e+02 1.400591e+02 3.937243e+01 3.912969e+00
<GCONST> 4.574181e+01
<STATE> 3
<MEAN> 6
 4.862348e+02 6.917310e+01 5.894471e+01 2.743395e+01 2.447253e+01 9.708792e+00
<VARIANCE> 6
 2.617023e+04 3.942146e+03 3.731083e+03 3.869477e+02 4.370178e+02 7.035378e+01
<GCONST> 5.399538e+01
<STATE> 4
<MEAN> 6
 3.133339e+02 1.770460e+01 5.225686e+00 5.905426e+00 2.503247e+00 1.607887e+00
<VARIANCE> 6
 1.782505e+04 6.194534e+02 3.237100e+01 5.135464e+01 5.186028e+00 2.655745e+00
<GCONST> 3.728317e+01
<TRANSP> 5
 0.000000e+00 1.000000e+00 0.000000e+00 0.000000e+00 0.000000e+00
 0.000000e+00 6.367673e-01 3.632327e-01 0.000000e+00 0.000000e+00
 0.000000e+00 0.000000e+00 6.354726e-01 3.645274e-01 0.000000e+00
 0.000000e+00 0.000000e+00 0.000000e+00 5.630031e-01 4.369969e-01
 0.000000e+00 0.000000e+00 0.000000e+00 0.000000e+00 0.000000e+00
<ENDHMM>
~h "fp_key_4"
<BEGINHMM>
<NUMSTATES> 5
<STATE> 2
<MEAN> 6
 3.430646e+02 1.327897e+01 4.866097e+00 5.070439e+00 2.310254e+00 1.293399e+00
<VARIANCE> 6
 1.220224e+04 4.382539e+02 2.908081e+01 3.645480e+01 5.755308e+00 2.052367e+00
<GCONST> 3.595470e+01
<STATE> 3
<MEAN> 6
 4.831346e+02 5.935119e+01 5.023334e+01 1.965070e+01 2.072212e+01 7.592058e+00
<VARIANCE> 6
 2.675741e+04 4.014945e+03 3.301934e+03 2.492834e+02 3.673409e+02 4.516427e+01
<GCONST> 5.285706e+01
<STATE> 4
<MEAN> 6
 4.893734e+02 5.438539e+01 8.198783e+00 1.208053e+01 2.388474e+00 1.591906e+00
<VARIANCE> 6
 2.854844e+04 1.987005e+03 9.251054e+01 7.070747e+01 4.832747e+00 2.871852e+00
<GCONST> 4.029725e+01
<TRANSP> 5
 0.000000e+00 1.000000e+00 0.000000e+00 0.000000e+00 0.000000e+00
 0.000000e+00 6.448933e-01 3.551067e-01 0.000000e+00 0.000000e+00
 0.000000e+00 0.000000e+00 5.401888e-01 4.598112e-01 0.000000e+00
 0.000000e+00 0.000000e+00 0.000000e+00 6.129074e-01 3.870927e-01
 0.000000e+00 0.000000e+00 0.000000e+00 0.000000e+00 0.000000e+00
<ENDHMM>
~h "fp_key_5"
<BEGINHMM>
<NUMSTATES> 5
<STATE> 2
<MEAN> 6
 4.938830e+02 7.348707e+01 1.184902e+01 1.485923e+01 3.493947e+00 2.387801e+00
<VARIANCE> 6
 3.120737e+04 3.741007e+03 2.005587e+02 1.023079e+02 1.330550e+01 5.493070e+00
<GCONST> 4.382354e+01
<STATE> 3
<MEAN> 6
 5.066018e+02 5.747463e+01 5.479092e+01 1.705180e+01 1.580339e+01 7.630580e+00
<VARIANCE> 6
 3.605977e+04 3.211128e+03 3.847681e+03 2.501090e+02 2.252490e+02 5.622556e+01
<GCONST> 5.281828e+01
<STATE> 4
<MEAN> 6
 3.681002e+02 3.434873e+00 4.712257e+00 8.789125e-01 1.200544e+00 4.712206e-01
<VARIANCE> 6
 1.092600e+04 3.499460e+01 7.883784e+01 1.069737e+00 3.398031e+00 4.490658e-01
<GCONST> 2.873878e+01
<TRANSP> 5
 0.000000e+00 1.000000e+00 0.000000e+00 0.000000e+00 0.000000e+00
 0.000000e+00 4.648068e-01 5.351933e-01 0.000000e+00 0.000000e+00
 0.000000e+00 0.000000e+00 3.433035e-01 6.566966e-01 0.000000e+00
 0.000000e+00 0.000000e+00 0.000000e+00 9.150441e-01 8.495593e-02
 0.000000e+00 0.000000e+00 0.000000e+00 0.000000e+00 0.000000e+00
<ENDHMM>
~h "bg_red_0_0"
<BEGINHMM>
<NUMSTATES> 5
<STATE> 2
<MEAN> 6
 2.883239e+02 8.356445e+00 5.198330e+00 2.884622e+00 2.255001e+00 1.040636e+00
<VARIANCE> 6
 2.152406e+04 4.366920e+01 2.216292e+01 2.252949e+00 2.517101e+00 7.532837e-01
<GCONST> 2.933129e+01
<STATE> 3
<MEAN> 6
 3.616551e+02 3.544838e+01 1.468514e+01 1.106475e+01 3.993878e+00 3.080276e+00
<VARIANCE> 6
 2.749398e+04 2.898140e+03 6.135666e+02 1.231572e+02 1.672175e+01 9.867577e+00
<GCONST> 4.555952e+01
<STATE> 4
<MEAN> 6
 3.083806e+02 1.763850e+01 5.274904e+00 6.039027e+00 2.503165e+00 1.513862e+00
<VARIANCE> 6
 3.173251e+04 2.558719e+02 1.649576e+01 1.896666e+01 5.752604e+00 1.921067e+00
<GCONST> 3.508536e+01
<TRANSP> 5
 0.000000e+00 1.000000e+00 0.000000e+00 0.000000e+00 0.000000e+00
 0.000000e+00 5.164039e-01 4.835962e-01 0.000000e+00 0.000000e+00
 0.000000e+00 0.000000e+00 3.063049e-01 6.936951e-01 0.000000e+00
 0.000000e+00 0.000000e+00 0.000000e+00 3.672773e-01 6.327227e-01
 0.000000e+00 0.000000e+00 0.000000e+00 0.000000e+00 0.000000e+00
<ENDHMM>
~h "bg_red_0_1"
<BEGINHMM>
<NUMSTATES> 5
<STATE> 2
<MEAN> 6
 3.119775e+02 1.512240e+01 6.163930e+00 4.549122e+00 2.303172e+00 1.235771e+00
<VARIANCE> 6
 9.647008e+03 1.999785e+02 2.472312e+01 1.276633e+01 2.360738e+00 1.248377e+00
<GCONST> 3.233524e+01
<STATE> 3
<MEAN> 6
 4.103569e+02 4.580747e+01 7.396006e+00 1.020358e+01 1.582021e+00 8.996054e-01
<VARIANCE> 6
 2.492523e+04 3.532341e+03 1.876771e+01 1.234537e+02 3.955065e+00 1.184028e+00
<GCONST> 3.861253e+01
<STATE> 4
<MEAN> 6
 3.213791e+02 3.282750e+00 1.927328e+00 1.320183e+00 7.084465e-01 3.229252e-01
<VARIANCE> 6
 4.928265e+03 8.420923e+00 2.088899e+00 9.451261e-01 4.072850e-01 3.547506e-02
<GCONST> 1.810376e+01
<TRANSP> 5
 0.000000e+00 1.000000e+00 0.000000e+00 0.000000e+00 0.000000e+00
 0.000000e+00 6.630427e-01 3.369574e-01 0.000000e+00 0.000000e+00
 0.000000e+00 0.000000e+00 2.927474e-01 7.072526e-01 0.000000e+00
 0.000000e+00 0.000000e+00 0.000000e+00 8.808543e-01 1.191457e-01
 0.000000e+00 0.000000e+00 0.000000e+00 0.000000e+00 0.000000e+00
<ENDHMM>
~h "bg_red_0_2"
<BEGINHMM>
<NUMSTATES> 5
<STATE> 2
<MEAN> 6
 3.106307e+02 9.091692e+00 3.603425e+00 3.755496e+00 1.645074e+00 6.412931e-01
<VARIANCE> 6
 6.060278e+03 4.996476e+01 9.494289e+00 8.700907e+00 2.026401e+00 2.850073e-01
<GCONST> 2.751323e+01
<STATE> 3
<MEAN> 6
 3.489490e+02 4.969952e+00 1.670780e+00 1.746939e+00 5.068296e-01 3.133222e-01
<VARIANCE> 6
 5.832903e+03 2.306068e+01 1.638840e+00 2.384382e+00 1.280735e-01 2.034224e-02
<GCONST> 1.824938e+01
<STATE> 4
<MEAN> 6
 3.704086e+02 3.226185e+00 1.495959e+00 9.017659e-01 4.830767e-01 2.559113e-01
<VARIANCE> 6
 2.731383e+03 7.349606e+00 1.644120e+00 5.430393e-01 1.516048e-01 1.725412e-02
<GCONST> 1.487492e+01
<TRANSP> 5
 0.000000e+00 1.000000e+00 0.000000e+00 0.000000e+00 0.000000e+00
 0.000000e+00 6.792022e-01 3.207978e-01 0.000000e+00 0.000000e+00
 0.000000e+00 0.000000e+00 9.072755e-02 9.092724e-01 0.000000e+00
 0.000000e+00 0.000000e+00 0.000000e+00 8.738022e-01 1.261978e-01
 0.000000e+00 0.000000e+00 0.000000e+00 0.000000e+00 0.000000e+00
<ENDHMM>
~h "bg_red_0_3"
<BEGINHMM>
<NUMSTATES> 5
<STATE> 2
<MEAN> 6
 2.950625e+02 4.685628e+00 1.542350e+00 8.284149e-01 4.327109e-01 2.524046e-01
<VARIANCE> 6
 2.250191e+03 1.116375e+01 1.563666e+00 3.147174e-01 1.152596e-01 1.266488e-02
<GCONST> 1.392017e+01
<STATE> 3
<MEAN> 6
 2.888983e+02 1.265609e+01 3.332647e+00 4.604691e+00 1.309551e+00 5.889747e-01
<VARIANCE> 6
 5.211615e+03 1.599086e+02 8.637394e+00 1.165560e+01 1.565533e+00 2.854460e-01
<GCONST> 2.846692e+01
<STATE> 4
<MEAN> 6
 3.285382e+02 5.936942e+00 2.817943e+00 1.758513e+00 7.853696e-01 3.706380e-01
<VARIANCE> 6
 6.346740e+03 3.581045e+01 5.772222e+00 1.557876e+00 2.686530e-01 5.186339e-02
<GCONST> 2.128410e+01
<TRANSP> 5
 0.000000e+00 1.000000e+00 0.000000e+00 0.000000e+00 0.000000e+00
 0.000000e+00 9.079140e-01 9.208602e-02 0.000000e+00 0.000000e+00
 0.000000e+00 0.000000e+00 4.969784e-01 5.030216e-01 0.000000e+00
 0.000000e+00 0.000000e+00 0.000000e+00 6.024628e-01 3.975372e-01
 0.000000e+00 0.000000e+00 0.000000e+00 0.000000e+00 0.000000e+00
<ENDHMM>
~h "bg_red_0_4"
<BEGINHMM>
<NUMSTATES> 5
<STATE> 2
<MEAN> 6
 2.636313e+02 1.195232e+01 8.099263e+00 2.903617e+00 1.397399e+00 6.180730e-01
<VARIANCE> 6
 3.949928e+03 9.230862e+01 3.736483e+01 2.896377e+00 7.360484e-01 1.862837e-01
<GCONST> 2.653110e+01
<STATE> 3
<MEAN> 6
 2.513242e+02 3.450042e+01 9.386320e+00 8.215535e+00 2.342429e+00 9.935004e-01
<VARIANCE> 6
 1.977883e+04 1.896003e+03 4.359455e+01 6.292305e+01 2.827761e+00 4.760604e-01
<GCONST> 3.668126e+01
<STATE> 4
<MEAN> 6
 2.399466e+02 5.132784e+00 2.514383e+00 1.879735e+00 8.320691e-01 3.669586e-01
<VARIANCE> 6
 4.699983e+03 2.734438e+01 5.049351e+00 2.490631e+00 2.967932e-01 4.198930e-02
<GCONST> 2.093782e+01
<TRANSP> 5
 0.000000e+00 1.000000e+00 0.000000e+00 0.000000e+00 0.000000e+00
 0.000000e+00 4.964225e-01 5.035775e-01 0.000000e+00 0.000000e+00
 0.000000e+00 0.000000e+00 5.137346e-01 4.862654e-01 0.000000e+00
 0.000000e+00 0.000000e+00 0.000000e+00 7.482902e-01 2.517097e-01
 0.000000e+00 0.000000e+00 0.000000e+00 0.000000e+00 0.000000e+00
<ENDHMM>
~h "bg_red_0_5"
<BEGINHMM>
<NUMSTATES> 5
<STATE> 2
<MEAN> 6
 1.793092e+02 6.294608e+00 4.638581e+00 2.276910e+00 1.435858e+00 6.178004e-01
<VARIANCE> 6
 1.632041e+04 3.736007e+01 1.286245e+01 3.747847e+00 1.121198e+00 1.841760e-01
<GCONST> 2.664607e+01
<STATE> 3
<MEAN> 6
 2.825573e+02 3.817950e+01 1.888236e+01 9.522402e+00 5.581542e+00 3.482114e+00
<VARIANCE> 6
 2.240318e+04 2.799391e+03 4.294769e+02 8.832801e+01 4.792500e+01 1.424533e+01
<GCONST> 4.605107e+01
<STATE> 4
<MEAN> 6
 2.696716e+02 9.864495e+00 9.742373e+00 4.191793e+00 3.284384e+00 2.119570e+00
<VARIANCE> 6
 7.771263e+03 1.065375e+02 7.204385e+01 8.019220e+00 5.800820e+00 4.200952e+00
<GCONST> 3.420637e+01
<TRANSP> 5
 0.000000e+00 1.000000e+00 0.000000e+00 0.000000e+00 0.000000e+00
 0.000000e+00 7.513321e-01 2.486679e-01 0.000000e+00 0.000000e+00
 0.000000e+00 0.000000e+00 3.271004e-01 6.728997e-01 0.000000e+00
 0.000000e+00 0.000000e+00 0.000000e+00 6.088325e-01 3.911675e-01
 0.000000e+00 0.000000e+00 0.000000e+00 0.000000e+00 0.000000e+00
<ENDHMM>
~h "fp_screen"
<BEGINHMM>
<NUMSTATES> 5
<STATE> 2
<MEAN> 6
 1.902752e+02 2.853955e+00 8.474144e+00 1.357551e+00 3.623849e+00 6.127892e-01
<VARIANCE> 6
 5.403484e+03 8.752179e+00 2.558179e+02 2.000950e+00 3.689288e+01 1.056494e+00
<GCONST> 3.169243e+01
<STATE> 3
<MEAN> 6
 3.578564e+02 4.001615e+01 2.941363e+01 1.207562e+01 1.177812e+01 4.214067e+00
<VARIANCE> 6
 3.237071e+04 4.095854e+03 1.442190e+03 2.151617e+02 1.988031e+02 4.550353e+01
<GCONST> 5.148542e+01
<STATE> 4
<MEAN> 6
 3.561243e+02 4.499313e+00 2.369398e+00 1.467231e+00 1.046429e+00 5.565846e-01
<VARIANCE> 6
 9.417278e+03 1.358502e+01 7.005699e+00 1.837336e+00 8.937246e-01 3.887587e-01
<GCONST> 2.428442e+01
<TRANSP> 5
 0.000000e+00 1.000000e+00 0.000000e+00 0.000000e+00 0.000000e+00
 0.000000e+00 6.076509e-01 3.923491e-01 0.000000e+00 0.000000e+00
 0.000000e+00 0.000000e+00 4.530220e-01 5.469779e-01 0.000000e+00
 0.000000e+00 0.000000e+00 0.000000e+00 8.465275e-01 1.534725e-01
 0.000000e+00 0.000000e+00 0.000000e+00 0.000000e+00 0.000000e+00
<ENDHMM>
~h "bg_board_0"
<BEGINHMM>
<NUMSTATES> 5
<STATE> 2
<MEAN> 6
 3.105822e+02 1.995591e+01 9.886909e+00 8.068788e+00 4.099039e+00 2.524528e+00
<VARIANCE> 6
 9.420854e+03 4.855273e+02 7.711993e+01 3.042321e+01 7.448257e+00 3.705285e+00
<GCONST> 3.744149e+01
<STATE> 3
<MEAN> 6
 3.420219e+02 3.352398e+01 1.658911e+01 1.141081e+01 5.923887e+00 3.375908e+00
<VARIANCE> 6
 1.517487e+04 1.220179e+03 2.840977e+02 7.728955e+01 2.646192e+01 9.942609e+00
<GCONST> 4.333083e+01
<STATE> 4
<MEAN> 6
 2.521815e+02 1.371088e+01 5.179924e+00 4.733220e+00 2.160249e+00 1.063157e+00
<VARIANCE> 6
 1.831588e+04 3.609307e+02 2.272910e+01 1.444156e+01 2.897878e+00 8.772211e-01
<GCONST> 3.345821e+01
<TRANSP> 5
 0.000000e+00 1.000000e+00 0.000000e+00 0.000000e+00 0.000000e+00
 0.000000e+00 5.450261e-01 4.549740e-01 0.000000e+00 0.000000e+00
 0.000000e+00 0.000000e+00 4.677316e-01 5.322685e-01 0.000000e+00
 0.000000e+00 0.000000e+00 0.000000e+00 4.335707e-01 5.664293e-01
 0.000000e+00 0.000000e+00 0.000000e+00 0.000000e+00 0.000000e+00
<ENDHMM>
~h "bg_board_1"
<BEGINHMM>
<NUMSTATES> 5
<STATE> 2
<MEAN> 6
 2.886363e+02 2.293141e+01 1.169448e+01 9.822641e+00 5.193396e+00 3.331917e+00
<VARIANCE> 6
 7.350596e+03 4.383309e+02 1.001698e+02 3.674773e+01 1.108016e+01 5.956042e+00
<GCONST> 3.841328e+01
<STATE> 3
<MEAN> 6
 3.350576e+02 2.720249e+01 1.431821e+01 1.171356e+01 5.223973e+00 3.247735e+00
<VARIANCE> 6
 1.671165e+04 8.915369e+02 2.383757e+02 1.359347e+02 2.440489e+01 1.208459e+01
<GCONST> 4.361681e+01
<STATE> 4
<MEAN> 6
 2.624501e+02 1.436787e+01 5.537455e+00 4.749710e+00 2.189433e+00 1.039884e+00
<VARIANCE> 6
 1.510420e+04 3.343393e+02 2.375068e+01 1.371487e+01 2.493145e+00 8.429679e-01
<GCONST> 3.299096e+01
<TRANSP> 5
 0.000000e+00 1.000000e+00 0.000000e+00 0.000000e+00 0.000000e+00
 0.000000e+00 6.479204e-01 3.520797e-01 0.000000e+00 0.000000e+00
 0.000000e+00 0.000000e+00 2.676372e-01 7.323627e-01 0.000000e+00
 0.000000e+00 0.000000e+00 0.000000e+00 4.543267e-01 5.456733e-01
 0.000000e+00 0.000000e+00 0.000000e+00 0.000000e+00 0.000000e+00
<ENDHMM>
~h "bg_board_2"
<BEGINHMM>
<NUMSTATES> 5
<STATE> 2
<MEAN> 6
 2.776343e+02 2.334362e+01 1.175153e+01 1.055452e+01 4.812443e+00 3.026756e+00
<VARIANCE> 6
 6.777876e+03 4.209202e+02 9.008090e+01 4.404853e+01 9.367230e+00 5.105019e+00
<GCONST> 3.804456e+01
<STATE> 3
<MEAN> 6
 2.977742e+02 2.978409e+01 1.751638e+01 1.046778e+01 5.148007e+00 3.277074e+00
<VARIANCE> 6
 9.811116e+03 9.462888e+02 5.559082e+02 7.717284e+01 2.062789e+01 1.226809e+01
<GCONST> 4.327138e+01
<STATE> 4
<MEAN> 6
 2.197622e+02 1.208638e+01 5.137984e+00 3.812749e+00 1.827682e+00 7.301871e-01
<VARIANCE> 6
 1.274134e+04 2.166068e+02 2.051972e+01 9.403022e+00 1.672178e+00 3.511556e-01
<GCONST> 3.058797e+01
<TRANSP> 5
 0.000000e+00 1.000000e+00 0.000000e+00 0.000000e+00 0.000000e+00
 0.000000e+00 6.505314e-01 3.494687e-01 0.000000e+00 0.000000e+00
 0.000000e+00 0.000000e+00 3.179547e-01 6.820453e-01 0.000000e+00
 0.000000e+00 0.000000e+00 0.000000e+00 6.851578e-01 3.148422e-01
 0.000000e+00 0.000000e+00 0.000000e+00 0.000000e+00 0.000000e+00
<ENDHMM>
~h "bg_board_3"
<BEGINHMM>
<NUMSTATES> 5
<STATE> 2
<MEAN> 6
 2.513613e+02 2.297031e+01 1.020471e+01 8.454795e+00 4.165572e+00 2.346995e+00
<VARIANCE> 6
 6.381041e+03 4.056597e+02 8.250986e+01 2.557154e+01 7.065434e+00 3.067732e+00
<GCONST> 3.652441e+01
<STATE> 3
<MEAN> 6
 2.842038e+02 3.197615e+01 8.410860e+00 7.587013e+00 3.119654e+00 1.808520e+00
<VARIANCE> 6
 1.011500e+04 1.487632e+03 7.125649e+01 4.444885e+01 8.254580e+00 3.456266e+00
<GCONST> 3.896556e+01
<STATE> 4
<MEAN> 6
 2.497561e+02 1.428471e+01 5.295157e+00 3.947771e+00 1.867969e+00 7.882311e-01
<VARIANCE> 6
 1.249861e+04 3.021671e+02 2.143349e+01 9.037713e+00 1.360328e+00 3.761960e-01
<GCONST> 3.076806e+01
<TRANSP> 5
 0.000000e+00 1.000000e+00 0.000000e+00 0.000000e+00 0.000000e+00
 0.000000e+00 6.849375e-01 3.150624e-01 0.000000e+00 0.000000e+00
 0.000000e+00 0.000000e+00 2.225221e-01 7.774780e-01 0.000000e+00
 0.000000e+00 0.000000e+00 0.000000e+00 5.545115e-01 4.454885e-01
 0.000000e+00 0.000000e+00 0.000000e+00 0.000000e+00 0.000000e+00
<ENDHMM>
~h "bg_board_4"
<BEGINHMM>
<NUMSTATES> 5
<STATE> 2
<MEAN> 6
 2.261273e+02 1.813159e+01 9.422807e+00 7.282305e+00 3.416450e+00 1.797415e+00
<VARIANCE> 6
 5.911330e+03 2.845269e+02 6.167139e+01 1.820147e+01 3.954544e+00 1.721508e+00
<GCONST> 3.430410e+01
<STATE> 3
<MEAN> 6
 2.854698e+02 3.234654e+01 1.348517e+01 9.708397e+00 4.432154e+00 2.724400e+00
<VARIANCE> 6
 7.387468e+03 8.769443e+02 1.686809e+02 4.826070e+01 1.316950e+01 6.569512e+00
<GCONST> 4.017622e+01
<STATE> 4
<MEAN> 6
 2.693326e+02 1.207122e+01 4.757246e+00 3.328550e+00 1.720961e+00 7.621359e-01
<VARIANCE> 6
 7.664725e+03 2.591881e+02 1.418149e+01 6.595971e+00 1.333079e+00 4.500799e-01
<GCONST> 2.955676e+01
<TRANSP> 5
 0.000000e+00 1.000000e+00 0.000000e+00 0.000000e+00 0.000000e+00
 0.000000e+00 7.868414e-01 2.131586e-01 0.000000e+00 0.000000e+00
 0.000000e+00 0.000000e+00 4.777806e-01 5.222194e-01 0.000000e+00
 0.000000e+00 0.000000e+00 0.000000e+00 6.621466e-01 3.378534e-01
 0.000000e+00 0.000000e+00 0.000000e+00 0.000000e+00 0.000000e+00
<ENDHMM>
~h "bg_board_5"
<BEGINHMM>
<NUMSTATES> 5
<STATE> 2
<MEAN> 6
 2.843368e+02 2.079603e+01 1.042905e+01 7.097558e+00 3.698478e+00 2.133020e+00
<VARIANCE> 6
 6.148801e+03 4.229507e+02 7.545255e+01 1.860439e+01 4.883063e+00 3.059582e+00
<GCONST> 3.574949e+01
<STATE> 3
<MEAN> 6
 3.058870e+02 6.728658e+01 7.668478e+00 1.031264e+01 2.608972e+00 1.595298e+00
<VARIANCE> 6
 8.670192e+03 6.978880e+03 8.268773e+01 6.955610e+01 9.704473e+00 4.883237e+00
<GCONST> 4.146115e+01
<STATE> 4
<MEAN> 6
 3.572161e+02 1.205660e+01 5.796620e+00 3.416250e+00 1.812332e+00 7.598139e-01
<VARIANCE> 6
 6.292563e+03 3.644938e+02 2.521610e+01 9.381793e+00 1.997291e+00 6.153323e-01
<GCONST> 3.134535e+01
<TRANSP> 5
 0.000000e+00 1.000000e+00 0.000000e+00 0.000000e+00 0.000000e+00
 0.000000e+00 6.476967e-01 3.523034e-01 0.000000e+00 0.000000e+00
 0.000000e+00 0.000000e+00 3.614844e-01 6.385155e-01 0.000000e+00
 0.000000e+00 0.000000e+00 0.000000e+00 7.190592e-01 2.809408e-01
 0.000000e+00 0.000000e+00 0.000000e+00 0.000000e+00 0.000000e+00
<ENDHMM>
~h "fp_key"
<BEGINHMM>
<NUMSTATES> 5
<STATE> 2
<MEAN> 6
 2.241422e+02 1.747132e+01 8.052402e+00 3.844440e+00 2.724165e+00 9.968390e-01
<VARIANCE> 6
 1.333570e+04 1.117927e+03 1.075235e+02 4.197663e+01 8.336286e+00 1.254334e+00
<GCONST> 3.830674e+01
<STATE> 3
<MEAN> 6
 3.856483e+02 6.993182e+01 2.752117e+01 1.527464e+01 9.747195e+00 3.361024e+00
<VARIANCE> 6
 2.506029e+04 3.404888e+03 1.867231e+03 1.305874e+02 1.559506e+02 1.652312e+01
<GCONST> 4.954782e+01
<STATE> 4
<MEAN> 6
 2.339339e+02 3.351711e+00 3.151749e+00 1.061247e+00 9.890555e-01 4.467317e-01
<VARIANCE> 6
 1.710845e+04 1.395085e+01 1.394094e+01 9.210525e-01 1.515432e+00 2.500751e-01
<GCONST> 2.499243e+01
<TRANSP> 5
 0.000000e+00 1.000000e+00 0.000000e+00 0.000000e+00 0.000000e+00
 0.000000e+00 6.523069e-01 3.476932e-01 0.000000e+00 0.000000e+00
 0.000000e+00 0.000000e+00 7.938056e-01 2.061944e-01 0.000000e+00
 0.000000e+00 0.000000e+00 0.000000e+00 9.156493e-01 8.435068e-02
 0.000000e+00 0.000000e+00 0.000000e+00 0.000000e+00 0.000000e+00
<ENDHMM>
~h "fp_logo"
<BEGINHMM>
<NUMSTATES> 5
<STATE> 2
<MEAN> 6
 1.716211e+02 2.136496e+01 6.296324e+00 6.002480e+00 2.319129e+00 7.080947e-01
<VARIANCE> 6
 5.741628e+03 5.169313e+02 8.428885e+01 4.591205e+01 8.218710e+00 8.498130e-01
<GCONST> 3.613533e+01
<STATE> 3
<MEAN> 6
 1.584651e+02 2.545072e+01 3.952488e+00 7.209267e+00 1.932259e+00 7.590151e-01
<VARIANCE> 6
 2.885195e+03 2.172290e+03 3.920215e+01 1.354590e+02 5.024323e+00 1.462112e+00
<GCONST> 3.724972e+01
<STATE> 4
<MEAN> 6
 1.378809e+02 3.091681e+00 2.259830e+00 1.214559e+00 1.061537e+00 4.289017e-01
<VARIANCE> 6
 1.684090e+03 8.325207e+00 3.765649e+00 1.083107e+00 9.879682e-01 1.817046e-01
<GCONST> 2.026381e+01
<TRANSP> 5
 0.000000e+00 1.000000e+00 0.000000e+00 0.000000e+00 0.000000e+00
 0.000000e+00 6.004781e-01 3.995219e-01 0.000000e+00 0.000000e+00
 0.000000e+00 0.000000e+00 1.854916e-01 8.145084e-01 0.000000e+00
 0.000000e+00 0.000000e+00 0.000000e+00 8.771743e-01 1.228257e-01
 0.000000e+00 0.000000e+00 0.000000e+00 0.000000e+00 0.000000e+00
<ENDHMM>
