~o
<STREAMINFO> 1 6
<VECSIZE> 6<NULLD><MFCC><DIAGC>
~h "bg_board_0"
<BEGINHMM>
<NUMSTATES> 5
<STATE> 2
<MEAN> 6
 1.890459e+02 1.495278e+01 7.970493e+00 4.705504e+00 2.641622e+00 9.945858e-01
<VARIANCE> 6
 2.650420e+03 2.456047e+02 5.016769e+01 7.691000e+00 2.093723e+00 5.968929e-01
<GCONST> 3.059181e+01
<STATE> 3
<MEAN> 6
 2.059082e+02 3.804403e+01 1.299033e+01 9.032440e+00 4.247998e+00 1.958780e+00
<VARIANCE> 6
 3.283016e+03 1.463678e+03 1.731099e+02 2.770409e+01 8.226336e+00 2.592408e+00
<GCONST> 3.794792e+01
<STATE> 4
<MEAN> 6
 1.832465e+02 1.372594e+01 6.299434e+00 3.512718e+00 2.049756e+00 7.038442e-01
<VARIANCE> 6
 4.744283e+03 2.658029e+02 3.457002e+01 9.696170e+00 1.908993e+00 3.536649e-01
<GCONST> 3.049660e+01
<TRANSP> 5
 0.000000e+00 1.000000e+00 0.000000e+00 0.000000e+00 0.000000e+00
 0.000000e+00 7.588237e-01 2.411762e-01 0.000000e+00 0.000000e+00
 0.000000e+00 0.000000e+00 6.659558e-01 3.340442e-01 0.000000e+00
 0.000000e+00 0.000000e+00 0.000000e+00 7.942402e-01 2.057597e-01
 0.000000e+00 0.000000e+00 0.000000e+00 0.000000e+00 0.000000e+00
<ENDHMM>
