~o
<STREAMINFO> 1 6
<VECSIZE> 6<NULLD><MFCC><DIAGC>
~h "bg_board_4"
<BEGINHMM>
<NUMSTATES> 5
<STATE> 2
<MEAN> 6
 1.898863e+02 2.013912e+01 9.599219e+00 5.718781e+00 3.514115e+00 1.571934e+00
<VARIANCE> 6
 4.997102e+03 4.319417e+02 7.128905e+01 1.329668e+01 4.505195e+00 1.867483e+00
<GCONST> 3.459624e+01
<STATE> 3
<MEAN> 6
 2.617151e+02 4.841481e+01 1.599771e+01 1.246142e+01 5.455598e+00 2.978256e+00
<VARIANCE> 6
 7.856202e+03 2.977603e+03 2.227379e+02 6.849760e+01 1.098183e+01 4.788603e+00
<GCONST> 4.159047e+01
<STATE> 4
<MEAN> 6
 3.063844e+02 2.058733e+01 9.122970e+00 5.975085e+00 3.155725e+00 1.524527e+00
<VARIANCE> 6
 7.185334e+03 5.149279e+02 7.665929e+01 2.458401e+01 4.563783e+00 1.704584e+00
<GCONST> 3.574402e+01
<TRANSP> 5
 0.000000e+00 1.000000e+00 0.000000e+00 0.000000e+00 0.000000e+00
 0.000000e+00 8.389149e-01 1.610851e-01 0.000000e+00 0.000000e+00
 0.000000e+00 0.000000e+00 6.891036e-01 3.108964e-01 0.000000e+00
 0.000000e+00 0.000000e+00 0.000000e+00 7.203262e-01 2.796739e-01
 0.000000e+00 0.000000e+00 0.000000e+00 0.000000e+00 0.000000e+00
<ENDHMM>
