~o
<STREAMINFO> 1 6
<VECSIZE> 6<NULLD><MFCC><DIAGC>
~h "bg_board_1"
<BEGINHMM>
<NUMSTATES> 5
<STATE> 2
<MEAN> 6
 1.740486e+02 2.076775e+01 9.321166e+00 5.464503e+00 2.738947e+00 1.078425e+00
<VARIANCE> 6
 2.881756e+03 3.743930e+02 6.125089e+01 1.219227e+01 2.473317e+00 6.274399e-01
<GCONST> 3.197396e+01
<STATE> 3
<MEAN> 6
 2.178833e+02 4.398238e+01 1.625407e+01 1.018543e+01 4.799695e+00 2.342560e+00
<VARIANCE> 6
 6.006764e+03 1.967475e+03 3.862319e+02 3.664930e+01 2.725425e+01 5.268847e+00
<GCONST> 4.183727e+01
<STATE> 4
<MEAN> 6
 1.739826e+02 1.336299e+01 6.315370e+00 3.475843e+00 1.901583e+00 6.960262e-01
<VARIANCE> 6
 6.805190e+03 2.322659e+02 3.589631e+01 6.907439e+00 1.488537e+00 2.989303e-01
<GCONST> 3.000407e+01
<TRANSP> 5
 0.000000e+00 1.000000e+00 0.000000e+00 0.000000e+00 0.000000e+00
 0.000000e+00 7.568739e-01 2.431261e-01 0.000000e+00 0.000000e+00
 0.000000e+00 0.000000e+00 6.590899e-01 3.409101e-01 0.000000e+00
 0.000000e+00 0.000000e+00 0.000000e+00 8.320339e-01 1.679661e-01
 0.000000e+00 0.000000e+00 0.000000e+00 0.000000e+00 0.000000e+00
<ENDHMM>
