~o
<STREAMINFO> 1 6
<VECSIZE> 6<NULLD><MFCC><DIAGC>
~h "bg_board_2"
<BEGINHMM>
<NUMSTATES> 5
<STATE> 2
<MEAN> 6
 1.444703e+02 1.618815e+01 7.615862e+00 4.139372e+00 2.289400e+00 7.985627e-01
<VARIANCE> 6
 3.460742e+03 2.666040e+02 4.125965e+01 7.685428e+00 2.254267e+00 3.626037e-01
<GCONST> 3.031986e+01
<STATE> 3
<MEAN> 6
 2.122510e+02 4.892514e+01 1.478514e+01 1.192931e+01 4.239097e+00 1.929642e+00
<VARIANCE> 6
 4.461053e+03 3.204529e+03 2.144074e+02 7.487817e+01 1.307277e+01 2.629610e+00
<GCONST> 4.072383e+01
<STATE> 4
<MEAN> 6
 2.380948e+02 2.015018e+01 1.029931e+01 5.624815e+00 2.976877e+00 1.330445e+00
<VARIANCE> 6
 9.609452e+03 5.421523e+02 9.403864e+01 1.818035e+01 4.243731e+00 1.306750e+00
<GCONST> 3.565034e+01
<TRANSP> 5
 0.000000e+00 1.000000e+00 0.000000e+00 0.000000e+00 0.000000e+00
 0.000000e+00 8.392777e-01 1.607223e-01 0.000000e+00 0.000000e+00
 0.000000e+00 0.000000e+00 5.939497e-01 4.060503e-01 0.000000e+00
 0.000000e+00 0.000000e+00 0.000000e+00 7.682683e-01 2.317317e-01
 0.000000e+00 0.000000e+00 0.000000e+00 0.000000e+00 0.000000e+00
<ENDHMM>
