~o
<STREAMINFO> 1 6
<VECSIZE> 6<NULLD><MFCC><DIAGC>
~h "bg_board"
<BEGINHMM>
<NUMSTATES> 5
<STATE> 2
<MEAN> 6
 1.482682e+02 1.715198e+01 9.005865e+00 4.686690e+00 2.705783e+00 1.031031e+00
<VARIANCE> 6
 2.836601e+03 2.403965e+02 7.060132e+01 9.000146e+00 3.230340e+00 7.909257e-01
<GCONST> 3.185224e+01
<STATE> 3
<MEAN> 6
 2.371696e+02 4.324564e+01 1.379890e+01 1.113976e+01 4.786735e+00 2.515834e+00
<VARIANCE> 6
 6.476926e+03 2.393257e+03 2.056189e+02 4.954646e+01 1.305050e+01 4.246148e+00
<GCONST> 4.082745e+01
<STATE> 4
<MEAN> 6
 3.066471e+02 1.344012e+01 6.881895e+00 3.722108e+00 2.547127e+00 1.034216e+00
<VARIANCE> 6
 7.291023e+03 2.236953e+02 4.808651e+01 8.569571e+00 3.331040e+00 9.751074e-01
<GCONST> 3.253124e+01
<TRANSP> 5
 0.000000e+00 1.000000e+00 0.000000e+00 0.000000e+00 0.000000e+00
 0.000000e+00 9.665080e-01 3.349194e-02 0.000000e+00 0.000000e+00
 0.000000e+00 0.000000e+00 9.527959e-01 4.720408e-02 0.000000e+00
 0.000000e+00 0.000000e+00 0.000000e+00 9.472503e-01 5.274969e-02
 0.000000e+00 0.000000e+00 0.000000e+00 0.000000e+00 0.000000e+00
<ENDHMM>
