~o
<STREAMINFO> 1 6
<VECSIZE> 6<NULLD><MFCC><DIAGC>
~h "bg_board_3"
<BEGINHMM>
<NUMSTATES> 5
<STATE> 2
<MEAN> 6
 1.379312e+02 1.921131e+01 9.019166e+00 4.735724e+00 2.645144e+00 9.753036e-01
<VARIANCE> 6
 5.943125e+03 5.221769e+02 7.937646e+01 1.472775e+01 4.168596e+00 8.774788e-01
<GCONST> 3.433607e+01
<STATE> 3
<MEAN> 6
 2.278058e+02 4.883974e+01 1.377554e+01 1.249040e+01 4.929721e+00 2.421622e+00
<VARIANCE> 6
 5.668104e+03 3.256945e+03 1.773989e+02 7.043841e+01 1.079871e+01 3.973415e+00
<GCONST> 4.095061e+01
<STATE> 4
<MEAN> 6
 2.553901e+02 1.849176e+01 8.212041e+00 4.986229e+00 2.829295e+00 1.212233e+00
<VARIANCE> 6
 1.165122e+04 4.530530e+02 6.513426e+01 1.585789e+01 3.568853e+00 1.556914e+00
<GCONST> 3.516151e+01
<TRANSP> 5
 0.000000e+00 1.000000e+00 0.000000e+00 0.000000e+00 0.000000e+00
 0.000000e+00 7.788059e-01 2.211941e-01 0.000000e+00 0.000000e+00
 0.000000e+00 0.000000e+00 6.478544e-01 3.521456e-01 0.000000e+00
 0.000000e+00 0.000000e+00 0.000000e+00 7.844527e-01 2.155474e-01
 0.000000e+00 0.000000e+00 0.000000e+00 0.000000e+00 0.000000e+00
<ENDHMM>
