~o
<STREAMINFO> 1 6
<VECSIZE> 6<NULLD><MFCC><DIAGC>
~h "bg_board_5"
<BEGINHMM>
<NUMSTATES> 5
<STATE> 2
<MEAN> 6
 2.820972e+02 2.317732e+01 1.101716e+01 7.436443e+00 4.237545e+00 2.286123e+00
<VARIANCE> 6
 8.362494e+03 4.588560e+02 9.106569e+01 2.253513e+01 6.054301e+00 2.846007e+00
<GCONST> 3.666085e+01
<STATE> 3
<MEAN> 6
 2.836068e+02 5.236595e+01 1.789672e+01 1.223085e+01 5.990134e+00 3.207230e+00
<VARIANCE> 6
 6.573768e+03 3.597439e+03 3.254181e+02 6.307244e+01 2.091864e+01 7.754610e+00
<GCONST> 4.302440e+01
<STATE> 4
<MEAN> 6
 3.186434e+02 1.582686e+01 6.920153e+00 4.793443e+00 3.084581e+00 1.451053e+00
<VARIANCE> 6
 1.173195e+04 3.990508e+02 4.131944e+01 1.301288e+01 4.091603e+00 1.698256e+00
<GCONST> 3.461223e+01
<TRANSP> 5
 0.000000e+00 1.000000e+00 0.000000e+00 0.000000e+00 0.000000e+00
 0.000000e+00 7.508784e-01 2.491217e-01 0.000000e+00 0.000000e+00
 0.000000e+00 0.000000e+00 5.541204e-01 4.458796e-01 0.000000e+00
 0.000000e+00 0.000000e+00 0.000000e+00 8.258792e-01 1.741208e-01
 0.000000e+00 0.000000e+00 0.000000e+00 0.000000e+00 0.000000e+00
<ENDHMM>
