~o
<STREAMINFO> 1 6
<VECSIZE> 6<NULLD><MFCC><DIAGC>
~h "bg_dark_0_0"
<BEGINHMM>
<NUMSTATES> 5
<STATE> 2
<MEAN> 6
 1.891448e+02 1.502967e+01 8.890363e+00 3.574226e+00 2.517337e+00 9.350508e-01
<VARIANCE> 6
 5.771087e+03 8.472474e+02 6.673217e+01 1.434585e+01 1.938208e+00 5.720912e-01
<GCONST> 3.339732e+01
<STATE> 3
<MEAN> 6
 1.563024e+02 3.326258e+01 1.337325e+01 8.366531e+00 4.131306e+00 2.244395e+00
<VARIANCE> 6
 6.034207e+03 2.658933e+03 1.086354e+02 1.510936e+02 5.483015e+00 2.865440e+00
<GCONST> 4.007841e+01
<STATE> 4
<MEAN> 6
 1.694794e+02 8.582024e+00 1.046193e+01 2.657809e+00 2.855465e+00 9.499563e-01
<VARIANCE> 6
 5.216221e+03 9.071190e+01 8.991091e+01 2.936897e+00 2.895210e+00 4.674246e-01
<GCONST> 2.997319e+01
<TRANSP> 5
 0.000000e+00 1.000000e+00 0.000000e+00 0.000000e+00 0.000000e+00
 0.000000e+00 6.834877e-01 3.165123e-01 0.000000e+00 0.000000e+00
 0.000000e+00 0.000000e+00 4.984054e-01 5.015947e-01 0.000000e+00
 0.000000e+00 0.000000e+00 0.000000e+00 8.539490e-01 1.460510e-01
 0.000000e+00 0.000000e+00 0.000000e+00 0.000000e+00 0.000000e+00
<ENDHMM>
