~o
<STREAMINFO> 1 6
<VECSIZE> 6<NULLD><MFCC><DIAGC>
~h "bg_dark_0_4"
<BEGINHMM>
<NUMSTATES> 5
<STATE> 2
<MEAN> 6
 1.031893e+02 1.134841e+01 7.137002e+00 2.528816e+00 2.434602e+00 9.582828e-01
<VARIANCE> 6
 2.471993e+03 2.175029e+02 4.619696e+01 4.092477e+00 4.008735e+00 8.656693e-01
<GCONST> 3.070854e+01
<STATE> 3
<MEAN> 6
 1.546961e+02 1.610772e+01 1.988037e+01 4.712440e+00 5.260444e+00 2.591780e+00
<VARIANCE> 6
 5.590712e+03 1.669754e+02 2.558605e+02 7.950029e+00 1.084323e+01 4.081399e+00
<GCONST> 3.618176e+01
<STATE> 4
<MEAN> 6
 7.852563e+01 7.896164e+00 8.460685e+00 1.786719e+00 2.035826e+00 5.346194e-01
<VARIANCE> 6
 1.541723e+03 8.498323e+01 8.396905e+01 2.876629e+00 3.135641e+00 2.315418e-01
<GCONST> 2.797728e+01
<TRANSP> 5
 0.000000e+00 1.000000e+00 0.000000e+00 0.000000e+00 0.000000e+00
 0.000000e+00 7.689695e-01 2.310305e-01 0.000000e+00 0.000000e+00
 0.000000e+00 0.000000e+00 6.721130e-01 3.278870e-01 0.000000e+00
 0.000000e+00 0.000000e+00 0.000000e+00 8.221191e-01 1.778810e-01
 0.000000e+00 0.000000e+00 0.000000e+00 0.000000e+00 0.000000e+00
<ENDHMM>
