~o
<STREAMINFO> 1 6
<VECSIZE> 6<NULLD><MFCC><DIAGC>
~h "bg_dark_0_1"
<BEGINHMM>
<NUMSTATES> 5
<STATE> 2
<MEAN> 6
 1.547340e+02 8.737216e+00 7.058179e+00 2.149261e+00 2.390842e+00 8.528712e-01
<VARIANCE> 6
 6.091068e+03 1.116047e+02 4.337433e+01 2.076614e+00 2.958979e+00 4.189114e-01
<GCONST> 2.917216e+01
<STATE> 3
<MEAN> 6
 1.348833e+02 2.438998e+01 1.656423e+01 5.111767e+00 3.755460e+00 1.635736e+00
<VARIANCE> 6
 3.255310e+03 4.621760e+02 2.942505e+02 8.020441e+00 7.707437e+00 1.856314e+00
<GCONST> 3.567846e+01
<STATE> 4
<MEAN> 6
 1.430767e+02 7.889857e+00 8.648092e+00 1.950818e+00 2.281956e+00 6.782415e-01
<VARIANCE> 6
 7.495540e+03 8.824689e+01 1.019616e+02 2.000276e+00 3.091867e+00 4.351325e-01
<GCONST> 3.004402e+01
<TRANSP> 5
 0.000000e+00 1.000000e+00 0.000000e+00 0.000000e+00 0.000000e+00
 0.000000e+00 7.603394e-01 2.396607e-01 0.000000e+00 0.000000e+00
 0.000000e+00 0.000000e+00 6.280726e-01 3.719274e-01 0.000000e+00
 0.000000e+00 0.000000e+00 0.000000e+00 8.371001e-01 1.629000e-01
 0.000000e+00 0.000000e+00 0.000000e+00 0.000000e+00 0.000000e+00
<ENDHMM>
