~o
<STREAMINFO> 1 6
<VECSIZE> 6<NULLD><MFCC><DIAGC>
~h "bg_dark_0_5"
<BEGINHMM>
<NUMSTATES> 5
<STATE> 2
<MEAN> 6
 1.144213e+02 9.828169e+00 9.256753e+00 2.382850e+00 2.309284e+00 5.975104e-01
<VARIANCE> 6
 4.929195e+03 1.179215e+02 9.549536e+01 3.508906e+00 3.837865e+00 2.902258e-01
<GCONST> 3.022241e+01
<STATE> 3
<MEAN> 6
 1.237237e+02 1.845251e+01 1.414685e+01 5.526117e+00 5.492904e+00 2.102139e+00
<VARIANCE> 6
 2.215145e+03 2.748892e+02 1.642141e+02 1.339796e+01 1.127980e+01 2.780401e+00
<GCONST> 3.548858e+01
<STATE> 4
<MEAN> 6
 6.427132e+01 7.360077e+00 4.798590e+00 1.887967e+00 1.683080e+00 5.580483e-01
<VARIANCE> 6
 1.043601e+03 7.358180e+01 2.156116e+01 2.698756e+00 3.692318e+00 6.025516e-01
<GCONST> 2.713945e+01
<TRANSP> 5
 0.000000e+00 1.000000e+00 0.000000e+00 0.000000e+00 0.000000e+00
 0.000000e+00 7.407203e-01 2.592797e-01 0.000000e+00 0.000000e+00
 0.000000e+00 0.000000e+00 7.348541e-01 2.651459e-01 0.000000e+00
 0.000000e+00 0.000000e+00 0.000000e+00 7.712535e-01 2.287465e-01
 0.000000e+00 0.000000e+00 0.000000e+00 0.000000e+00 0.000000e+00
<ENDHMM>
