~o
<STREAMINFO> 1 6
<VECSIZE> 6<NULLD><MFCC><DIAGC>
~h "bg_dark_0_3"
<BEGINHMM>
<NUMSTATES> 5
<STATE> 2
<MEAN> 6
 8.985170e+01 9.603065e+00 7.920044e+00 3.427823e+00 2.748390e+00 1.227554e+00
<VARIANCE> 6
 2.054380e+03 9.020982e+01 5.179234e+01 6.167812e+00 3.924234e+00 1.615582e+00
<GCONST> 3.077058e+01
<STATE> 3
<MEAN> 6
 1.782197e+02 2.275742e+01 1.590878e+01 5.657171e+00 5.364541e+00 2.155108e+00
<VARIANCE> 6
 8.753099e+03 4.718178e+02 1.696142e+02 1.529811e+01 1.379939e+01 3.950479e+00
<GCONST> 3.812073e+01
<STATE> 4
<MEAN> 6
 1.223535e+02 1.044271e+01 8.454163e+00 2.438282e+00 2.681676e+00 9.490876e-01
<VARIANCE> 6
 3.016811e+03 1.403373e+02 5.506887e+01 2.880427e+00 3.368624e+00 7.288967e-01
<GCONST> 2.994807e+01
<TRANSP> 5
 0.000000e+00 1.000000e+00 0.000000e+00 0.000000e+00 0.000000e+00
 0.000000e+00 7.751976e-01 2.248024e-01 0.000000e+00 0.000000e+00
 0.000000e+00 0.000000e+00 6.645481e-01 3.354519e-01 0.000000e+00
 0.000000e+00 0.000000e+00 0.000000e+00 7.812102e-01 2.187898e-01
 0.000000e+00 0.000000e+00 0.000000e+00 0.000000e+00 0.000000e+00
<ENDHMM>
