~o
<STREAMINFO> 1 6
<VECSIZE> 6<NULLD><MFCC><DIAGC>
~h "bg_dark_0_2"
<BEGINHMM>
<NUMSTATES> 5
<STATE> 2
<MEAN> 6
 1.543850e+02 1.298228e+01 9.692167e+00 2.917258e+00 3.123737e+00 9.653258e-01
<VARIANCE> 6
 5.510155e+03 2.099171e+02 1.155898e+02 3.700217e+00 5.610800e+00 8.196756e-01
<GCONST> 3.257261e+01
<STATE> 3
<MEAN> 6
 1.388343e+02 2.040735e+01 1.646726e+01 4.900418e+00 4.943119e+00 2.504035e+00
<VARIANCE> 6
 2.959987e+03 3.337145e+02 2.346459e+02 1.148483e+01 1.122249e+01 4.030286e+00
<GCONST> 3.654135e+01
<STATE> 4
<MEAN> 6
 1.026148e+02 9.230895e+00 7.147177e+00 2.513849e+00 1.991150e+00 7.648920e-01
<VARIANCE> 6
 3.771811e+03 9.405286e+01 5.697646e+01 4.867765e+00 2.746222e+00 9.503536e-01
<GCONST> 3.039101e+01
<TRANSP> 5
 0.000000e+00 1.000000e+00 0.000000e+00 0.000000e+00 0.000000e+00
 0.000000e+00 7.847248e-01 2.152753e-01 0.000000e+00 0.000000e+00
 0.000000e+00 0.000000e+00 6.674508e-01 3.325491e-01 0.000000e+00
 0.000000e+00 0.000000e+00 0.000000e+00 8.130040e-01 1.869960e-01
 0.000000e+00 0.000000e+00 0.000000e+00 0.000000e+00 0.000000e+00
<ENDHMM>
