~o
<STREAMINFO> 1 6
<VECSIZE> 6<NULLD><MFCC><DIAGC>
~h "bg_dark_0"
<BEGINHMM>
<NUMSTATES> 5
<STATE> 2
<MEAN> 6
 1.637954e+02 1.016722e+01 1.128846e+01 2.858411e+00 3.200539e+00 1.071827e+00
<VARIANCE> 6
 5.609522e+03 1.617288e+02 1.387046e+02 5.113184e+00 5.695137e+00 8.607715e-01
<GCONST> 3.289926e+01
<STATE> 3
<MEAN> 6
 1.190605e+02 2.962079e+01 1.218463e+01 6.885938e+00 4.484318e+00 2.258911e+00
<VARIANCE> 6
 3.271908e+03 9.881910e+02 1.444299e+02 4.468980e+01 1.115780e+01 4.435228e+00
<GCONST> 3.869053e+01
<STATE> 4
<MEAN> 6
 8.240824e+01 9.577822e+00 7.524392e+00 2.345461e+00 2.159018e+00 8.666780e-01
<VARIANCE> 6
 1.924671e+03 1.180074e+02 6.049901e+01 3.645802e+00 3.895740e+00 1.298306e+00
<GCONST> 3.037767e+01
<TRANSP> 5
 0.000000e+00 1.000000e+00 0.000000e+00 0.000000e+00 0.000000e+00
 0.000000e+00 9.724802e-01 2.751987e-02 0.000000e+00 0.000000e+00
 0.000000e+00 0.000000e+00 8.914685e-01 1.085315e-01 0.000000e+00
 0.000000e+00 0.000000e+00 0.000000e+00 9.590980e-01 4.090196e-02
 0.000000e+00 0.000000e+00 0.000000e+00 0.000000e+00 0.000000e+00
<ENDHMM>
