~o
<STREAMINFO> 1 6
<VECSIZE> 6<NULLD><MFCC><DIAGC>
~h "bg_red_0_2"
<BEGINHMM>
<NUMSTATES> 5
<STATE> 2
<MEAN> 6
 3.736906e+02 1.177605e+01 3.208851e+00 4.063123e+00 1.856369e+00 1.227118e+00
<VARIANCE> 6
 9.104045e+03 1.009966e+03 9.937725e+00 3.667509e+01 1.775565e+00 2.272836e+00
<GCONST> 3.435500e+01
<STATE> 3
<MEAN> 6
 4.868863e+02 4.288044e+01 3.944676e+00 1.846442e+01 2.289560e+00 2.128427e+00
<VARIANCE> 6
 3.645799e+04 4.079205e+03 1.417985e+01 5.355352e+02 2.196525e+00 5.701799e+00
<GCONST> 4.130758e+01
<STATE> 4
<MEAN> 6
 3.339962e+02 5.039374e+00 2.521569e+00 2.167975e+00 1.380002e+00 1.351968e+00
<VARIANCE> 6
 1.718324e+03 2.607520e+02 4.609758e+00 1.123786e+01 1.459686e+00 5.125470e+00
<GCONST> 2.999985e+01
<TRANSP> 5
 0.000000e+00 1.000000e+00 0.000000e+00 0.000000e+00 0.000000e+00
 0.000000e+00 1.776639e-01 8.223361e-01 0.000000e+00 0.000000e+00
 0.000000e+00 0.000000e+00 5.130192e-01 4.869808e-01 0.000000e+00
 0.000000e+00 0.000000e+00 0.000000e+00 8.972302e-01 1.027698e-01
 0.000000e+00 0.000000e+00 0.000000e+00 0.000000e+00 0.000000e+00
<ENDHMM>
