~o
<STREAMINFO> 1 6
<VECSIZE> 6<NULLD><MFCC><DIAGC>
~h "bg_red_0_3"
<BEGINHMM>
<NUMSTATES> 5
<STATE> 2
<MEAN> 6
 3.020280e+02 1.837633e+01 2.448709e+00 5.108101e+00 1.062377e+00 8.749744e-01
<VARIANCE> 6
 9.551506e+03 1.144123e+03 4.352953e+00 4.171540e+01 1.658729e+00 2.240643e+00
<GCONST> 3.374865e+01
<STATE> 3
<MEAN> 6
 5.195787e+02 5.088338e+01 3.883434e+00 1.658744e+01 1.035564e+00 9.092757e-01
<VARIANCE> 6
 4.836923e+04 7.195306e+03 1.047755e+01 5.906133e+02 5.107903e-01 7.277368e-01
<GCONST> 3.843585e+01
<STATE> 4
<MEAN> 6
 3.112836e+02 5.033039e+00 1.829047e+00 1.835898e+00 1.378559e+00 7.718849e-01
<VARIANCE> 6
 4.285043e+03 3.235067e+01 3.030586e+00 4.132126e+00 1.333305e+00 1.309164e+00
<GCONST> 2.595138e+01
<TRANSP> 5
 0.000000e+00 1.000000e+00 0.000000e+00 0.000000e+00 0.000000e+00
 0.000000e+00 5.675951e-01 4.324050e-01 0.000000e+00 0.000000e+00
 0.000000e+00 0.000000e+00 4.651800e-01 5.348200e-01 0.000000e+00
 0.000000e+00 0.000000e+00 0.000000e+00 8.720829e-01 1.279171e-01
 0.000000e+00 0.000000e+00 0.000000e+00 0.000000e+00 0.000000e+00
<ENDHMM>
