~o
<STREAMINFO> 1 6
<VECSIZE> 6<NULLD><MFCC><DIAGC>
~h "bg_red_0_4"
<BEGINHMM>
<NUMSTATES> 5
<STATE> 2
<MEAN> 6
 2.842178e+02 5.930946e+00 1.842298e+00 1.763672e+00 8.290671e-01 4.102781e-01
<VARIANCE> 6
 6.062488e+03 4.368333e+01 2.573967e+00 5.220788e+00 5.044054e-01 4.020018e-01
<GCONST> 2.451653e+01
<STATE> 3
<MEAN> 6
 3.624458e+02 5.623471e+01 4.470830e+00 1.919488e+01 1.040791e+00 1.331929e+00
<VARIANCE> 6
 1.658294e+04 4.789416e+03 2.452983e+01 4.580669e+02 4.230193e-01 3.671779e+00
<GCONST> 3.898480e+01
<STATE> 4
<MEAN> 6
 4.087774e+02 1.560339e+01 2.543169e+00 5.110029e+00 1.232274e+00 1.254647e+00
<VARIANCE> 6
 5.083921e+04 9.948746e+02 5.653452e+00 5.560212e+01 1.034515e+00 3.334544e+00
<GCONST> 3.575506e+01
<TRANSP> 5
 0.000000e+00 1.000000e+00 0.000000e+00 0.000000e+00 0.000000e+00
 0.000000e+00 8.485719e-01 1.514281e-01 0.000000e+00 0.000000e+00
 0.000000e+00 0.000000e+00 5.090371e-01 4.909629e-01 0.000000e+00
 0.000000e+00 0.000000e+00 0.000000e+00 7.706102e-01 2.293898e-01
 0.000000e+00 0.000000e+00 0.000000e+00 0.000000e+00 0.000000e+00
<ENDHMM>
