~o
<STREAMINFO> 1 6
<VECSIZE> 6<NULLD><MFCC><DIAGC>
~h "bg_red_0"
<BEGINHMM>
<NUMSTATES> 5
<STATE> 2
<MEAN> 6
 3.642986e+02 1.074117e+01 3.431899e+00 5.481650e+00 2.698381e+00 3.409176e+00
<VARIANCE> 6
 3.006443e+03 3.829115e+02 1.339913e+01 3.981354e+01 3.176033e+00 9.577501e+00
<GCONST> 3.467802e+01
<STATE> 3
<MEAN> 6
 6.044399e+02 8.944392e+01 7.445065e+00 2.741855e+01 3.787938e+00 3.233229e+00
<VARIANCE> 6
 2.710406e+04 6.512360e+03 1.183938e+02 5.309874e+02 6.035889e+01 2.714593e+01
<GCONST> 4.846645e+01
<STATE> 4
<MEAN> 6
 3.409875e+02 6.172642e+00 2.565630e+00 2.144470e+00 9.877104e-01 4.686944e-01
<VARIANCE> 6
 1.609459e+04 8.259231e+01 8.376151e+00 1.292227e+01 8.761943e-01 2.618907e-01
<GCONST> 2.833976e+01
<TRANSP> 5
 0.000000e+00 1.000000e+00 0.000000e+00 0.000000e+00 0.000000e+00
 0.000000e+00 9.515095e-01 4.849055e-02 0.000000e+00 0.000000e+00
 0.000000e+00 0.000000e+00 8.493814e-01 1.506186e-01 0.000000e+00
 0.000000e+00 0.000000e+00 0.000000e+00 9.766017e-01 2.339831e-02
 0.000000e+00 0.000000e+00 0.000000e+00 0.000000e+00 0.000000e+00
<ENDHMM>
