~o
<STREAMINFO> 1 6
<VECSIZE> 6<NULLD><MFCC><DIAGC>
~h "bg_red_0_5"
<BEGINHMM>
<NUMSTATES> 5
<STATE> 2
<MEAN> 6
 2.919169e+02 1.653368e+01 4.128942e+00 5.310365e+00 1.298944e+00 1.313385e+00
<VARIANCE> 6
 8.157974e+03 9.062053e+02 1.283112e+01 4.956560e+01 8.590969e-01 3.146115e+00
<GCONST> 3.429274e+01
<STATE> 3
<MEAN> 6
 4.402315e+02 8.244836e+01 7.312556e+00 2.385309e+01 2.746881e+00 2.286411e+00
<VARIANCE> 6
 2.737187e+04 7.706562e+03 1.013141e+02 6.250530e+02 1.598833e+01 9.102883e+00
<GCONST> 4.623087e+01
<STATE> 4
<MEAN> 6
 3.931766e+02 4.818039e+00 1.999021e+00 2.106732e+00 7.141092e-01 4.869040e-01
<VARIANCE> 6
 3.320129e+04 1.466181e+02 6.913306e+00 5.269368e+01 4.874011e-01 4.051407e-01
<GCONST> 3.070119e+01
<TRANSP> 5
 0.000000e+00 1.000000e+00 0.000000e+00 0.000000e+00 0.000000e+00
 0.000000e+00 7.812150e-01 2.187851e-01 0.000000e+00 0.000000e+00
 0.000000e+00 0.000000e+00 5.153295e-01 4.846705e-01 0.000000e+00
 0.000000e+00 0.000000e+00 0.000000e+00 8.136431e-01 1.863569e-01
 0.000000e+00 0.000000e+00 0.000000e+00 0.000000e+00 0.000000e+00
<ENDHMM>
