~o
<STREAMINFO> 1 6
<VECSIZE> 6<NULLD><MFCC><DIAGC>
~h "bg_red_0_1"
<BEGINHMM>
<NUMSTATES> 5
<STATE> 2
<MEAN> 6
 4.549331e+02 1.060888e+01 3.838966e+00 4.897404e+00 1.909213e+00 2.389064e+00
<VARIANCE> 6
 1.897201e+04 6.774995e+02 7.859298e+00 3.218934e+01 2.299943e+00 6.983811e+00
<GCONST> 3.570621e+01
<STATE> 3
<MEAN> 6
 5.156005e+02 4.705613e+01 7.722226e+00 1.461027e+01 7.089354e+00 6.594768e+00
<VARIANCE> 6
 3.283950e+04 2.591588e+03 7.345168e+01 1.203101e+02 1.285306e+02 5.837814e+01
<GCONST> 4.729649e+01
<STATE> 4
<MEAN> 6
 3.636642e+02 4.783964e+00 2.580685e+00 2.392116e+00 1.909553e+00 1.987526e+00
<VARIANCE> 6
 1.824968e+03 1.513330e+02 3.733436e+00 9.342183e+00 2.880799e+00 8.582244e+00
<GCONST> 3.031570e+01
<TRANSP> 5
 0.000000e+00 1.000000e+00 0.000000e+00 0.000000e+00 0.000000e+00
 0.000000e+00 3.231373e-01 6.768627e-01 0.000000e+00 0.000000e+00
 0.000000e+00 0.000000e+00 5.455731e-01 4.544270e-01 0.000000e+00
 0.000000e+00 0.000000e+00 0.000000e+00 8.927271e-01 1.072728e-01
 0.000000e+00 0.000000e+00 0.000000e+00 0.000000e+00 0.000000e+00
<ENDHMM>
