~o
<STREAMINFO> 1 6
<VECSIZE> 6<NULLD><MFCC><DIAGC>
~h "bg_red_0_0"
<BEGINHMM>
<NUMSTATES> 5
<STATE> 2
<MEAN> 6
 4.212049e+02 1.128195e+01 6.165630e+00 4.686427e+00 2.816072e+00 1.809826e+00
<VARIANCE> 6
 5.180909e+03 2.464169e+02 4.182735e+01 4.225114e+01 4.753778e+00 3.216691e+00
<GCONST> 3.529150e+01
<STATE> 3
<MEAN> 6
 5.703294e+02 3.657767e+01 6.917825e+00 1.247211e+01 2.716606e+00 2.061047e+00
<VARIANCE> 6
 2.811798e+04 1.951814e+03 1.924191e+02 1.440737e+02 2.361859e+01 5.212506e+00
<GCONST> 4.389104e+01
<STATE> 4
<MEAN> 6
 3.821198e+02 6.693651e+00 3.022859e+00 4.013679e+00 2.260344e+00 3.000952e+00
<VARIANCE> 6
 4.176211e+03 2.117048e+02 5.739629e+00 1.739846e+01 3.314956e+00 1.183825e+01
<GCONST> 3.299317e+01
<TRANSP> 5
 0.000000e+00 1.000000e+00 0.000000e+00 0.000000e+00 0.000000e+00
 0.000000e+00 7.074820e-01 2.925179e-01 0.000000e+00 0.000000e+00
 0.000000e+00 0.000000e+00 5.925848e-01 4.074153e-01 0.000000e+00
 0.000000e+00 0.000000e+00 0.000000e+00 8.367855e-01 1.632145e-01
 0.000000e+00 0.000000e+00 0.000000e+00 0.000000e+00 0.000000e+00
<ENDHMM>
