~o
<STREAMINFO> 1 6
<VECSIZE> 6<NULLD><MFCC><DIAGC>
~h "bg_white_0_5"
<BEGINHMM>
<NUMSTATES> 5
<STATE> 2
<MEAN> 6
 7.624200e+02 5.015641e+00 3.585200e+00 2.074493e+00 2.600944e+00 1.541142e+00
<VARIANCE> 6
 3.587315e+03 2.416454e+02 5.815141e+01 2.077031e+01 3.771912e+01 1.501054e+01
<GCONST> 3.813539e+01
<STATE> 3
<MEAN> 6
 6.530169e+02 4.076122e+01 4.267825e+01 1.568039e+01 2.203551e+01 1.205690e+01
<VARIANCE> 6
 1.755544e+04 2.266166e+03 3.451698e+03 2.017714e+02 2.816100e+02 1.450411e+02
<GCONST> 5.259752e+01
<STATE> 4
<MEAN> 6
 5.948248e+02 5.570731e+00 8.589002e+00 2.310593e+00 3.382159e+00 1.376995e+00
<VARIANCE> 6
 5.546415e+04 2.288425e+02 8.605959e+02 2.710812e+01 5.826835e+01 1.506046e+01
<GCONST> 4.421838e+01
<TRANSP> 5
 0.000000e+00 1.000000e+00 0.000000e+00 0.000000e+00 0.000000e+00
 0.000000e+00 8.517399e-01 1.482601e-01 0.000000e+00 0.000000e+00
 0.000000e+00 0.000000e+00 5.794625e-01 4.205375e-01 0.000000e+00
 0.000000e+00 0.000000e+00 0.000000e+00 6.524383e-01 3.475617e-01
 0.000000e+00 0.000000e+00 0.000000e+00 0.000000e+00 0.000000e+00
<ENDHMM>
