~o
<STREAMINFO> 1 6
<VECSIZE> 6<NULLD><MFCC><DIAGC>
~h "bg_white_0_0"
<BEGINHMM>
<NUMSTATES> 5
<STATE> 2
<MEAN> 6
 7.362642e+02 2.314980e+00 9.740388e+00 1.083130e+00 2.415251e+00 6.473266e-01
<VARIANCE> 6
 1.021520e+04 3.607512e+01 1.002677e+03 3.900779e+00 3.577377e+01 1.155348e+00
<GCONST> 3.583772e+01
<STATE> 3
<MEAN> 6
 6.970955e+02 4.455123e+01 2.264922e+01 1.592819e+01 1.887422e+01 1.298253e+01
<VARIANCE> 6
 6.463456e+03 1.994979e+03 7.098314e+02 1.535726e+02 2.643265e+02 1.485609e+02
<GCONST> 4.957695e+01
<STATE> 4
<MEAN> 6
 7.435583e+02 2.311830e+01 8.237208e+00 9.459430e+00 8.660397e+00 6.636599e+00
<VARIANCE> 6
 3.391205e+03 1.078708e+03 1.468718e+02 1.120142e+02 1.260612e+02 5.947293e+01
<GCONST> 4.477020e+01
<TRANSP> 5
 0.000000e+00 1.000000e+00 0.000000e+00 0.000000e+00 0.000000e+00
 0.000000e+00 8.640282e-01 1.359718e-01 0.000000e+00 0.000000e+00
 0.000000e+00 0.000000e+00 5.546544e-01 4.453456e-01 0.000000e+00
 0.000000e+00 0.000000e+00 0.000000e+00 5.833481e-01 4.166519e-01
 0.000000e+00 0.000000e+00 0.000000e+00 0.000000e+00 0.000000e+00
<ENDHMM>
