~o
<STREAMINFO> 1 6
<VECSIZE> 6<NULLD><MFCC><DIAGC>
~h "bg_white_0"
<BEGINHMM>
<NUMSTATES> 5
<STATE> 2
<MEAN> 6
 7.524874e+02 2.654127e+00 5.017579e+00 1.351370e+00 1.766306e+00 9.970540e-01
<VARIANCE> 6
 4.828107e+03 2.413787e+01 4.262364e+02 3.850940e+00 1.721156e+01 2.649039e+00
<GCONST> 3.391635e+01
<STATE> 3
<MEAN> 6
 7.110836e+02 4.408447e+01 1.861317e+01 1.640571e+01 1.685687e+01 1.219987e+01
<VARIANCE> 6
 5.543311e+03 1.862180e+03 4.499782e+02 1.433618e+02 2.169601e+02 1.141715e+02
<GCONST> 4.836910e+01
<STATE> 4
<MEAN> 6
 7.224259e+02 3.921089e+00 6.514918e+00 1.956355e+00 2.681405e+00 1.400212e+00
<VARIANCE> 6
 2.391104e+04 6.750492e+01 6.147228e+02 1.116265e+01 3.415751e+01 6.928515e+00
<GCONST> 3.962193e+01
<TRANSP> 5
 0.000000e+00 1.000000e+00 0.000000e+00 0.000000e+00 0.000000e+00
 0.000000e+00 9.447683e-01 5.523171e-02 0.000000e+00 0.000000e+00
 0.000000e+00 0.000000e+00 9.681229e-01 3.187708e-02 0.000000e+00
 0.000000e+00 0.000000e+00 0.000000e+00 9.512765e-01 4.872350e-02
 0.000000e+00 0.000000e+00 0.000000e+00 0.000000e+00 0.000000e+00
<ENDHMM>
