~o
<STREAMINFO> 1 6
<VECSIZE> 6<NULLD><MFCC><DIAGC>
~h "bg_white_0_4"
<BEGINHMM>
<NUMSTATES> 5
<STATE> 2
<MEAN> 6
 6.965864e+02 1.745529e+01 9.473886e+00 7.659778e+00 6.851416e+00 4.956622e+00
<VARIANCE> 6
 3.188022e+04 7.027118e+02 2.675445e+02 9.296824e+01 9.241444e+01 4.673460e+01
<GCONST> 4.644426e+01
<STATE> 3
<MEAN> 6
 6.973360e+02 4.990699e+01 2.070457e+01 1.763380e+01 1.784153e+01 1.290075e+01
<VARIANCE> 6
 6.602885e+03 1.860045e+03 4.352130e+02 1.414939e+02 2.226580e+02 1.216307e+02
<GCONST> 4.858559e+01
<STATE> 4
<MEAN> 6
 7.608397e+02 5.142683e+00 2.834885e+00 2.329122e+00 2.322312e+00 1.753476e+00
<VARIANCE> 6
 3.624230e+03 2.112483e+02 4.695509e+01 1.924951e+01 3.446815e+01 1.464653e+01
<GCONST> 3.760661e+01
<TRANSP> 5
 0.000000e+00 1.000000e+00 0.000000e+00 0.000000e+00 0.000000e+00
 0.000000e+00 5.207473e-01 4.792527e-01 0.000000e+00 0.000000e+00
 0.000000e+00 0.000000e+00 7.440761e-01 2.559240e-01 0.000000e+00
 0.000000e+00 0.000000e+00 0.000000e+00 8.572652e-01 1.427347e-01
 0.000000e+00 0.000000e+00 0.000000e+00 0.000000e+00 0.000000e+00
<ENDHMM>
