~o
<STREAMINFO> 1 6
<VECSIZE> 6<NULLD><MFCC><DIAGC>
~h "bg_white_0_3"
<BEGINHMM>
<NUMSTATES> 5
<STATE> 2
<MEAN> 6
 7.192395e+02 3.319667e+01 1.264362e+01 1.170474e+01 1.216141e+01 8.425135e+00
<VARIANCE> 6
 1.254498e+04 1.204019e+03 2.071956e+02 8.520512e+01 1.260330e+02 5.247937e+01
<GCONST> 4.613345e+01
<STATE> 3
<MEAN> 6
 6.767939e+02 5.284472e+01 2.361276e+01 2.078174e+01 2.135571e+01 1.580288e+01
<VARIANCE> 6
 8.298838e+03 2.646333e+03 5.406959e+02 1.874120e+02 2.757560e+02 1.677676e+02
<GCONST> 5.020033e+01
<STATE> 4
<MEAN> 6
 7.626401e+02 8.002215e+00 4.701665e+00 3.996085e+00 3.570467e+00 2.888999e+00
<VARIANCE> 6
 2.464307e+03 2.870331e+02 1.174484e+02 4.068477e+01 4.195142e+01 2.318020e+01
<GCONST> 3.984819e+01
<TRANSP> 5
 0.000000e+00 1.000000e+00 0.000000e+00 0.000000e+00 0.000000e+00
 0.000000e+00 7.085812e-01 2.914188e-01 0.000000e+00 0.000000e+00
 0.000000e+00 0.000000e+00 6.506365e-01 3.493635e-01 0.000000e+00
 0.000000e+00 0.000000e+00 0.000000e+00 8.247511e-01 1.752490e-01
 0.000000e+00 0.000000e+00 0.000000e+00 0.000000e+00 0.000000e+00
<ENDHMM>
