~o
<STREAMINFO> 1 6
<VECSIZE> 6<NULLD><MFCC><DIAGC>
~h "bg_white_0_1"
<BEGINHMM>
<NUMSTATES> 5
<STATE> 2
<MEAN> 6
 7.471996e+02 3.070890e+01 1.117249e+01 1.107977e+01 1.039499e+01 7.490088e+00
<VARIANCE> 6
 2.954081e+03 1.089115e+03 1.928541e+02 9.576272e+01 1.196724e+02 5.250598e+01
<GCONST> 4.458081e+01
<STATE> 3
<MEAN> 6
 6.830354e+02 5.907043e+01 2.249212e+01 2.013096e+01 2.145938e+01 1.526017e+01
<VARIANCE> 6
 5.551182e+03 2.360260e+03 4.946103e+02 1.652113e+02 2.451414e+02 1.341033e+02
<GCONST> 4.912700e+01
<STATE> 4
<MEAN> 6
 7.555477e+02 8.648190e+00 4.232004e+00 4.068644e+00 3.792743e+00 3.218556e+00
<VARIANCE> 6
 6.643280e+03 3.488108e+02 7.905763e+01 4.018788e+01 5.514172e+01 3.100679e+01
<GCONST> 4.119101e+01
<TRANSP> 5
 0.000000e+00 1.000000e+00 0.000000e+00 0.000000e+00 0.000000e+00
 0.000000e+00 6.859514e-01 3.140486e-01 0.000000e+00 0.000000e+00
 0.000000e+00 0.000000e+00 7.473138e-01 2.526862e-01 0.000000e+00
 0.000000e+00 0.000000e+00 0.000000e+00 8.293020e-01 1.706980e-01
 0.000000e+00 0.000000e+00 0.000000e+00 0.000000e+00 0.000000e+00
<ENDHMM>
