~o
<STREAMINFO> 1 6
<VECSIZE> 6<NULLD><MFCC><DIAGC>
~h "bg_white_0_2"
<BEGINHMM>
<NUMSTATES> 5
<STATE> 2
<MEAN> 6
 7.166865e+02 2.059578e+01 9.989244e+00 9.019455e+00 8.994736e+00 6.881924e+00
<VARIANCE> 6
 2.058417e+04 7.773002e+02 2.024039e+02 7.965926e+01 1.217859e+02 6.277304e+01
<GCONST> 4.624518e+01
<STATE> 3
<MEAN> 6
 6.863231e+02 5.511935e+01 2.412969e+01 1.995840e+01 2.048261e+01 1.511422e+01
<VARIANCE> 6
 5.187876e+03 2.037672e+03 5.656877e+02 1.599796e+02 2.401995e+02 1.385639e+02
<GCONST> 4.902679e+01
<STATE> 4
<MEAN> 6
 7.626038e+02 1.077305e+01 5.036891e+00 4.886816e+00 4.729431e+00 3.631708e+00
<VARIANCE> 6
 2.461057e+03 4.447103e+02 8.728474e+01 4.513388e+01 5.910470e+01 2.955581e+01
<GCONST> 4.067743e+01
<TRANSP> 5
 0.000000e+00 1.000000e+00 0.000000e+00 0.000000e+00 0.000000e+00
 0.000000e+00 6.076786e-01 3.923214e-01 0.000000e+00 0.000000e+00
 0.000000e+00 0.000000e+00 7.677596e-01 2.322404e-01 0.000000e+00
 0.000000e+00 0.000000e+00 0.000000e+00 8.372710e-01 1.627290e-01
 0.000000e+00 0.000000e+00 0.000000e+00 0.000000e+00 0.000000e+00
<ENDHMM>
