~o
<STREAMINFO> 1 6
<VECSIZE> 6<NULLD><MFCC><DIAGC>
~h "fp_key_5"
<BEGINHMM>
<NUMSTATES> 5
<STATE> 2
<MEAN> 6
 3.744893e+02 2.765750e+01 2.498445e+01 6.313909e+00 6.128210e+00 2.787424e+00
<VARIANCE> 6
 3.342019e+04 1.577792e+03 2.248511e+03 5.112350e+01 7.515049e+01 1.324634e+01
<GCONST> 4.736344e+01
<STATE> 3
<MEAN> 6
 3.812954e+02 2.436549e+00 2.939362e+00 8.097990e-01 7.186735e-01 2.908601e-01
<VARIANCE> 6
 1.104768e+04 5.048324e+00 4.433143e+00 2.930177e-01 2.145308e-01 1.911671e-02
<GCONST> 1.672139e+01
<STATE> 4
<MEAN> 6
 3.191560e+02 1.120800e+01 2.268674e+01 1.878996e+00 4.676150e+00 7.283829e-01
<VARIANCE> 6
 1.291594e+04 2.259869e+02 7.063107e+02 3.592263e+00 1.975560e+01 4.109778e-01
<GCONST> 3.584702e+01
<TRANSP> 5
 0.000000e+00 1.000000e+00 0.000000e+00 0.000000e+00 0.000000e+00
 0.000000e+00 4.553370e-01 5.446630e-01 0.000000e+00 0.000000e+00
 0.000000e+00 0.000000e+00 8.700151e-01 1.299848e-01 0.000000e+00
 0.000000e+00 0.000000e+00 0.000000e+00 5.952725e-01 4.047275e-01
 0.000000e+00 0.000000e+00 0.000000e+00 0.000000e+00 0.000000e+00
<ENDHMM>
