~o
<STREAMINFO> 1 6
<VECSIZE> 6<NULLD><MFCC><DIAGC>
~h "fp_key_2"
<BEGINHMM>
<NUMSTATES> 5
<STATE> 2
<MEAN> 6
 1.660928e+02 1.716057e+01 5.531734e+00 4.893653e+00 2.576744e+00 1.230269e+00
<VARIANCE> 6
 1.404567e+04 1.175325e+03 1.793102e+02 6.369902e+01 3.322920e+01 4.967654e+00
<GCONST> 4.209629e+01
<STATE> 3
<MEAN> 6
 3.846449e+02 8.525822e+01 6.738591e+01 2.251803e+01 2.153536e+01 7.720389e+00
<VARIANCE> 6
 3.783824e+04 5.217711e+03 5.461373e+03 3.281865e+02 3.982693e+02 6.157678e+01
<GCONST> 5.463461e+01
<STATE> 4
<MEAN> 6
 3.896386e+02 8.373933e+01 2.535938e+01 1.695504e+01 8.095984e+00 3.149167e+00
<VARIANCE> 6
 4.091148e+04 4.499383e+03 2.068498e+03 1.852978e+02 1.183211e+02 1.827424e+01
<GCONST> 5.059356e+01
<TRANSP> 5
 0.000000e+00 1.000000e+00 0.000000e+00 0.000000e+00 0.000000e+00
 0.000000e+00 8.619366e-01 1.380634e-01 0.000000e+00 0.000000e+00
 0.000000e+00 0.000000e+00 5.292310e-01 4.707690e-01 0.000000e+00
 0.000000e+00 0.000000e+00 0.000000e+00 7.247280e-01 2.752720e-01
 0.000000e+00 0.000000e+00 0.000000e+00 0.000000e+00 0.000000e+00
<ENDHMM>
