~o
<STREAMINFO> 1 6
<VECSIZE> 6<NULLD><MFCC><DIAGC>
~h "fp_key"
<BEGINHMM>
<NUMSTATES> 5
<STATE> 2
<MEAN> 6
 1.677489e+02 1.433536e+01 4.839233e+00 3.122160e+00 1.620697e+00 6.840903e-01
<VARIANCE> 6
 6.306530e+03 4.674745e+02 8.527384e+01 1.579401e+01 2.661123e+00 6.922595e-01
<GCONST> 3.374040e+01
<STATE> 3
<MEAN> 6
 3.849953e+02 7.083419e+01 2.757661e+01 1.586646e+01 9.129163e+00 3.700920e+00
<VARIANCE> 6
 4.558625e+04 4.522952e+03 2.360571e+03 1.899500e+02 1.786164e+02 2.480664e+01
<GCONST> 5.158132e+01
<STATE> 4
<MEAN> 6
 2.937021e+02 3.786331e+00 5.623535e+00 1.083267e+00 1.356508e+00 3.868866e-01
<VARIANCE> 6
 2.031309e+04 2.227674e+01 1.436554e+02 7.482468e-01 4.660358e+00 1.060766e-01
<GCONST> 2.802272e+01
<TRANSP> 5
 0.000000e+00 1.000000e+00 0.000000e+00 0.000000e+00 0.000000e+00
 0.000000e+00 9.325101e-01 6.748991e-02 0.000000e+00 0.000000e+00
 0.000000e+00 0.000000e+00 9.730177e-01 2.698228e-02 0.000000e+00
 0.000000e+00 0.000000e+00 0.000000e+00 9.448173e-01 5.518273e-02
 0.000000e+00 0.000000e+00 0.000000e+00 0.000000e+00 0.000000e+00
<ENDHMM>
