~o
<STREAMINFO> 1 6
<VECSIZE> 6<NULLD><MFCC><DIAGC>
~h "fp_key_4"
<BEGINHMM>
<NUMSTATES> 5
<STATE> 2
<MEAN> 6
 4.596183e+02 6.777257e+01 8.225597e+00 1.301805e+01 2.905222e+00 1.603603e+00
<VARIANCE> 6
 4.442747e+04 3.368705e+03 1.073880e+02 9.009641e+01 1.486516e+01 3.355577e+00
<GCONST> 4.293813e+01
<STATE> 3
<MEAN> 6
 4.909722e+02 8.513409e+01 5.332437e+01 2.162097e+01 1.743258e+01 7.907756e+00
<VARIANCE> 6
 3.764124e+04 3.672600e+03 2.890436e+03 1.761770e+02 2.081214e+02 4.507438e+01
<GCONST> 5.205886e+01
<STATE> 4
<MEAN> 6
 2.926296e+02 1.424715e+01 8.559234e+00 3.650591e+00 2.481619e+00 1.307562e+00
<VARIANCE> 6
 1.990016e+04 6.063718e+02 3.603565e+02 2.239237e+01 1.787376e+01 4.182202e+00
<GCONST> 4.064323e+01
<TRANSP> 5
 0.000000e+00 1.000000e+00 0.000000e+00 0.000000e+00 0.000000e+00
 0.000000e+00 7.884952e-01 2.115049e-01 0.000000e+00 0.000000e+00
 0.000000e+00 0.000000e+00 6.435695e-01 3.564305e-01 0.000000e+00
 0.000000e+00 0.000000e+00 0.000000e+00 8.170637e-01 1.829363e-01
 0.000000e+00 0.000000e+00 0.000000e+00 0.000000e+00 0.000000e+00
<ENDHMM>
