~o
<STREAMINFO> 1 6
<VECSIZE> 6<NULLD><MFCC><DIAGC>
~h "fp_key_0"
<BEGINHMM>
<NUMSTATES> 5
<STATE> 2
<MEAN> 6
 1.921653e+02 1.207749e+01 4.954740e+00 2.984377e+00 1.476971e+00 5.213968e-01
<VARIANCE> 6
 7.071504e+03 5.410058e+02 1.653706e+02 2.515064e+01 2.482737e+00 2.555038e-01
<GCONST> 3.406244e+01
<STATE> 3
<MEAN> 6
 3.132036e+02 6.427792e+01 4.391008e+01 1.539816e+01 1.466278e+01 4.674140e+00
<VARIANCE> 6
 3.092933e+04 3.845274e+03 2.648222e+03 1.385191e+02 2.007955e+02 1.877685e+01
<GCONST> 5.066889e+01
<STATE> 4
<MEAN> 6
 4.312818e+02 8.778389e+01 8.493998e+00 1.634616e+01 2.774204e+00 1.373800e+00
<VARIANCE> 6
 6.268330e+04 5.438653e+03 2.927286e+02 1.743596e+02 2.953230e+01 3.244474e+00
<GCONST> 4.607721e+01
<TRANSP> 5
 0.000000e+00 1.000000e+00 0.000000e+00 0.000000e+00 0.000000e+00
 0.000000e+00 8.212920e-01 1.787080e-01 0.000000e+00 0.000000e+00
 0.000000e+00 0.000000e+00 5.025676e-01 4.974324e-01 0.000000e+00
 0.000000e+00 0.000000e+00 0.000000e+00 7.724146e-01 2.275854e-01
 0.000000e+00 0.000000e+00 0.000000e+00 0.000000e+00 0.000000e+00
<ENDHMM>
