~o
<STREAMINFO> 1 6
<VECSIZE> 6<NULLD><MFCC><DIAGC>
~h "fp_key_3"
<BEGINHMM>
<NUMSTATES> 5
<STATE> 2
<MEAN> 6
 4.409869e+02 9.671698e+01 1.773981e+01 2.072040e+01 5.744057e+00 3.066905e+00
<VARIANCE> 6
 3.878636e+04 4.578871e+03 1.243403e+03 2.025352e+02 7.585680e+01 1.789592e+01
<GCONST> 4.967223e+01
<STATE> 3
<MEAN> 6
 3.697651e+02 6.789629e+01 6.803306e+01 1.705421e+01 2.331538e+01 7.099608e+00
<VARIANCE> 6
 4.002091e+04 4.242078e+03 5.094307e+03 1.911613e+02 3.621447e+02 3.361673e+01
<GCONST> 5.317329e+01
<STATE> 4
<MEAN> 6
 2.085035e+02 1.646581e+01 5.181379e+00 4.210139e+00 2.318534e+00 1.136590e+00
<VARIANCE> 6
 1.568731e+04 9.820350e+02 6.456343e+01 4.255806e+01 1.229481e+01 2.589981e+00
<GCONST> 3.895684e+01
<TRANSP> 5
 0.000000e+00 1.000000e+00 0.000000e+00 0.000000e+00 0.000000e+00
 0.000000e+00 7.175260e-01 2.824741e-01 0.000000e+00 0.000000e+00
 0.000000e+00 0.000000e+00 5.712230e-01 4.287770e-01 0.000000e+00
 0.000000e+00 0.000000e+00 0.000000e+00 8.368050e-01 1.631950e-01
 0.000000e+00 0.000000e+00 0.000000e+00 0.000000e+00 0.000000e+00
<ENDHMM>
