~o
<STREAMINFO> 1 6
<VECSIZE> 6<NULLD><MFCC><DIAGC>
~h "fp_key_1"
<BEGINHMM>
<NUMSTATES> 5
<STATE> 2
<MEAN> 6
 1.610828e+02 1.447204e+01 5.471904e+00 3.506553e+00 2.030266e+00 8.890474e-01
<VARIANCE> 6
 1.161800e+04 9.699473e+02 1.951818e+02 3.756877e+01 2.204772e+01 2.435939e+00
<GCONST> 4.014846e+01
<STATE> 3
<MEAN> 6
 3.582178e+02 7.094790e+01 6.845424e+01 2.244601e+01 2.100280e+01 7.730907e+00
<VARIANCE> 6
 3.720805e+04 4.054382e+03 5.681398e+03 3.510370e+02 3.031349e+02 5.394451e+01
<GCONST> 5.406708e+01
<STATE> 4
<MEAN> 6
 4.033000e+02 9.697004e+01 1.212157e+01 1.817871e+01 4.608001e+00 2.261850e+00
<VARIANCE> 6
 4.755575e+04 5.238675e+03 4.546578e+02 1.695856e+02 6.559675e+01 9.007635e+00
<GCONST> 4.799525e+01
<TRANSP> 5
 0.000000e+00 1.000000e+00 0.000000e+00 0.000000e+00 0.000000e+00
 0.000000e+00 8.575940e-01 1.424060e-01 0.000000e+00 0.000000e+00
 0.000000e+00 0.000000e+00 5.879793e-01 4.120207e-01 0.000000e+00
 0.000000e+00 0.000000e+00 0.000000e+00 7.183705e-01 2.816296e-01
 0.000000e+00 0.000000e+00 0.000000e+00 0.000000e+00 0.000000e+00
<ENDHMM>
