~o
<STREAMINFO> 1 6
<VECSIZE> 6<NULLD><MFCC><DIAGC>
~h "fp_logo_1"
<BEGINHMM>
<NUMSTATES> 5
<STATE> 2
<MEAN> 6
 1.382572e+02 5.671720e+00 3.239503e+00 2.381514e+00 1.658727e+00 9.404569e-01
<VARIANCE> 6
 3.422320e+03 1.674774e+02 1.025697e+01 1.430560e+01 2.300426e+00 1.585469e+00
<GCONST> 3.056877e+01
<STATE> 3
<MEAN> 6
 3.805149e+02 8.250314e+01 6.245520e+01 2.257504e+01 1.824080e+01 6.991773e+00
<VARIANCE> 6
 5.062182e+04 6.067123e+03 5.930561e+03 3.561380e+02 3.211786e+02 4.380353e+01
<GCONST> 5.468494e+01
<STATE> 4
<MEAN> 6
 2.015637e+02 2.735435e+01 2.251466e+01 1.009592e+01 7.468114e+00 2.807106e+00
<VARIANCE> 6
 1.841010e+04 2.393214e+03 2.513258e+03 1.226495e+02 1.451375e+02 1.568638e+01
<GCONST> 4.899745e+01
<TRANSP> 5
 0.000000e+00 1.000000e+00 0.000000e+00 0.000000e+00 0.000000e+00
 0.000000e+00 8.767908e-01 1.232093e-01 0.000000e+00 0.000000e+00
 0.000000e+00 0.000000e+00 6.422207e-01 3.577794e-01 0.000000e+00
 0.000000e+00 0.000000e+00 0.000000e+00 5.212355e-01 4.787645e-01
 0.000000e+00 0.000000e+00 0.000000e+00 0.000000e+00 0.000000e+00
<ENDHMM>
