~o
<STREAMINFO> 1 6
<VECSIZE> 6<NULLD><MFCC><DIAGC>
~h "fp_logo_2"
<BEGINHMM>
<NUMSTATES> 5
<STATE> 2
<MEAN> 6
 2.785844e+02 3.727064e+01 3.093057e+01 8.631566e+00 9.368233e+00 2.899851e+00
<VARIANCE> 6
 4.253037e+04 3.700302e+03 3.786685e+03 1.498976e+02 2.126268e+02 2.235373e+01
<GCONST> 5.161714e+01
<STATE> 3
<MEAN> 6
 3.558886e+02 7.336241e+01 7.695358e+01 2.133925e+01 2.057808e+01 8.050227e+00
<VARIANCE> 6
 3.752044e+04 6.703771e+03 7.892822e+03 4.783641e+02 3.639060e+02 5.305330e+01
<GCONST> 5.538261e+01
<STATE> 4
<MEAN> 6
 1.624902e+02 9.969923e+00 4.284550e+00 4.125327e+00 1.973977e+00 1.107167e+00
<VARIANCE> 6
 6.237849e+03 4.959507e+02 7.368433e+01 4.248891e+01 1.554305e+01 2.598648e+00
<GCONST> 3.771977e+01
<TRANSP> 5
 0.000000e+00 1.000000e+00 0.000000e+00 0.000000e+00 0.000000e+00
 0.000000e+00 2.577259e-01 7.422742e-01 0.000000e+00 0.000000e+00
 0.000000e+00 0.000000e+00 7.046624e-01 2.953376e-01 0.000000e+00
 0.000000e+00 0.000000e+00 0.000000e+00 8.790347e-01 1.209653e-01
 0.000000e+00 0.000000e+00 0.000000e+00 0.000000e+00 0.000000e+00
<ENDHMM>
