~o
<STREAMINFO> 1 6
<VECSIZE> 6<NULLD><MFCC><DIAGC>
~h "fp_logo_5"
<BEGINHMM>
<NUMSTATES> 5
<STATE> 2
<MEAN> 6
 2.935549e+02 6.616774e+00 4.996569e+00 2.332172e+00 2.233103e+00 8.883080e-01
<VARIANCE> 6
 7.669051e+03 7.809647e+01 7.065295e+01 4.968363e+00 6.001664e+00 1.619146e+00
<GCONST> 3.246496e+01
<STATE> 3
<MEAN> 6
 3.115754e+02 6.126107e+00 8.293259e+00 2.648167e+00 2.890057e+00 1.884053e+00
<VARIANCE> 6
 8.584763e+03 4.776475e+01 3.539305e+02 5.104712e+00 8.819167e+00 1.223884e+01
<GCONST> 3.613210e+01
<STATE> 4
<MEAN> 6
 3.616726e+02 2.754972e+00 3.391729e+00 1.291497e+00 1.320477e+00 4.527662e-01
<VARIANCE> 6
 1.202004e+04 5.385267e+00 7.264375e+00 7.108082e-01 9.269860e-01 1.728688e-01
<GCONST> 2.191585e+01
<TRANSP> 5
 0.000000e+00 1.000000e+00 0.000000e+00 0.000000e+00 0.000000e+00
 0.000000e+00 1.922380e-01 8.077620e-01 0.000000e+00 0.000000e+00
 0.000000e+00 0.000000e+00 1.337423e-01 8.662577e-01 0.000000e+00
 0.000000e+00 0.000000e+00 0.000000e+00 8.959160e-01 1.040840e-01
 0.000000e+00 0.000000e+00 0.000000e+00 0.000000e+00 0.000000e+00
<ENDHMM>
