~o
<STREAMINFO> 1 6
<VECSIZE> 6<NULLD><MFCC><DIAGC>
~h "fp_logo_3"
<BEGINHMM>
<NUMSTATES> 5
<STATE> 2
<MEAN> 6
 2.132873e+02 3.092117e+01 1.450098e+01 9.840078e+00 5.508442e+00 2.223441e+00
<VARIANCE> 6
 1.513107e+04 2.858886e+03 6.808790e+02 2.252551e+02 1.472579e+02 1.693073e+01
<GCONST> 4.837189e+01
<STATE> 3
<MEAN> 6
 2.631815e+02 4.078328e+01 4.063202e+00 9.995265e+00 1.931214e+00 1.264057e+00
<VARIANCE> 6
 2.502941e+04 3.917917e+03 1.249152e+01 1.164020e+02 1.767784e+00 9.844492e-01
<GCONST> 3.726453e+01
<STATE> 4
<MEAN> 6
 2.036128e+02 5.416912e+00 3.790883e+00 1.927745e+00 1.361336e+00 4.747188e-01
<VARIANCE> 6
 8.927096e+03 2.079229e+02 8.946693e+00 9.989917e+00 8.876396e-01 2.289152e-01
<GCONST> 2.836054e+01
<TRANSP> 5
 0.000000e+00 1.000000e+00 0.000000e+00 0.000000e+00 0.000000e+00
 0.000000e+00 9.024250e-02 9.097575e-01 0.000000e+00 0.000000e+00
 0.000000e+00 0.000000e+00 6.092708e-01 3.907292e-01 0.000000e+00
 0.000000e+00 0.000000e+00 0.000000e+00 8.801174e-01 1.198827e-01
 0.000000e+00 0.000000e+00 0.000000e+00 0.000000e+00 0.000000e+00
<ENDHMM>
