~o
<STREAMINFO> 1 6
<VECSIZE> 6<NULLD><MFCC><DIAGC>
~h "fp_logo"
<BEGINHMM>
<NUMSTATES> 5
<STATE> 2
<MEAN> 6
 1.478173e+02 1.188369e+01 3.729539e+00 5.007619e+00 1.935563e+00 1.133153e+00
<VARIANCE> 6
 2.574432e+03 2.479822e+02 1.302350e+01 2.923055e+01 2.946250e+00 2.114931e+00
<GCONST> 3.216553e+01
<STATE> 3
<MEAN> 6
 3.870676e+02 7.937968e+01 5.614455e+01 2.048752e+01 1.569373e+01 6.291262e+00
<VARIANCE> 6
 4.492256e+04 7.034354e+03 5.658467e+03 3.745575e+02 3.007278e+02 4.024026e+01
<GCONST> 5.456625e+01
<STATE> 4
<MEAN> 6
 2.449938e+02 3.329780e+00 3.436787e+00 1.446337e+00 1.385270e+00 4.861506e-01
<VARIANCE> 6
 1.491093e+04 7.377569e+00 9.064919e+00 9.626876e-01 1.074675e+00 2.032963e-01
<GCONST> 2.328087e+01
<TRANSP> 5
 0.000000e+00 1.000000e+00 0.000000e+00 0.000000e+00 0.000000e+00
 0.000000e+00 9.475936e-01 5.240646e-02 0.000000e+00 0.000000e+00
 0.000000e+00 0.000000e+00 8.969930e-01 1.030069e-01 0.000000e+00
 0.000000e+00 0.000000e+00 0.000000e+00 9.757342e-01 2.426578e-02
 0.000000e+00 0.000000e+00 0.000000e+00 0.000000e+00 0.000000e+00
<ENDHMM>
