~o
<STREAMINFO> 1 6
<VECSIZE> 6<NULLD><MFCC><DIAGC>
~h "fp_logo_4"
<BEGINHMM>
<NUMSTATES> 5
<STATE> 2
<MEAN> 6
 2.314218e+02 2.205600e+01 5.890671e+00 7.551175e+00 1.930783e+00 8.521898e-01
<VARIANCE> 6
 8.605954e+03 1.149770e+03 3.050860e+01 7.114635e+01 1.709030e+00 7.088942e-01
<GCONST> 3.500941e+01
<STATE> 3
<MEAN> 6
 3.755308e+02 3.456395e+01 2.096325e+01 1.088964e+01 5.091132e+00 2.339974e+00
<VARIANCE> 6
 6.219878e+04 3.250959e+03 1.314666e+03 2.157387e+02 5.731257e+01 9.219141e+00
<GCONST> 4.897727e+01
<STATE> 4
<MEAN> 6
 2.864985e+02 4.059378e+00 4.180588e+00 1.712406e+00 1.825309e+00 6.068009e-01
<VARIANCE> 6
 8.394468e+03 1.681849e+01 1.856651e+01 1.497970e+00 2.069800e+00 4.060729e-01
<GCONST> 2.603677e+01
<TRANSP> 5
 0.000000e+00 1.000000e+00 0.000000e+00 0.000000e+00 0.000000e+00
 0.000000e+00 4.626141e-01 5.373858e-01 0.000000e+00 0.000000e+00
 0.000000e+00 0.000000e+00 4.363571e-01 5.636429e-01 0.000000e+00
 0.000000e+00 0.000000e+00 0.000000e+00 8.932191e-01 1.067809e-01
 0.000000e+00 0.000000e+00 0.000000e+00 0.000000e+00 0.000000e+00
<ENDHMM>
