~o
<STREAMINFO> 1 6
<VECSIZE> 6<NULLD><MFCC><DIAGC>
~h "fp_logo_0"
<BEGINHMM>
<NUMSTATES> 5
<STATE> 2
<MEAN> 6
 1.499238e+02 1.166614e+01 3.949276e+00 4.517281e+00 1.781425e+00 8.048567e-01
<VARIANCE> 6
 1.174097e+03 2.652201e+02 9.651411e+00 2.247151e+01 1.950587e+00 5.289631e-01
<GCONST> 2.908673e+01
<STATE> 3
<MEAN> 6
 1.896709e+02 5.143898e+01 6.239391e+00 9.437768e+00 2.582707e+00 1.538553e+00
<VARIANCE> 6
 1.652311e+04 9.210149e+03 3.496091e+01 1.693309e+02 4.603456e+00 2.403914e+00
<GCONST> 4.095783e+01
<STATE> 4
<MEAN> 6
 1.276048e+02 4.384774e+00 2.581727e+00 1.527510e+00 1.021502e+00 3.664276e-01
<VARIANCE> 6
 2.217337e+03 1.567147e+02 5.105995e+00 1.038803e+01 8.946797e-01 1.009270e-01
<GCONST> 2.535217e+01
<TRANSP> 5
 0.000000e+00 1.000000e+00 0.000000e+00 0.000000e+00 0.000000e+00
 0.000000e+00 6.903853e-01 3.096147e-01 0.000000e+00 0.000000e+00
 0.000000e+00 0.000000e+00 3.503452e-01 6.496548e-01 0.000000e+00
 0.000000e+00 0.000000e+00 0.000000e+00 8.617046e-01 1.382955e-01
 0.000000e+00 0.000000e+00 0.000000e+00 0.000000e+00 0.000000e+00
<ENDHMM>
