~o
<STREAMINFO> 1 6
<VECSIZE> 6<NULLD><MFCC><DIAGC>
~h "fp_screen_1"
<BEGINHMM>
<NUMSTATES> 5
<STATE> 2
<MEAN> 6
 4.291488e+02 2.185662e+01 5.574549e+00 6.241182e+00 2.271955e+00 1.486701e+00
<VARIANCE> 6
 3.312165e+04 9.001865e+02 1.948613e+02 6.032187e+01 1.589781e+01 8.209291e+00
<GCONST> 4.248124e+01
<STATE> 3
<MEAN> 6
 5.345953e+02 4.962379e+01 2.495737e+01 1.680940e+01 7.105394e+00 4.403812e+00
<VARIANCE> 6
 3.274053e+04 3.130636e+03 1.549964e+03 3.293902e+02 7.197260e+01 3.880563e+01
<GCONST> 5.055070e+01
<STATE> 4
<MEAN> 6
 3.965811e+02 7.631146e+00 4.987484e+00 2.293045e+00 1.839746e+00 7.321452e-01
<VARIANCE> 6
 1.326837e+04 2.042541e+02 1.896900e+02 1.688844e+01 8.961884e+00 1.779159e+00
<GCONST> 3.668091e+01
<TRANSP> 5
 0.000000e+00 1.000000e+00 0.000000e+00 0.000000e+00 0.000000e+00
 0.000000e+00 6.260142e-01 3.739858e-01 0.000000e+00 0.000000e+00
 0.000000e+00 0.000000e+00 4.950539e-01 5.049461e-01 0.000000e+00
 0.000000e+00 0.000000e+00 0.000000e+00 8.801777e-01 1.198223e-01
 0.000000e+00 0.000000e+00 0.000000e+00 0.000000e+00 0.000000e+00
<ENDHMM>
