~o
<STREAMINFO> 1 6
<VECSIZE> 6<NULLD><MFCC><DIAGC>
~h "fp_screen_5"
<BEGINHMM>
<NUMSTATES> 5
<STATE> 2
<MEAN> 6
 2.329077e+02 9.722825e+00 2.042759e+01 3.579892e+00 7.439902e+00 1.811417e+00
<VARIANCE> 6
 1.028591e+04 1.447391e+02 6.306917e+02 1.080111e+01 3.989676e+01 2.585291e+00
<GCONST> 3.870332e+01
<STATE> 3
<MEAN> 6
 2.912958e+02 3.795973e+00 2.265217e+01 1.831924e+00 5.185349e+00 8.186018e-01
<VARIANCE> 6
 1.229898e+04 9.472534e+00 6.161691e+02 1.116732e+00 1.839624e+01 3.644240e-01
<GCONST> 3.112957e+01
<STATE> 4
<MEAN> 6
 4.368570e+02 2.336929e+00 2.981691e+00 1.029935e+00 9.792597e-01 3.401074e-01
<VARIANCE> 6
 1.610347e+04 3.796897e+00 4.593481e+00 4.559470e-01 5.371009e-01 5.293820e-02
<GCONST> 1.922730e+01
<TRANSP> 5
 0.000000e+00 1.000000e+00 0.000000e+00 0.000000e+00 0.000000e+00
 0.000000e+00 3.466824e-01 6.533177e-01 0.000000e+00 0.000000e+00
 0.000000e+00 0.000000e+00 4.732673e-01 5.267326e-01 0.000000e+00
 0.000000e+00 0.000000e+00 0.000000e+00 8.833255e-01 1.166745e-01
 0.000000e+00 0.000000e+00 0.000000e+00 0.000000e+00 0.000000e+00
<ENDHMM>
