~o
<STREAMINFO> 1 6
<VECSIZE> 6<NULLD><MFCC><DIAGC>
~h "fp_screen_4"
<BEGINHMM>
<NUMSTATES> 5
<STATE> 2
<MEAN> 6
 3.657043e+02 1.678378e+01 7.244782e+00 5.353230e+00 2.769566e+00 1.508682e+00
<VARIANCE> 6
 1.129475e+04 8.742894e+02 7.184197e+01 3.747010e+01 8.516270e+00 3.596837e+00
<GCONST> 3.845282e+01
<STATE> 3
<MEAN> 6
 4.746423e+02 3.635261e+01 3.288534e+01 1.080164e+01 9.840929e+00 4.384870e+00
<VARIANCE> 6
 4.168866e+04 2.947756e+03 2.656352e+03 1.403070e+02 1.669190e+02 2.229786e+01
<GCONST> 5.070459e+01
<STATE> 4
<MEAN> 6
 2.972372e+02 5.969434e+00 1.050400e+01 2.173458e+00 2.680951e+00 8.517664e-01
<VARIANCE> 6
 1.114710e+04 3.691136e+01 1.979297e+02 3.495557e+00 9.383691e+00 6.281967e-01
<GCONST> 3.226819e+01
<TRANSP> 5
 0.000000e+00 1.000000e+00 0.000000e+00 0.000000e+00 0.000000e+00
 0.000000e+00 6.004238e-01 3.995762e-01 0.000000e+00 0.000000e+00
 0.000000e+00 0.000000e+00 3.713388e-01 6.286612e-01 0.000000e+00
 0.000000e+00 0.000000e+00 0.000000e+00 8.877246e-01 1.122754e-01
 0.000000e+00 0.000000e+00 0.000000e+00 0.000000e+00 0.000000e+00
<ENDHMM>
