~o
<STREAMINFO> 1 6
<VECSIZE> 6<NULLD><MFCC><DIAGC>
~h "fp_screen"
<BEGINHMM>
<NUMSTATES> 5
<STATE> 2
<MEAN> 6
 3.231768e+02 1.321507e+01 8.125009e+00 3.866520e+00 3.065370e+00 1.084901e+00
<VARIANCE> 6
 2.671089e+04 3.302745e+02 2.320214e+02 2.058158e+01 1.878807e+01 2.015146e+00
<GCONST> 3.912515e+01
<STATE> 3
<MEAN> 6
 5.535112e+02 6.265544e+01 3.042451e+01 1.664418e+01 1.119938e+01 5.745089e+00
<VARIANCE> 6
 3.285947e+04 4.190980e+03 1.888134e+03 2.022688e+02 1.548802e+02 4.091854e+01
<GCONST> 5.137513e+01
<STATE> 4
<MEAN> 6
 3.753781e+02 4.873558e+00 6.559020e+00 1.704968e+00 1.989854e+00 6.784163e-01
<VARIANCE> 6
 1.143583e+04 3.077853e+01 1.336559e+02 2.739170e+00 7.298814e+00 6.567259e-01
<GCONST> 3.126873e+01
<TRANSP> 5
 0.000000e+00 1.000000e+00 0.000000e+00 0.000000e+00 0.000000e+00
 0.000000e+00 9.431877e-01 5.681228e-02 0.000000e+00 0.000000e+00
 0.000000e+00 0.000000e+00 9.232464e-01 7.675359e-02 0.000000e+00
 0.000000e+00 0.000000e+00 0.000000e+00 9.745996e-01 2.540039e-02
 0.000000e+00 0.000000e+00 0.000000e+00 0.000000e+00 0.000000e+00
<ENDHMM>
