~o
<STREAMINFO> 1 6
<VECSIZE> 6<NULLD><MFCC><DIAGC>
~h "fp_screen_3"
<BEGINHMM>
<NUMSTATES> 5
<STATE> 2
<MEAN> 6
 3.914532e+02 3.885456e+01 1.675155e+01 1.069974e+01 5.752966e+00 3.097743e+00
<VARIANCE> 6
 2.984261e+04 1.898501e+03 1.214109e+03 1.134195e+02 8.556125e+01 2.293097e+01
<GCONST> 4.829436e+01
<STATE> 3
<MEAN> 6
 5.386974e+02 8.354421e+01 2.497221e+01 1.662671e+01 1.208161e+01 6.555503e+00
<VARIANCE> 6
 4.087113e+04 7.463921e+03 1.691599e+03 1.807937e+02 1.716040e+02 4.573934e+01
<GCONST> 5.216222e+01
<STATE> 4
<MEAN> 6
 3.631309e+02 1.018565e+01 4.252763e+00 2.622394e+00 1.780642e+00 8.543431e-01
<VARIANCE> 6
 7.577918e+03 3.222720e+02 2.336028e+01 1.224336e+01 3.878701e+00 1.374123e+00
<GCONST> 3.306499e+01
<TRANSP> 5
 0.000000e+00 1.000000e+00 0.000000e+00 0.000000e+00 0.000000e+00
 0.000000e+00 4.603111e-01 5.396889e-01 0.000000e+00 0.000000e+00
 0.000000e+00 0.000000e+00 4.283109e-01 5.716891e-01 0.000000e+00
 0.000000e+00 0.000000e+00 0.000000e+00 8.809223e-01 1.190777e-01
 0.000000e+00 0.000000e+00 0.000000e+00 0.000000e+00 0.000000e+00
<ENDHMM>
