~o
<STREAMINFO> 1 6
<VECSIZE> 6<NULLD><MFCC><DIAGC>
~h "fp_screen_0"
<BEGINHMM>
<NUMSTATES> 5
<STATE> 2
<MEAN> 6
 2.160748e+02 8.563118e+00 1.646844e+01 3.088481e+00 5.220342e+00 1.269262e+00
<VARIANCE> 6
 2.413727e+04 2.738304e+02 5.478434e+02 1.470671e+01 4.478043e+01 3.479675e+00
<GCONST> 4.077429e+01
<STATE> 3
<MEAN> 6
 5.048281e+02 4.967530e+01 3.497260e+01 1.246740e+01 1.143694e+01 4.927326e+00
<VARIANCE> 6
 4.464671e+04 2.174755e+03 1.355279e+03 1.139297e+02 8.695205e+01 3.524561e+01
<GCONST> 4.939351e+01
<STATE> 4
<MEAN> 6
 4.608867e+02 8.623543e+00 3.908901e+00 2.344015e+00 1.466785e+00 7.886949e-01
<VARIANCE> 6
 8.545992e+03 2.939736e+02 9.073877e+01 1.938779e+01 7.398909e+00 3.263392e+00
<GCONST> 3.642070e+01
<TRANSP> 5
 0.000000e+00 1.000000e+00 0.000000e+00 0.000000e+00 0.000000e+00
 0.000000e+00 7.321948e-01 2.678051e-01 0.000000e+00 0.000000e+00
 0.000000e+00 0.000000e+00 5.411179e-01 4.588821e-01 0.000000e+00
 0.000000e+00 0.000000e+00 0.000000e+00 8.357083e-01 1.642917e-01
 0.000000e+00 0.000000e+00 0.000000e+00 0.000000e+00 0.000000e+00
<ENDHMM>
