~o
<STREAMINFO> 1 6
<VECSIZE> 6<NULLD><MFCC><DIAGC>
~h "fp_screen_2"
<BEGINHMM>
<NUMSTATES> 5
<STATE> 2
<MEAN> 6
 3.620015e+02 1.021944e+01 1.025385e+01 3.057464e+00 3.407024e+00 1.077062e+00
<VARIANCE> 6
 1.292195e+04 2.682013e+02 4.242447e+02 2.102108e+01 1.939768e+01 2.624629e+00
<GCONST> 3.911161e+01
<STATE> 3
<MEAN> 6
 6.068661e+02 8.107623e+01 3.821456e+01 2.191867e+01 1.690442e+01 8.374800e+00
<VARIANCE> 6
 3.690243e+04 5.528348e+03 2.363183e+03 2.241232e+02 2.491958e+02 5.522233e+01
<GCONST> 5.287051e+01
<STATE> 4
<MEAN> 6
 4.532242e+02 4.303089e+01 1.697470e+01 1.248959e+01 6.080469e+00 3.676438e+00
<VARIANCE> 6
 2.737796e+04 1.987675e+03 1.058607e+03 1.402244e+02 7.599052e+01 2.120668e+01
<GCONST> 4.813236e+01
<TRANSP> 5
 0.000000e+00 1.000000e+00 0.000000e+00 0.000000e+00 0.000000e+00
 0.000000e+00 8.685358e-01 1.314642e-01 0.000000e+00 0.000000e+00
 0.000000e+00 0.000000e+00 6.693368e-01 3.306632e-01 0.000000e+00
 0.000000e+00 0.000000e+00 0.000000e+00 5.779067e-01 4.220933e-01
 0.000000e+00 0.000000e+00 0.000000e+00 0.000000e+00 0.000000e+00
<ENDHMM>
