~o
<STREAMINFO> 1 6
<VECSIZE> 6<NULLD><MFCC><DIAGC>
~h "bg_red_0"
<BEGINHMM>
<NUMSTATES> 5
<STATE> 2
<MEAN> 6
 3.642986e+02 1.074117e+01 3.431899e+00 5.481650e+00 2.698381e+00 3.409176e+00
<VARIANCE> 6
 3.006443e+03 3.829115e+02 1.339913e+01 3.981354e+01 3.176033e+00 9.577501e+00
<GCONST> 3.467802e+01
<STATE> 3
<MEAN> 6
 6.044399e+02 8.944392e+01 7.445065e+00 2.741855e+01 3.787938e+00 3.233229e+00
<VARIANCE> 6
 2.710406e+04 6.512360e+03 1.183938e+02 5.309874e+02 6.035889e+01 2.714593e+01
<GCONST> 4.846645e+01
<STATE> 4
<MEAN> 6
 3.409875e+02 6.172642e+00 2.565630e+00 2.144470e+00 9.877104e-01 4.686944e-01
<VARIANCE> 6
 1.609459e+04 8.259231e+01 8.376151e+00 1.292227e+01 8.761943e-01 2.618907e-01
<GCONST> 2.833976e+01
<TRANSP> 5
 0.000000e+00 1.000000e+00 0.000000e+00 0.000000e+00 0.000000e+00
 0.000000e+00 9.515095e-01 4.849055e-02 0.000000e+00 0.000000e+00
 0.000000e+00 0.000000e+00 8.493814e-01 1.506186e-01 0.000000e+00
 0.000000e+00 0.000000e+00 0.000000e+00 9.766017e-01 2.339831e-02
 0.000000e+00 0.000000e+00 0.000000e+00 0.000000e+00 0.000000e+00
<ENDHMM>
~h "bg_red_0_0"
<BEGINHMM>
<NUMSTATES> 5
<STATE> 2
<MEAN> 6
 4.212049e+02 1.128195e+01 6.165630e+00 4.686427e+00 2.816072e+00 1.809826e+00
<VARIANCE> 6
 5.180909e+03 2.464169e+02 4.182735e+01 4.225114e+01 4.753778e+00 3.216691e+00
<GCONST> 3.529150e+01
<STATE> 3
<MEAN> 6
 5.703294e+02 3.657767e+01 6.917825e+00 1.247211e+01 2.716606e+00 2.061047e+00
<VARIANCE> 6
 2.811798e+04 1.951814e+03 1.924191e+02 1.440737e+02 2.361859e+01 5.212506e+00
<GCONST> 4.389104e+01
<STATE> 4
<MEAN> 6
 3.821198e+02 6.693651e+00 3.022859e+00 4.013679e+00 2.260344e+00 3.000952e+00
<VARIANCE> 6
 4.176211e+03 2.117048e+02 5.739629e+00 1.739846e+01 3.314956e+00 1.183825e+01
<GCONST> 3.299317e+01
<TRANSP> 5
 0.000000e+00 1.000000e+00 0.000000e+00 0.000000e+00 0.000000e+00
 0.000000e+00 7.074820e-01 2.925179e-01 0.000000e+00 0.000000e+00
 0.000000e+00 0.000000e+00 5.925848e-01 4.074153e-01 0.000000e+00
 0.000000e+00 0.000000e+00 0.000000e+00 8.367855e-01 1.632145e-01
 0.000000e+00 0.000000e+00 0.000000e+00 0.000000e+00 0.000000e+00
<ENDHMM>
~h "bg_red_0_1"
<BEGINHMM>
<NUMSTATES> 5
<STATE> 2
<MEAN> 6
 4.549331e+02 1.060888e+01 3.838966e+00 4.897404e+00 1.909213e+00 2.389064e+00
<VARIANCE> 6
 1.897201e+04 6.774995e+02 7.859298e+00 3.218934e+01 2.299943e+00 6.983811e+00
<GCONST> 3.570621e+01
<STATE> 3
<MEAN> 6
 5.156005e+02 4.705613e+01 7.722226e+00 1.461027e+01 7.089354e+00 6.594768e+00
<VARIANCE> 6
 3.283950e+04 2.591588e+03 7.345168e+01 1.203101e+02 1.285306e+02 5.837814e+01
<GCONST> 4.729649e+01
<STATE> 4
<MEAN> 6
 3.636642e+02 4.783964e+00 2.580685e+00 2.392116e+00 1.909553e+00 1.987526e+00
<VARIANCE> 6
 1.824968e+03 1.513330e+02 3.733436e+00 9.342183e+00 2.880799e+00 8.582244e+00
<GCONST> 3.031570e+01
<TRANSP> 5
 0.000000e+00 1.000000e+00 0.000000e+00 0.000000e+00 0.000000e+00
 0.000000e+00 3.231373e-01 6.768627e-01 0.000000e+00 0.000000e+00
 0.000000e+00 0.000000e+00 5.455731e-01 4.544270e-01 0.000000e+00
 0.000000e+00 0.000000e+00 0.000000e+00 8.927271e-01 1.072728e-01
 0.000000e+00 0.000000e+00 0.000000e+00 0.000000e+00 0.000000e+00
<ENDHMM>
~h "bg_red_0_2"
<BEGINHMM>
<NUMSTATES> 5
<STATE> 2
<MEAN> 6
 3.736906e+02 1.177605e+01 3.208851e+00 4.063123e+00 1.856369e+00 1.227118e+00
<VARIANCE> 6
 9.104045e+03 1.009966e+03 9.937725e+00 3.667509e+01 1.775565e+00 2.272836e+00
<GCONST> 3.435500e+01
<STATE> 3
<MEAN> 6
 4.868863e+02 4.288044e+01 3.944676e+00 1.846442e+01 2.289560e+00 2.128427e+00
<VARIANCE> 6
 3.645799e+04 4.079205e+03 1.417985e+01 5.355352e+02 2.196525e+00 5.701799e+00
<GCONST> 4.130758e+01
<STATE> 4
<MEAN> 6
 3.339962e+02 5.039374e+00 2.521569e+00 2.167975e+00 1.380002e+00 1.351968e+00
<VARIANCE> 6
 1.718324e+03 2.607520e+02 4.609758e+00 1.123786e+01 1.459686e+00 5.125470e+00
<GCONST> 2.999985e+01
<TRANSP> 5
 0.000000e+00 1.000000e+00 0.000000e+00 0.000000e+00 0.000000e+00
 0.000000e+00 1.776639e-01 8.223361e-01 0.000000e+00 0.000000e+00
 0.000000e+00 0.000000e+00 5.130192e-01 4.869808e-01 0.000000e+00
 0.000000e+00 0.000000e+00 0.000000e+00 8.972302e-01 1.027698e-01
 0.000000e+00 0.000000e+00 0.000000e+00 0.000000e+00 0.000000e+00
<ENDHMM>
~h "bg_red_0_3"
<BEGINHMM>
<NUMSTATES> 5
<STATE> 2
<MEAN> 6
 3.020280e+02 1.837633e+01 2.448709e+00 5.108101e+00 1.062377e+00 8.749744e-01
<VARIANCE> 6
 9.551506e+03 1.144123e+03 4.352953e+00 4.171540e+01 1.658729e+00 2.240643e+00
<GCONST> 3.374865e+01
<STATE> 3
<MEAN> 6
 5.195787e+02 5.088338e+01 3.883434e+00 1.658744e+01 1.035564e+00 9.092757e-01
<VARIANCE> 6
 4.836923e+04 7.195306e+03 1.047755e+01 5.906133e+02 5.107903e-01 7.277368e-01
<GCONST> 3.843585e+01
<STATE> 4
<MEAN> 6
 3.112836e+02 5.033039e+00 1.829047e+00 1.835898e+00 1.378559e+00 7.718849e-01
<VARIANCE> 6
 4.285043e+03 3.235067e+01 3.030586e+00 4.132126e+00 1.333305e+00 1.309164e+00
<GCONST> 2.595138e+01
<TRANSP> 5
 0.000000e+00 1.000000e+00 0.000000e+00 0.000000e+00 0.000000e+00
 0.000000e+00 5.675951e-01 4.324050e-01 0.000000e+00 0.000000e+00
 0.000000e+00 0.000000e+00 4.651800e-01 5.348200e-01 0.000000e+00
 0.000000e+00 0.000000e+00 0.000000e+00 8.720829e-01 1.279171e-01
 0.000000e+00 0.000000e+00 0.000000e+00 0.000000e+00 0.000000e+00
<ENDHMM>
~h "bg_red_0_4"
<BEGINHMM>
<NUMSTATES> 5
<STATE> 2
<MEAN> 6
 2.842178e+02 5.930946e+00 1.842298e+00 1.763672e+00 8.290671e-01 4.102781e-01
<VARIANCE> 6
 6.062488e+03 4.368333e+01 2.573967e+00 5.220788e+00 5.044054e-01 4.020018e-01
<GCONST> 2.451653e+01
<STATE> 3
<MEAN> 6
 3.624458e+02 5.623471e+01 4.470830e+00 1.919488e+01 1.040791e+00 1.331929e+00
<VARIANCE> 6
 1.658294e+04 4.789416e+03 2.452983e+01 4.580669e+02 4.230193e-01 3.671779e+00
<GCONST> 3.898480e+01
<STATE> 4
<MEAN> 6
 4.087774e+02 1.560339e+01 2.543169e+00 5.110029e+00 1.232274e+00 1.254647e+00
<VARIANCE> 6
 5.083921e+04 9.948746e+02 5.653452e+00 5.560212e+01 1.034515e+00 3.334544e+00
<GCONST> 3.575506e+01
<TRANSP> 5
 0.000000e+00 1.000000e+00 0.000000e+00 0.000000e+00 0.000000e+00
 0.000000e+00 8.485719e-01 1.514281e-01 0.000000e+00 0.000000e+00
 0.000000e+00 0.000000e+00 5.090371e-01 4.909629e-01 0.000000e+00
 0.000000e+00 0.000000e+00 0.000000e+00 7.706102e-01 2.293898e-01
 0.000000e+00 0.000000e+00 0.000000e+00 0.000000e+00 0.000000e+00
<ENDHMM>
~h "bg_red_0_5"
<BEGINHMM>
<NUMSTATES> 5
<STATE> 2
<MEAN> 6
 2.919169e+02 1.653368e+01 4.128942e+00 5.310365e+00 1.298944e+00 1.313385e+00
<VARIANCE> 6
 8.157974e+03 9.062053e+02 1.283112e+01 4.956560e+01 8.590969e-01 3.146115e+00
<GCONST> 3.429274e+01
<STATE> 3
<MEAN> 6
 4.402315e+02 8.244836e+01 7.312556e+00 2.385309e+01 2.746881e+00 2.286411e+00
<VARIANCE> 6
 2.737187e+04 7.706562e+03 1.013141e+02 6.250530e+02 1.598833e+01 9.102883e+00
<GCONST> 4.623087e+01
<STATE> 4
<MEAN> 6
 3.931766e+02 4.818039e+00 1.999021e+00 2.106732e+00 7.141092e-01 4.869040e-01
<VARIANCE> 6
 3.320129e+04 1.466181e+02 6.913306e+00 5.269368e+01 4.874011e-01 4.051407e-01
<GCONST> 3.070119e+01
<TRANSP> 5
 0.000000e+00 1.000000e+00 0.000000e+00 0.000000e+00 0.000000e+00
 0.000000e+00 7.812150e-01 2.187851e-01 0.000000e+00 0.000000e+00
 0.000000e+00 0.000000e+00 5.153295e-01 4.846705e-01 0.000000e+00
 0.000000e+00 0.000000e+00 0.000000e+00 8.136431e-01 1.863569e-01
 0.000000e+00 0.000000e+00 0.000000e+00 0.000000e+00 0.000000e+00
<ENDHMM>
~h "bg_dark_0"
<BEGINHMM>
<NUMSTATES> 5
<STATE> 2
<MEAN> 6
 1.637954e+02 1.016722e+01 1.128846e+01 2.858411e+00 3.200539e+00 1.071827e+00
<VARIANCE> 6
 5.609522e+03 1.617288e+02 1.387046e+02 5.113184e+00 5.695137e+00 8.607715e-01
<GCONST> 3.289926e+01
<STATE> 3
<MEAN> 6
 1.190605e+02 2.962079e+01 1.218463e+01 6.885938e+00 4.484318e+00 2.258911e+00
<VARIANCE> 6
 3.271908e+03 9.881910e+02 1.444299e+02 4.468980e+01 1.115780e+01 4.435228e+00
<GCONST> 3.869053e+01
<STATE> 4
<MEAN> 6
 8.240824e+01 9.577822e+00 7.524392e+00 2.345461e+00 2.159018e+00 8.666780e-01
<VARIANCE> 6
 1.924671e+03 1.180074e+02 6.049901e+01 3.645802e+00 3.895740e+00 1.298306e+00
<GCONST> 3.037767e+01
<TRANSP> 5
 0.000000e+00 1.000000e+00 0.000000e+00 0.000000e+00 0.000000e+00
 0.000000e+00 9.724802e-01 2.751987e-02 0.000000e+00 0.000000e+00
 0.000000e+00 0.000000e+00 8.914685e-01 1.085315e-01 0.000000e+00
 0.000000e+00 0.000000e+00 0.000000e+00 9.590980e-01 4.090196e-02
 0.000000e+00 0.000000e+00 0.000000e+00 0.000000e+00 0.000000e+00
<ENDHMM>
~h "bg_dark_0_0"
<BEGINHMM>
<NUMSTATES> 5
<STATE> 2
<MEAN> 6
 1.891448e+02 1.502967e+01 8.890363e+00 3.574226e+00 2.517337e+00 9.350508e-01
<VARIANCE> 6
 5.771087e+03 8.472474e+02 6.673217e+01 1.434585e+01 1.938208e+00 5.720912e-01
<GCONST> 3.339732e+01
<STATE> 3
<MEAN> 6
 1.563024e+02 3.326258e+01 1.337325e+01 8.366531e+00 4.131306e+00 2.244395e+00
<VARIANCE> 6
 6.034207e+03 2.658933e+03 1.086354e+02 1.510936e+02 5.483015e+00 2.865440e+00
<GCONST> 4.007841e+01
<STATE> 4
<MEAN> 6
 1.694794e+02 8.582024e+00 1.046193e+01 2.657809e+00 2.855465e+00 9.499563e-01
<VARIANCE> 6
 5.216221e+03 9.071190e+01 8.991091e+01 2.936897e+00 2.895210e+00 4.674246e-01
<GCONST> 2.997319e+01
<TRANSP> 5
 0.000000e+00 1.000000e+00 0.000000e+00 0.000000e+00 0.000000e+00
 0.000000e+00 6.834877e-01 3.165123e-01 0.000000e+00 0.000000e+00
 0.000000e+00 0.000000e+00 4.984054e-01 5.015947e-01 0.000000e+00
 0.000000e+00 0.000000e+00 0.000000e+00 8.539490e-01 1.460510e-01
 0.000000e+00 0.000000e+00 0.000000e+00 0.000000e+00 0.000000e+00
<ENDHMM>
~h "bg_dark_0_1"
<BEGINHMM>
<NUMSTATES> 5
<STATE> 2
<MEAN> 6
 1.547340e+02 8.737216e+00 7.058179e+00 2.149261e+00 2.390842e+00 8.528712e-01
<VARIANCE> 6
 6.091068e+03 1.116047e+02 4.337433e+01 2.076614e+00 2.958979e+00 4.189114e-01
<GCONST> 2.917216e+01
<STATE> 3
<MEAN> 6
 1.348833e+02 2.438998e+01 1.656423e+01 5.111767e+00 3.755460e+00 1.635736e+00
<VARIANCE> 6
 3.255310e+03 4.621760e+02 2.942505e+02 8.020441e+00 7.707437e+00 1.856314e+00
<GCONST> 3.567846e+01
<STATE> 4
<MEAN> 6
 1.430767e+02 7.889857e+00 8.648092e+00 1.950818e+00 2.281956e+00 6.782415e-01
<VARIANCE> 6
 7.495540e+03 8.824689e+01 1.019616e+02 2.000276e+00 3.091867e+00 4.351325e-01
<GCONST> 3.004402e+01
<TRANSP> 5
 0.000000e+00 1.000000e+00 0.000000e+00 0.000000e+00 0.000000e+00
 0.000000e+00 7.603394e-01 2.396607e-01 0.000000e+00 0.000000e+00
 0.000000e+00 0.000000e+00 6.280726e-01 3.719274e-01 0.000000e+00
 0.000000e+00 0.000000e+00 0.000000e+00 8.371001e-01 1.629000e-01
 0.000000e+00 0.000000e+00 0.000000e+00 0.000000e+00 0.000000e+00
<ENDHMM>
~h "bg_dark_0_2"
<BEGINHMM>
<NUMSTATES> 5
<STATE> 2
<MEAN> 6
 1.543850e+02 1.298228e+01 9.692167e+00 2.917258e+00 3.123737e+00 9.653258e-01
<VARIANCE> 6
 5.510155e+03 2.099171e+02 1.155898e+02 3.700217e+00 5.610800e+00 8.196756e-01
<GCONST> 3.257261e+01
<STATE> 3
<MEAN> 6
 1.388343e+02 2.040735e+01 1.646726e+01 4.900418e+00 4.943119e+00 2.504035e+00
<VARIANCE> 6
 2.959987e+03 3.337145e+02 2.346459e+02 1.148483e+01 1.122249e+01 4.030286e+00
<GCONST> 3.654135e+01
<STATE> 4
<MEAN> 6
 1.026148e+02 9.230895e+00 7.147177e+00 2.513849e+00 1.991150e+00 7.648920e-01
<VARIANCE> 6
 3.771811e+03 9.405286e+01 5.697646e+01 4.867765e+00 2.746222e+00 9.503536e-01
<GCONST> 3.039101e+01
<TRANSP> 5
 0.000000e+00 1.000000e+00 0.000000e+00 0.000000e+00 0.000000e+00
 0.000000e+00 7.847248e-01 2.152753e-01 0.000000e+00 0.000000e+00
 0.000000e+00 0.000000e+00 6.674508e-01 3.325491e-01 0.000000e+00
 0.000000e+00 0.000000e+00 0.000000e+00 8.130040e-01 1.869960e-01
 0.000000e+00 0.000000e+00 0.000000e+00 0.000000e+00 0.000000e+00
<ENDHMM>
~h "bg_dark_0_3"
<BEGINHMM>
<NUMSTATES> 5
<STATE> 2
<MEAN> 6
 8.985170e+01 9.603065e+00 7.920044e+00 3.427823e+00 2.748390e+00 1.227554e+00
<VARIANCE> 6
 2.054380e+03 9.020982e+01 5.179234e+01 6.167812e+00 3.924234e+00 1.615582e+00
<GCONST> 3.077058e+01
<STATE> 3
<MEAN> 6
 1.782197e+02 2.275742e+01 1.590878e+01 5.657171e+00 5.364541e+00 2.155108e+00
<VARIANCE> 6
 8.753099e+03 4.718178e+02 1.696142e+02 1.529811e+01 1.379939e+01 3.950479e+00
<GCONST> 3.812073e+01
<STATE> 4
<MEAN> 6
 1.223535e+02 1.044271e+01 8.454163e+00 2.438282e+00 2.681676e+00 9.490876e-01
<VARIANCE> 6
 3.016811e+03 1.403373e+02 5.506887e+01 2.880427e+00 3.368624e+00 7.288967e-01
<GCONST> 2.994807e+01
<TRANSP> 5
 0.000000e+00 1.000000e+00 0.000000e+00 0.000000e+00 0.000000e+00
 0.000000e+00 7.751976e-01 2.248024e-01 0.000000e+00 0.000000e+00
 0.000000e+00 0.000000e+00 6.645481e-01 3.354519e-01 0.000000e+00
 0.000000e+00 0.000000e+00 0.000000e+00 7.812102e-01 2.187898e-01
 0.000000e+00 0.000000e+00 0.000000e+00 0.000000e+00 0.000000e+00
<ENDHMM>
~h "bg_dark_0_4"
<BEGINHMM>
<NUMSTATES> 5
<STATE> 2
<MEAN> 6
 1.031893e+02 1.134841e+01 7.137002e+00 2.528816e+00 2.434602e+00 9.582828e-01
<VARIANCE> 6
 2.471993e+03 2.175029e+02 4.619696e+01 4.092477e+00 4.008735e+00 8.656693e-01
<GCONST> 3.070854e+01
<STATE> 3
<MEAN> 6
 1.546961e+02 1.610772e+01 1.988037e+01 4.712440e+00 5.260444e+00 2.591780e+00
<VARIANCE> 6
 5.590712e+03 1.669754e+02 2.558605e+02 7.950029e+00 1.084323e+01 4.081399e+00
<GCONST> 3.618176e+01
<STATE> 4
<MEAN> 6
 7.852563e+01 7.896164e+00 8.460685e+00 1.786719e+00 2.035826e+00 5.346194e-01
<VARIANCE> 6
 1.541723e+03 8.498323e+01 8.396905e+01 2.876629e+00 3.135641e+00 2.315418e-01
<GCONST> 2.797728e+01
<TRANSP> 5
 0.000000e+00 1.000000e+00 0.000000e+00 0.000000e+00 0.000000e+00
 0.000000e+00 7.689695e-01 2.310305e-01 0.000000e+00 0.000000e+00
 0.000000e+00 0.000000e+00 6.721130e-01 3.278870e-01 0.000000e+00
 0.000000e+00 0.000000e+00 0.000000e+00 8.221191e-01 1.778810e-01
 0.000000e+00 0.000000e+00 0.000000e+00 0.000000e+00 0.000000e+00
<ENDHMM>
~h "bg_dark_0_5"
<BEGINHMM>
<NUMSTATES> 5
<STATE> 2
<MEAN> 6
 1.144213e+02 9.828169e+00 9.256753e+00 2.382850e+00 2.309284e+00 5.975104e-01
<VARIANCE> 6
 4.929195e+03 1.179215e+02 9.549536e+01 3.508906e+00 3.837865e+00 2.902258e-01
<GCONST> 3.022241e+01
<STATE> 3
<MEAN> 6
 1.237237e+02 1.845251e+01 1.414685e+01 5.526117e+00 5.492904e+00 2.102139e+00
<VARIANCE> 6
 2.215145e+03 2.748892e+02 1.642141e+02 1.339796e+01 1.127980e+01 2.780401e+00
<GCONST> 3.548858e+01
<STATE> 4
<MEAN> 6
 6.427132e+01 7.360077e+00 4.798590e+00 1.887967e+00 1.683080e+00 5.580483e-01
<VARIANCE> 6
 1.043601e+03 7.358180e+01 2.156116e+01 2.698756e+00 3.692318e+00 6.025516e-01
<GCONST> 2.713945e+01
<TRANSP> 5
 0.000000e+00 1.000000e+00 0.000000e+00 0.000000e+00 0.000000e+00
 0.000000e+00 7.407203e-01 2.592797e-01 0.000000e+00 0.000000e+00
 0.000000e+00 0.000000e+00 7.348541e-01 2.651459e-01 0.000000e+00
 0.000000e+00 0.000000e+00 0.000000e+00 7.712535e-01 2.287465e-01
 0.000000e+00 0.000000e+00 0.000000e+00 0.000000e+00 0.000000e+00
<ENDHMM>
~h "bg_white_0"
<BEGINHMM>
<NUMSTATES> 5
<STATE> 2
<MEAN> 6
 7.524874e+02 2.654127e+00 5.017579e+00 1.351370e+00 1.766306e+00 9.970540e-01
<VARIANCE> 6
 4.828107e+03 2.413787e+01 4.262364e+02 3.850940e+00 1.721156e+01 2.649039e+00
<GCONST> 3.391635e+01
<STATE> 3
<MEAN> 6
 7.110836e+02 4.408447e+01 1.861317e+01 1.640571e+01 1.685687e+01 1.219987e+01
<VARIANCE> 6
 5.543311e+03 1.862180e+03 4.499782e+02 1.433618e+02 2.169601e+02 1.141715e+02
<GCONST> 4.836910e+01
<STATE> 4
<MEAN> 6
 7.224259e+02 3.921089e+00 6.514918e+00 1.956355e+00 2.681405e+00 1.400212e+00
<VARIANCE> 6
 2.391104e+04 6.750492e+01 6.147228e+02 1.116265e+01 3.415751e+01 6.928515e+00
<GCONST> 3.962193e+01
<TRANSP> 5
 0.000000e+00 1.000000e+00 0.000000e+00 0.000000e+00 0.000000e+00
 0.000000e+00 9.447683e-01 5.523171e-02 0.000000e+00 0.000000e+00
 0.000000e+00 0.000000e+00 9.681229e-01 3.187708e-02 0.000000e+00
 0.000000e+00 0.000000e+00 0.000000e+00 9.512765e-01 4.872350e-02
 0.000000e+00 0.000000e+00 0.000000e+00 0.000000e+00 0.000000e+00
<ENDHMM>
~h "bg_white_0_0"
<BEGINHMM>
<NUMSTATES> 5
<STATE> 2
<MEAN> 6
 7.362642e+02 2.314980e+00 9.740388e+00 1.083130e+00 2.415251e+00 6.473266e-01
<VARIANCE> 6
 1.021520e+04 3.607512e+01 1.002677e+03 3.900779e+00 3.577377e+01 1.155348e+00
<GCONST> 3.583772e+01
<STATE> 3
<MEAN> 6
 6.970955e+02 4.455123e+01 2.264922e+01 1.592819e+01 1.887422e+01 1.298253e+01
<VARIANCE> 6
 6.463456e+03 1.994979e+03 7.098314e+02 1.535726e+02 2.643265e+02 1.485609e+02
<GCONST> 4.957695e+01
<STATE> 4
<MEAN> 6
 7.435583e+02 2.311830e+01 8.237208e+00 9.459430e+00 8.660397e+00 6.636599e+00
<VARIANCE> 6
 3.391205e+03 1.078708e+03 1.468718e+02 1.120142e+02 1.260612e+02 5.947293e+01
<GCONST> 4.477020e+01
<TRANSP> 5
 0.000000e+00 1.000000e+00 0.000000e+00 0.000000e+00 0.000000e+00
 0.000000e+00 8.640282e-01 1.359718e-01 0.000000e+00 0.000000e+00
 0.000000e+00 0.000000e+00 5.546544e-01 4.453456e-01 0.000000e+00
 0.000000e+00 0.000000e+00 0.000000e+00 5.833481e-01 4.166519e-01
 0.000000e+00 0.000000e+00 0.000000e+00 0.000000e+00 0.000000e+00
<ENDHMM>
~h "bg_white_0_1"
<BEGINHMM>
<NUMSTATES> 5
<STATE> 2
<MEAN> 6
 7.471996e+02 3.070890e+01 1.117249e+01 1.107977e+01 1.039499e+01 7.490088e+00
<VARIANCE> 6
 2.954081e+03 1.089115e+03 1.928541e+02 9.576272e+01 1.196724e+02 5.250598e+01
<GCONST> 4.458081e+01
<STATE> 3
<MEAN> 6
 6.830354e+02 5.907043e+01 2.249212e+01 2.013096e+01 2.145938e+01 1.526017e+01
<VARIANCE> 6
 5.551182e+03 2.360260e+03 4.946103e+02 1.652113e+02 2.451414e+02 1.341033e+02
<GCONST> 4.912700e+01
<STATE> 4
<MEAN> 6
 7.555477e+02 8.648190e+00 4.232004e+00 4.068644e+00 3.792743e+00 3.218556e+00
<VARIANCE> 6
 6.643280e+03 3.488108e+02 7.905763e+01 4.018788e+01 5.514172e+01 3.100679e+01
<GCONST> 4.119101e+01
<TRANSP> 5
 0.000000e+00 1.000000e+00 0.000000e+00 0.000000e+00 0.000000e+00
 0.000000e+00 6.859514e-01 3.140486e-01 0.000000e+00 0.000000e+00
 0.000000e+00 0.000000e+00 7.473138e-01 2.526862e-01 0.000000e+00
 0.000000e+00 0.000000e+00 0.000000e+00 8.293020e-01 1.706980e-01
 0.000000e+00 0.000000e+00 0.000000e+00 0.000000e+00 0.000000e+00
<ENDHMM>
~h "bg_white_0_2"
<BEGINHMM>
<NUMSTATES> 5
<STATE> 2
<MEAN> 6
 7.166865e+02 2.059578e+01 9.989244e+00 9.019455e+00 8.994736e+00 6.881924e+00
<VARIANCE> 6
 2.058417e+04 7.773002e+02 2.024039e+02 7.965926e+01 1.217859e+02 6.277304e+01
<GCONST> 4.624518e+01
<STATE> 3
<MEAN> 6
 6.863231e+02 5.511935e+01 2.412969e+01 1.995840e+01 2.048261e+01 1.511422e+01
<VARIANCE> 6
 5.187876e+03 2.037672e+03 5.656877e+02 1.599796e+02 2.401995e+02 1.385639e+02
<GCONST> 4.902679e+01
<STATE> 4
<MEAN> 6
 7.626038e+02 1.077305e+01 5.036891e+00 4.886816e+00 4.729431e+00 3.631708e+00
<VARIANCE> 6
 2.461057e+03 4.447103e+02 8.728474e+01 4.513388e+01 5.910470e+01 2.955581e+01
<GCONST> 4.067743e+01
<TRANSP> 5
 0.000000e+00 1.000000e+00 0.000000e+00 0.000000e+00 0.000000e+00
 0.000000e+00 6.076786e-01 3.923214e-01 0.000000e+00 0.000000e+00
 0.000000e+00 0.000000e+00 7.677596e-01 2.322404e-01 0.000000e+00
 0.000000e+00 0.000000e+00 0.000000e+00 8.372710e-01 1.627290e-01
 0.000000e+00 0.000000e+00 0.000000e+00 0.000000e+00 0.000000e+00
<ENDHMM>
~h "bg_white_0_3"
<BEGINHMM>
<NUMSTATES> 5
<STATE> 2
<MEAN> 6
 7.192395e+02 3.319667e+01 1.264362e+01 1.170474e+01 1.216141e+01 8.425135e+00
<VARIANCE> 6
 1.254498e+04 1.204019e+03 2.071956e+02 8.520512e+01 1.260330e+02 5.247937e+01
<GCONST> 4.613345e+01
<STATE> 3
<MEAN> 6
 6.767939e+02 5.284472e+01 2.361276e+01 2.078174e+01 2.135571e+01 1.580288e+01
<VARIANCE> 6
 8.298838e+03 2.646333e+03 5.406959e+02 1.874120e+02 2.757560e+02 1.677676e+02
<GCONST> 5.020033e+01
<STATE> 4
<MEAN> 6
 7.626401e+02 8.002215e+00 4.701665e+00 3.996085e+00 3.570467e+00 2.888999e+00
<VARIANCE> 6
 2.464307e+03 2.870331e+02 1.174484e+02 4.068477e+01 4.195142e+01 2.318020e+01
<GCONST> 3.984819e+01
<TRANSP> 5
 0.000000e+00 1.000000e+00 0.000000e+00 0.000000e+00 0.000000e+00
 0.000000e+00 7.085812e-01 2.914188e-01 0.000000e+00 0.000000e+00
 0.000000e+00 0.000000e+00 6.506365e-01 3.493635e-01 0.000000e+00
 0.000000e+00 0.000000e+00 0.000000e+00 8.247511e-01 1.752490e-01
 0.000000e+00 0.000000e+00 0.000000e+00 0.000000e+00 0.000000e+00
<ENDHMM>
~h "bg_white_0_4"
<BEGINHMM>
<NUMSTATES> 5
<STATE> 2
<MEAN> 6
 6.965864e+02 1.745529e+01 9.473886e+00 7.659778e+00 6.851416e+00 4.956622e+00
<VARIANCE> 6
 3.188022e+04 7.027118e+02 2.675445e+02 9.296824e+01 9.241444e+01 4.673460e+01
<GCONST> 4.644426e+01
<STATE> 3
<MEAN> 6
 6.973360e+02 4.990699e+01 2.070457e+01 1.763380e+01 1.784153e+01 1.290075e+01
<VARIANCE> 6
 6.602885e+03 1.860045e+03 4.352130e+02 1.414939e+02 2.226580e+02 1.216307e+02
<GCONST> 4.858559e+01
<STATE> 4
<MEAN> 6
 7.608397e+02 5.142683e+00 2.834885e+00 2.329122e+00 2.322312e+00 1.753476e+00
<VARIANCE> 6
 3.624230e+03 2.112483e+02 4.695509e+01 1.924951e+01 3.446815e+01 1.464653e+01
<GCONST> 3.760661e+01
<TRANSP> 5
 0.000000e+00 1.000000e+00 0.000000e+00 0.000000e+00 0.000000e+00
 0.000000e+00 5.207473e-01 4.792527e-01 0.000000e+00 0.000000e+00
 0.000000e+00 0.000000e+00 7.440761e-01 2.559240e-01 0.000000e+00
 0.000000e+00 0.000000e+00 0.000000e+00 8.572652e-01 1.427347e-01
 0.000000e+00 0.000000e+00 0.000000e+00 0.000000e+00 0.000000e+00
<ENDHMM>
~h "bg_white_0_5"
<BEGINHMM>
<NUMSTATES> 5
<STATE> 2
<MEAN> 6
 7.624200e+02 5.015641e+00 3.585200e+00 2.074493e+00 2.600944e+00 1.541142e+00
<VARIANCE> 6
 3.587315e+03 2.416454e+02 5.815141e+01 2.077031e+01 3.771912e+01 1.501054e+01
<GCONST> 3.813539e+01
<STATE> 3
<MEAN> 6
 6.530169e+02 4.076122e+01 4.267825e+01 1.568039e+01 2.203551e+01 1.205690e+01
<VARIANCE> 6
 1.755544e+04 2.266166e+03 3.451698e+03 2.017714e+02 2.816100e+02 1.450411e+02
<GCONST> 5.259752e+01
<STATE> 4
<MEAN> 6
 5.948248e+02 5.570731e+00 8.589002e+00 2.310593e+00 3.382159e+00 1.376995e+00
<VARIANCE> 6
 5.546415e+04 2.288425e+02 8.605959e+02 2.710812e+01 5.826835e+01 1.506046e+01
<GCONST> 4.421838e+01
<TRANSP> 5
 0.000000e+00 1.000000e+00 0.000000e+00 0.000000e+00 0.000000e+00
 0.000000e+00 8.517399e-01 1.482601e-01 0.000000e+00 0.000000e+00
 0.000000e+00 0.000000e+00 5.794625e-01 4.205375e-01 0.000000e+00
 0.000000e+00 0.000000e+00 0.000000e+00 6.524383e-01 3.475617e-01
 0.000000e+00 0.000000e+00 0.000000e+00 0.000000e+00 0.000000e+00
<ENDHMM>
~h "bg_board"
<BEGINHMM>
<NUMSTATES> 5
<STATE> 2
<MEAN> 6
 1.482682e+02 1.715198e+01 9.005865e+00 4.686690e+00 2.705783e+00 1.031031e+00
<VARIANCE> 6
 2.836601e+03 2.403965e+02 7.060132e+01 9.000146e+00 3.230340e+00 7.909257e-01
<GCONST> 3.185224e+01
<STATE> 3
<MEAN> 6
 2.371696e+02 4.324564e+01 1.379890e+01 1.113976e+01 4.786735e+00 2.515834e+00
<VARIANCE> 6
 6.476926e+03 2.393257e+03 2.056189e+02 4.954646e+01 1.305050e+01 4.246148e+00
<GCONST> 4.082745e+01
<STATE> 4
<MEAN> 6
 3.066471e+02 1.344012e+01 6.881895e+00 3.722108e+00 2.547127e+00 1.034216e+00
<VARIANCE> 6
 7.291023e+03 2.236953e+02 4.808651e+01 8.569571e+00 3.331040e+00 9.751074e-01
<GCONST> 3.253124e+01
<TRANSP> 5
 0.000000e+00 1.000000e+00 0.000000e+00 0.000000e+00 0.000000e+00
 0.000000e+00 9.665080e-01 3.349194e-02 0.000000e+00 0.000000e+00
 0.000000e+00 0.000000e+00 9.527959e-01 4.720408e-02 0.000000e+00
 0.000000e+00 0.000000e+00 0.000000e+00 9.472503e-01 5.274969e-02
 0.000000e+00 0.000000e+00 0.000000e+00 0.000000e+00 0.000000e+00
<ENDHMM>
~h "bg_board_0"
<BEGINHMM>
<NUMSTATES> 5
<STATE> 2
<MEAN> 6
 1.890459e+02 1.495278e+01 7.970493e+00 4.705504e+00 2.641622e+00 9.945858e-01
<VARIANCE> 6
 2.650420e+03 2.456047e+02 5.016769e+01 7.691000e+00 2.093723e+00 5.968929e-01
<GCONST> 3.059181e+01
<STATE> 3
<MEAN> 6
 2.059082e+02 3.804403e+01 1.299033e+01 9.032440e+00 4.247998e+00 1.958780e+00
<VARIANCE> 6
 3.283016e+03 1.463678e+03 1.731099e+02 2.770409e+01 8.226336e+00 2.592408e+00
<GCONST> 3.794792e+01
<STATE> 4
<MEAN> 6
 1.832465e+02 1.372594e+01 6.299434e+00 3.512718e+00 2.049756e+00 7.038442e-01
<VARIANCE> 6
 4.744283e+03 2.658029e+02 3.457002e+01 9.696170e+00 1.908993e+00 3.536649e-01
<GCONST> 3.049660e+01
<TRANSP> 5
 0.000000e+00 1.000000e+00 0.000000e+00 0.000000e+00 0.000000e+00
 0.000000e+00 7.588237e-01 2.411762e-01 0.000000e+00 0.000000e+00
 0.000000e+00 0.000000e+00 6.659558e-01 3.340442e-01 0.000000e+00
 0.000000e+00 0.000000e+00 0.000000e+00 7.942402e-01 2.057597e-01
 0.000000e+00 0.000000e+00 0.000000e+00 0.000000e+00 0.000000e+00
<ENDHMM>
~h "bg_board_1"
<BEGINHMM>
<NUMSTATES> 5
<STATE> 2
<MEAN> 6
 1.740486e+02 2.076775e+01 9.321166e+00 5.464503e+00 2.738947e+00 1.078425e+00
<VARIANCE> 6
 2.881756e+03 3.743930e+02 6.125089e+01 1.219227e+01 2.473317e+00 6.274399e-01
<GCONST> 3.197396e+01
<STATE> 3
<MEAN> 6
 2.178833e+02 4.398238e+01 1.625407e+01 1.018543e+01 4.799695e+00 2.342560e+00
<VARIANCE> 6
 6.006764e+03 1.967475e+03 3.862319e+02 3.664930e+01 2.725425e+01 5.268847e+00
<GCONST> 4.183727e+01
<STATE> 4
<MEAN> 6
 1.739826e+02 1.336299e+01 6.315370e+00 3.475843e+00 1.901583e+00 6.960262e-01
<VARIANCE> 6
 6.805190e+03 2.322659e+02 3.589631e+01 6.907439e+00 1.488537e+00 2.989303e-01
<GCONST> 3.000407e+01
<TRANSP> 5
 0.000000e+00 1.000000e+00 0.000000e+00 0.000000e+00 0.000000e+00
 0.000000e+00 7.568739e-01 2.431261e-01 0.000000e+00 0.000000e+00
 0.000000e+00 0.000000e+00 6.590899e-01 3.409101e-01 0.000000e+00
 0.000000e+00 0.000000e+00 0.000000e+00 8.320339e-01 1.679661e-01
 0.000000e+00 0.000000e+00 0.000000e+00 0.000000e+00 0.000000e+00
<ENDHMM>
~h "bg_board_2"
<BEGINHMM>
<NUMSTATES> 5
<STATE> 2
<MEAN> 6
 1.444703e+02 1.618815e+01 7.615862e+00 4.139372e+00 2.289400e+00 7.985627e-01
<VARIANCE> 6
 3.460742e+03 2.666040e+02 4.125965e+01 7.685428e+00 2.254267e+00 3.626037e-01
<GCONST> 3.031986e+01
<STATE> 3
<MEAN> 6
 2.122510e+02 4.892514e+01 1.478514e+01 1.192931e+01 4.239097e+00 1.929642e+00
<VARIANCE> 6
 4.461053e+03 3.204529e+03 2.144074e+02 7.487817e+01 1.307277e+01 2.629610e+00
<GCONST> 4.072383e+01
<STATE> 4
<MEAN> 6
 2.380948e+02 2.015018e+01 1.029931e+01 5.624815e+00 2.976877e+00 1.330445e+00
<VARIANCE> 6
 9.609452e+03 5.421523e+02 9.403864e+01 1.818035e+01 4.243731e+00 1.306750e+00
<GCONST> 3.565034e+01
<TRANSP> 5
 0.000000e+00 1.000000e+00 0.000000e+00 0.000000e+00 0.000000e+00
 0.000000e+00 8.392777e-01 1.607223e-01 0.000000e+00 0.000000e+00
 0.000000e+00 0.000000e+00 5.939497e-01 4.060503e-01 0.000000e+00
 0.000000e+00 0.000000e+00 0.000000e+00 7.682683e-01 2.317317e-01
 0.000000e+00 0.000000e+00 0.000000e+00 0.000000e+00 0.000000e+00
<ENDHMM>
~h "bg_board_3"
<BEGINHMM>
<NUMSTATES> 5
<STATE> 2
<MEAN> 6
 1.379312e+02 1.921131e+01 9.019166e+00 4.735724e+00 2.645144e+00 9.753036e-01
<VARIANCE> 6
 5.943125e+03 5.221769e+02 7.937646e+01 1.472775e+01 4.168596e+00 8.774788e-01
<GCONST> 3.433607e+01
<STATE> 3
<MEAN> 6
 2.278058e+02 4.883974e+01 1.377554e+01 1.249040e+01 4.929721e+00 2.421622e+00
<VARIANCE> 6
 5.668104e+03 3.256945e+03 1.773989e+02 7.043841e+01 1.079871e+01 3.973415e+00
<GCONST> 4.095061e+01
<STATE> 4
<MEAN> 6
 2.553901e+02 1.849176e+01 8.212041e+00 4.986229e+00 2.829295e+00 1.212233e+00
<VARIANCE> 6
 1.165122e+04 4.530530e+02 6.513426e+01 1.585789e+01 3.568853e+00 1.556914e+00
<GCONST> 3.516151e+01
<TRANSP> 5
 0.000000e+00 1.000000e+00 0.000000e+00 0.000000e+00 0.000000e+00
 0.000000e+00 7.788059e-01 2.211941e-01 0.000000e+00 0.000000e+00
 0.000000e+00 0.000000e+00 6.478544e-01 3.521456e-01 0.000000e+00
 0.000000e+00 0.000000e+00 0.000000e+00 7.844527e-01 2.155474e-01
 0.000000e+00 0.000000e+00 0.000000e+00 0.000000e+00 0.000000e+00
<ENDHMM>
~h "bg_board_4"
<BEGINHMM>
<NUMSTATES> 5
<STATE> 2
<MEAN> 6
 1.898863e+02 2.013912e+01 9.599219e+00 5.718781e+00 3.514115e+00 1.571934e+00
<VARIANCE> 6
 4.997102e+03 4.319417e+02 7.128905e+01 1.329668e+01 4.505195e+00 1.867483e+00
<GCONST> 3.459624e+01
<STATE> 3
<MEAN> 6
 2.617151e+02 4.841481e+01 1.599771e+01 1.246142e+01 5.455598e+00 2.978256e+00
<VARIANCE> 6
 7.856202e+03 2.977603e+03 2.227379e+02 6.849760e+01 1.098183e+01 4.788603e+00
<GCONST> 4.159047e+01
<STATE> 4
<MEAN> 6
 3.063844e+02 2.058733e+01 9.122970e+00 5.975085e+00 3.155725e+00 1.524527e+00
<VARIANCE> 6
 7.185334e+03 5.149279e+02 7.665929e+01 2.458401e+01 4.563783e+00 1.704584e+00
<GCONST> 3.574402e+01
<TRANSP> 5
 0.000000e+00 1.000000e+00 0.000000e+00 0.000000e+00 0.000000e+00
 0.000000e+00 8.389149e-01 1.610851e-01 0.000000e+00 0.000000e+00
 0.000000e+00 0.000000e+00 6.891036e-01 3.108964e-01 0.000000e+00
 0.000000e+00 0.000000e+00 0.000000e+00 7.203262e-01 2.796739e-01
 0.000000e+00 0.000000e+00 0.000000e+00 0.000000e+00 0.000000e+00
<ENDHMM>
~h "bg_board_5"
<BEGINHMM>
<NUMSTATES> 5
<STATE> 2
<MEAN> 6
 2.820972e+02 2.317732e+01 1.101716e+01 7.436443e+00 4.237545e+00 2.286123e+00
<VARIANCE> 6
 8.362494e+03 4.588560e+02 9.106569e+01 2.253513e+01 6.054301e+00 2.846007e+00
<GCONST> 3.666085e+01
<STATE> 3
<MEAN> 6
 2.836068e+02 5.236595e+01 1.789672e+01 1.223085e+01 5.990134e+00 3.207230e+00
<VARIANCE> 6
 6.573768e+03 3.597439e+03 3.254181e+02 6.307244e+01 2.091864e+01 7.754610e+00
<GCONST> 4.302440e+01
<STATE> 4
<MEAN> 6
 3.186434e+02 1.582686e+01 6.920153e+00 4.793443e+00 3.084581e+00 1.451053e+00
<VARIANCE> 6
 1.173195e+04 3.990508e+02 4.131944e+01 1.301288e+01 4.091603e+00 1.698256e+00
<GCONST> 3.461223e+01
<TRANSP> 5
 0.000000e+00 1.000000e+00 0.000000e+00 0.000000e+00 0.000000e+00
 0.000000e+00 7.508784e-01 2.491217e-01 0.000000e+00 0.000000e+00
 0.000000e+00 0.000000e+00 5.541204e-01 4.458796e-01 0.000000e+00
 0.000000e+00 0.000000e+00 0.000000e+00 8.258792e-01 1.741208e-01
 0.000000e+00 0.000000e+00 0.000000e+00 0.000000e+00 0.000000e+00
<ENDHMM>
~h "fp_logo"
<BEGINHMM>
<NUMSTATES> 5
<STATE> 2
<MEAN> 6
 1.478173e+02 1.188369e+01 3.729539e+00 5.007619e+00 1.935563e+00 1.133153e+00
<VARIANCE> 6
 2.574432e+03 2.479822e+02 1.302350e+01 2.923055e+01 2.946250e+00 2.114931e+00
<GCONST> 3.216553e+01
<STATE> 3
<MEAN> 6
 3.870676e+02 7.937968e+01 5.614455e+01 2.048752e+01 1.569373e+01 6.291262e+00
<VARIANCE> 6
 4.492256e+04 7.034354e+03 5.658467e+03 3.745575e+02 3.007278e+02 4.024026e+01
<GCONST> 5.456625e+01
<STATE> 4
<MEAN> 6
 2.449938e+02 3.329780e+00 3.436787e+00 1.446337e+00 1.385270e+00 4.861506e-01
<VARIANCE> 6
 1.491093e+04 7.377569e+00 9.064919e+00 9.626876e-01 1.074675e+00 2.032963e-01
<GCONST> 2.328087e+01
<TRANSP> 5
 0.000000e+00 1.000000e+00 0.000000e+00 0.000000e+00 0.000000e+00
 0.000000e+00 9.475936e-01 5.240646e-02 0.000000e+00 0.000000e+00
 0.000000e+00 0.000000e+00 8.969930e-01 1.030069e-01 0.000000e+00
 0.000000e+00 0.000000e+00 0.000000e+00 9.757342e-01 2.426578e-02
 0.000000e+00 0.000000e+00 0.000000e+00 0.000000e+00 0.000000e+00
<ENDHMM>
~h "fp_logo_0"
<BEGINHMM>
<NUMSTATES> 5
<STATE> 2
<MEAN> 6
 1.499238e+02 1.166614e+01 3.949276e+00 4.517281e+00 1.781425e+00 8.048567e-01
<VARIANCE> 6
 1.174097e+03 2.652201e+02 9.651411e+00 2.247151e+01 1.950587e+00 5.289631e-01
<GCONST> 2.908673e+01
<STATE> 3
<MEAN> 6
 1.896709e+02 5.143898e+01 6.239391e+00 9.437768e+00 2.582707e+00 1.538553e+00
<VARIANCE> 6
 1.652311e+04 9.210149e+03 3.496091e+01 1.693309e+02 4.603456e+00 2.403914e+00
<GCONST> 4.095783e+01
<STATE> 4
<MEAN> 6
 1.276048e+02 4.384774e+00 2.581727e+00 1.527510e+00 1.021502e+00 3.664276e-01
<VARIANCE> 6
 2.217337e+03 1.567147e+02 5.105995e+00 1.038803e+01 8.946797e-01 1.009270e-01
<GCONST> 2.535217e+01
<TRANSP> 5
 0.000000e+00 1.000000e+00 0.000000e+00 0.000000e+00 0.000000e+00
 0.000000e+00 6.903853e-01 3.096147e-01 0.000000e+00 0.000000e+00
 0.000000e+00 0.000000e+00 3.503452e-01 6.496548e-01 0.000000e+00
 0.000000e+00 0.000000e+00 0.000000e+00 8.617046e-01 1.382955e-01
 0.000000e+00 0.000000e+00 0.000000e+00 0.000000e+00 0.000000e+00
<ENDHMM>
~h "fp_logo_1"
<BEGINHMM>
<NUMSTATES> 5
<STATE> 2
<MEAN> 6
 1.382572e+02 5.671720e+00 3.239503e+00 2.381514e+00 1.658727e+00 9.404569e-01
<VARIANCE> 6
 3.422320e+03 1.674774e+02 1.025697e+01 1.430560e+01 2.300426e+00 1.585469e+00
<GCONST> 3.056877e+01
<STATE> 3
<MEAN> 6
 3.805149e+02 8.250314e+01 6.245520e+01 2.257504e+01 1.824080e+01 6.991773e+00
<VARIANCE> 6
 5.062182e+04 6.067123e+03 5.930561e+03 3.561380e+02 3.211786e+02 4.380353e+01
<GCONST> 5.468494e+01
<STATE> 4
<MEAN> 6
 2.015637e+02 2.735435e+01 2.251466e+01 1.009592e+01 7.468114e+00 2.807106e+00
<VARIANCE> 6
 1.841010e+04 2.393214e+03 2.513258e+03 1.226495e+02 1.451375e+02 1.568638e+01
<GCONST> 4.899745e+01
<TRANSP> 5
 0.000000e+00 1.000000e+00 0.000000e+00 0.000000e+00 0.000000e+00
 0.000000e+00 8.767908e-01 1.232093e-01 0.000000e+00 0.000000e+00
 0.000000e+00 0.000000e+00 6.422207e-01 3.577794e-01 0.000000e+00
 0.000000e+00 0.000000e+00 0.000000e+00 5.212355e-01 4.787645e-01
 0.000000e+00 0.000000e+00 0.000000e+00 0.000000e+00 0.000000e+00
<ENDHMM>
~h "fp_logo_2"
<BEGINHMM>
<NUMSTATES> 5
<STATE> 2
<MEAN> 6
 2.785844e+02 3.727064e+01 3.093057e+01 8.631566e+00 9.368233e+00 2.899851e+00
<VARIANCE> 6
 4.253037e+04 3.700302e+03 3.786685e+03 1.498976e+02 2.126268e+02 2.235373e+01
<GCONST> 5.161714e+01
<STATE> 3
<MEAN> 6
 3.558886e+02 7.336241e+01 7.695358e+01 2.133925e+01 2.057808e+01 8.050227e+00
<VARIANCE> 6
 3.752044e+04 6.703771e+03 7.892822e+03 4.783641e+02 3.639060e+02 5.305330e+01
<GCONST> 5.538261e+01
<STATE> 4
<MEAN> 6
 1.624902e+02 9.969923e+00 4.284550e+00 4.125327e+00 1.973977e+00 1.107167e+00
<VARIANCE> 6
 6.237849e+03 4.959507e+02 7.368433e+01 4.248891e+01 1.554305e+01 2.598648e+00
<GCONST> 3.771977e+01
<TRANSP> 5
 0.000000e+00 1.000000e+00 0.000000e+00 0.000000e+00 0.000000e+00
 0.000000e+00 2.577259e-01 7.422742e-01 0.000000e+00 0.000000e+00
 0.000000e+00 0.000000e+00 7.046624e-01 2.953376e-01 0.000000e+00
 0.000000e+00 0.000000e+00 0.000000e+00 8.790347e-01 1.209653e-01
 0.000000e+00 0.000000e+00 0.000000e+00 0.000000e+00 0.000000e+00
<ENDHMM>
~h "fp_logo_3"
<BEGINHMM>
<NUMSTATES> 5
<STATE> 2
<MEAN> 6
 2.132873e+02 3.092117e+01 1.450098e+01 9.840078e+00 5.508442e+00 2.223441e+00
<VARIANCE> 6
 1.513107e+04 2.858886e+03 6.808790e+02 2.252551e+02 1.472579e+02 1.693073e+01
<GCONST> 4.837189e+01
<STATE> 3
<MEAN> 6
 2.631815e+02 4.078328e+01 4.063202e+00 9.995265e+00 1.931214e+00 1.264057e+00
<VARIANCE> 6
 2.502941e+04 3.917917e+03 1.249152e+01 1.164020e+02 1.767784e+00 9.844492e-01
<GCONST> 3.726453e+01
<STATE> 4
<MEAN> 6
 2.036128e+02 5.416912e+00 3.790883e+00 1.927745e+00 1.361336e+00 4.747188e-01
<VARIANCE> 6
 8.927096e+03 2.079229e+02 8.946693e+00 9.989917e+00 8.876396e-01 2.289152e-01
<GCONST> 2.836054e+01
<TRANSP> 5
 0.000000e+00 1.000000e+00 0.000000e+00 0.000000e+00 0.000000e+00
 0.000000e+00 9.024250e-02 9.097575e-01 0.000000e+00 0.000000e+00
 0.000000e+00 0.000000e+00 6.092708e-01 3.907292e-01 0.000000e+00
 0.000000e+00 0.000000e+00 0.000000e+00 8.801174e-01 1.198827e-01
 0.000000e+00 0.000000e+00 0.000000e+00 0.000000e+00 0.000000e+00
<ENDHMM>
~h "fp_logo_4"
<BEGINHMM>
<NUMSTATES> 5
<STATE> 2
<MEAN> 6
 2.314218e+02 2.205600e+01 5.890671e+00 7.551175e+00 1.930783e+00 8.521898e-01
<VARIANCE> 6
 8.605954e+03 1.149770e+03 3.050860e+01 7.114635e+01 1.709030e+00 7.088942e-01
<GCONST> 3.500941e+01
<STATE> 3
<MEAN> 6
 3.755308e+02 3.456395e+01 2.096325e+01 1.088964e+01 5.091132e+00 2.339974e+00
<VARIANCE> 6
 6.219878e+04 3.250959e+03 1.314666e+03 2.157387e+02 5.731257e+01 9.219141e+00
<GCONST> 4.897727e+01
<STATE> 4
<MEAN> 6
 2.864985e+02 4.059378e+00 4.180588e+00 1.712406e+00 1.825309e+00 6.068009e-01
<VARIANCE> 6
 8.394468e+03 1.681849e+01 1.856651e+01 1.497970e+00 2.069800e+00 4.060729e-01
<GCONST> 2.603677e+01
<TRANSP> 5
 0.000000e+00 1.000000e+00 0.000000e+00 0.000000e+00 0.000000e+00
 0.000000e+00 4.626141e-01 5.373858e-01 0.000000e+00 0.000000e+00
 0.000000e+00 0.000000e+00 4.363571e-01 5.636429e-01 0.000000e+00
 0.000000e+00 0.000000e+00 0.000000e+00 8.932191e-01 1.067809e-01
 0.000000e+00 0.000000e+00 0.000000e+00 0.000000e+00 0.000000e+00
<ENDHMM>
~h "fp_logo_5"
<BEGINHMM>
<NUMSTATES> 5
<STATE> 2
<MEAN> 6
 2.935549e+02 6.616774e+00 4.996569e+00 2.332172e+00 2.233103e+00 8.883080e-01
<VARIANCE> 6
 7.669051e+03 7.809647e+01 7.065295e+01 4.968363e+00 6.001664e+00 1.619146e+00
<GCONST> 3.246496e+01
<STATE> 3
<MEAN> 6
 3.115754e+02 6.126107e+00 8.293259e+00 2.648167e+00 2.890057e+00 1.884053e+00
<VARIANCE> 6
 8.584763e+03 4.776475e+01 3.539305e+02 5.104712e+00 8.819167e+00 1.223884e+01
<GCONST> 3.613210e+01
<STATE> 4
<MEAN> 6
 3.616726e+02 2.754972e+00 3.391729e+00 1.291497e+00 1.320477e+00 4.527662e-01
<VARIANCE> 6
 1.202004e+04 5.385267e+00 7.264375e+00 7.108082e-01 9.269860e-01 1.728688e-01
<GCONST> 2.191585e+01
<TRANSP> 5
 0.000000e+00 1.000000e+00 0.000000e+00 0.000000e+00 0.000000e+00
 0.000000e+00 1.922380e-01 8.077620e-01 0.000000e+00 0.000000e+00
 0.000000e+00 0.000000e+00 1.337423e-01 8.662577e-01 0.000000e+00
 0.000000e+00 0.000000e+00 0.000000e+00 8.959160e-01 1.040840e-01
 0.000000e+00 0.000000e+00 0.000000e+00 0.000000e+00 0.000000e+00
<ENDHMM>
~h "fp_screen"
<BEGINHMM>
<NUMSTATES> 5
<STATE> 2
<MEAN> 6
 3.231768e+02 1.321507e+01 8.125009e+00 3.866520e+00 3.065370e+00 1.084901e+00
<VARIANCE> 6
 2.671089e+04 3.302745e+02 2.320214e+02 2.058158e+01 1.878807e+01 2.015146e+00
<GCONST> 3.912515e+01
<STATE> 3
<MEAN> 6
 5.535112e+02 6.265544e+01 3.042451e+01 1.664418e+01 1.119938e+01 5.745089e+00
<VARIANCE> 6
 3.285947e+04 4.190980e+03 1.888134e+03 2.022688e+02 1.548802e+02 4.091854e+01
<GCONST> 5.137513e+01
<STATE> 4
<MEAN> 6
 3.753781e+02 4.873558e+00 6.559020e+00 1.704968e+00 1.989854e+00 6.784163e-01
<VARIANCE> 6
 1.143583e+04 3.077853e+01 1.336559e+02 2.739170e+00 7.298814e+00 6.567259e-01
<GCONST> 3.126873e+01
<TRANSP> 5
 0.000000e+00 1.000000e+00 0.000000e+00 0.000000e+00 0.000000e+00
 0.000000e+00 9.431877e-01 5.681228e-02 0.000000e+00 0.000000e+00
 0.000000e+00 0.000000e+00 9.232464e-01 7.675359e-02 0.000000e+00
 0.000000e+00 0.000000e+00 0.000000e+00 9.745996e-01 2.540039e-02
 0.000000e+00 0.000000e+00 0.000000e+00 0.000000e+00 0.000000e+00
<ENDHMM>
~h "fp_screen_0"
<BEGINHMM>
<NUMSTATES> 5
<STATE> 2
<MEAN> 6
 2.160748e+02 8.563118e+00 1.646844e+01 3.088481e+00 5.220342e+00 1.269262e+00
<VARIANCE> 6
 2.413727e+04 2.738304e+02 5.478434e+02 1.470671e+01 4.478043e+01 3.479675e+00
<GCONST> 4.077429e+01
<STATE> 3
<MEAN> 6
 5.048281e+02 4.967530e+01 3.497260e+01 1.246740e+01 1.143694e+01 4.927326e+00
<VARIANCE> 6
 4.464671e+04 2.174755e+03 1.355279e+03 1.139297e+02 8.695205e+01 3.524561e+01
<GCONST> 4.939351e+01
<STATE> 4
<MEAN> 6
 4.608867e+02 8.623543e+00 3.908901e+00 2.344015e+00 1.466785e+00 7.886949e-01
<VARIANCE> 6
 8.545992e+03 2.939736e+02 9.073877e+01 1.938779e+01 7.398909e+00 3.263392e+00
<GCONST> 3.642070e+01
<TRANSP> 5
 0.000000e+00 1.000000e+00 0.000000e+00 0.000000e+00 0.000000e+00
 0.000000e+00 7.321948e-01 2.678051e-01 0.000000e+00 0.000000e+00
 0.000000e+00 0.000000e+00 5.411179e-01 4.588821e-01 0.000000e+00
 0.000000e+00 0.000000e+00 0.000000e+00 8.357083e-01 1.642917e-01
 0.000000e+00 0.000000e+00 0.000000e+00 0.000000e+00 0.000000e+00
<ENDHMM>
~h "fp_screen_1"
<BEGINHMM>
<NUMSTATES> 5
<STATE> 2
<MEAN> 6
 4.291488e+02 2.185662e+01 5.574549e+00 6.241182e+00 2.271955e+00 1.486701e+00
<VARIANCE> 6
 3.312165e+04 9.001865e+02 1.948613e+02 6.032187e+01 1.589781e+01 8.209291e+00
<GCONST> 4.248124e+01
<STATE> 3
<MEAN> 6
 5.345953e+02 4.962379e+01 2.495737e+01 1.680940e+01 7.105394e+00 4.403812e+00
<VARIANCE> 6
 3.274053e+04 3.130636e+03 1.549964e+03 3.293902e+02 7.197260e+01 3.880563e+01
<GCONST> 5.055070e+01
<STATE> 4
<MEAN> 6
 3.965811e+02 7.631146e+00 4.987484e+00 2.293045e+00 1.839746e+00 7.321452e-01
<VARIANCE> 6
 1.326837e+04 2.042541e+02 1.896900e+02 1.688844e+01 8.961884e+00 1.779159e+00
<GCONST> 3.668091e+01
<TRANSP> 5
 0.000000e+00 1.000000e+00 0.000000e+00 0.000000e+00 0.000000e+00
 0.000000e+00 6.260142e-01 3.739858e-01 0.000000e+00 0.000000e+00
 0.000000e+00 0.000000e+00 4.950539e-01 5.049461e-01 0.000000e+00
 0.000000e+00 0.000000e+00 0.000000e+00 8.801777e-01 1.198223e-01
 0.000000e+00 0.000000e+00 0.000000e+00 0.000000e+00 0.000000e+00
<ENDHMM>
~h "fp_screen_2"
<BEGINHMM>
<NUMSTATES> 5
<STATE> 2
<MEAN> 6
 3.620015e+02 1.021944e+01 1.025385e+01 3.057464e+00 3.407024e+00 1.077062e+00
<VARIANCE> 6
 1.292195e+04 2.682013e+02 4.242447e+02 2.102108e+01 1.939768e+01 2.624629e+00
<GCONST> 3.911161e+01
<STATE> 3
<MEAN> 6
 6.068661e+02 8.107623e+01 3.821456e+01 2.191867e+01 1.690442e+01 8.374800e+00
<VARIANCE> 6
 3.690243e+04 5.528348e+03 2.363183e+03 2.241232e+02 2.491958e+02 5.522233e+01
<GCONST> 5.287051e+01
<STATE> 4
<MEAN> 6
 4.532242e+02 4.303089e+01 1.697470e+01 1.248959e+01 6.080469e+00 3.676438e+00
<VARIANCE> 6
 2.737796e+04 1.987675e+03 1.058607e+03 1.402244e+02 7.599052e+01 2.120668e+01
<GCONST> 4.813236e+01
<TRANSP> 5
 0.000000e+00 1.000000e+00 0.000000e+00 0.000000e+00 0.000000e+00
 0.000000e+00 8.685358e-01 1.314642e-01 0.000000e+00 0.000000e+00
 0.000000e+00 0.000000e+00 6.693368e-01 3.306632e-01 0.000000e+00
 0.000000e+00 0.000000e+00 0.000000e+00 5.779067e-01 4.220933e-01
 0.000000e+00 0.000000e+00 0.000000e+00 0.000000e+00 0.000000e+00
<ENDHMM>
~h "fp_screen_3"
<BEGINHMM>
<NUMSTATES> 5
<STATE> 2
<MEAN> 6
 3.914532e+02 3.885456e+01 1.675155e+01 1.069974e+01 5.752966e+00 3.097743e+00
<VARIANCE> 6
 2.984261e+04 1.898501e+03 1.214109e+03 1.134195e+02 8.556125e+01 2.293097e+01
<GCONST> 4.829436e+01
<STATE> 3
<MEAN> 6
 5.386974e+02 8.354421e+01 2.497221e+01 1.662671e+01 1.208161e+01 6.555503e+00
<VARIANCE> 6
 4.087113e+04 7.463921e+03 1.691599e+03 1.807937e+02 1.716040e+02 4.573934e+01
<GCONST> 5.216222e+01
<STATE> 4
<MEAN> 6
 3.631309e+02 1.018565e+01 4.252763e+00 2.622394e+00 1.780642e+00 8.543431e-01
<VARIANCE> 6
 7.577918e+03 3.222720e+02 2.336028e+01 1.224336e+01 3.878701e+00 1.374123e+00
<GCONST> 3.306499e+01
<TRANSP> 5
 0.000000e+00 1.000000e+00 0.000000e+00 0.000000e+00 0.000000e+00
 0.000000e+00 4.603111e-01 5.396889e-01 0.000000e+00 0.000000e+00
 0.000000e+00 0.000000e+00 4.283109e-01 5.716891e-01 0.000000e+00
 0.000000e+00 0.000000e+00 0.000000e+00 8.809223e-01 1.190777e-01
 0.000000e+00 0.000000e+00 0.000000e+00 0.000000e+00 0.000000e+00
<ENDHMM>
~h "fp_screen_4"
<BEGINHMM>
<NUMSTATES> 5
<STATE> 2
<MEAN> 6
 3.657043e+02 1.678378e+01 7.244782e+00 5.353230e+00 2.769566e+00 1.508682e+00
<VARIANCE> 6
 1.129475e+04 8.742894e+02 7.184197e+01 3.747010e+01 8.516270e+00 3.596837e+00
<GCONST> 3.845282e+01
<STATE> 3
<MEAN> 6
 4.746423e+02 3.635261e+01 3.288534e+01 1.080164e+01 9.840929e+00 4.384870e+00
<VARIANCE> 6
 4.168866e+04 2.947756e+03 2.656352e+03 1.403070e+02 1.669190e+02 2.229786e+01
<GCONST> 5.070459e+01
<STATE> 4
<MEAN> 6
 2.972372e+02 5.969434e+00 1.050400e+01 2.173458e+00 2.680951e+00 8.517664e-01
<VARIANCE> 6
 1.114710e+04 3.691136e+01 1.979297e+02 3.495557e+00 9.383691e+00 6.281967e-01
<GCONST> 3.226819e+01
<TRANSP> 5
 0.000000e+00 1.000000e+00 0.000000e+00 0.000000e+00 0.000000e+00
 0.000000e+00 6.004238e-01 3.995762e-01 0.000000e+00 0.000000e+00
 0.000000e+00 0.000000e+00 3.713388e-01 6.286612e-01 0.000000e+00
 0.000000e+00 0.000000e+00 0.000000e+00 8.877246e-01 1.122754e-01
 0.000000e+00 0.000000e+00 0.000000e+00 0.000000e+00 0.000000e+00
<ENDHMM>
~h "fp_screen_5"
<BEGINHMM>
<NUMSTATES> 5
<STATE> 2
<MEAN> 6
 2.329077e+02 9.722825e+00 2.042759e+01 3.579892e+00 7.439902e+00 1.811417e+00
<VARIANCE> 6
 1.028591e+04 1.447391e+02 6.306917e+02 1.080111e+01 3.989676e+01 2.585291e+00
<GCONST> 3.870332e+01
<STATE> 3
<MEAN> 6
 2.912958e+02 3.795973e+00 2.265217e+01 1.831924e+00 5.185349e+00 8.186018e-01
<VARIANCE> 6
 1.229898e+04 9.472534e+00 6.161691e+02 1.116732e+00 1.839624e+01 3.644240e-01
<GCONST> 3.112957e+01
<STATE> 4
<MEAN> 6
 4.368570e+02 2.336929e+00 2.981691e+00 1.029935e+00 9.792597e-01 3.401074e-01
<VARIANCE> 6
 1.610347e+04 3.796897e+00 4.593481e+00 4.559470e-01 5.371009e-01 5.293820e-02
<GCONST> 1.922730e+01
<TRANSP> 5
 0.000000e+00 1.000000e+00 0.000000e+00 0.000000e+00 0.000000e+00
 0.000000e+00 3.466824e-01 6.533177e-01 0.000000e+00 0.000000e+00
 0.000000e+00 0.000000e+00 4.732673e-01 5.267326e-01 0.000000e+00
 0.000000e+00 0.000000e+00 0.000000e+00 8.833255e-01 1.166745e-01
 0.000000e+00 0.000000e+00 0.000000e+00 0.000000e+00 0.000000e+00
<ENDHMM>
~h "fp_key"
<BEGINHMM>
<NUMSTATES> 5
<STATE> 2
<MEAN> 6
 1.677489e+02 1.433536e+01 4.839233e+00 3.122160e+00 1.620697e+00 6.840903e-01
<VARIANCE> 6
 6.306530e+03 4.674745e+02 8.527384e+01 1.579401e+01 2.661123e+00 6.922595e-01
<GCONST> 3.374040e+01
<STATE> 3
<MEAN> 6
 3.849953e+02 7.083419e+01 2.757661e+01 1.586646e+01 9.129163e+00 3.700920e+00
<VARIANCE> 6
 4.558625e+04 4.522952e+03 2.360571e+03 1.899500e+02 1.786164e+02 2.480664e+01
<GCONST> 5.158132e+01
<STATE> 4
<MEAN> 6
 2.937021e+02 3.786331e+00 5.623535e+00 1.083267e+00 1.356508e+00 3.868866e-01
<VARIANCE> 6
 2.031309e+04 2.227674e+01 1.436554e+02 7.482468e-01 4.660358e+00 1.060766e-01
<GCONST> 2.802272e+01
<TRANSP> 5
 0.000000e+00 1.000000e+00 0.000000e+00 0.000000e+00 0.000000e+00
 0.000000e+00 9.325101e-01 6.748991e-02 0.000000e+00 0.000000e+00
 0.000000e+00 0.000000e+00 9.730177e-01 2.698228e-02 0.000000e+00
 0.000000e+00 0.000000e+00 0.000000e+00 9.448173e-01 5.518273e-02
 0.000000e+00 0.000000e+00 0.000000e+00 0.000000e+00 0.000000e+00
<ENDHMM>
~h "fp_key_0"
<BEGINHMM>
<NUMSTATES> 5
<STATE> 2
<MEAN> 6
 1.921653e+02 1.207749e+01 4.954740e+00 2.984377e+00 1.476971e+00 5.213968e-01
<VARIANCE> 6
 7.071504e+03 5.410058e+02 1.653706e+02 2.515064e+01 2.482737e+00 2.555038e-01
<GCONST> 3.406244e+01
<STATE> 3
<MEAN> 6
 3.132036e+02 6.427792e+01 4.391008e+01 1.539816e+01 1.466278e+01 4.674140e+00
<VARIANCE> 6
 3.092933e+04 3.845274e+03 2.648222e+03 1.385191e+02 2.007955e+02 1.877685e+01
<GCONST> 5.066889e+01
<STATE> 4
<MEAN> 6
 4.312818e+02 8.778389e+01 8.493998e+00 1.634616e+01 2.774204e+00 1.373800e+00
<VARIANCE> 6
 6.268330e+04 5.438653e+03 2.927286e+02 1.743596e+02 2.953230e+01 3.244474e+00
<GCONST> 4.607721e+01
<TRANSP> 5
 0.000000e+00 1.000000e+00 0.000000e+00 0.000000e+00 0.000000e+00
 0.000000e+00 8.212920e-01 1.787080e-01 0.000000e+00 0.000000e+00
 0.000000e+00 0.000000e+00 5.025676e-01 4.974324e-01 0.000000e+00
 0.000000e+00 0.000000e+00 0.000000e+00 7.724146e-01 2.275854e-01
 0.000000e+00 0.000000e+00 0.000000e+00 0.000000e+00 0.000000e+00
<ENDHMM>
~h "fp_key_1"
<BEGINHMM>
<NUMSTATES> 5
<STATE> 2
<MEAN> 6
 1.610828e+02 1.447204e+01 5.471904e+00 3.506553e+00 2.030266e+00 8.890474e-01
<VARIANCE> 6
 1.161800e+04 9.699473e+02 1.951818e+02 3.756877e+01 2.204772e+01 2.435939e+00
<GCONST> 4.014846e+01
<STATE> 3
<MEAN> 6
 3.582178e+02 7.094790e+01 6.845424e+01 2.244601e+01 2.100280e+01 7.730907e+00
<VARIANCE> 6
 3.720805e+04 4.054382e+03 5.681398e+03 3.510370e+02 3.031349e+02 5.394451e+01
<GCONST> 5.406708e+01
<STATE> 4
<MEAN> 6
 4.033000e+02 9.697004e+01 1.212157e+01 1.817871e+01 4.608001e+00 2.261850e+00
<VARIANCE> 6
 4.755575e+04 5.238675e+03 4.546578e+02 1.695856e+02 6.559675e+01 9.007635e+00
<GCONST> 4.799525e+01
<TRANSP> 5
 0.000000e+00 1.000000e+00 0.000000e+00 0.000000e+00 0.000000e+00
 0.000000e+00 8.575940e-01 1.424060e-01 0.000000e+00 0.000000e+00
 0.000000e+00 0.000000e+00 5.879793e-01 4.120207e-01 0.000000e+00
 0.000000e+00 0.000000e+00 0.000000e+00 7.183705e-01 2.816296e-01
 0.000000e+00 0.000000e+00 0.000000e+00 0.000000e+00 0.000000e+00
<ENDHMM>
~h "fp_key_2"
<BEGINHMM>
<NUMSTATES> 5
<STATE> 2
<MEAN> 6
 1.660928e+02 1.716057e+01 5.531734e+00 4.893653e+00 2.576744e+00 1.230269e+00
<VARIANCE> 6
 1.404567e+04 1.175325e+03 1.793102e+02 6.369902e+01 3.322920e+01 4.967654e+00
<GCONST> 4.209629e+01
<STATE> 3
<MEAN> 6
 3.846449e+02 8.525822e+01 6.738591e+01 2.251803e+01 2.153536e+01 7.720389e+00
<VARIANCE> 6
 3.783824e+04 5.217711e+03 5.461373e+03 3.281865e+02 3.982693e+02 6.157678e+01
<GCONST> 5.463461e+01
<STATE> 4
<MEAN> 6
 3.896386e+02 8.373933e+01 2.535938e+01 1.695504e+01 8.095984e+00 3.149167e+00
<VARIANCE> 6
 4.091148e+04 4.499383e+03 2.068498e+03 1.852978e+02 1.183211e+02 1.827424e+01
<GCONST> 5.059356e+01
<TRANSP> 5
 0.000000e+00 1.000000e+00 0.000000e+00 0.000000e+00 0.000000e+00
 0.000000e+00 8.619366e-01 1.380634e-01 0.000000e+00 0.000000e+00
 0.000000e+00 0.000000e+00 5.292310e-01 4.707690e-01 0.000000e+00
 0.000000e+00 0.000000e+00 0.000000e+00 7.247280e-01 2.752720e-01
 0.000000e+00 0.000000e+00 0.000000e+00 0.000000e+00 0.000000e+00
<ENDHMM>
~h "fp_key_3"
<BEGINHMM>
<NUMSTATES> 5
<STATE> 2
<MEAN> 6
 4.409869e+02 9.671698e+01 1.773981e+01 2.072040e+01 5.744057e+00 3.066905e+00
<VARIANCE> 6
 3.878636e+04 4.578871e+03 1.243403e+03 2.025352e+02 7.585680e+01 1.789592e+01
<GCONST> 4.967223e+01
<STATE> 3
<MEAN> 6
 3.697651e+02 6.789629e+01 6.803306e+01 1.705421e+01 2.331538e+01 7.099608e+00
<VARIANCE> 6
 4.002091e+04 4.242078e+03 5.094307e+03 1.911613e+02 3.621447e+02 3.361673e+01
<GCONST> 5.317329e+01
<STATE> 4
<MEAN> 6
 2.085035e+02 1.646581e+01 5.181379e+00 4.210139e+00 2.318534e+00 1.136590e+00
<VARIANCE> 6
 1.568731e+04 9.820350e+02 6.456343e+01 4.255806e+01 1.229481e+01 2.589981e+00
<GCONST> 3.895684e+01
<TRANSP> 5
 0.000000e+00 1.000000e+00 0.000000e+00 0.000000e+00 0.000000e+00
 0.000000e+00 7.175260e-01 2.824741e-01 0.000000e+00 0.000000e+00
 0.000000e+00 0.000000e+00 5.712230e-01 4.287770e-01 0.000000e+00
 0.000000e+00 0.000000e+00 0.000000e+00 8.368050e-01 1.631950e-01
 0.000000e+00 0.000000e+00 0.000000e+00 0.000000e+00 0.000000e+00
<ENDHMM>
~h "fp_key_4"
<BEGINHMM>
<NUMSTATES> 5
<STATE> 2
<MEAN> 6
 4.596183e+02 6.777257e+01 8.225597e+00 1.301805e+01 2.905222e+00 1.603603e+00
<VARIANCE> 6
 4.442747e+04 3.368705e+03 1.073880e+02 9.009641e+01 1.486516e+01 3.355577e+00
<GCONST> 4.293813e+01
<STATE> 3
<MEAN> 6
 4.909722e+02 8.513409e+01 5.332437e+01 2.162097e+01 1.743258e+01 7.907756e+00
<VARIANCE> 6
 3.764124e+04 3.672600e+03 2.890436e+03 1.761770e+02 2.081214e+02 4.507438e+01
<GCONST> 5.205886e+01
<STATE> 4
<MEAN> 6
 2.926296e+02 1.424715e+01 8.559234e+00 3.650591e+00 2.481619e+00 1.307562e+00
<VARIANCE> 6
 1.990016e+04 6.063718e+02 3.603565e+02 2.239237e+01 1.787376e+01 4.182202e+00
<GCONST> 4.064323e+01
<TRANSP> 5
 0.000000e+00 1.000000e+00 0.000000e+00 0.000000e+00 0.000000e+00
 0.000000e+00 7.884952e-01 2.115049e-01 0.000000e+00 0.000000e+00
 0.000000e+00 0.000000e+00 6.435695e-01 3.564305e-01 0.000000e+00
 0.000000e+00 0.000000e+00 0.000000e+00 8.170637e-01 1.829363e-01
 0.000000e+00 0.000000e+00 0.000000e+00 0.000000e+00 0.000000e+00
<ENDHMM>
~h "fp_key_5"
<BEGINHMM>
<NUMSTATES> 5
<STATE> 2
<MEAN> 6
 3.744893e+02 2.765750e+01 2.498445e+01 6.313909e+00 6.128210e+00 2.787424e+00
<VARIANCE> 6
 3.342019e+04 1.577792e+03 2.248511e+03 5.112350e+01 7.515049e+01 1.324634e+01
<GCONST> 4.736344e+01
<STATE> 3
<MEAN> 6
 3.812954e+02 2.436549e+00 2.939362e+00 8.097990e-01 7.186735e-01 2.908601e-01
<VARIANCE> 6
 1.104768e+04 5.048324e+00 4.433143e+00 2.930177e-01 2.145308e-01 1.911671e-02
<GCONST> 1.672139e+01
<STATE> 4
<MEAN> 6
 3.191560e+02 1.120800e+01 2.268674e+01 1.878996e+00 4.676150e+00 7.283829e-01
<VARIANCE> 6
 1.291594e+04 2.259869e+02 7.063107e+02 3.592263e+00 1.975560e+01 4.109778e-01
<GCONST> 3.584702e+01
<TRANSP> 5
 0.000000e+00 1.000000e+00 0.000000e+00 0.000000e+00 0.000000e+00
 0.000000e+00 4.553370e-01 5.446630e-01 0.000000e+00 0.000000e+00
 0.000000e+00 0.000000e+00 8.700151e-01 1.299848e-01 0.000000e+00
 0.000000e+00 0.000000e+00 0.000000e+00 5.952725e-01 4.047275e-01
 0.000000e+00 0.000000e+00 0.000000e+00 0.000000e+00 0.000000e+00
<ENDHMM>
