~o
<STREAMINFO> 1 6
<VECSIZE> 6<NULLD><MFCC><DIAGC>
~h "bg_board_3"
<BEGINHMM>
<NUMSTATES> 5
<STATE> 2
<MEAN> 6
 1.150134e+02 1.586489e+01 8.344975e+00 3.980454e+00 2.210720e+00 7.820867e-01
<VARIANCE> 6
 3.234241e+03 3.292847e+02 6.890789e+01 8.203944e+00 2.741105e+00 4.484110e-01
<GCONST> 3.144943e+01
<STATE> 3
<MEAN> 6
 1.996991e+02 5.598680e+01 1.171470e+01 9.462635e+00 4.316519e+00 1.338695e+00
<VARIANCE> 6
 6.996785e+03 2.142970e+03 1.331653e+02 3.040707e+01 7.687710e+00 1.015367e+00
<GCONST> 3.791156e+01
<STATE> 4
<MEAN> 6
 1.923138e+02 1.552142e+01 9.096736e+00 5.054336e+00 2.716839e+00 1.160301e+00
<VARIANCE> 6
 5.547140e+03 2.819732e+02 7.682325e+01 1.591290e+01 2.475803e+00 1.582921e+00
<GCONST> 3.376458e+01
<TRANSP> 5
 0.000000e+00 1.000000e+00 0.000000e+00 0.000000e+00 0.000000e+00
 0.000000e+00 8.086542e-01 1.913458e-01 0.000000e+00 0.000000e+00
 0.000000e+00 0.000000e+00 5.845423e-01 4.154577e-01 0.000000e+00
 0.000000e+00 0.000000e+00 0.000000e+00 7.710032e-01 2.289968e-01
 0.000000e+00 0.000000e+00 0.000000e+00 0.000000e+00 0.000000e+00
<ENDHMM>
