~o
<STREAMINFO> 1 6
<VECSIZE> 6<NULLD><MFCC><DIAGC>
~h "bg_board_5"
<BEGINHMM>
<NUMSTATES> 5
<STATE> 2
<MEAN> 6
 2.052477e+02 2.424348e+01 8.907926e+00 5.714760e+00 3.382143e+00 1.867066e+00
<VARIANCE> 6
 4.347964e+03 3.739942e+02 6.228957e+01 8.572428e+00 3.364777e+00 2.476420e+00
<GCONST> 3.372948e+01
<STATE> 3
<MEAN> 6
 2.410072e+02 4.173837e+01 1.671338e+01 9.462681e+00 6.215785e+00 3.530772e+00
<VARIANCE> 6
 2.997015e+03 2.238013e+03 2.824760e+02 2.808153e+01 1.661354e+01 7.880985e+00
<GCONST> 4.059936e+01
<STATE> 4
<MEAN> 6
 2.734542e+02 1.371936e+01 7.059418e+00 4.196326e+00 3.291800e+00 1.835818e+00
<VARIANCE> 6
 3.007783e+03 2.930308e+02 3.584689e+01 6.644106e+00 3.689948e+00 2.313859e+00
<GCONST> 3.233401e+01
<TRANSP> 5
 0.000000e+00 1.000000e+00 0.000000e+00 0.000000e+00 0.000000e+00
 0.000000e+00 7.239271e-01 2.760729e-01 0.000000e+00 0.000000e+00
 0.000000e+00 0.000000e+00 6.684139e-01 3.315861e-01 0.000000e+00
 0.000000e+00 0.000000e+00 0.000000e+00 8.135011e-01 1.864989e-01
 0.000000e+00 0.000000e+00 0.000000e+00 0.000000e+00 0.000000e+00
<ENDHMM>
