~o
<STREAMINFO> 1 6
<VECSIZE> 6<NULLD><MFCC><DIAGC>
~h "bg_board_4"
<BEGINHMM>
<NUMSTATES> 5
<STATE> 2
<MEAN> 6
 1.633513e+02 1.527908e+01 9.544484e+00 5.522113e+00 3.221039e+00 1.497773e+00
<VARIANCE> 6
 3.052268e+03 2.411551e+02 8.042918e+01 1.490632e+01 2.935814e+00 1.436924e+00
<GCONST> 3.306499e+01
<STATE> 3
<MEAN> 6
 1.912894e+02 4.009483e+01 1.487823e+01 9.106972e+00 5.282787e+00 2.586802e+00
<VARIANCE> 6
 2.788619e+03 1.374753e+03 1.341576e+02 2.397267e+01 1.021906e+01 3.661177e+00
<GCONST> 3.788456e+01
<STATE> 4
<MEAN> 6
 2.139793e+02 2.597473e+01 8.158298e+00 5.308721e+00 3.259786e+00 1.727962e+00
<VARIANCE> 6
 2.740403e+03 4.755121e+02 5.182961e+01 7.465056e+00 2.435491e+00 1.802874e+00
<GCONST> 3.254524e+01
<TRANSP> 5
 0.000000e+00 1.000000e+00 0.000000e+00 0.000000e+00 0.000000e+00
 0.000000e+00 8.079551e-01 1.920448e-01 0.000000e+00 0.000000e+00
 0.000000e+00 0.000000e+00 7.241890e-01 2.758110e-01 0.000000e+00
 0.000000e+00 0.000000e+00 0.000000e+00 7.600313e-01 2.399686e-01
 0.000000e+00 0.000000e+00 0.000000e+00 0.000000e+00 0.000000e+00
<ENDHMM>
