~o
<STREAMINFO> 1 6
<VECSIZE> 6<NULLD><MFCC><DIAGC>
~h "bg_board_1"
<BEGINHMM>
<NUMSTATES> 5
<STATE> 2
<MEAN> 6
 1.765670e+02 2.233351e+01 8.355617e+00 5.558844e+00 2.584511e+00 1.081442e+00
<VARIANCE> 6
 2.420851e+03 3.906616e+02 4.415935e+01 8.774040e+00 2.193189e+00 6.626319e-01
<GCONST> 3.112040e+01
<STATE> 3
<MEAN> 6
 2.012900e+02 4.366412e+01 1.764991e+01 8.390099e+00 4.308379e+00 1.466816e+00
<VARIANCE> 6
 7.118212e+03 2.070282e+03 3.470623e+02 2.550913e+01 2.792182e+01 1.590830e+00
<GCONST> 4.041532e+01
<STATE> 4
<MEAN> 6
 1.358756e+02 1.460105e+01 6.808719e+00 3.522915e+00 1.956826e+00 6.875339e-01
<VARIANCE> 6
 2.617028e+03 2.154750e+02 3.675816e+01 4.375615e+00 1.461063e+00 1.729200e-01
<GCONST> 2.797455e+01
<TRANSP> 5
 0.000000e+00 1.000000e+00 0.000000e+00 0.000000e+00 0.000000e+00
 0.000000e+00 7.288089e-01 2.711910e-01 0.000000e+00 0.000000e+00
 0.000000e+00 0.000000e+00 5.468774e-01 4.531226e-01 0.000000e+00
 0.000000e+00 0.000000e+00 0.000000e+00 8.592670e-01 1.407330e-01
 0.000000e+00 0.000000e+00 0.000000e+00 0.000000e+00 0.000000e+00
<ENDHMM>
