~o
<STREAMINFO> 1 6
<VECSIZE> 6<NULLD><MFCC><DIAGC>
~h "bg_board_0"
<BEGINHMM>
<NUMSTATES> 5
<STATE> 2
<MEAN> 6
 1.895154e+02 1.616053e+01 9.676065e+00 4.824887e+00 2.691705e+00 8.849574e-01
<VARIANCE> 6
 3.062313e+03 2.423203e+02 5.526522e+01 6.206941e+00 2.119437e+00 2.387279e-01
<GCONST> 2.970098e+01
<STATE> 3
<MEAN> 6
 1.898678e+02 4.448546e+01 1.399614e+01 7.562764e+00 4.062732e+00 1.371170e+00
<VARIANCE> 6
 2.156859e+03 1.498561e+03 2.052628e+02 1.993986e+01 8.348927e+00 1.007529e+00
<GCONST> 3.646257e+01
<STATE> 4
<MEAN> 6
 1.575995e+02 1.423722e+01 6.345364e+00 3.548657e+00 2.062007e+00 6.949306e-01
<VARIANCE> 6
 2.313146e+03 1.899258e+02 2.967233e+01 5.117049e+00 1.367660e+00 2.613483e-01
<GCONST> 2.801425e+01
<TRANSP> 5
 0.000000e+00 1.000000e+00 0.000000e+00 0.000000e+00 0.000000e+00
 0.000000e+00 7.463975e-01 2.536025e-01 0.000000e+00 0.000000e+00
 0.000000e+00 0.000000e+00 5.493843e-01 4.506157e-01 0.000000e+00
 0.000000e+00 0.000000e+00 0.000000e+00 8.286978e-01 1.713022e-01
 0.000000e+00 0.000000e+00 0.000000e+00 0.000000e+00 0.000000e+00
<ENDHMM>
