~o
<STREAMINFO> 1 6
<VECSIZE> 6<NULLD><MFCC><DIAGC>
~h "bg_board"
<BEGINHMM>
<NUMSTATES> 5
<STATE> 2
<MEAN> 6
 1.428760e+02 1.730790e+01 8.886150e+00 4.482613e+00 2.500461e+00 8.876529e-01
<VARIANCE> 6
 2.465098e+03 2.589160e+02 6.921613e+01 7.024471e+00 2.589136e+00 4.614566e-01
<GCONST> 3.075834e+01
<STATE> 3
<MEAN> 6
 2.031703e+02 4.464025e+01 1.345284e+01 9.168750e+00 4.528697e+00 2.185801e+00
<VARIANCE> 6
 4.590611e+03 1.983925e+03 1.848258e+02 2.645738e+01 1.229958e+01 3.957096e+00
<GCONST> 3.943189e+01
<STATE> 4
<MEAN> 6
 2.349034e+02 1.412741e+01 7.370347e+00 3.907542e+00 2.945306e+00 1.385697e+00
<VARIANCE> 6
 4.085433e+03 1.870119e+02 4.328380e+01 6.219307e+00 3.731390e+00 1.701438e+00
<GCONST> 3.201731e+01
<TRANSP> 5
 0.000000e+00 1.000000e+00 0.000000e+00 0.000000e+00 0.000000e+00
 0.000000e+00 9.725482e-01 2.745183e-02 0.000000e+00 0.000000e+00
 0.000000e+00 0.000000e+00 9.376462e-01 6.235380e-02 0.000000e+00
 0.000000e+00 0.000000e+00 0.000000e+00 9.429714e-01 5.702863e-02
 0.000000e+00 0.000000e+00 0.000000e+00 0.000000e+00 0.000000e+00
<ENDHMM>
