~o
<STREAMINFO> 1 6
<VECSIZE> 6<NULLD><MFCC><DIAGC>
~h "bg_board_2"
<BEGINHMM>
<NUMSTATES> 5
<STATE> 2
<MEAN> 6
 1.324078e+02 1.425588e+01 7.282040e+00 3.592441e+00 2.202511e+00 7.692959e-01
<VARIANCE> 6
 2.050761e+03 2.165319e+02 3.515524e+01 4.802763e+00 2.050355e+00 3.093190e-01
<GCONST> 2.870457e+01
<STATE> 3
<MEAN> 6
 1.522548e+02 4.724872e+01 6.509234e+00 8.386233e+00 2.045549e+00 6.151778e-01
<VARIANCE> 6
 1.831346e+03 2.729891e+03 2.203189e+01 2.652077e+01 1.677583e+00 1.319744e-01
<GCONST> 3.131471e+01
<STATE> 4
<MEAN> 6
 1.848215e+02 2.352461e+01 1.386643e+01 5.746832e+00 3.202472e+00 1.247047e+00
<VARIANCE> 6
 4.073300e+03 5.118071e+02 1.418903e+02 1.414264e+01 3.779013e+00 8.590575e-01
<GCONST> 3.435921e+01
<TRANSP> 5
 0.000000e+00 1.000000e+00 0.000000e+00 0.000000e+00 0.000000e+00
 0.000000e+00 8.554782e-01 1.445219e-01 0.000000e+00 0.000000e+00
 0.000000e+00 0.000000e+00 4.398063e-01 5.601938e-01 0.000000e+00
 0.000000e+00 0.000000e+00 0.000000e+00 7.672001e-01 2.327999e-01
 0.000000e+00 0.000000e+00 0.000000e+00 0.000000e+00 0.000000e+00
<ENDHMM>
