~o
<STREAMINFO> 1 6
<VECSIZE> 6<NULLD><MFCC><DIAGC>
~h "bg_dark_0_4"
<BEGINHMM>
<NUMSTATES> 5
<STATE> 2
<MEAN> 6
 6.782491e+01 1.219929e+01 8.125058e+00 3.710779e+00 2.924612e+00 1.800899e+00
<VARIANCE> 6
 6.499883e+02 1.887630e+02 4.302181e+01 4.205725e+00 2.453075e+00 1.459770e+00
<GCONST> 2.921848e+01
<STATE> 3
<MEAN> 6
 1.191805e+02 1.639271e+01 1.584572e+01 4.503615e+00 3.976360e+00 2.961977e+00
<VARIANCE> 6
 1.977596e+03 6.776448e+01 6.801468e+01 8.293848e+00 5.749798e+00 6.610259e+00
<GCONST> 3.280597e+01
<STATE> 4
<MEAN> 6
 4.476522e+01 4.455261e+00 5.019562e+00 1.264090e+00 1.479466e+00 5.579985e-01
<VARIANCE> 6
 8.313214e+02 2.333893e+01 2.349867e+01 2.377930e-01 1.373143e+00 1.714294e-01
<GCONST> 2.117451e+01
<TRANSP> 5
 0.000000e+00 1.000000e+00 0.000000e+00 0.000000e+00 0.000000e+00
 0.000000e+00 7.769492e-01 2.230509e-01 0.000000e+00 0.000000e+00
 0.000000e+00 0.000000e+00 7.844936e-01 2.155064e-01 0.000000e+00
 0.000000e+00 0.000000e+00 0.000000e+00 7.420344e-01 2.579656e-01
 0.000000e+00 0.000000e+00 0.000000e+00 0.000000e+00 0.000000e+00
<ENDHMM>
