~o
<STREAMINFO> 1 6
<VECSIZE> 6<NULLD><MFCC><DIAGC>
~h "bg_dark_0_5"
<BEGINHMM>
<NUMSTATES> 5
<STATE> 2
<MEAN> 6
 3.828014e+01 5.472850e+00 4.654374e+00 1.692329e+00 1.504167e+00 4.065873e-01
<VARIANCE> 6
 7.418723e+02 2.992712e+01 1.931012e+01 6.680452e-01 9.919285e-01 3.912857e-02
<GCONST> 2.034343e+01
<STATE> 3
<MEAN> 6
 6.272493e+01 1.402059e+01 1.219995e+01 4.342157e+00 4.031475e+00 2.119072e+00
<VARIANCE> 6
 1.288010e+03 1.168792e+02 1.028015e+02 1.471188e+01 9.787677e+00 4.412633e+00
<GCONST> 3.403631e+01
<STATE> 4
<MEAN> 6
 3.860919e+01 5.470796e+00 3.930954e+00 1.701273e+00 1.330140e+00 3.984951e-01
<VARIANCE> 6
 3.956005e+02 3.087679e+01 1.239619e+01 1.297304e+00 9.569412e-01 5.141490e-02
<GCONST> 2.020351e+01
<TRANSP> 5
 0.000000e+00 1.000000e+00 0.000000e+00 0.000000e+00 0.000000e+00
 0.000000e+00 7.678301e-01 2.321699e-01 0.000000e+00 0.000000e+00
 0.000000e+00 0.000000e+00 5.929274e-01 4.070726e-01 0.000000e+00
 0.000000e+00 0.000000e+00 0.000000e+00 8.090235e-01 1.909765e-01
 0.000000e+00 0.000000e+00 0.000000e+00 0.000000e+00 0.000000e+00
<ENDHMM>
