~o
<STREAMINFO> 1 6
<VECSIZE> 6<NULLD><MFCC><DIAGC>
~h "bg_dark_0"
<BEGINHMM>
<NUMSTATES> 5
<STATE> 2
<MEAN> 6
 8.699300e+01 1.302953e+01 7.815180e+00 3.355548e+00 2.882813e+00 1.352960e+00
<VARIANCE> 6
 2.594998e+03 4.294613e+02 5.580619e+01 8.576951e+00 4.609598e+00 1.922111e+00
<GCONST> 3.330366e+01
<STATE> 3
<MEAN> 6
 1.576180e+02 3.711517e+01 1.731569e+01 1.217684e+01 5.502793e+00 4.009737e+00
<VARIANCE> 6
 4.717396e+03 3.662444e+03 2.847122e+02 2.359865e+02 1.053386e+01 8.115387e+00
<GCONST> 4.325577e+01
<STATE> 4
<MEAN> 6
 7.170238e+01 8.331110e+00 8.094350e+00 2.979628e+00 2.641054e+00 1.504514e+00
<VARIANCE> 6
 1.736113e+03 6.550430e+01 5.288480e+01 5.100303e+00 4.043824e+00 2.715931e+00
<GCONST> 3.066252e+01
<TRANSP> 5
 0.000000e+00 1.000000e+00 0.000000e+00 0.000000e+00 0.000000e+00
 0.000000e+00 9.666870e-01 3.331302e-02 0.000000e+00 0.000000e+00
 0.000000e+00 0.000000e+00 7.855826e-01 2.144174e-01 0.000000e+00
 0.000000e+00 0.000000e+00 0.000000e+00 9.716858e-01 2.831425e-02
 0.000000e+00 0.000000e+00 0.000000e+00 0.000000e+00 0.000000e+00
<ENDHMM>
