~o
<STREAMINFO> 1 6
<VECSIZE> 6<NULLD><MFCC><DIAGC>
~h "bg_dark_0_2"
<BEGINHMM>
<NUMSTATES> 5
<STATE> 2
<MEAN> 6
 1.567024e+02 1.104584e+01 1.324511e+01 3.791006e+00 4.975987e+00 2.715442e+00
<VARIANCE> 6
 2.518185e+03 1.001787e+02 2.434731e+02 2.441506e+00 9.756166e+00 4.326353e+00
<GCONST> 3.359576e+01
<STATE> 3
<MEAN> 6
 1.096695e+02 2.055071e+01 9.681345e+00 5.838243e+00 3.951052e+00 3.031220e+00
<VARIANCE> 6
 2.348939e+03 3.086494e+02 4.924602e+01 1.112613e+01 3.654941e+00 4.135720e+00
<GCONST> 3.354306e+01
<STATE> 4
<MEAN> 6
 6.458334e+01 8.990080e+00 6.897141e+00 2.658606e+00 2.143087e+00 1.023094e+00
<VARIANCE> 6
 1.789536e+03 8.746114e+01 4.334304e+01 5.363869e+00 3.582982e+00 1.590518e+00
<GCONST> 3.017726e+01
<TRANSP> 5
 0.000000e+00 1.000000e+00 0.000000e+00 0.000000e+00 0.000000e+00
 0.000000e+00 8.214461e-01 1.785540e-01 0.000000e+00 0.000000e+00
 0.000000e+00 0.000000e+00 6.311941e-01 3.688060e-01 0.000000e+00
 0.000000e+00 0.000000e+00 0.000000e+00 7.866894e-01 2.133106e-01
 0.000000e+00 0.000000e+00 0.000000e+00 0.000000e+00 0.000000e+00
<ENDHMM>
