~o
<STREAMINFO> 1 6
<VECSIZE> 6<NULLD><MFCC><DIAGC>
~h "bg_dark_0_1"
<BEGINHMM>
<NUMSTATES> 5
<STATE> 2
<MEAN> 6
 5.276182e+01 1.568236e+01 5.058704e+00 2.852756e+00 2.107229e+00 9.195910e-01
<VARIANCE> 6
 4.068300e+02 3.791762e+02 2.624793e+01 8.087740e+00 3.421867e+00 5.898121e-01
<GCONST> 2.903383e+01
<STATE> 3
<MEAN> 6
 9.930793e+01 1.741955e+01 1.414328e+01 2.746406e+00 4.228386e+00 1.513214e+00
<VARIANCE> 6
 1.237286e+03 2.877926e+02 1.841435e+02 2.018617e+00 7.002955e+00 2.177257e+00
<GCONST> 3.245270e+01
<STATE> 4
<MEAN> 6
 1.045619e+02 7.118029e+00 8.842351e+00 2.695076e+00 2.597193e+00 1.046882e+00
<VARIANCE> 6
 1.644211e+03 3.838939e+01 1.438084e+02 3.141060e+00 4.182386e+00 7.189624e-01
<GCONST> 2.929404e+01
<TRANSP> 5
 0.000000e+00 1.000000e+00 0.000000e+00 0.000000e+00 0.000000e+00
 0.000000e+00 7.433344e-01 2.566656e-01 0.000000e+00 0.000000e+00
 0.000000e+00 0.000000e+00 7.000764e-13 1.000000e+00 0.000000e+00
 0.000000e+00 0.000000e+00 0.000000e+00 8.766023e-01 1.233977e-01
 0.000000e+00 0.000000e+00 0.000000e+00 0.000000e+00 0.000000e+00
<ENDHMM>
