~o
<STREAMINFO> 1 6
<VECSIZE> 6<NULLD><MFCC><DIAGC>
~h "bg_dark_0_3"
<BEGINHMM>
<NUMSTATES> 5
<STATE> 2
<MEAN> 6
 7.482227e+01 9.128322e+00 7.886129e+00 3.477931e+00 2.924020e+00 1.351987e+00
<VARIANCE> 6
 1.640204e+03 7.702243e+01 4.305687e+01 5.015493e+00 2.689512e+00 1.445598e+00
<GCONST> 2.950687e+01
<STATE> 3
<MEAN> 6
 9.675933e+01 2.150486e+01 1.429718e+01 8.534641e+00 6.237721e+00 4.787417e+00
<VARIANCE> 6
 1.327066e+03 4.428260e+02 1.198566e+02 2.167556e+01 1.360546e+01 1.138115e+01
<GCONST> 3.721607e+01
<STATE> 4
<MEAN> 6
 7.299805e+01 1.019907e+01 6.493028e+00 4.155370e+00 2.869796e+00 2.370995e+00
<VARIANCE> 6
 8.627195e+02 2.214002e+02 3.147431e+01 7.255708e+00 1.699606e+00 2.231749e+00
<GCONST> 2.995147e+01
<TRANSP> 5
 0.000000e+00 1.000000e+00 0.000000e+00 0.000000e+00 0.000000e+00
 0.000000e+00 8.700723e-01 1.299278e-01 0.000000e+00 0.000000e+00
 0.000000e+00 0.000000e+00 4.099703e-01 5.900297e-01 0.000000e+00
 0.000000e+00 0.000000e+00 0.000000e+00 6.166502e-01 3.833499e-01
 0.000000e+00 0.000000e+00 0.000000e+00 0.000000e+00 0.000000e+00
<ENDHMM>
