~o
<STREAMINFO> 1 6
<VECSIZE> 6<NULLD><MFCC><DIAGC>
~h "bg_dark_0_0"
<BEGINHMM>
<NUMSTATES> 5
<STATE> 2
<MEAN> 6
 1.012810e+02 3.676557e+01 9.357541e+00 5.838147e+00 2.677585e+00 1.453839e+00
<VARIANCE> 6
 6.111098e+03 3.943731e+03 7.321093e+01 5.766423e+01 3.196795e+00 2.389242e+00
<GCONST> 3.840611e+01
<STATE> 3
<MEAN> 6
 1.566652e+02 6.928824e+01 1.277889e+01 1.967773e+01 2.937213e+00 1.807497e+00
<VARIANCE> 6
 8.086298e+03 8.201773e+03 5.746838e+01 5.440554e+02 3.854579e+00 2.324454e+00
<GCONST> 4.158033e+01
<STATE> 4
<MEAN> 6
 8.384329e+01 7.330962e+00 8.768369e+00 3.224790e+00 3.239562e+00 1.626851e+00
<VARIANCE> 6
 1.104552e+03 4.038142e+01 6.055294e+01 4.960804e+00 4.284786e+00 2.345076e+00
<GCONST> 2.974530e+01
<TRANSP> 5
 0.000000e+00 1.000000e+00 0.000000e+00 0.000000e+00 0.000000e+00
 0.000000e+00 4.282919e-01 5.717081e-01 0.000000e+00 0.000000e+00
 0.000000e+00 0.000000e+00 3.918664e-01 6.081336e-01 0.000000e+00
 0.000000e+00 0.000000e+00 0.000000e+00 8.838085e-01 1.161915e-01
 0.000000e+00 0.000000e+00 0.000000e+00 0.000000e+00 0.000000e+00
<ENDHMM>
