~o
<STREAMINFO> 1 6
<VECSIZE> 6<NULLD><MFCC><DIAGC>
~h "bg_red_0_0"
<BEGINHMM>
<NUMSTATES> 5
<STATE> 2
<MEAN> 6
 4.377293e+02 3.402040e+01 2.476399e+00 1.969470e+01 3.202169e+00 4.315970e+00
<VARIANCE> 6
 1.900215e+04 1.430979e+03 1.667658e+00 2.894677e+02 8.931087e-01 7.831181e+00
<GCONST> 3.627021e+01
<STATE> 3
<MEAN> 6
 5.625539e+02 2.578526e+01 2.312455e+00 1.130997e+01 2.679783e+00 4.642582e+00
<VARIANCE> 6
 5.115800e+04 3.570936e+02 2.049560e+00 2.387059e+01 1.519229e+00 1.006286e+01
<GCONST> 3.436526e+01
<STATE> 4
<MEAN> 6
 3.651216e+02 4.857579e+00 3.780352e+00 5.449708e+00 3.866840e+00 6.529619e+00
<VARIANCE> 6
 4.519908e+03 2.856881e+01 7.506522e+00 1.013597e+01 2.529757e+00 7.869526e+00
<GCONST> 3.011881e+01
<TRANSP> 5
 0.000000e+00 1.000000e+00 0.000000e+00 0.000000e+00 0.000000e+00
 0.000000e+00 2.883940e-01 7.116060e-01 0.000000e+00 0.000000e+00
 0.000000e+00 0.000000e+00 7.226506e-01 2.773494e-01 0.000000e+00
 0.000000e+00 0.000000e+00 0.000000e+00 8.569215e-01 1.430786e-01
 0.000000e+00 0.000000e+00 0.000000e+00 0.000000e+00 0.000000e+00
<ENDHMM>
