~o
<STREAMINFO> 1 6
<VECSIZE> 6<NULLD><MFCC><DIAGC>
~h "bg_red_0_1"
<BEGINHMM>
<NUMSTATES> 5
<STATE> 2
<MEAN> 6
 3.668685e+02 2.567517e+01 3.344356e+00 1.293260e+01 3.999032e+00 6.591391e+00
<VARIANCE> 6
 1.408359e+04 2.718412e+02 6.823152e+00 3.399578e+01 2.761497e+00 6.084339e+00
<GCONST> 3.445330e+01
<STATE> 3
<MEAN> 6
 6.565120e+02 4.405542e+01 9.543669e+00 1.751920e+01 1.444814e+01 1.185701e+01
<VARIANCE> 6
 4.517466e+04 1.645487e+03 1.424270e+02 1.622362e+02 2.788898e+02 1.086220e+02
<GCONST> 4.951792e+01
<STATE> 4
<MEAN> 6
 3.522214e+02 4.377105e+00 3.007582e+00 4.699341e+00 3.935544e+00 6.297070e+00
<VARIANCE> 6
 4.837914e+03 1.529962e+01 3.325938e+00 9.623732e+00 3.209611e+00 8.741665e+00
<GCONST> 2.903956e+01
<TRANSP> 5
 0.000000e+00 1.000000e+00 0.000000e+00 0.000000e+00 0.000000e+00
 0.000000e+00 5.732629e-01 4.267371e-01 0.000000e+00 0.000000e+00
 0.000000e+00 0.000000e+00 6.250093e-01 3.749907e-01 0.000000e+00
 0.000000e+00 0.000000e+00 0.000000e+00 8.748421e-01 1.251579e-01
 0.000000e+00 0.000000e+00 0.000000e+00 0.000000e+00 0.000000e+00
<ENDHMM>
