~o
<STREAMINFO> 1 6
<VECSIZE> 6<NULLD><MFCC><DIAGC>
~h "bg_red_0_5"
<BEGINHMM>
<NUMSTATES> 5
<STATE> 2
<MEAN> 6
 4.079659e+02 2.281123e+01 1.958678e+00 6.858992e+00 1.049173e+00 2.047333e+00
<VARIANCE> 6
 2.880935e+04 4.322322e+03 4.153545e+00 1.775277e+02 3.679243e-01 6.272331e+00
<GCONST> 3.710662e+01
<STATE> 3
<MEAN> 6
 5.920135e+02 1.282027e+02 8.373731e+00 4.115081e+01 3.527333e+00 3.910830e+00
<VARIANCE> 6
 2.797883e+04 1.003881e+04 1.602696e+02 9.189641e+02 3.193048e+01 1.913167e+01
<GCONST> 4.879569e+01
<STATE> 4
<MEAN> 6
 5.441184e+02 6.477759e+00 2.028872e+00 3.527705e+00 9.948320e-01 1.296871e+00
<VARIANCE> 6
 5.168181e+04 3.616727e+02 8.386082e+00 1.330556e+02 6.921665e-01 4.244480e+00
<GCONST> 3.586589e+01
<TRANSP> 5
 0.000000e+00 1.000000e+00 0.000000e+00 0.000000e+00 0.000000e+00
 0.000000e+00 5.680323e-01 4.319678e-01 0.000000e+00 0.000000e+00
 0.000000e+00 0.000000e+00 6.250010e-01 3.749991e-01 0.000000e+00
 0.000000e+00 0.000000e+00 0.000000e+00 8.575162e-01 1.424838e-01
 0.000000e+00 0.000000e+00 0.000000e+00 0.000000e+00 0.000000e+00
<ENDHMM>
