~o
<STREAMINFO> 1 6
<VECSIZE> 6<NULLD><MFCC><DIAGC>
~h "bg_red_0_4"
<BEGINHMM>
<NUMSTATES> 5
<STATE> 2
<MEAN> 6
 6.793882e+02 1.731335e+01 1.398349e+00 4.298553e+00 9.488801e-01 7.342199e-01
<VARIANCE> 6
 4.481952e+04 4.241842e+02 1.430516e+00 2.001264e+01 6.533663e-01 1.581643e+00
<GCONST> 3.117508e+01
<STATE> 3
<MEAN> 6
 4.556580e+02 9.638410e+01 5.056795e+00 3.267178e+01 1.534940e+00 2.743406e+00
<VARIANCE> 6
 2.262416e+04 9.510823e+03 1.053564e+01 8.328897e+02 4.945342e-01 6.376143e+00
<GCONST> 4.044231e+01
<STATE> 4
<MEAN> 6
 3.544234e+02 1.067995e+01 2.430239e+00 4.495499e+00 1.821334e+00 2.389656e+00
<VARIANCE> 6
 1.365131e+04 1.892356e+03 3.929179e+00 7.811463e+01 9.333594e-01 6.661568e+00
<GCONST> 3.564843e+01
<TRANSP> 5
 0.000000e+00 1.000000e+00 0.000000e+00 0.000000e+00 0.000000e+00
 0.000000e+00 7.954487e-01 2.045513e-01 0.000000e+00 0.000000e+00
 0.000000e+00 0.000000e+00 6.033652e-01 3.966348e-01 0.000000e+00
 0.000000e+00 0.000000e+00 0.000000e+00 8.211105e-01 1.788896e-01
 0.000000e+00 0.000000e+00 0.000000e+00 0.000000e+00 0.000000e+00
<ENDHMM>
