~o
<STREAMINFO> 1 6
<VECSIZE> 6<NULLD><MFCC><DIAGC>
~h "bg_red_0_2"
<BEGINHMM>
<NUMSTATES> 5
<STATE> 2
<MEAN> 6
 3.450323e+02 4.318453e+00 2.812412e+00 4.377614e+00 2.806324e+00 4.666511e+00
<VARIANCE> 6
 5.198424e+03 1.491496e+01 4.237406e+00 7.445559e+00 1.011938e+00 5.358104e+00
<GCONST> 2.742779e+01
<STATE> 3
<MEAN> 6
 4.339521e+02 8.996742e+01 4.304617e+00 3.791218e+01 3.281683e+00 4.434719e+00
<VARIANCE> 6
 1.336170e+04 6.000898e+03 8.157836e+00 7.088267e+02 1.539849e+00 9.458641e+00
<GCONST> 4.056828e+01
<STATE> 4
<MEAN> 6
 6.674191e+02 2.472132e+01 3.467534e+00 9.702043e+00 3.259043e+00 2.650720e+00
<VARIANCE> 6
 4.130808e+04 2.936181e+03 6.866365e+00 9.469987e+01 1.931293e+00 4.792834e+00
<GCONST> 3.834360e+01
<TRANSP> 5
 0.000000e+00 1.000000e+00 0.000000e+00 0.000000e+00 0.000000e+00
 0.000000e+00 8.694910e-01 1.305089e-01 0.000000e+00 0.000000e+00
 0.000000e+00 0.000000e+00 6.252367e-01 3.747633e-01 0.000000e+00
 0.000000e+00 0.000000e+00 0.000000e+00 6.253750e-01 3.746250e-01
 0.000000e+00 0.000000e+00 0.000000e+00 0.000000e+00 0.000000e+00
<ENDHMM>
