~o
<STREAMINFO> 1 6
<VECSIZE> 6<NULLD><MFCC><DIAGC>
~h "bg_red_0"
<BEGINHMM>
<NUMSTATES> 5
<STATE> 2
<MEAN> 6
 3.379453e+02 7.156744e+00 2.654158e+00 5.182947e+00 2.982578e+00 4.516649e+00
<VARIANCE> 6
 1.100148e+03 1.503727e+02 4.468098e+00 3.059836e+01 2.619123e+00 1.036556e+01
<GCONST> 3.126282e+01
<STATE> 3
<MEAN> 6
 6.206758e+02 1.329198e+02 7.773049e+00 4.317198e+01 5.417022e+00 5.198725e+00
<VARIANCE> 6
 2.465206e+04 7.193008e+03 8.607231e+01 6.028362e+02 1.118971e+02 4.992803e+01
<GCONST> 4.950574e+01
<STATE> 4
<MEAN> 6
 7.747404e+02 1.187788e+01 2.057921e+00 5.650279e+00 1.172982e+00 8.122148e-01
<VARIANCE> 6
 8.651511e+03 3.648600e+02 7.089276e+00 9.989792e+01 1.688967e+00 1.409543e+00
<GCONST> 3.342238e+01
<TRANSP> 5
 0.000000e+00 1.000000e+00 0.000000e+00 0.000000e+00 0.000000e+00
 0.000000e+00 9.786224e-01 2.137765e-02 0.000000e+00 0.000000e+00
 0.000000e+00 0.000000e+00 9.005862e-01 9.941374e-02 0.000000e+00
 0.000000e+00 0.000000e+00 0.000000e+00 9.240306e-01 7.596939e-02
 0.000000e+00 0.000000e+00 0.000000e+00 0.000000e+00 0.000000e+00
<ENDHMM>
