~o
<STREAMINFO> 1 6
<VECSIZE> 6<NULLD><MFCC><DIAGC>
~h "bg_red_0_3"
<BEGINHMM>
<NUMSTATES> 5
<STATE> 2
<MEAN> 6
 4.445835e+02 4.391496e+01 4.274066e+00 1.253877e+01 3.795527e+00 3.943172e+00
<VARIANCE> 6
 3.008696e+04 7.011507e+03 8.025286e+00 1.879347e+02 2.747146e+00 6.397793e+00
<GCONST> 4.037962e+01
<STATE> 3
<MEAN> 6
 5.825084e+02 1.216591e+02 5.558480e+00 3.852617e+01 1.324147e+00 1.718328e+00
<VARIANCE> 6
 2.750317e+04 1.055392e+04 1.554743e+01 7.555180e+02 6.511737e-01 8.177818e-01
<GCONST> 3.925473e+01
<STATE> 4
<MEAN> 6
 4.270856e+02 5.254453e+00 1.877691e+00 3.296728e+00 2.149877e+00 1.787415e+00
<VARIANCE> 6
 3.656769e+04 5.962638e+01 2.842087e+00 8.333662e+00 1.438213e+00 2.617484e+00
<GCONST> 3.011274e+01
<TRANSP> 5
 0.000000e+00 1.000000e+00 0.000000e+00 0.000000e+00 0.000000e+00
 0.000000e+00 1.546300e-07 9.999998e-01 0.000000e+00 0.000000e+00
 0.000000e+00 0.000000e+00 6.002581e-01 3.997420e-01 0.000000e+00
 0.000000e+00 0.000000e+00 0.000000e+00 8.823306e-01 1.176694e-01
 0.000000e+00 0.000000e+00 0.000000e+00 0.000000e+00 0.000000e+00
<ENDHMM>
