~o
<STREAMINFO> 1 6
<VECSIZE> 6<NULLD><MFCC><DIAGC>
~h "bg_white_0_5"
<BEGINHMM>
<NUMSTATES> 5
<STATE> 2
<MEAN> 6
 7.180787e+02 1.799119e+01 8.643677e+00 8.949430e+00 1.070243e+01 7.576665e+00
<VARIANCE> 6
 4.686810e+03 8.794328e+02 1.633459e+02 9.874127e+01 1.820558e+02 7.707951e+01
<GCONST> 4.549657e+01
<STATE> 3
<MEAN> 6
 6.539747e+02 5.020192e+01 2.912983e+01 2.243265e+01 2.781585e+01 1.892632e+01
<VARIANCE> 6
 1.290965e+04 2.853301e+03 8.843430e+02 2.669690e+02 3.916661e+02 1.847655e+02
<GCONST> 5.201070e+01
<STATE> 4
<MEAN> 6
 7.405967e+02 3.191827e+00 2.166554e+00 1.992053e+00 1.930188e+00 1.735821e+00
<VARIANCE> 6
 1.554561e+04 1.227904e+02 2.953642e+01 2.568947e+01 2.898144e+01 1.994212e+01
<GCONST> 3.848047e+01
<TRANSP> 5
 0.000000e+00 1.000000e+00 0.000000e+00 0.000000e+00 0.000000e+00
 0.000000e+00 6.732331e-01 3.267669e-01 0.000000e+00 0.000000e+00
 0.000000e+00 0.000000e+00 6.427081e-01 3.572920e-01 0.000000e+00
 0.000000e+00 0.000000e+00 0.000000e+00 8.371570e-01 1.628431e-01
 0.000000e+00 0.000000e+00 0.000000e+00 0.000000e+00 0.000000e+00
<ENDHMM>
