~o
<STREAMINFO> 1 6
<VECSIZE> 6<NULLD><MFCC><DIAGC>
~h "bg_white_0_2"
<BEGINHMM>
<NUMSTATES> 5
<STATE> 2
<MEAN> 6
 7.332392e+02 2.320566e+01 1.302076e+01 1.171649e+01 1.278696e+01 1.040143e+01
<VARIANCE> 6
 3.373351e+03 8.692076e+02 3.119970e+02 1.184921e+02 2.206418e+02 1.098699e+02
<GCONST> 4.653218e+01
<STATE> 3
<MEAN> 6
 6.607380e+02 5.567138e+01 2.995868e+01 2.417451e+01 3.034819e+01 2.314510e+01
<VARIANCE> 6
 4.843446e+03 2.001894e+03 7.655602e+02 2.235045e+02 3.290583e+02 2.012058e+02
<GCONST> 5.026510e+01
<STATE> 4
<MEAN> 6
 7.350981e+02 9.998791e+00 5.057601e+00 5.031635e+00 5.495964e+00 4.758297e+00
<VARIANCE> 6
 1.018038e+04 4.742576e+02 1.077333e+02 5.825448e+01 9.614846e+01 5.758907e+01
<GCONST> 4.378094e+01
<TRANSP> 5
 0.000000e+00 1.000000e+00 0.000000e+00 0.000000e+00 0.000000e+00
 0.000000e+00 6.883927e-01 3.116074e-01 0.000000e+00 0.000000e+00
 0.000000e+00 0.000000e+00 7.651485e-01 2.348515e-01 0.000000e+00
 0.000000e+00 0.000000e+00 0.000000e+00 8.192605e-01 1.807395e-01
 0.000000e+00 0.000000e+00 0.000000e+00 0.000000e+00 0.000000e+00
<ENDHMM>
