~o
<STREAMINFO> 1 6
<VECSIZE> 6<NULLD><MFCC><DIAGC>
~h "bg_white_0_0"
<BEGINHMM>
<NUMSTATES> 5
<STATE> 2
<MEAN> 6
 7.535494e+02 1.222987e+00 1.251012e+00 9.160531e-01 8.376397e-01 8.865836e-01
<VARIANCE> 6
 1.071470e+03 4.402174e+00 3.293784e+00 2.454138e+00 1.839652e+00 2.497651e+00
<GCONST> 2.310089e+01
<STATE> 3
<MEAN> 6
 6.822668e+02 5.304049e+01 2.481552e+01 1.915302e+01 2.585874e+01 1.872060e+01
<VARIANCE> 6
 3.542691e+03 1.856788e+03 5.902380e+02 1.562122e+02 2.991844e+02 1.838681e+02
<GCONST> 4.907353e+01
<STATE> 4
<MEAN> 6
 7.315187e+02 2.593965e+01 9.902701e+00 1.245479e+01 1.354130e+01 1.033936e+01
<VARIANCE> 6
 2.412095e+03 1.173247e+03 1.760069e+02 1.684852e+02 2.376307e+02 1.065284e+02
<GCONST> 4.631955e+01
<TRANSP> 5
 0.000000e+00 1.000000e+00 0.000000e+00 0.000000e+00 0.000000e+00
 0.000000e+00 8.442479e-01 1.557521e-01 0.000000e+00 0.000000e+00
 0.000000e+00 0.000000e+00 6.804640e-01 3.195360e-01 0.000000e+00
 0.000000e+00 0.000000e+00 0.000000e+00 5.918371e-01 4.081629e-01
 0.000000e+00 0.000000e+00 0.000000e+00 0.000000e+00 0.000000e+00
<ENDHMM>
