~o
<STREAMINFO> 1 6
<VECSIZE> 6<NULLD><MFCC><DIAGC>
~h "bg_white_0_1"
<BEGINHMM>
<NUMSTATES> 5
<STATE> 2
<MEAN> 6
 7.285260e+02 3.364344e+01 1.227100e+01 1.455069e+01 1.660319e+01 1.160046e+01
<VARIANCE> 6
 2.292049e+03 1.243740e+03 2.309129e+02 1.748779e+02 2.824252e+02 1.093882e+02
<GCONST> 4.683479e+01
<STATE> 3
<MEAN> 6
 6.703608e+02 6.174085e+01 2.697928e+01 2.342058e+01 2.893809e+01 2.087621e+01
<VARIANCE> 6
 5.245759e+03 2.679645e+03 6.264294e+02 2.179182e+02 3.046241e+02 1.885626e+02
<GCONST> 5.026854e+01
<STATE> 4
<MEAN> 6
 7.431143e+02 8.653938e+00 4.926862e+00 4.776714e+00 5.537666e+00 4.840559e+00
<VARIANCE> 6
 2.569986e+03 3.628397e+02 1.392524e+02 6.202553e+01 1.172964e+02 6.269559e+01
<GCONST> 4.273971e+01
<TRANSP> 5
 0.000000e+00 1.000000e+00 0.000000e+00 0.000000e+00 0.000000e+00
 0.000000e+00 6.059592e-01 3.940408e-01 0.000000e+00 0.000000e+00
 0.000000e+00 0.000000e+00 7.903093e-01 2.096907e-01 0.000000e+00
 0.000000e+00 0.000000e+00 0.000000e+00 8.243538e-01 1.756462e-01
 0.000000e+00 0.000000e+00 0.000000e+00 0.000000e+00 0.000000e+00
<ENDHMM>
