~o
<STREAMINFO> 1 6
<VECSIZE> 6<NULLD><MFCC><DIAGC>
~h "bg_white_0"
<BEGINHMM>
<NUMSTATES> 5
<STATE> 2
<MEAN> 6
 7.452818e+02 1.763494e+00 1.161928e+00 1.082094e+00 9.525426e-01 1.063331e+00
<VARIANCE> 6
 1.372486e+03 5.120717e+00 1.976982e+00 1.763190e+00 1.624073e+00 2.773484e+00
<GCONST> 2.263868e+01
<STATE> 3
<MEAN> 6
 6.964562e+02 4.272742e+01 2.086375e+01 1.844950e+01 2.223718e+01 1.658134e+01
<VARIANCE> 6
 5.571203e+03 2.031315e+03 5.564451e+02 2.017910e+02 3.288488e+02 1.781876e+02
<GCONST> 4.987630e+01
<STATE> 4
<MEAN> 6
 7.328489e+02 3.779820e+00 2.262008e+00 2.280303e+00 2.028178e+00 1.960619e+00
<VARIANCE> 6
 1.843113e+04 7.272375e+01 2.216898e+01 1.962267e+01 2.013399e+01 1.492762e+01
<GCONST> 3.691673e+01
<TRANSP> 5
 0.000000e+00 1.000000e+00 0.000000e+00 0.000000e+00 0.000000e+00
 0.000000e+00 9.387034e-01 6.129659e-02 0.000000e+00 0.000000e+00
 0.000000e+00 0.000000e+00 9.738926e-01 2.610742e-02 0.000000e+00
 0.000000e+00 0.000000e+00 0.000000e+00 9.349914e-01 6.500864e-02
 0.000000e+00 0.000000e+00 0.000000e+00 0.000000e+00 0.000000e+00
<ENDHMM>
