~o
<STREAMINFO> 1 6
<VECSIZE> 6<NULLD><MFCC><DIAGC>
~h "bg_white_0_4"
<BEGINHMM>
<NUMSTATES> 5
<STATE> 2
<MEAN> 6
 7.220584e+02 2.101054e+01 1.457856e+01 1.187524e+01 1.227514e+01 9.496588e+00
<VARIANCE> 6
 4.337539e+03 7.721013e+02 5.004233e+02 1.379195e+02 1.821484e+02 9.636408e+01
<GCONST> 4.696652e+01
<STATE> 3
<MEAN> 6
 6.777744e+02 5.360936e+01 2.524076e+01 2.222302e+01 2.644183e+01 1.966640e+01
<VARIANCE> 6
 5.861331e+03 2.012743e+03 5.472368e+02 2.029551e+02 3.519287e+02 1.952783e+02
<GCONST> 5.006637e+01
<STATE> 4
<MEAN> 6
 7.293665e+02 6.264342e+00 2.905394e+00 2.880612e+00 3.455132e+00 2.576834e+00
<VARIANCE> 6
 1.360018e+04 3.234585e+02 4.732454e+01 3.096999e+01 7.611111e+01 2.835078e+01
<GCONST> 4.129107e+01
<TRANSP> 5
 0.000000e+00 1.000000e+00 0.000000e+00 0.000000e+00 0.000000e+00
 0.000000e+00 6.165661e-01 3.834339e-01 0.000000e+00 0.000000e+00
 0.000000e+00 0.000000e+00 7.273436e-01 2.726564e-01 0.000000e+00
 0.000000e+00 0.000000e+00 0.000000e+00 8.512871e-01 1.487129e-01
 0.000000e+00 0.000000e+00 0.000000e+00 0.000000e+00 0.000000e+00
<ENDHMM>
