~o
<STREAMINFO> 1 6
<VECSIZE> 6<NULLD><MFCC><DIAGC>
~h "bg_white_0_3"
<BEGINHMM>
<NUMSTATES> 5
<STATE> 2
<MEAN> 6
 7.122732e+02 1.989237e+01 9.873126e+00 1.014557e+01 1.165141e+01 9.212980e+00
<VARIANCE> 6
 1.730446e+04 1.000496e+03 2.394753e+02 1.318074e+02 2.007041e+02 1.134905e+02
<GCONST> 4.808757e+01
<STATE> 3
<MEAN> 6
 6.625818e+02 5.846210e+01 2.617005e+01 2.422310e+01 2.941682e+01 2.271086e+01
<VARIANCE> 6
 7.087189e+03 3.101306e+03 6.389169e+02 2.207848e+02 3.489146e+02 2.195950e+02
<GCONST> 5.103646e+01
<STATE> 4
<MEAN> 6
 7.434765e+02 8.326409e+00 5.677991e+00 4.819926e+00 5.083315e+00 4.231903e+00
<VARIANCE> 6
 2.684045e+03 3.271692e+02 2.089664e+02 6.497720e+01 8.973224e+01 4.800711e+01
<GCONST> 4.259721e+01
<TRANSP> 5
 0.000000e+00 1.000000e+00 0.000000e+00 0.000000e+00 0.000000e+00
 0.000000e+00 5.945559e-01 4.054441e-01 0.000000e+00 0.000000e+00
 0.000000e+00 0.000000e+00 7.297076e-01 2.702924e-01 0.000000e+00
 0.000000e+00 0.000000e+00 0.000000e+00 8.285872e-01 1.714128e-01
 0.000000e+00 0.000000e+00 0.000000e+00 0.000000e+00 0.000000e+00
<ENDHMM>
