~o
<STREAMINFO> 1 6
<VECSIZE> 6<NULLD><MFCC><DIAGC>
~h "fp_key_2"
<BEGINHMM>
<NUMSTATES> 5
<STATE> 2
<MEAN> 6
 1.153743e+02 1.632457e+01 3.960540e+00 4.115423e+00 2.077430e+00 1.042923e+00
<VARIANCE> 6
 8.178107e+03 1.126843e+03 8.910372e+01 4.751147e+01 1.449065e+01 2.686740e+00
<GCONST> 3.907626e+01
<STATE> 3
<MEAN> 6
 3.566682e+02 8.320388e+01 6.559974e+01 2.168652e+01 2.126540e+01 6.649920e+00
<VARIANCE> 6
 3.247257e+04 4.277774e+03 4.877413e+03 2.431030e+02 4.060266e+02 4.953003e+01
<GCONST> 5.367146e+01
<STATE> 4
<MEAN> 6
 4.084137e+02 9.945190e+01 2.209977e+01 1.856856e+01 6.351574e+00 2.344571e+00
<VARIANCE> 6
 3.817401e+04 4.644821e+03 1.876692e+03 1.377249e+02 8.513637e+01 5.942043e+00
<GCONST> 4.870951e+01
<TRANSP> 5
 0.000000e+00 1.000000e+00 0.000000e+00 0.000000e+00 0.000000e+00
 0.000000e+00 8.644947e-01 1.355053e-01 0.000000e+00 0.000000e+00
 0.000000e+00 0.000000e+00 6.391111e-01 3.608889e-01 0.000000e+00
 0.000000e+00 0.000000e+00 0.000000e+00 6.490337e-01 3.509663e-01
 0.000000e+00 0.000000e+00 0.000000e+00 0.000000e+00 0.000000e+00
<ENDHMM>
