~o
<STREAMINFO> 1 6
<VECSIZE> 6<NULLD><MFCC><DIAGC>
~h "fp_key_1"
<BEGINHMM>
<NUMSTATES> 5
<STATE> 2
<MEAN> 6
 1.237821e+02 1.127908e+01 4.854581e+00 3.201095e+00 1.920695e+00 7.063542e-01
<VARIANCE> 6
 1.091249e+04 6.765060e+02 2.323385e+02 4.029019e+01 3.541868e+01 1.494543e+00
<GCONST> 3.995523e+01
<STATE> 3
<MEAN> 6
 2.777757e+02 5.563321e+01 6.505504e+01 2.018280e+01 2.078416e+01 7.102057e+00
<VARIANCE> 6
 2.804981e+04 2.164262e+03 5.749513e+03 2.452922e+02 2.818141e+02 3.719661e+01
<GCONST> 5.236562e+01
<STATE> 4
<MEAN> 6
 3.640746e+02 1.053835e+02 8.438795e+00 1.846714e+01 3.140333e+00 1.766286e+00
<VARIANCE> 6
 5.297468e+04 5.462375e+03 1.661613e+02 1.490801e+02 2.612504e+01 5.428701e+00
<GCONST> 4.558250e+01
<TRANSP> 5
 0.000000e+00 1.000000e+00 0.000000e+00 0.000000e+00 0.000000e+00
 0.000000e+00 8.407834e-01 1.592166e-01 0.000000e+00 0.000000e+00
 0.000000e+00 0.000000e+00 6.220880e-01 3.779120e-01 0.000000e+00
 0.000000e+00 0.000000e+00 0.000000e+00 7.544885e-01 2.455115e-01
 0.000000e+00 0.000000e+00 0.000000e+00 0.000000e+00 0.000000e+00
<ENDHMM>
