~o
<STREAMINFO> 1 6
<VECSIZE> 6<NULLD><MFCC><DIAGC>
~h "fp_key_4"
<BEGINHMM>
<NUMSTATES> 5
<STATE> 2
<MEAN> 6
 4.342064e+02 7.264671e+01 9.732283e+00 1.376973e+01 3.391595e+00 1.670308e+00
<VARIANCE> 6
 4.512978e+04 3.871652e+03 1.481464e+02 8.378166e+01 2.455461e+01 4.372403e+00
<GCONST> 4.410862e+01
<STATE> 3
<MEAN> 6
 4.451378e+02 8.056468e+01 5.364306e+01 1.980934e+01 1.890319e+01 8.077594e+00
<VARIANCE> 6
 3.183895e+04 2.966514e+03 2.784473e+03 1.644030e+02 1.825708e+02 3.970146e+01
<GCONST> 5.131351e+01
<STATE> 4
<MEAN> 6
 2.568411e+02 1.150873e+01 8.976156e+00 3.335381e+00 2.406681e+00 1.230912e+00
<VARIANCE> 6
 1.227972e+04 3.773002e+02 4.896420e+02 2.020128e+01 1.695522e+01 5.036456e+00
<GCONST> 4.002271e+01
<TRANSP> 5
 0.000000e+00 1.000000e+00 0.000000e+00 0.000000e+00 0.000000e+00
 0.000000e+00 8.029438e-01 1.970562e-01 0.000000e+00 0.000000e+00
 0.000000e+00 0.000000e+00 6.068105e-01 3.931895e-01 0.000000e+00
 0.000000e+00 0.000000e+00 0.000000e+00 8.141956e-01 1.858044e-01
 0.000000e+00 0.000000e+00 0.000000e+00 0.000000e+00 0.000000e+00
<ENDHMM>
