~o
<STREAMINFO> 1 6
<VECSIZE> 6<NULLD><MFCC><DIAGC>
~h "fp_key_3"
<BEGINHMM>
<NUMSTATES> 5
<STATE> 2
<MEAN> 6
 3.950956e+02 9.836642e+01 1.578761e+01 1.993892e+01 4.869942e+00 2.092203e+00
<VARIANCE> 6
 4.036630e+04 4.339258e+03 1.279216e+03 1.874497e+02 6.169955e+01 6.690206e+00
<GCONST> 4.841891e+01
<STATE> 3
<MEAN> 6
 3.344792e+02 7.700688e+01 6.064850e+01 1.610290e+01 1.979668e+01 6.753292e+00
<VARIANCE> 6
 3.365864e+04 4.758771e+03 4.846535e+03 1.541111e+02 2.810355e+02 2.742191e+01
<GCONST> 5.239255e+01
<STATE> 4
<MEAN> 6
 1.621407e+02 1.522842e+01 4.990222e+00 3.856193e+00 2.481262e+00 1.219555e+00
<VARIANCE> 6
 1.082195e+04 1.169400e+03 7.792540e+01 3.392216e+01 2.107518e+01 3.604850e+00
<GCONST> 3.959103e+01
<TRANSP> 5
 0.000000e+00 1.000000e+00 0.000000e+00 0.000000e+00 0.000000e+00
 0.000000e+00 7.080510e-01 2.919490e-01 0.000000e+00 0.000000e+00
 0.000000e+00 0.000000e+00 6.103043e-01 3.896957e-01 0.000000e+00
 0.000000e+00 0.000000e+00 0.000000e+00 8.335730e-01 1.664270e-01
 0.000000e+00 0.000000e+00 0.000000e+00 0.000000e+00 0.000000e+00
<ENDHMM>
