~o
<STREAMINFO> 1 6
<VECSIZE> 6<NULLD><MFCC><DIAGC>
~h "fp_key_5"
<BEGINHMM>
<NUMSTATES> 5
<STATE> 2
<MEAN> 6
 3.382649e+02 3.177490e+01 2.679785e+01 6.463660e+00 6.025632e+00 2.918540e+00
<VARIANCE> 6
 2.650228e+04 1.659729e+03 2.773095e+03 5.402147e+01 6.473149e+01 1.925395e+01
<GCONST> 4.767172e+01
<STATE> 3
<MEAN> 6
 3.008553e+02 5.871623e+00 1.382221e+01 1.132001e+00 2.825562e+00 5.648372e-01
<VARIANCE> 6
 3.426660e+03 5.294891e+01 5.303779e+02 6.051143e-01 1.268881e+01 2.675778e-01
<GCONST> 3.012956e+01
<STATE> 4
<MEAN> 6
 3.627764e+02 2.729631e+00 4.967279e+00 8.168494e-01 1.136179e+00 3.234068e-01
<VARIANCE> 6
 5.963974e+03 9.949142e+00 9.600301e+01 2.125097e-01 3.185083e+00 2.639059e-02
<GCONST> 2.255758e+01
<TRANSP> 5
 0.000000e+00 1.000000e+00 0.000000e+00 0.000000e+00 0.000000e+00
 0.000000e+00 2.889781e-01 7.110220e-01 0.000000e+00 0.000000e+00
 0.000000e+00 0.000000e+00 7.305070e-01 2.694931e-01 0.000000e+00
 0.000000e+00 0.000000e+00 0.000000e+00 8.547125e-01 1.452875e-01
 0.000000e+00 0.000000e+00 0.000000e+00 0.000000e+00 0.000000e+00
<ENDHMM>
