~o
<STREAMINFO> 1 6
<VECSIZE> 6<NULLD><MFCC><DIAGC>
~h "fp_key"
<BEGINHMM>
<NUMSTATES> 5
<STATE> 2
<MEAN> 6
 1.392588e+02 1.661215e+01 4.753145e+00 3.875019e+00 1.634159e+00 7.246340e-01
<VARIANCE> 6
 6.161853e+03 6.638380e+02 1.607064e+02 2.608277e+01 4.499992e+00 1.006660e+00
<GCONST> 3.610300e+01
<STATE> 3
<MEAN> 6
 3.575312e+02 7.293822e+01 2.724633e+01 1.583077e+01 8.977742e+00 3.451181e+00
<VARIANCE> 6
 4.650459e+04 4.586524e+03 2.372069e+03 1.721120e+02 1.712609e+02 2.107240e+01
<GCONST> 5.131626e+01
<STATE> 4
<MEAN> 6
 2.645543e+02 3.521120e+00 5.631012e+00 1.027344e+00 1.380802e+00 3.989185e-01
<VARIANCE> 6
 1.466856e+04 1.763673e+01 1.526777e+02 5.380599e-01 4.279000e+00 1.057290e-01
<GCONST> 2.710610e+01
<TRANSP> 5
 0.000000e+00 1.000000e+00 0.000000e+00 0.000000e+00 0.000000e+00
 0.000000e+00 9.327171e-01 6.728290e-02 0.000000e+00 0.000000e+00
 0.000000e+00 0.000000e+00 9.727390e-01 2.726096e-02 0.000000e+00
 0.000000e+00 0.000000e+00 0.000000e+00 9.458138e-01 5.418619e-02
 0.000000e+00 0.000000e+00 0.000000e+00 0.000000e+00 0.000000e+00
<ENDHMM>
