~o
<STREAMINFO> 1 6
<VECSIZE> 6<NULLD><MFCC><DIAGC>
~h "fp_key_0"
<BEGINHMM>
<NUMSTATES> 5
<STATE> 2
<MEAN> 6
 1.796113e+02 1.641108e+01 6.166765e+00 4.072284e+00 1.544565e+00 5.145174e-01
<VARIANCE> 6
 1.000706e+04 8.182644e+02 3.933890e+02 4.003318e+01 2.193941e+00 3.152227e-01
<GCONST> 3.624122e+01
<STATE> 3
<MEAN> 6
 4.677909e+02 1.008855e+02 2.218838e+01 2.019732e+01 6.708447e+00 2.425326e+00
<VARIANCE> 6
 5.438810e+04 4.359751e+03 1.605844e+03 1.299908e+02 1.003010e+02 8.870792e+00
<GCONST> 4.935114e+01
<STATE> 4
<MEAN> 6
 2.004274e+02 2.175657e+01 1.136816e+01 7.117870e+00 5.260159e+00 1.746943e+00
<VARIANCE> 6
 2.720442e+04 1.648916e+03 7.122293e+02 1.108454e+02 1.199682e+02 5.005936e+00
<GCONST> 4.632066e+01
<TRANSP> 5
 0.000000e+00 1.000000e+00 0.000000e+00 0.000000e+00 0.000000e+00
 0.000000e+00 8.173786e-01 1.826214e-01 0.000000e+00 0.000000e+00
 0.000000e+00 0.000000e+00 7.821169e-01 2.178831e-01 0.000000e+00
 0.000000e+00 0.000000e+00 0.000000e+00 4.830896e-01 5.169105e-01
 0.000000e+00 0.000000e+00 0.000000e+00 0.000000e+00 0.000000e+00
<ENDHMM>
