~o
<STREAMINFO> 1 6
<VECSIZE> 6<NULLD><MFCC><DIAGC>
~h "fp_logo_3"
<BEGINHMM>
<NUMSTATES> 5
<STATE> 2
<MEAN> 6
 1.396945e+02 2.559439e+01 1.101679e+01 1.025544e+01 5.168211e+00 1.394987e+00
<VARIANCE> 6
 3.962816e+03 1.661279e+03 5.683237e+02 9.190343e+01 1.519879e+02 3.271141e+00
<GCONST> 4.379968e+01
<STATE> 3
<MEAN> 6
 1.203591e+02 6.320911e+00 2.531725e+00 2.706315e+00 1.312704e+00 4.033381e-01
<VARIANCE> 6
 3.995962e+02 1.352343e+02 4.064732e+00 1.672751e+01 6.683294e-01 1.640420e-01
<GCONST> 2.393352e+01
<STATE> 4
<MEAN> 6
 1.423501e+02 4.087298e+00 3.952733e+00 1.663490e+00 1.632294e+00 5.467330e-01
<VARIANCE> 6
 4.832885e+02 1.392045e+01 9.131907e+00 2.202604e+00 1.003034e+00 2.803679e-01
<GCONST> 2.157403e+01
<TRANSP> 5
 0.000000e+00 1.000000e+00 0.000000e+00 0.000000e+00 0.000000e+00
 0.000000e+00 5.453593e-01 4.546408e-01 0.000000e+00 0.000000e+00
 0.000000e+00 0.000000e+00 8.725678e-04 9.991274e-01 0.000000e+00
 0.000000e+00 0.000000e+00 0.000000e+00 8.863583e-01 1.136417e-01
 0.000000e+00 0.000000e+00 0.000000e+00 0.000000e+00 0.000000e+00
<ENDHMM>
