~o
<STREAMINFO> 1 6
<VECSIZE> 6<NULLD><MFCC><DIAGC>
~h "fp_logo_0"
<BEGINHMM>
<NUMSTATES> 5
<STATE> 2
<MEAN> 6
 1.206223e+02 1.730326e+01 4.454971e+00 5.730602e+00 1.603624e+00 6.437040e-01
<VARIANCE> 6
 3.052379e+02 3.164568e+02 2.342314e+01 2.385290e+01 1.380180e+00 2.170625e-01
<GCONST> 2.762581e+01
<STATE> 3
<MEAN> 6
 1.152370e+02 7.543455e+00 2.284234e+00 2.402556e+00 1.129498e+00 4.049951e-01
<VARIANCE> 6
 2.636712e+02 1.430745e+02 9.373106e+00 2.320332e+01 4.555094e+00 3.984251e-01
<GCONST> 2.754348e+01
<STATE> 4
<MEAN> 6
 1.057133e+02 3.469633e+00 2.273200e+00 1.175634e+00 1.049471e+00 3.204383e-01
<VARIANCE> 6
 2.814349e+02 2.154805e+01 4.224576e+00 3.334881e+00 1.453213e+00 1.419190e-01
<GCONST> 2.080408e+01
<TRANSP> 5
 0.000000e+00 1.000000e+00 0.000000e+00 0.000000e+00 0.000000e+00
 0.000000e+00 5.597692e-01 4.402309e-01 0.000000e+00 0.000000e+00
 0.000000e+00 0.000000e+00 1.060185e-07 9.999999e-01 0.000000e+00
 0.000000e+00 0.000000e+00 0.000000e+00 8.854323e-01 1.145677e-01
 0.000000e+00 0.000000e+00 0.000000e+00 0.000000e+00 0.000000e+00
<ENDHMM>
