~o
<STREAMINFO> 1 6
<VECSIZE> 6<NULLD><MFCC><DIAGC>
~h "fp_logo"
<BEGINHMM>
<NUMSTATES> 5
<STATE> 2
<MEAN> 6
 1.160798e+02 1.028198e+01 3.482477e+00 4.475390e+00 1.627167e+00 9.068336e-01
<VARIANCE> 6
 7.924968e+02 1.663963e+02 1.366521e+01 2.638463e+01 2.389761e+00 1.616178e+00
<GCONST> 3.005572e+01
<STATE> 3
<MEAN> 6
 3.038914e+02 6.903648e+01 7.800941e+01 2.036200e+01 1.951485e+01 7.471404e+00
<VARIANCE> 6
 3.073863e+04 5.306065e+03 6.990332e+03 4.390289e+02 2.291478e+02 2.760163e+01
<GCONST> 5.362624e+01
<STATE> 4
<MEAN> 6
 1.787183e+02 3.367748e+00 3.484254e+00 1.625257e+00 1.681093e+00 5.754986e-01
<VARIANCE> 6
 4.728922e+03 7.491592e+00 8.890214e+00 9.362592e-01 1.200564e+00 3.151623e-01
<GCONST> 2.264971e+01
<TRANSP> 5
 0.000000e+00 1.000000e+00 0.000000e+00 0.000000e+00 0.000000e+00
 0.000000e+00 9.473949e-01 5.260503e-02 0.000000e+00 0.000000e+00
 0.000000e+00 0.000000e+00 8.560637e-01 1.439363e-01 0.000000e+00
 0.000000e+00 0.000000e+00 0.000000e+00 9.772949e-01 2.270514e-02
 0.000000e+00 0.000000e+00 0.000000e+00 0.000000e+00 0.000000e+00
<ENDHMM>
