~o
<STREAMINFO> 1 6
<VECSIZE> 6<NULLD><MFCC><DIAGC>
~h "fp_logo_4"
<BEGINHMM>
<NUMSTATES> 5
<STATE> 2
<MEAN> 6
 1.738212e+02 1.834073e+01 6.075262e+00 6.679889e+00 2.081328e+00 1.016135e+00
<VARIANCE> 6
 1.021736e+03 3.418163e+02 2.997372e+01 2.428011e+01 1.635557e+00 6.555254e-01
<GCONST> 3.045044e+01
<STATE> 3
<MEAN> 6
 1.917924e+02 4.306979e+00 5.008482e+00 2.371092e+00 2.108443e+00 6.363969e-01
<VARIANCE> 6
 2.666621e+02 1.436810e+01 1.410344e+01 1.580589e+00 9.797772e-01 1.409248e-01
<GCONST> 2.040251e+01
<STATE> 4
<MEAN> 6
 2.302783e+02 3.997893e+00 4.211552e+00 1.925424e+00 2.433624e+00 8.225125e-01
<VARIANCE> 6
 2.081647e+02 1.053343e+01 1.285549e+01 1.010456e+00 1.216032e+00 5.042061e-01
<GCONST> 2.079514e+01
<TRANSP> 5
 0.000000e+00 1.000000e+00 0.000000e+00 0.000000e+00 0.000000e+00
 0.000000e+00 5.958921e-01 4.041079e-01 0.000000e+00 0.000000e+00
 0.000000e+00 0.000000e+00 7.196476e-01 2.803524e-01 0.000000e+00
 0.000000e+00 0.000000e+00 0.000000e+00 8.562903e-01 1.437097e-01
 0.000000e+00 0.000000e+00 0.000000e+00 0.000000e+00 0.000000e+00
<ENDHMM>
