~o
<STREAMINFO> 1 6
<VECSIZE> 6<NULLD><MFCC><DIAGC>
~h "fp_logo_2"
<BEGINHMM>
<NUMSTATES> 5
<STATE> 2
<MEAN> 6
 1.351835e+02 1.112168e+01 3.310232e+01 7.251083e+00 1.108963e+01 1.976517e+00
<VARIANCE> 6
 3.883080e+03 3.350679e+02 3.415994e+03 1.954100e+02 2.545934e+02 5.555775e+00
<GCONST> 4.577181e+01
<STATE> 3
<MEAN> 6
 3.168225e+02 6.628668e+01 8.478541e+01 2.016408e+01 1.812088e+01 7.869921e+00
<VARIANCE> 6
 3.368951e+04 5.130827e+03 8.506127e+03 5.415820e+02 2.178052e+02 4.156947e+01
<GCONST> 5.444923e+01
<STATE> 4
<MEAN> 6
 1.106750e+02 8.933412e+00 5.096729e+00 3.840394e+00 2.706232e+00 1.259333e+00
<VARIANCE> 6
 1.478511e+03 5.197161e+02 1.688114e+02 3.735028e+01 4.378958e+01 3.414942e+00
<GCONST> 3.833602e+01
<TRANSP> 5
 0.000000e+00 1.000000e+00 0.000000e+00 0.000000e+00 0.000000e+00
 0.000000e+00 1.227270e-07 9.999999e-01 0.000000e+00 0.000000e+00
 0.000000e+00 0.000000e+00 7.170000e-01 2.830000e-01 0.000000e+00
 0.000000e+00 0.000000e+00 0.000000e+00 8.818865e-01 1.181135e-01
 0.000000e+00 0.000000e+00 0.000000e+00 0.000000e+00 0.000000e+00
<ENDHMM>
