~o
<STREAMINFO> 1 6
<VECSIZE> 6<NULLD><MFCC><DIAGC>
~h "fp_logo_1"
<BEGINHMM>
<NUMSTATES> 5
<STATE> 2
<MEAN> 6
 1.022959e+02 3.522992e+00 2.509974e+00 1.266770e+00 1.134202e+00 6.439764e-01
<VARIANCE> 6
 4.826161e+02 2.485967e+01 5.268782e+00 4.054559e+00 1.307255e+00 1.084920e+00
<GCONST> 2.383081e+01
<STATE> 3
<MEAN> 6
 2.993273e+02 7.524625e+01 7.040173e+01 1.983286e+01 1.818087e+01 5.560758e+00
<VARIANCE> 6
 3.405990e+04 6.044111e+03 6.027542e+03 3.711299e+02 2.357919e+02 2.030781e+01
<GCONST> 5.326458e+01
<STATE> 4
<MEAN> 6
 1.262607e+02 1.072111e+01 1.420356e+01 7.336397e+00 6.116779e+00 2.322368e+00
<VARIANCE> 6
 1.633670e+03 1.665571e+02 1.361348e+03 9.374080e+01 1.038143e+02 5.217202e+00
<GCONST> 4.159251e+01
<TRANSP> 5
 0.000000e+00 1.000000e+00 0.000000e+00 0.000000e+00 0.000000e+00
 0.000000e+00 8.648891e-01 1.351109e-01 0.000000e+00 0.000000e+00
 0.000000e+00 0.000000e+00 6.250427e-01 3.749573e-01 0.000000e+00
 0.000000e+00 0.000000e+00 0.000000e+00 6.589014e-01 3.410986e-01
 0.000000e+00 0.000000e+00 0.000000e+00 0.000000e+00 0.000000e+00
<ENDHMM>
