~o
<STREAMINFO> 1 6
<VECSIZE> 6<NULLD><MFCC><DIAGC>
~h "fp_logo_5"
<BEGINHMM>
<NUMSTATES> 5
<STATE> 2
<MEAN> 6
 2.371667e+02 6.084683e+00 4.438997e+00 1.928366e+00 2.276330e+00 8.514203e-01
<VARIANCE> 6
 5.697895e+02 2.388830e+01 2.815403e+01 1.955841e+00 1.043689e+00 7.646537e-01
<GCONST> 2.432886e+01
<STATE> 3
<MEAN> 6
 2.418687e+02 7.497820e+00 4.872966e+00 3.623873e+00 3.353401e+00 3.003626e+00
<VARIANCE> 6
 1.246539e+03 8.942853e+01 1.365553e+01 9.047756e+00 4.424244e+00 2.235634e+01
<GCONST> 3.205970e+01
<STATE> 4
<MEAN> 6
 2.691989e+02 3.067921e+00 3.751176e+00 1.849447e+00 1.802077e+00 6.035051e-01
<VARIANCE> 6
 3.383948e+02 6.486027e+00 9.317308e+00 9.631943e-01 9.109042e-01 1.792292e-01
<GCONST> 1.910309e+01
<TRANSP> 5
 0.000000e+00 1.000000e+00 0.000000e+00 0.000000e+00 0.000000e+00
 0.000000e+00 2.157346e-06 9.999979e-01 0.000000e+00 0.000000e+00
 0.000000e+00 0.000000e+00 2.143773e-01 7.856227e-01 0.000000e+00
 0.000000e+00 0.000000e+00 0.000000e+00 8.971947e-01 1.028053e-01
 0.000000e+00 0.000000e+00 0.000000e+00 0.000000e+00 0.000000e+00
<ENDHMM>
