~o
<STREAMINFO> 1 6
<VECSIZE> 6<NULLD><MFCC><DIAGC>
~h "fp_screen_3"
<BEGINHMM>
<NUMSTATES> 5
<STATE> 2
<MEAN> 6
 3.496514e+02 2.869003e+01 2.133305e+01 9.112583e+00 9.323792e+00 4.564666e+00
<VARIANCE> 6
 3.275510e+04 1.967457e+03 1.893644e+03 1.253940e+02 2.180437e+02 4.311297e+01
<GCONST> 5.053481e+01
<STATE> 3
<MEAN> 6
 5.492025e+02 1.025734e+02 2.592608e+01 2.085955e+01 1.344710e+01 7.648092e+00
<VARIANCE> 6
 3.604905e+04 8.558261e+03 2.091931e+03 1.869856e+02 1.925398e+02 6.144173e+01
<GCONST> 5.282981e+01
<STATE> 4
<MEAN> 6
 3.322330e+02 1.078499e+01 3.440378e+00 2.570209e+00 1.468878e+00 8.410130e-01
<VARIANCE> 6
 4.694188e+03 6.792731e+02 2.429896e+01 1.887638e+01 4.243943e+00 2.129439e+00
<GCONST> 3.433206e+01
<TRANSP> 5
 0.000000e+00 1.000000e+00 0.000000e+00 0.000000e+00 0.000000e+00
 0.000000e+00 2.701175e-01 7.298825e-01 0.000000e+00 0.000000e+00
 0.000000e+00 0.000000e+00 6.023404e-01 3.976596e-01 0.000000e+00
 0.000000e+00 0.000000e+00 0.000000e+00 8.767745e-01 1.232255e-01
 0.000000e+00 0.000000e+00 0.000000e+00 0.000000e+00 0.000000e+00
<ENDHMM>
