~o
<STREAMINFO> 1 6
<VECSIZE> 6<NULLD><MFCC><DIAGC>
~h "fp_screen"
<BEGINHMM>
<NUMSTATES> 5
<STATE> 2
<MEAN> 6
 3.180965e+02 1.375174e+01 9.147790e+00 3.148016e+00 3.040294e+00 8.838122e-01
<VARIANCE> 6
 3.122232e+04 3.854053e+02 2.597445e+02 1.565065e+01 1.654132e+01 1.857011e+00
<GCONST> 3.906549e+01
<STATE> 3
<MEAN> 6
 5.708466e+02 7.493945e+01 2.974491e+01 2.021088e+01 1.144277e+01 5.854037e+00
<VARIANCE> 6
 3.358570e+04 5.597897e+03 2.026312e+03 2.649962e+02 1.688519e+02 4.863599e+01
<GCONST> 5.228634e+01
<STATE> 4
<MEAN> 6
 3.267110e+02 4.265577e+00 6.695168e+00 1.612468e+00 2.048542e+00 7.321856e-01
<VARIANCE> 6
 7.904336e+03 3.091730e+01 1.307069e+02 2.768434e+00 6.999166e+00 1.023815e+00
<GCONST> 3.129431e+01
<TRANSP> 5
 0.000000e+00 1.000000e+00 0.000000e+00 0.000000e+00 0.000000e+00
 0.000000e+00 9.308374e-01 6.916264e-02 0.000000e+00 0.000000e+00
 0.000000e+00 0.000000e+00 9.265442e-01 7.345576e-02 0.000000e+00
 0.000000e+00 0.000000e+00 0.000000e+00 9.761494e-01 2.385059e-02
 0.000000e+00 0.000000e+00 0.000000e+00 0.000000e+00 0.000000e+00
<ENDHMM>
