~o
<STREAMINFO> 1 6
<VECSIZE> 6<NULLD><MFCC><DIAGC>
~h "fp_screen_5"
<BEGINHMM>
<NUMSTATES> 5
<STATE> 2
<MEAN> 6
 1.519453e+02 8.133179e+00 1.093398e+01 2.495530e+00 3.499653e+00 1.345074e+00
<VARIANCE> 6
 8.216882e+02 1.893420e+02 1.724842e+02 6.369473e+00 8.781794e+00 1.733142e+00
<GCONST> 3.270662e+01
<STATE> 3
<MEAN> 6
 2.299954e+02 6.659705e+00 2.629408e+01 3.161026e+00 7.717782e+00 1.612632e+00
<VARIANCE> 6
 2.457902e+03 4.877329e+01 3.550533e+02 8.731900e+00 2.681149e+01 2.604249e+00
<GCONST> 3.500674e+01
<STATE> 4
<MEAN> 6
 3.211213e+02 2.977969e+00 3.453786e+00 1.505393e+00 1.315643e+00 4.218014e-01
<VARIANCE> 6
 9.195684e+02 5.218898e+00 7.291107e+00 6.123090e-01 6.698598e-01 1.059626e-01
<GCONST> 1.835424e+01
<TRANSP> 5
 0.000000e+00 1.000000e+00 0.000000e+00 0.000000e+00 0.000000e+00
 0.000000e+00 4.639124e-01 5.360876e-01 0.000000e+00 0.000000e+00
 0.000000e+00 0.000000e+00 4.644928e-01 5.355071e-01 0.000000e+00
 0.000000e+00 0.000000e+00 0.000000e+00 8.790407e-01 1.209593e-01
 0.000000e+00 0.000000e+00 0.000000e+00 0.000000e+00 0.000000e+00
<ENDHMM>
