~o
<STREAMINFO> 1 6
<VECSIZE> 6<NULLD><MFCC><DIAGC>
~h "fp_screen_1"
<BEGINHMM>
<NUMSTATES> 5
<STATE> 2
<MEAN> 6
 3.494181e+02 2.310611e+01 7.660181e+00 5.698860e+00 2.531733e+00 1.705582e+00
<VARIANCE> 6
 5.796074e+04 8.243732e+02 3.749249e+02 5.558103e+01 1.309355e+01 1.176252e+01
<GCONST> 4.369102e+01
<STATE> 3
<MEAN> 6
 5.549673e+02 5.021037e+01 1.999769e+01 2.063332e+01 4.271989e+00 3.075827e+00
<VARIANCE> 6
 2.875299e+04 3.436095e+03 1.610425e+03 4.419585e+02 3.185794e+01 2.509551e+01
<GCONST> 4.959529e+01
<STATE> 4
<MEAN> 6
 4.260488e+02 5.420442e+00 2.609291e+00 1.511169e+00 9.446387e-01 3.102004e-01
<VARIANCE> 6
 3.726278e+03 1.759115e+02 4.353774e+00 2.585518e+01 3.772585e-01 3.693378e-02
<GCONST> 2.487051e+01
<TRANSP> 5
 0.000000e+00 1.000000e+00 0.000000e+00 0.000000e+00 0.000000e+00
 0.000000e+00 6.427528e-01 3.572473e-01 0.000000e+00 0.000000e+00
 0.000000e+00 0.000000e+00 5.942408e-01 4.057592e-01 0.000000e+00
 0.000000e+00 0.000000e+00 0.000000e+00 8.707393e-01 1.292607e-01
 0.000000e+00 0.000000e+00 0.000000e+00 0.000000e+00 0.000000e+00
<ENDHMM>
