~o
<STREAMINFO> 1 6
<VECSIZE> 6<NULLD><MFCC><DIAGC>
~h "fp_screen_0"
<BEGINHMM>
<NUMSTATES> 5
<STATE> 2
<MEAN> 6
 2.884608e+02 1.319406e+01 2.136930e+01 3.632096e+00 5.996314e+00 1.274534e+00
<VARIANCE> 6
 3.265583e+04 5.718570e+02 5.677166e+02 2.778249e+01 3.060551e+01 3.684846e+00
<GCONST> 4.216137e+01
<STATE> 3
<MEAN> 6
 5.451946e+02 6.321075e+01 3.299388e+01 1.540652e+01 1.055361e+01 4.285445e+00
<VARIANCE> 6
 4.575358e+04 2.271565e+03 9.344691e+02 1.600088e+02 5.308826e+01 2.780772e+01
<GCONST> 4.869899e+01
<STATE> 4
<MEAN> 6
 4.299764e+02 7.605700e+00 5.007055e+00 1.886266e+00 1.345916e+00 7.295238e-01
<VARIANCE> 6
 2.234072e+04 2.870104e+02 1.556466e+02 2.109008e+01 4.869881e+00 4.232120e+00
<GCONST> 3.782311e+01
<TRANSP> 5
 0.000000e+00 1.000000e+00 0.000000e+00 0.000000e+00 0.000000e+00
 0.000000e+00 6.224831e-01 3.775170e-01 0.000000e+00 0.000000e+00
 0.000000e+00 0.000000e+00 5.486395e-01 4.513605e-01 0.000000e+00
 0.000000e+00 0.000000e+00 0.000000e+00 8.598574e-01 1.401426e-01
 0.000000e+00 0.000000e+00 0.000000e+00 0.000000e+00 0.000000e+00
<ENDHMM>
