~o
<STREAMINFO> 1 6
<VECSIZE> 6<NULLD><MFCC><DIAGC>
~h "fp_screen_4"
<BEGINHMM>
<NUMSTATES> 5
<STATE> 2
<MEAN> 6
 3.300804e+02 2.003575e+01 5.804811e+00 5.293941e+00 2.677411e+00 1.541705e+00
<VARIANCE> 6
 1.331254e+04 1.770970e+03 7.499568e+01 4.794638e+01 1.173454e+01 5.123538e+00
<GCONST> 4.028690e+01
<STATE> 3
<MEAN> 6
 4.941857e+02 4.793070e+01 4.183052e+01 1.267402e+01 1.196706e+01 5.126113e+00
<VARIANCE> 6
 5.928782e+04 4.816553e+03 3.157214e+03 1.849685e+02 2.098435e+02 2.558510e+01
<GCONST> 5.236324e+01
<STATE> 4
<MEAN> 6
 2.374002e+02 5.345381e+00 1.055235e+01 1.823093e+00 2.283255e+00 8.259553e-01
<VARIANCE> 6
 8.914086e+03 4.899874e+01 1.739479e+02 2.350782e+00 3.283506e+00 6.829929e-01
<GCONST> 3.083559e+01
<TRANSP> 5
 0.000000e+00 1.000000e+00 0.000000e+00 0.000000e+00 0.000000e+00
 0.000000e+00 5.554739e-01 4.445262e-01 0.000000e+00 0.000000e+00
 0.000000e+00 0.000000e+00 4.956491e-01 5.043509e-01 0.000000e+00
 0.000000e+00 0.000000e+00 0.000000e+00 8.859446e-01 1.140554e-01
 0.000000e+00 0.000000e+00 0.000000e+00 0.000000e+00 0.000000e+00
<ENDHMM>
