~o
<STREAMINFO> 1 6
<VECSIZE> 6<NULLD><MFCC><DIAGC>
~h "fp_screen_2"
<BEGINHMM>
<NUMSTATES> 5
<STATE> 2
<MEAN> 6
 3.587411e+02 7.428700e+00 1.214412e+01 2.389733e+00 3.851394e+00 6.600388e-01
<VARIANCE> 6
 1.147035e+04 2.121956e+02 4.986180e+02 2.803442e+01 2.349783e+01 4.642734e-01
<GCONST> 3.766719e+01
<STATE> 3
<MEAN> 6
 6.000770e+02 8.270045e+01 2.861791e+01 2.659759e+01 1.537915e+01 8.209307e+00
<VARIANCE> 6
 3.473580e+04 6.820914e+03 1.850118e+03 2.766614e+02 2.368386e+02 6.694938e+01
<GCONST> 5.312765e+01
<STATE> 4
<MEAN> 6
 3.791539e+02 4.822247e+01 1.505186e+01 9.453928e+00 7.231836e+00 4.140769e+00
<VARIANCE> 6
 1.565348e+04 3.386485e+03 1.236620e+03 9.679015e+01 1.450843e+02 2.904485e+01
<GCONST> 4.885210e+01
<TRANSP> 5
 0.000000e+00 1.000000e+00 0.000000e+00 0.000000e+00 0.000000e+00
 0.000000e+00 8.698927e-01 1.301074e-01 0.000000e+00 0.000000e+00
 0.000000e+00 0.000000e+00 6.755518e-01 3.244482e-01 0.000000e+00
 0.000000e+00 0.000000e+00 0.000000e+00 5.519479e-01 4.480521e-01
 0.000000e+00 0.000000e+00 0.000000e+00 0.000000e+00 0.000000e+00
<ENDHMM>
