~o
<STREAMINFO> 1 6
<VECSIZE> 6<NULLD><MFCC><DIAGC>
~h "bg_red_0"
<BEGINHMM>
<NUMSTATES> 5
<STATE> 2
<MEAN> 6
 3.379453e+02 7.156744e+00 2.654158e+00 5.182947e+00 2.982578e+00 4.516649e+00
<VARIANCE> 6
 1.100148e+03 1.503727e+02 4.468098e+00 3.059836e+01 2.619123e+00 1.036556e+01
<GCONST> 3.126282e+01
<STATE> 3
<MEAN> 6
 6.206758e+02 1.329198e+02 7.773049e+00 4.317198e+01 5.417022e+00 5.198725e+00
<VARIANCE> 6
 2.465206e+04 7.193008e+03 8.607231e+01 6.028362e+02 1.118971e+02 4.992803e+01
<GCONST> 4.950574e+01
<STATE> 4
<MEAN> 6
 7.747404e+02 1.187788e+01 2.057921e+00 5.650279e+00 1.172982e+00 8.122148e-01
<VARIANCE> 6
 8.651511e+03 3.648600e+02 7.089276e+00 9.989792e+01 1.688967e+00 1.409543e+00
<GCONST> 3.342238e+01
<TRANSP> 5
 0.000000e+00 1.000000e+00 0.000000e+00 0.000000e+00 0.000000e+00
 0.000000e+00 9.786224e-01 2.137765e-02 0.000000e+00 0.000000e+00
 0.000000e+00 0.000000e+00 9.005862e-01 9.941374e-02 0.000000e+00
 0.000000e+00 0.000000e+00 0.000000e+00 9.240306e-01 7.596939e-02
 0.000000e+00 0.000000e+00 0.000000e+00 0.000000e+00 0.000000e+00
<ENDHMM>
~h "bg_red_0_0"
<BEGINHMM>
<NUMSTATES> 5
<STATE> 2
<MEAN> 6
 4.377293e+02 3.402040e+01 2.476399e+00 1.969470e+01 3.202169e+00 4.315970e+00
<VARIANCE> 6
 1.900215e+04 1.430979e+03 1.667658e+00 2.894677e+02 8.931087e-01 7.831181e+00
<GCONST> 3.627021e+01
<STATE> 3
<MEAN> 6
 5.625539e+02 2.578526e+01 2.312455e+00 1.130997e+01 2.679783e+00 4.642582e+00
<VARIANCE> 6
 5.115800e+04 3.570936e+02 2.049560e+00 2.387059e+01 1.519229e+00 1.006286e+01
<GCONST> 3.436526e+01
<STATE> 4
<MEAN> 6
 3.651216e+02 4.857579e+00 3.780352e+00 5.449708e+00 3.866840e+00 6.529619e+00
<VARIANCE> 6
 4.519908e+03 2.856881e+01 7.506522e+00 1.013597e+01 2.529757e+00 7.869526e+00
<GCONST> 3.011881e+01
<TRANSP> 5
 0.000000e+00 1.000000e+00 0.000000e+00 0.000000e+00 0.000000e+00
 0.000000e+00 2.883940e-01 7.116060e-01 0.000000e+00 0.000000e+00
 0.000000e+00 0.000000e+00 7.226506e-01 2.773494e-01 0.000000e+00
 0.000000e+00 0.000000e+00 0.000000e+00 8.569215e-01 1.430786e-01
 0.000000e+00 0.000000e+00 0.000000e+00 0.000000e+00 0.000000e+00
<ENDHMM>
~h "bg_red_0_1"
<BEGINHMM>
<NUMSTATES> 5
<STATE> 2
<MEAN> 6
 3.668685e+02 2.567517e+01 3.344356e+00 1.293260e+01 3.999032e+00 6.591391e+00
<VARIANCE> 6
 1.408359e+04 2.718412e+02 6.823152e+00 3.399578e+01 2.761497e+00 6.084339e+00
<GCONST> 3.445330e+01
<STATE> 3
<MEAN> 6
 6.565120e+02 4.405542e+01 9.543669e+00 1.751920e+01 1.444814e+01 1.185701e+01
<VARIANCE> 6
 4.517466e+04 1.645487e+03 1.424270e+02 1.622362e+02 2.788898e+02 1.086220e+02
<GCONST> 4.951792e+01
<STATE> 4
<MEAN> 6
 3.522214e+02 4.377105e+00 3.007582e+00 4.699341e+00 3.935544e+00 6.297070e+00
<VARIANCE> 6
 4.837914e+03 1.529962e+01 3.325938e+00 9.623732e+00 3.209611e+00 8.741665e+00
<GCONST> 2.903956e+01
<TRANSP> 5
 0.000000e+00 1.000000e+00 0.000000e+00 0.000000e+00 0.000000e+00
 0.000000e+00 5.732629e-01 4.267371e-01 0.000000e+00 0.000000e+00
 0.000000e+00 0.000000e+00 6.250093e-01 3.749907e-01 0.000000e+00
 0.000000e+00 0.000000e+00 0.000000e+00 8.748421e-01 1.251579e-01
 0.000000e+00 0.000000e+00 0.000000e+00 0.000000e+00 0.000000e+00
<ENDHMM>
~h "bg_red_0_2"
<BEGINHMM>
<NUMSTATES> 5
<STATE> 2
<MEAN> 6
 3.450323e+02 4.318453e+00 2.812412e+00 4.377614e+00 2.806324e+00 4.666511e+00
<VARIANCE> 6
 5.198424e+03 1.491496e+01 4.237406e+00 7.445559e+00 1.011938e+00 5.358104e+00
<GCONST> 2.742779e+01
<STATE> 3
<MEAN> 6
 4.339521e+02 8.996742e+01 4.304617e+00 3.791218e+01 3.281683e+00 4.434719e+00
<VARIANCE> 6
 1.336170e+04 6.000898e+03 8.157836e+00 7.088267e+02 1.539849e+00 9.458641e+00
<GCONST> 4.056828e+01
<STATE> 4
<MEAN> 6
 6.674191e+02 2.472132e+01 3.467534e+00 9.702043e+00 3.259043e+00 2.650720e+00
<VARIANCE> 6
 4.130808e+04 2.936181e+03 6.866365e+00 9.469987e+01 1.931293e+00 4.792834e+00
<GCONST> 3.834360e+01
<TRANSP> 5
 0.000000e+00 1.000000e+00 0.000000e+00 0.000000e+00 0.000000e+00
 0.000000e+00 8.694910e-01 1.305089e-01 0.000000e+00 0.000000e+00
 0.000000e+00 0.000000e+00 6.252367e-01 3.747633e-01 0.000000e+00
 0.000000e+00 0.000000e+00 0.000000e+00 6.253750e-01 3.746250e-01
 0.000000e+00 0.000000e+00 0.000000e+00 0.000000e+00 0.000000e+00
<ENDHMM>
~h "bg_red_0_3"
<BEGINHMM>
<NUMSTATES> 5
<STATE> 2
<MEAN> 6
 4.445835e+02 4.391496e+01 4.274066e+00 1.253877e+01 3.795527e+00 3.943172e+00
<VARIANCE> 6
 3.008696e+04 7.011507e+03 8.025286e+00 1.879347e+02 2.747146e+00 6.397793e+00
<GCONST> 4.037962e+01
<STATE> 3
<MEAN> 6
 5.825084e+02 1.216591e+02 5.558480e+00 3.852617e+01 1.324147e+00 1.718328e+00
<VARIANCE> 6
 2.750317e+04 1.055392e+04 1.554743e+01 7.555180e+02 6.511737e-01 8.177818e-01
<GCONST> 3.925473e+01
<STATE> 4
<MEAN> 6
 4.270856e+02 5.254453e+00 1.877691e+00 3.296728e+00 2.149877e+00 1.787415e+00
<VARIANCE> 6
 3.656769e+04 5.962638e+01 2.842087e+00 8.333662e+00 1.438213e+00 2.617484e+00
<GCONST> 3.011274e+01
<TRANSP> 5
 0.000000e+00 1.000000e+00 0.000000e+00 0.000000e+00 0.000000e+00
 0.000000e+00 1.546300e-07 9.999998e-01 0.000000e+00 0.000000e+00
 0.000000e+00 0.000000e+00 6.002581e-01 3.997420e-01 0.000000e+00
 0.000000e+00 0.000000e+00 0.000000e+00 8.823306e-01 1.176694e-01
 0.000000e+00 0.000000e+00 0.000000e+00 0.000000e+00 0.000000e+00
<ENDHMM>
~h "bg_red_0_4"
<BEGINHMM>
<NUMSTATES> 5
<STATE> 2
<MEAN> 6
 6.793882e+02 1.731335e+01 1.398349e+00 4.298553e+00 9.488801e-01 7.342199e-01
<VARIANCE> 6
 4.481952e+04 4.241842e+02 1.430516e+00 2.001264e+01 6.533663e-01 1.581643e+00
<GCONST> 3.117508e+01
<STATE> 3
<MEAN> 6
 4.556580e+02 9.638410e+01 5.056795e+00 3.267178e+01 1.534940e+00 2.743406e+00
<VARIANCE> 6
 2.262416e+04 9.510823e+03 1.053564e+01 8.328897e+02 4.945342e-01 6.376143e+00
<GCONST> 4.044231e+01
<STATE> 4
<MEAN> 6
 3.544234e+02 1.067995e+01 2.430239e+00 4.495499e+00 1.821334e+00 2.389656e+00
<VARIANCE> 6
 1.365131e+04 1.892356e+03 3.929179e+00 7.811463e+01 9.333594e-01 6.661568e+00
<GCONST> 3.564843e+01
<TRANSP> 5
 0.000000e+00 1.000000e+00 0.000000e+00 0.000000e+00 0.000000e+00
 0.000000e+00 7.954487e-01 2.045513e-01 0.000000e+00 0.000000e+00
 0.000000e+00 0.000000e+00 6.033652e-01 3.966348e-01 0.000000e+00
 0.000000e+00 0.000000e+00 0.000000e+00 8.211105e-01 1.788896e-01
 0.000000e+00 0.000000e+00 0.000000e+00 0.000000e+00 0.000000e+00
<ENDHMM>
~h "bg_red_0_5"
<BEGINHMM>
<NUMSTATES> 5
<STATE> 2
<MEAN> 6
 4.079659e+02 2.281123e+01 1.958678e+00 6.858992e+00 1.049173e+00 2.047333e+00
<VARIANCE> 6
 2.880935e+04 4.322322e+03 4.153545e+00 1.775277e+02 3.679243e-01 6.272331e+00
<GCONST> 3.710662e+01
<STATE> 3
<MEAN> 6
 5.920135e+02 1.282027e+02 8.373731e+00 4.115081e+01 3.527333e+00 3.910830e+00
<VARIANCE> 6
 2.797883e+04 1.003881e+04 1.602696e+02 9.189641e+02 3.193048e+01 1.913167e+01
<GCONST> 4.879569e+01
<STATE> 4
<MEAN> 6
 5.441184e+02 6.477759e+00 2.028872e+00 3.527705e+00 9.948320e-01 1.296871e+00
<VARIANCE> 6
 5.168181e+04 3.616727e+02 8.386082e+00 1.330556e+02 6.921665e-01 4.244480e+00
<GCONST> 3.586589e+01
<TRANSP> 5
 0.000000e+00 1.000000e+00 0.000000e+00 0.000000e+00 0.000000e+00
 0.000000e+00 5.680323e-01 4.319678e-01 0.000000e+00 0.000000e+00
 0.000000e+00 0.000000e+00 6.250010e-01 3.749991e-01 0.000000e+00
 0.000000e+00 0.000000e+00 0.000000e+00 8.575162e-01 1.424838e-01
 0.000000e+00 0.000000e+00 0.000000e+00 0.000000e+00 0.000000e+00
<ENDHMM>
~h "bg_dark_0"
<BEGINHMM>
<NUMSTATES> 5
<STATE> 2
<MEAN> 6
 8.699300e+01 1.302953e+01 7.815180e+00 3.355548e+00 2.882813e+00 1.352960e+00
<VARIANCE> 6
 2.594998e+03 4.294613e+02 5.580619e+01 8.576951e+00 4.609598e+00 1.922111e+00
<GCONST> 3.330366e+01
<STATE> 3
<MEAN> 6
 1.576180e+02 3.711517e+01 1.731569e+01 1.217684e+01 5.502793e+00 4.009737e+00
<VARIANCE> 6
 4.717396e+03 3.662444e+03 2.847122e+02 2.359865e+02 1.053386e+01 8.115387e+00
<GCONST> 4.325577e+01
<STATE> 4
<MEAN> 6
 7.170238e+01 8.331110e+00 8.094350e+00 2.979628e+00 2.641054e+00 1.504514e+00
<VARIANCE> 6
 1.736113e+03 6.550430e+01 5.288480e+01 5.100303e+00 4.043824e+00 2.715931e+00
<GCONST> 3.066252e+01
<TRANSP> 5
 0.000000e+00 1.000000e+00 0.000000e+00 0.000000e+00 0.000000e+00
 0.000000e+00 9.666870e-01 3.331302e-02 0.000000e+00 0.000000e+00
 0.000000e+00 0.000000e+00 7.855826e-01 2.144174e-01 0.000000e+00
 0.000000e+00 0.000000e+00 0.000000e+00 9.716858e-01 2.831425e-02
 0.000000e+00 0.000000e+00 0.000000e+00 0.000000e+00 0.000000e+00
<ENDHMM>
~h "bg_dark_0_0"
<BEGINHMM>
<NUMSTATES> 5
<STATE> 2
<MEAN> 6
 1.012810e+02 3.676557e+01 9.357541e+00 5.838147e+00 2.677585e+00 1.453839e+00
<VARIANCE> 6
 6.111098e+03 3.943731e+03 7.321093e+01 5.766423e+01 3.196795e+00 2.389242e+00
<GCONST> 3.840611e+01
<STATE> 3
<MEAN> 6
 1.566652e+02 6.928824e+01 1.277889e+01 1.967773e+01 2.937213e+00 1.807497e+00
<VARIANCE> 6
 8.086298e+03 8.201773e+03 5.746838e+01 5.440554e+02 3.854579e+00 2.324454e+00
<GCONST> 4.158033e+01
<STATE> 4
<MEAN> 6
 8.384329e+01 7.330962e+00 8.768369e+00 3.224790e+00 3.239562e+00 1.626851e+00
<VARIANCE> 6
 1.104552e+03 4.038142e+01 6.055294e+01 4.960804e+00 4.284786e+00 2.345076e+00
<GCONST> 2.974530e+01
<TRANSP> 5
 0.000000e+00 1.000000e+00 0.000000e+00 0.000000e+00 0.000000e+00
 0.000000e+00 4.282919e-01 5.717081e-01 0.000000e+00 0.000000e+00
 0.000000e+00 0.000000e+00 3.918664e-01 6.081336e-01 0.000000e+00
 0.000000e+00 0.000000e+00 0.000000e+00 8.838085e-01 1.161915e-01
 0.000000e+00 0.000000e+00 0.000000e+00 0.000000e+00 0.000000e+00
<ENDHMM>
~h "bg_dark_0_1"
<BEGINHMM>
<NUMSTATES> 5
<STATE> 2
<MEAN> 6
 5.276182e+01 1.568236e+01 5.058704e+00 2.852756e+00 2.107229e+00 9.195910e-01
<VARIANCE> 6
 4.068300e+02 3.791762e+02 2.624793e+01 8.087740e+00 3.421867e+00 5.898121e-01
<GCONST> 2.903383e+01
<STATE> 3
<MEAN> 6
 9.930793e+01 1.741955e+01 1.414328e+01 2.746406e+00 4.228386e+00 1.513214e+00
<VARIANCE> 6
 1.237286e+03 2.877926e+02 1.841435e+02 2.018617e+00 7.002955e+00 2.177257e+00
<GCONST> 3.245270e+01
<STATE> 4
<MEAN> 6
 1.045619e+02 7.118029e+00 8.842351e+00 2.695076e+00 2.597193e+00 1.046882e+00
<VARIANCE> 6
 1.644211e+03 3.838939e+01 1.438084e+02 3.141060e+00 4.182386e+00 7.189624e-01
<GCONST> 2.929404e+01
<TRANSP> 5
 0.000000e+00 1.000000e+00 0.000000e+00 0.000000e+00 0.000000e+00
 0.000000e+00 7.433344e-01 2.566656e-01 0.000000e+00 0.000000e+00
 0.000000e+00 0.000000e+00 7.000764e-13 1.000000e+00 0.000000e+00
 0.000000e+00 0.000000e+00 0.000000e+00 8.766023e-01 1.233977e-01
 0.000000e+00 0.000000e+00 0.000000e+00 0.000000e+00 0.000000e+00
<ENDHMM>
~h "bg_dark_0_2"
<BEGINHMM>
<NUMSTATES> 5
<STATE> 2
<MEAN> 6
 1.567024e+02 1.104584e+01 1.324511e+01 3.791006e+00 4.975987e+00 2.715442e+00
<VARIANCE> 6
 2.518185e+03 1.001787e+02 2.434731e+02 2.441506e+00 9.756166e+00 4.326353e+00
<GCONST> 3.359576e+01
<STATE> 3
<MEAN> 6
 1.096695e+02 2.055071e+01 9.681345e+00 5.838243e+00 3.951052e+00 3.031220e+00
<VARIANCE> 6
 2.348939e+03 3.086494e+02 4.924602e+01 1.112613e+01 3.654941e+00 4.135720e+00
<GCONST> 3.354306e+01
<STATE> 4
<MEAN> 6
 6.458334e+01 8.990080e+00 6.897141e+00 2.658606e+00 2.143087e+00 1.023094e+00
<VARIANCE> 6
 1.789536e+03 8.746114e+01 4.334304e+01 5.363869e+00 3.582982e+00 1.590518e+00
<GCONST> 3.017726e+01
<TRANSP> 5
 0.000000e+00 1.000000e+00 0.000000e+00 0.000000e+00 0.000000e+00
 0.000000e+00 8.214461e-01 1.785540e-01 0.000000e+00 0.000000e+00
 0.000000e+00 0.000000e+00 6.311941e-01 3.688060e-01 0.000000e+00
 0.000000e+00 0.000000e+00 0.000000e+00 7.866894e-01 2.133106e-01
 0.000000e+00 0.000000e+00 0.000000e+00 0.000000e+00 0.000000e+00
<ENDHMM>
~h "bg_dark_0_3"
<BEGINHMM>
<NUMSTATES> 5
<STATE> 2
<MEAN> 6
 7.482227e+01 9.128322e+00 7.886129e+00 3.477931e+00 2.924020e+00 1.351987e+00
<VARIANCE> 6
 1.640204e+03 7.702243e+01 4.305687e+01 5.015493e+00 2.689512e+00 1.445598e+00
<GCONST> 2.950687e+01
<STATE> 3
<MEAN> 6
 9.675933e+01 2.150486e+01 1.429718e+01 8.534641e+00 6.237721e+00 4.787417e+00
<VARIANCE> 6
 1.327066e+03 4.428260e+02 1.198566e+02 2.167556e+01 1.360546e+01 1.138115e+01
<GCONST> 3.721607e+01
<STATE> 4
<MEAN> 6
 7.299805e+01 1.019907e+01 6.493028e+00 4.155370e+00 2.869796e+00 2.370995e+00
<VARIANCE> 6
 8.627195e+02 2.214002e+02 3.147431e+01 7.255708e+00 1.699606e+00 2.231749e+00
<GCONST> 2.995147e+01
<TRANSP> 5
 0.000000e+00 1.000000e+00 0.000000e+00 0.000000e+00 0.000000e+00
 0.000000e+00 8.700723e-01 1.299278e-01 0.000000e+00 0.000000e+00
 0.000000e+00 0.000000e+00 4.099703e-01 5.900297e-01 0.000000e+00
 0.000000e+00 0.000000e+00 0.000000e+00 6.166502e-01 3.833499e-01
 0.000000e+00 0.000000e+00 0.000000e+00 0.000000e+00 0.000000e+00
<ENDHMM>
~h "bg_dark_0_4"
<BEGINHMM>
<NUMSTATES> 5
<STATE> 2
<MEAN> 6
 6.782491e+01 1.219929e+01 8.125058e+00 3.710779e+00 2.924612e+00 1.800899e+00
<VARIANCE> 6
 6.499883e+02 1.887630e+02 4.302181e+01 4.205725e+00 2.453075e+00 1.459770e+00
<GCONST> 2.921848e+01
<STATE> 3
<MEAN> 6
 1.191805e+02 1.639271e+01 1.584572e+01 4.503615e+00 3.976360e+00 2.961977e+00
<VARIANCE> 6
 1.977596e+03 6.776448e+01 6.801468e+01 8.293848e+00 5.749798e+00 6.610259e+00
<GCONST> 3.280597e+01
<STATE> 4
<MEAN> 6
 4.476522e+01 4.455261e+00 5.019562e+00 1.264090e+00 1.479466e+00 5.579985e-01
<VARIANCE> 6
 8.313214e+02 2.333893e+01 2.349867e+01 2.377930e-01 1.373143e+00 1.714294e-01
<GCONST> 2.117451e+01
<TRANSP> 5
 0.000000e+00 1.000000e+00 0.000000e+00 0.000000e+00 0.000000e+00
 0.000000e+00 7.769492e-01 2.230509e-01 0.000000e+00 0.000000e+00
 0.000000e+00 0.000000e+00 7.844936e-01 2.155064e-01 0.000000e+00
 0.000000e+00 0.000000e+00 0.000000e+00 7.420344e-01 2.579656e-01
 0.000000e+00 0.000000e+00 0.000000e+00 0.000000e+00 0.000000e+00
<ENDHMM>
~h "bg_dark_0_5"
<BEGINHMM>
<NUMSTATES> 5
<STATE> 2
<MEAN> 6
 3.828014e+01 5.472850e+00 4.654374e+00 1.692329e+00 1.504167e+00 4.065873e-01
<VARIANCE> 6
 7.418723e+02 2.992712e+01 1.931012e+01 6.680452e-01 9.919285e-01 3.912857e-02
<GCONST> 2.034343e+01
<STATE> 3
<MEAN> 6
 6.272493e+01 1.402059e+01 1.219995e+01 4.342157e+00 4.031475e+00 2.119072e+00
<VARIANCE> 6
 1.288010e+03 1.168792e+02 1.028015e+02 1.471188e+01 9.787677e+00 4.412633e+00
<GCONST> 3.403631e+01
<STATE> 4
<MEAN> 6
 3.860919e+01 5.470796e+00 3.930954e+00 1.701273e+00 1.330140e+00 3.984951e-01
<VARIANCE> 6
 3.956005e+02 3.087679e+01 1.239619e+01 1.297304e+00 9.569412e-01 5.141490e-02
<GCONST> 2.020351e+01
<TRANSP> 5
 0.000000e+00 1.000000e+00 0.000000e+00 0.000000e+00 0.000000e+00
 0.000000e+00 7.678301e-01 2.321699e-01 0.000000e+00 0.000000e+00
 0.000000e+00 0.000000e+00 5.929274e-01 4.070726e-01 0.000000e+00
 0.000000e+00 0.000000e+00 0.000000e+00 8.090235e-01 1.909765e-01
 0.000000e+00 0.000000e+00 0.000000e+00 0.000000e+00 0.000000e+00
<ENDHMM>
~h "bg_white_0"
<BEGINHMM>
<NUMSTATES> 5
<STATE> 2
<MEAN> 6
 7.452818e+02 1.763494e+00 1.161928e+00 1.082094e+00 9.525426e-01 1.063331e+00
<VARIANCE> 6
 1.372486e+03 5.120717e+00 1.976982e+00 1.763190e+00 1.624073e+00 2.773484e+00
<GCONST> 2.263868e+01
<STATE> 3
<MEAN> 6
 6.964562e+02 4.272742e+01 2.086375e+01 1.844950e+01 2.223718e+01 1.658134e+01
<VARIANCE> 6
 5.571203e+03 2.031315e+03 5.564451e+02 2.017910e+02 3.288488e+02 1.781876e+02
<GCONST> 4.987630e+01
<STATE> 4
<MEAN> 6
 7.328489e+02 3.779820e+00 2.262008e+00 2.280303e+00 2.028178e+00 1.960619e+00
<VARIANCE> 6
 1.843113e+04 7.272375e+01 2.216898e+01 1.962267e+01 2.013399e+01 1.492762e+01
<GCONST> 3.691673e+01
<TRANSP> 5
 0.000000e+00 1.000000e+00 0.000000e+00 0.000000e+00 0.000000e+00
 0.000000e+00 9.387034e-01 6.129659e-02 0.000000e+00 0.000000e+00
 0.000000e+00 0.000000e+00 9.738926e-01 2.610742e-02 0.000000e+00
 0.000000e+00 0.000000e+00 0.000000e+00 9.349914e-01 6.500864e-02
 0.000000e+00 0.000000e+00 0.000000e+00 0.000000e+00 0.000000e+00
<ENDHMM>
~h "bg_white_0_0"
<BEGINHMM>
<NUMSTATES> 5
<STATE> 2
<MEAN> 6
 7.535494e+02 1.222987e+00 1.251012e+00 9.160531e-01 8.376397e-01 8.865836e-01
<VARIANCE> 6
 1.071470e+03 4.402174e+00 3.293784e+00 2.454138e+00 1.839652e+00 2.497651e+00
<GCONST> 2.310089e+01
<STATE> 3
<MEAN> 6
 6.822668e+02 5.304049e+01 2.481552e+01 1.915302e+01 2.585874e+01 1.872060e+01
<VARIANCE> 6
 3.542691e+03 1.856788e+03 5.902380e+02 1.562122e+02 2.991844e+02 1.838681e+02
<GCONST> 4.907353e+01
<STATE> 4
<MEAN> 6
 7.315187e+02 2.593965e+01 9.902701e+00 1.245479e+01 1.354130e+01 1.033936e+01
<VARIANCE> 6
 2.412095e+03 1.173247e+03 1.760069e+02 1.684852e+02 2.376307e+02 1.065284e+02
<GCONST> 4.631955e+01
<TRANSP> 5
 0.000000e+00 1.000000e+00 0.000000e+00 0.000000e+00 0.000000e+00
 0.000000e+00 8.442479e-01 1.557521e-01 0.000000e+00 0.000000e+00
 0.000000e+00 0.000000e+00 6.804640e-01 3.195360e-01 0.000000e+00
 0.000000e+00 0.000000e+00 0.000000e+00 5.918371e-01 4.081629e-01
 0.000000e+00 0.000000e+00 0.000000e+00 0.000000e+00 0.000000e+00
<ENDHMM>
~h "bg_white_0_1"
<BEGINHMM>
<NUMSTATES> 5
<STATE> 2
<MEAN> 6
 7.285260e+02 3.364344e+01 1.227100e+01 1.455069e+01 1.660319e+01 1.160046e+01
<VARIANCE> 6
 2.292049e+03 1.243740e+03 2.309129e+02 1.748779e+02 2.824252e+02 1.093882e+02
<GCONST> 4.683479e+01
<STATE> 3
<MEAN> 6
 6.703608e+02 6.174085e+01 2.697928e+01 2.342058e+01 2.893809e+01 2.087621e+01
<VARIANCE> 6
 5.245759e+03 2.679645e+03 6.264294e+02 2.179182e+02 3.046241e+02 1.885626e+02
<GCONST> 5.026854e+01
<STATE> 4
<MEAN> 6
 7.431143e+02 8.653938e+00 4.926862e+00 4.776714e+00 5.537666e+00 4.840559e+00
<VARIANCE> 6
 2.569986e+03 3.628397e+02 1.392524e+02 6.202553e+01 1.172964e+02 6.269559e+01
<GCONST> 4.273971e+01
<TRANSP> 5
 0.000000e+00 1.000000e+00 0.000000e+00 0.000000e+00 0.000000e+00
 0.000000e+00 6.059592e-01 3.940408e-01 0.000000e+00 0.000000e+00
 0.000000e+00 0.000000e+00 7.903093e-01 2.096907e-01 0.000000e+00
 0.000000e+00 0.000000e+00 0.000000e+00 8.243538e-01 1.756462e-01
 0.000000e+00 0.000000e+00 0.000000e+00 0.000000e+00 0.000000e+00
<ENDHMM>
~h "bg_white_0_2"
<BEGINHMM>
<NUMSTATES> 5
<STATE> 2
<MEAN> 6
 7.332392e+02 2.320566e+01 1.302076e+01 1.171649e+01 1.278696e+01 1.040143e+01
<VARIANCE> 6
 3.373351e+03 8.692076e+02 3.119970e+02 1.184921e+02 2.206418e+02 1.098699e+02
<GCONST> 4.653218e+01
<STATE> 3
<MEAN> 6
 6.607380e+02 5.567138e+01 2.995868e+01 2.417451e+01 3.034819e+01 2.314510e+01
<VARIANCE> 6
 4.843446e+03 2.001894e+03 7.655602e+02 2.235045e+02 3.290583e+02 2.012058e+02
<GCONST> 5.026510e+01
<STATE> 4
<MEAN> 6
 7.350981e+02 9.998791e+00 5.057601e+00 5.031635e+00 5.495964e+00 4.758297e+00
<VARIANCE> 6
 1.018038e+04 4.742576e+02 1.077333e+02 5.825448e+01 9.614846e+01 5.758907e+01
<GCONST> 4.378094e+01
<TRANSP> 5
 0.000000e+00 1.000000e+00 0.000000e+00 0.000000e+00 0.000000e+00
 0.000000e+00 6.883927e-01 3.116074e-01 0.000000e+00 0.000000e+00
 0.000000e+00 0.000000e+00 7.651485e-01 2.348515e-01 0.000000e+00
 0.000000e+00 0.000000e+00 0.000000e+00 8.192605e-01 1.807395e-01
 0.000000e+00 0.000000e+00 0.000000e+00 0.000000e+00 0.000000e+00
<ENDHMM>
~h "bg_white_0_3"
<BEGINHMM>
<NUMSTATES> 5
<STATE> 2
<MEAN> 6
 7.122732e+02 1.989237e+01 9.873126e+00 1.014557e+01 1.165141e+01 9.212980e+00
<VARIANCE> 6
 1.730446e+04 1.000496e+03 2.394753e+02 1.318074e+02 2.007041e+02 1.134905e+02
<GCONST> 4.808757e+01
<STATE> 3
<MEAN> 6
 6.625818e+02 5.846210e+01 2.617005e+01 2.422310e+01 2.941682e+01 2.271086e+01
<VARIANCE> 6
 7.087189e+03 3.101306e+03 6.389169e+02 2.207848e+02 3.489146e+02 2.195950e+02
<GCONST> 5.103646e+01
<STATE> 4
<MEAN> 6
 7.434765e+02 8.326409e+00 5.677991e+00 4.819926e+00 5.083315e+00 4.231903e+00
<VARIANCE> 6
 2.684045e+03 3.271692e+02 2.089664e+02 6.497720e+01 8.973224e+01 4.800711e+01
<GCONST> 4.259721e+01
<TRANSP> 5
 0.000000e+00 1.000000e+00 0.000000e+00 0.000000e+00 0.000000e+00
 0.000000e+00 5.945559e-01 4.054441e-01 0.000000e+00 0.000000e+00
 0.000000e+00 0.000000e+00 7.297076e-01 2.702924e-01 0.000000e+00
 0.000000e+00 0.000000e+00 0.000000e+00 8.285872e-01 1.714128e-01
 0.000000e+00 0.000000e+00 0.000000e+00 0.000000e+00 0.000000e+00
<ENDHMM>
~h "bg_white_0_4"
<BEGINHMM>
<NUMSTATES> 5
<STATE> 2
<MEAN> 6
 7.220584e+02 2.101054e+01 1.457856e+01 1.187524e+01 1.227514e+01 9.496588e+00
<VARIANCE> 6
 4.337539e+03 7.721013e+02 5.004233e+02 1.379195e+02 1.821484e+02 9.636408e+01
<GCONST> 4.696652e+01
<STATE> 3
<MEAN> 6
 6.777744e+02 5.360936e+01 2.524076e+01 2.222302e+01 2.644183e+01 1.966640e+01
<VARIANCE> 6
 5.861331e+03 2.012743e+03 5.472368e+02 2.029551e+02 3.519287e+02 1.952783e+02
<GCONST> 5.006637e+01
<STATE> 4
<MEAN> 6
 7.293665e+02 6.264342e+00 2.905394e+00 2.880612e+00 3.455132e+00 2.576834e+00
<VARIANCE> 6
 1.360018e+04 3.234585e+02 4.732454e+01 3.096999e+01 7.611111e+01 2.835078e+01
<GCONST> 4.129107e+01
<TRANSP> 5
 0.000000e+00 1.000000e+00 0.000000e+00 0.000000e+00 0.000000e+00
 0.000000e+00 6.165661e-01 3.834339e-01 0.000000e+00 0.000000e+00
 0.000000e+00 0.000000e+00 7.273436e-01 2.726564e-01 0.000000e+00
 0.000000e+00 0.000000e+00 0.000000e+00 8.512871e-01 1.487129e-01
 0.000000e+00 0.000000e+00 0.000000e+00 0.000000e+00 0.000000e+00
<ENDHMM>
~h "bg_white_0_5"
<BEGINHMM>
<NUMSTATES> 5
<STATE> 2
<MEAN> 6
 7.180787e+02 1.799119e+01 8.643677e+00 8.949430e+00 1.070243e+01 7.576665e+00
<VARIANCE> 6
 4.686810e+03 8.794328e+02 1.633459e+02 9.874127e+01 1.820558e+02 7.707951e+01
<GCONST> 4.549657e+01
<STATE> 3
<MEAN> 6
 6.539747e+02 5.020192e+01 2.912983e+01 2.243265e+01 2.781585e+01 1.892632e+01
<VARIANCE> 6
 1.290965e+04 2.853301e+03 8.843430e+02 2.669690e+02 3.916661e+02 1.847655e+02
<GCONST> 5.201070e+01
<STATE> 4
<MEAN> 6
 7.405967e+02 3.191827e+00 2.166554e+00 1.992053e+00 1.930188e+00 1.735821e+00
<VARIANCE> 6
 1.554561e+04 1.227904e+02 2.953642e+01 2.568947e+01 2.898144e+01 1.994212e+01
<GCONST> 3.848047e+01
<TRANSP> 5
 0.000000e+00 1.000000e+00 0.000000e+00 0.000000e+00 0.000000e+00
 0.000000e+00 6.732331e-01 3.267669e-01 0.000000e+00 0.000000e+00
 0.000000e+00 0.000000e+00 6.427081e-01 3.572920e-01 0.000000e+00
 0.000000e+00 0.000000e+00 0.000000e+00 8.371570e-01 1.628431e-01
 0.000000e+00 0.000000e+00 0.000000e+00 0.000000e+00 0.000000e+00
<ENDHMM>
~h "bg_board"
<BEGINHMM>
<NUMSTATES> 5
<STATE> 2
<MEAN> 6
 1.428760e+02 1.730790e+01 8.886150e+00 4.482613e+00 2.500461e+00 8.876529e-01
<VARIANCE> 6
 2.465098e+03 2.589160e+02 6.921613e+01 7.024471e+00 2.589136e+00 4.614566e-01
<GCONST> 3.075834e+01
<STATE> 3
<MEAN> 6
 2.031703e+02 4.464025e+01 1.345284e+01 9.168750e+00 4.528697e+00 2.185801e+00
<VARIANCE> 6
 4.590611e+03 1.983925e+03 1.848258e+02 2.645738e+01 1.229958e+01 3.957096e+00
<GCONST> 3.943189e+01
<STATE> 4
<MEAN> 6
 2.349034e+02 1.412741e+01 7.370347e+00 3.907542e+00 2.945306e+00 1.385697e+00
<VARIANCE> 6
 4.085433e+03 1.870119e+02 4.328380e+01 6.219307e+00 3.731390e+00 1.701438e+00
<GCONST> 3.201731e+01
<TRANSP> 5
 0.000000e+00 1.000000e+00 0.000000e+00 0.000000e+00 0.000000e+00
 0.000000e+00 9.725482e-01 2.745183e-02 0.000000e+00 0.000000e+00
 0.000000e+00 0.000000e+00 9.376462e-01 6.235380e-02 0.000000e+00
 0.000000e+00 0.000000e+00 0.000000e+00 9.429714e-01 5.702863e-02
 0.000000e+00 0.000000e+00 0.000000e+00 0.000000e+00 0.000000e+00
<ENDHMM>
~h "bg_board_0"
<BEGINHMM>
<NUMSTATES> 5
<STATE> 2
<MEAN> 6
 1.895154e+02 1.616053e+01 9.676065e+00 4.824887e+00 2.691705e+00 8.849574e-01
<VARIANCE> 6
 3.062313e+03 2.423203e+02 5.526522e+01 6.206941e+00 2.119437e+00 2.387279e-01
<GCONST> 2.970098e+01
<STATE> 3
<MEAN> 6
 1.898678e+02 4.448546e+01 1.399614e+01 7.562764e+00 4.062732e+00 1.371170e+00
<VARIANCE> 6
 2.156859e+03 1.498561e+03 2.052628e+02 1.993986e+01 8.348927e+00 1.007529e+00
<GCONST> 3.646257e+01
<STATE> 4
<MEAN> 6
 1.575995e+02 1.423722e+01 6.345364e+00 3.548657e+00 2.062007e+00 6.949306e-01
<VARIANCE> 6
 2.313146e+03 1.899258e+02 2.967233e+01 5.117049e+00 1.367660e+00 2.613483e-01
<GCONST> 2.801425e+01
<TRANSP> 5
 0.000000e+00 1.000000e+00 0.000000e+00 0.000000e+00 0.000000e+00
 0.000000e+00 7.463975e-01 2.536025e-01 0.000000e+00 0.000000e+00
 0.000000e+00 0.000000e+00 5.493843e-01 4.506157e-01 0.000000e+00
 0.000000e+00 0.000000e+00 0.000000e+00 8.286978e-01 1.713022e-01
 0.000000e+00 0.000000e+00 0.000000e+00 0.000000e+00 0.000000e+00
<ENDHMM>
~h "bg_board_1"
<BEGINHMM>
<NUMSTATES> 5
<STATE> 2
<MEAN> 6
 1.765670e+02 2.233351e+01 8.355617e+00 5.558844e+00 2.584511e+00 1.081442e+00
<VARIANCE> 6
 2.420851e+03 3.906616e+02 4.415935e+01 8.774040e+00 2.193189e+00 6.626319e-01
<GCONST> 3.112040e+01
<STATE> 3
<MEAN> 6
 2.012900e+02 4.366412e+01 1.764991e+01 8.390099e+00 4.308379e+00 1.466816e+00
<VARIANCE> 6
 7.118212e+03 2.070282e+03 3.470623e+02 2.550913e+01 2.792182e+01 1.590830e+00
<GCONST> 4.041532e+01
<STATE> 4
<MEAN> 6
 1.358756e+02 1.460105e+01 6.808719e+00 3.522915e+00 1.956826e+00 6.875339e-01
<VARIANCE> 6
 2.617028e+03 2.154750e+02 3.675816e+01 4.375615e+00 1.461063e+00 1.729200e-01
<GCONST> 2.797455e+01
<TRANSP> 5
 0.000000e+00 1.000000e+00 0.000000e+00 0.000000e+00 0.000000e+00
 0.000000e+00 7.288089e-01 2.711910e-01 0.000000e+00 0.000000e+00
 0.000000e+00 0.000000e+00 5.468774e-01 4.531226e-01 0.000000e+00
 0.000000e+00 0.000000e+00 0.000000e+00 8.592670e-01 1.407330e-01
 0.000000e+00 0.000000e+00 0.000000e+00 0.000000e+00 0.000000e+00
<ENDHMM>
~h "bg_board_2"
<BEGINHMM>
<NUMSTATES> 5
<STATE> 2
<MEAN> 6
 1.324078e+02 1.425588e+01 7.282040e+00 3.592441e+00 2.202511e+00 7.692959e-01
<VARIANCE> 6
 2.050761e+03 2.165319e+02 3.515524e+01 4.802763e+00 2.050355e+00 3.093190e-01
<GCONST> 2.870457e+01
<STATE> 3
<MEAN> 6
 1.522548e+02 4.724872e+01 6.509234e+00 8.386233e+00 2.045549e+00 6.151778e-01
<VARIANCE> 6
 1.831346e+03 2.729891e+03 2.203189e+01 2.652077e+01 1.677583e+00 1.319744e-01
<GCONST> 3.131471e+01
<STATE> 4
<MEAN> 6
 1.848215e+02 2.352461e+01 1.386643e+01 5.746832e+00 3.202472e+00 1.247047e+00
<VARIANCE> 6
 4.073300e+03 5.118071e+02 1.418903e+02 1.414264e+01 3.779013e+00 8.590575e-01
<GCONST> 3.435921e+01
<TRANSP> 5
 0.000000e+00 1.000000e+00 0.000000e+00 0.000000e+00 0.000000e+00
 0.000000e+00 8.554782e-01 1.445219e-01 0.000000e+00 0.000000e+00
 0.000000e+00 0.000000e+00 4.398063e-01 5.601938e-01 0.000000e+00
 0.000000e+00 0.000000e+00 0.000000e+00 7.672001e-01 2.327999e-01
 0.000000e+00 0.000000e+00 0.000000e+00 0.000000e+00 0.000000e+00
<ENDHMM>
~h "bg_board_3"
<BEGINHMM>
<NUMSTATES> 5
<STATE> 2
<MEAN> 6
 1.150134e+02 1.586489e+01 8.344975e+00 3.980454e+00 2.210720e+00 7.820867e-01
<VARIANCE> 6
 3.234241e+03 3.292847e+02 6.890789e+01 8.203944e+00 2.741105e+00 4.484110e-01
<GCONST> 3.144943e+01
<STATE> 3
<MEAN> 6
 1.996991e+02 5.598680e+01 1.171470e+01 9.462635e+00 4.316519e+00 1.338695e+00
<VARIANCE> 6
 6.996785e+03 2.142970e+03 1.331653e+02 3.040707e+01 7.687710e+00 1.015367e+00
<GCONST> 3.791156e+01
<STATE> 4
<MEAN> 6
 1.923138e+02 1.552142e+01 9.096736e+00 5.054336e+00 2.716839e+00 1.160301e+00
<VARIANCE> 6
 5.547140e+03 2.819732e+02 7.682325e+01 1.591290e+01 2.475803e+00 1.582921e+00
<GCONST> 3.376458e+01
<TRANSP> 5
 0.000000e+00 1.000000e+00 0.000000e+00 0.000000e+00 0.000000e+00
 0.000000e+00 8.086542e-01 1.913458e-01 0.000000e+00 0.000000e+00
 0.000000e+00 0.000000e+00 5.845423e-01 4.154577e-01 0.000000e+00
 0.000000e+00 0.000000e+00 0.000000e+00 7.710032e-01 2.289968e-01
 0.000000e+00 0.000000e+00 0.000000e+00 0.000000e+00 0.000000e+00
<ENDHMM>
~h "bg_board_4"
<BEGINHMM>
<NUMSTATES> 5
<STATE> 2
<MEAN> 6
 1.633513e+02 1.527908e+01 9.544484e+00 5.522113e+00 3.221039e+00 1.497773e+00
<VARIANCE> 6
 3.052268e+03 2.411551e+02 8.042918e+01 1.490632e+01 2.935814e+00 1.436924e+00
<GCONST> 3.306499e+01
<STATE> 3
<MEAN> 6
 1.912894e+02 4.009483e+01 1.487823e+01 9.106972e+00 5.282787e+00 2.586802e+00
<VARIANCE> 6
 2.788619e+03 1.374753e+03 1.341576e+02 2.397267e+01 1.021906e+01 3.661177e+00
<GCONST> 3.788456e+01
<STATE> 4
<MEAN> 6
 2.139793e+02 2.597473e+01 8.158298e+00 5.308721e+00 3.259786e+00 1.727962e+00
<VARIANCE> 6
 2.740403e+03 4.755121e+02 5.182961e+01 7.465056e+00 2.435491e+00 1.802874e+00
<GCONST> 3.254524e+01
<TRANSP> 5
 0.000000e+00 1.000000e+00 0.000000e+00 0.000000e+00 0.000000e+00
 0.000000e+00 8.079551e-01 1.920448e-01 0.000000e+00 0.000000e+00
 0.000000e+00 0.000000e+00 7.241890e-01 2.758110e-01 0.000000e+00
 0.000000e+00 0.000000e+00 0.000000e+00 7.600313e-01 2.399686e-01
 0.000000e+00 0.000000e+00 0.000000e+00 0.000000e+00 0.000000e+00
<ENDHMM>
~h "bg_board_5"
<BEGINHMM>
<NUMSTATES> 5
<STATE> 2
<MEAN> 6
 2.052477e+02 2.424348e+01 8.907926e+00 5.714760e+00 3.382143e+00 1.867066e+00
<VARIANCE> 6
 4.347964e+03 3.739942e+02 6.228957e+01 8.572428e+00 3.364777e+00 2.476420e+00
<GCONST> 3.372948e+01
<STATE> 3
<MEAN> 6
 2.410072e+02 4.173837e+01 1.671338e+01 9.462681e+00 6.215785e+00 3.530772e+00
<VARIANCE> 6
 2.997015e+03 2.238013e+03 2.824760e+02 2.808153e+01 1.661354e+01 7.880985e+00
<GCONST> 4.059936e+01
<STATE> 4
<MEAN> 6
 2.734542e+02 1.371936e+01 7.059418e+00 4.196326e+00 3.291800e+00 1.835818e+00
<VARIANCE> 6
 3.007783e+03 2.930308e+02 3.584689e+01 6.644106e+00 3.689948e+00 2.313859e+00
<GCONST> 3.233401e+01
<TRANSP> 5
 0.000000e+00 1.000000e+00 0.000000e+00 0.000000e+00 0.000000e+00
 0.000000e+00 7.239271e-01 2.760729e-01 0.000000e+00 0.000000e+00
 0.000000e+00 0.000000e+00 6.684139e-01 3.315861e-01 0.000000e+00
 0.000000e+00 0.000000e+00 0.000000e+00 8.135011e-01 1.864989e-01
 0.000000e+00 0.000000e+00 0.000000e+00 0.000000e+00 0.000000e+00
<ENDHMM>
~h "fp_logo"
<BEGINHMM>
<NUMSTATES> 5
<STATE> 2
<MEAN> 6
 1.160798e+02 1.028198e+01 3.482477e+00 4.475390e+00 1.627167e+00 9.068336e-01
<VARIANCE> 6
 7.924968e+02 1.663963e+02 1.366521e+01 2.638463e+01 2.389761e+00 1.616178e+00
<GCONST> 3.005572e+01
<STATE> 3
<MEAN> 6
 3.038914e+02 6.903648e+01 7.800941e+01 2.036200e+01 1.951485e+01 7.471404e+00
<VARIANCE> 6
 3.073863e+04 5.306065e+03 6.990332e+03 4.390289e+02 2.291478e+02 2.760163e+01
<GCONST> 5.362624e+01
<STATE> 4
<MEAN> 6
 1.787183e+02 3.367748e+00 3.484254e+00 1.625257e+00 1.681093e+00 5.754986e-01
<VARIANCE> 6
 4.728922e+03 7.491592e+00 8.890214e+00 9.362592e-01 1.200564e+00 3.151623e-01
<GCONST> 2.264971e+01
<TRANSP> 5
 0.000000e+00 1.000000e+00 0.000000e+00 0.000000e+00 0.000000e+00
 0.000000e+00 9.473949e-01 5.260503e-02 0.000000e+00 0.000000e+00
 0.000000e+00 0.000000e+00 8.560637e-01 1.439363e-01 0.000000e+00
 0.000000e+00 0.000000e+00 0.000000e+00 9.772949e-01 2.270514e-02
 0.000000e+00 0.000000e+00 0.000000e+00 0.000000e+00 0.000000e+00
<ENDHMM>
~h "fp_logo_0"
<BEGINHMM>
<NUMSTATES> 5
<STATE> 2
<MEAN> 6
 1.206223e+02 1.730326e+01 4.454971e+00 5.730602e+00 1.603624e+00 6.437040e-01
<VARIANCE> 6
 3.052379e+02 3.164568e+02 2.342314e+01 2.385290e+01 1.380180e+00 2.170625e-01
<GCONST> 2.762581e+01
<STATE> 3
<MEAN> 6
 1.152370e+02 7.543455e+00 2.284234e+00 2.402556e+00 1.129498e+00 4.049951e-01
<VARIANCE> 6
 2.636712e+02 1.430745e+02 9.373106e+00 2.320332e+01 4.555094e+00 3.984251e-01
<GCONST> 2.754348e+01
<STATE> 4
<MEAN> 6
 1.057133e+02 3.469633e+00 2.273200e+00 1.175634e+00 1.049471e+00 3.204383e-01
<VARIANCE> 6
 2.814349e+02 2.154805e+01 4.224576e+00 3.334881e+00 1.453213e+00 1.419190e-01
<GCONST> 2.080408e+01
<TRANSP> 5
 0.000000e+00 1.000000e+00 0.000000e+00 0.000000e+00 0.000000e+00
 0.000000e+00 5.597692e-01 4.402309e-01 0.000000e+00 0.000000e+00
 0.000000e+00 0.000000e+00 1.060185e-07 9.999999e-01 0.000000e+00
 0.000000e+00 0.000000e+00 0.000000e+00 8.854323e-01 1.145677e-01
 0.000000e+00 0.000000e+00 0.000000e+00 0.000000e+00 0.000000e+00
<ENDHMM>
~h "fp_logo_1"
<BEGINHMM>
<NUMSTATES> 5
<STATE> 2
<MEAN> 6
 1.022959e+02 3.522992e+00 2.509974e+00 1.266770e+00 1.134202e+00 6.439764e-01
<VARIANCE> 6
 4.826161e+02 2.485967e+01 5.268782e+00 4.054559e+00 1.307255e+00 1.084920e+00
<GCONST> 2.383081e+01
<STATE> 3
<MEAN> 6
 2.993273e+02 7.524625e+01 7.040173e+01 1.983286e+01 1.818087e+01 5.560758e+00
<VARIANCE> 6
 3.405990e+04 6.044111e+03 6.027542e+03 3.711299e+02 2.357919e+02 2.030781e+01
<GCONST> 5.326458e+01
<STATE> 4
<MEAN> 6
 1.262607e+02 1.072111e+01 1.420356e+01 7.336397e+00 6.116779e+00 2.322368e+00
<VARIANCE> 6
 1.633670e+03 1.665571e+02 1.361348e+03 9.374080e+01 1.038143e+02 5.217202e+00
<GCONST> 4.159251e+01
<TRANSP> 5
 0.000000e+00 1.000000e+00 0.000000e+00 0.000000e+00 0.000000e+00
 0.000000e+00 8.648891e-01 1.351109e-01 0.000000e+00 0.000000e+00
 0.000000e+00 0.000000e+00 6.250427e-01 3.749573e-01 0.000000e+00
 0.000000e+00 0.000000e+00 0.000000e+00 6.589014e-01 3.410986e-01
 0.000000e+00 0.000000e+00 0.000000e+00 0.000000e+00 0.000000e+00
<ENDHMM>
~h "fp_logo_2"
<BEGINHMM>
<NUMSTATES> 5
<STATE> 2
<MEAN> 6
 1.351835e+02 1.112168e+01 3.310232e+01 7.251083e+00 1.108963e+01 1.976517e+00
<VARIANCE> 6
 3.883080e+03 3.350679e+02 3.415994e+03 1.954100e+02 2.545934e+02 5.555775e+00
<GCONST> 4.577181e+01
<STATE> 3
<MEAN> 6
 3.168225e+02 6.628668e+01 8.478541e+01 2.016408e+01 1.812088e+01 7.869921e+00
<VARIANCE> 6
 3.368951e+04 5.130827e+03 8.506127e+03 5.415820e+02 2.178052e+02 4.156947e+01
<GCONST> 5.444923e+01
<STATE> 4
<MEAN> 6
 1.106750e+02 8.933412e+00 5.096729e+00 3.840394e+00 2.706232e+00 1.259333e+00
<VARIANCE> 6
 1.478511e+03 5.197161e+02 1.688114e+02 3.735028e+01 4.378958e+01 3.414942e+00
<GCONST> 3.833602e+01
<TRANSP> 5
 0.000000e+00 1.000000e+00 0.000000e+00 0.000000e+00 0.000000e+00
 0.000000e+00 1.227270e-07 9.999999e-01 0.000000e+00 0.000000e+00
 0.000000e+00 0.000000e+00 7.170000e-01 2.830000e-01 0.000000e+00
 0.000000e+00 0.000000e+00 0.000000e+00 8.818865e-01 1.181135e-01
 0.000000e+00 0.000000e+00 0.000000e+00 0.000000e+00 0.000000e+00
<ENDHMM>
~h "fp_logo_3"
<BEGINHMM>
<NUMSTATES> 5
<STATE> 2
<MEAN> 6
 1.396945e+02 2.559439e+01 1.101679e+01 1.025544e+01 5.168211e+00 1.394987e+00
<VARIANCE> 6
 3.962816e+03 1.661279e+03 5.683237e+02 9.190343e+01 1.519879e+02 3.271141e+00
<GCONST> 4.379968e+01
<STATE> 3
<MEAN> 6
 1.203591e+02 6.320911e+00 2.531725e+00 2.706315e+00 1.312704e+00 4.033381e-01
<VARIANCE> 6
 3.995962e+02 1.352343e+02 4.064732e+00 1.672751e+01 6.683294e-01 1.640420e-01
<GCONST> 2.393352e+01
<STATE> 4
<MEAN> 6
 1.423501e+02 4.087298e+00 3.952733e+00 1.663490e+00 1.632294e+00 5.467330e-01
<VARIANCE> 6
 4.832885e+02 1.392045e+01 9.131907e+00 2.202604e+00 1.003034e+00 2.803679e-01
<GCONST> 2.157403e+01
<TRANSP> 5
 0.000000e+00 1.000000e+00 0.000000e+00 0.000000e+00 0.000000e+00
 0.000000e+00 5.453593e-01 4.546408e-01 0.000000e+00 0.000000e+00
 0.000000e+00 0.000000e+00 8.725678e-04 9.991274e-01 0.000000e+00
 0.000000e+00 0.000000e+00 0.000000e+00 8.863583e-01 1.136417e-01
 0.000000e+00 0.000000e+00 0.000000e+00 0.000000e+00 0.000000e+00
<ENDHMM>
~h "fp_logo_4"
<BEGINHMM>
<NUMSTATES> 5
<STATE> 2
<MEAN> 6
 1.738212e+02 1.834073e+01 6.075262e+00 6.679889e+00 2.081328e+00 1.016135e+00
<VARIANCE> 6
 1.021736e+03 3.418163e+02 2.997372e+01 2.428011e+01 1.635557e+00 6.555254e-01
<GCONST> 3.045044e+01
<STATE> 3
<MEAN> 6
 1.917924e+02 4.306979e+00 5.008482e+00 2.371092e+00 2.108443e+00 6.363969e-01
<VARIANCE> 6
 2.666621e+02 1.436810e+01 1.410344e+01 1.580589e+00 9.797772e-01 1.409248e-01
<GCONST> 2.040251e+01
<STATE> 4
<MEAN> 6
 2.302783e+02 3.997893e+00 4.211552e+00 1.925424e+00 2.433624e+00 8.225125e-01
<VARIANCE> 6
 2.081647e+02 1.053343e+01 1.285549e+01 1.010456e+00 1.216032e+00 5.042061e-01
<GCONST> 2.079514e+01
<TRANSP> 5
 0.000000e+00 1.000000e+00 0.000000e+00 0.000000e+00 0.000000e+00
 0.000000e+00 5.958921e-01 4.041079e-01 0.000000e+00 0.000000e+00
 0.000000e+00 0.000000e+00 7.196476e-01 2.803524e-01 0.000000e+00
 0.000000e+00 0.000000e+00 0.000000e+00 8.562903e-01 1.437097e-01
 0.000000e+00 0.000000e+00 0.000000e+00 0.000000e+00 0.000000e+00
<ENDHMM>
~h "fp_logo_5"
<BEGINHMM>
<NUMSTATES> 5
<STATE> 2
<MEAN> 6
 2.371667e+02 6.084683e+00 4.438997e+00 1.928366e+00 2.276330e+00 8.514203e-01
<VARIANCE> 6
 5.697895e+02 2.388830e+01 2.815403e+01 1.955841e+00 1.043689e+00 7.646537e-01
<GCONST> 2.432886e+01
<STATE> 3
<MEAN> 6
 2.418687e+02 7.497820e+00 4.872966e+00 3.623873e+00 3.353401e+00 3.003626e+00
<VARIANCE> 6
 1.246539e+03 8.942853e+01 1.365553e+01 9.047756e+00 4.424244e+00 2.235634e+01
<GCONST> 3.205970e+01
<STATE> 4
<MEAN> 6
 2.691989e+02 3.067921e+00 3.751176e+00 1.849447e+00 1.802077e+00 6.035051e-01
<VARIANCE> 6
 3.383948e+02 6.486027e+00 9.317308e+00 9.631943e-01 9.109042e-01 1.792292e-01
<GCONST> 1.910309e+01
<TRANSP> 5
 0.000000e+00 1.000000e+00 0.000000e+00 0.000000e+00 0.000000e+00
 0.000000e+00 2.157346e-06 9.999979e-01 0.000000e+00 0.000000e+00
 0.000000e+00 0.000000e+00 2.143773e-01 7.856227e-01 0.000000e+00
 0.000000e+00 0.000000e+00 0.000000e+00 8.971947e-01 1.028053e-01
 0.000000e+00 0.000000e+00 0.000000e+00 0.000000e+00 0.000000e+00
<ENDHMM>
~h "fp_screen"
<BEGINHMM>
<NUMSTATES> 5
<STATE> 2
<MEAN> 6
 3.180965e+02 1.375174e+01 9.147790e+00 3.148016e+00 3.040294e+00 8.838122e-01
<VARIANCE> 6
 3.122232e+04 3.854053e+02 2.597445e+02 1.565065e+01 1.654132e+01 1.857011e+00
<GCONST> 3.906549e+01
<STATE> 3
<MEAN> 6
 5.708466e+02 7.493945e+01 2.974491e+01 2.021088e+01 1.144277e+01 5.854037e+00
<VARIANCE> 6
 3.358570e+04 5.597897e+03 2.026312e+03 2.649962e+02 1.688519e+02 4.863599e+01
<GCONST> 5.228634e+01
<STATE> 4
<MEAN> 6
 3.267110e+02 4.265577e+00 6.695168e+00 1.612468e+00 2.048542e+00 7.321856e-01
<VARIANCE> 6
 7.904336e+03 3.091730e+01 1.307069e+02 2.768434e+00 6.999166e+00 1.023815e+00
<GCONST> 3.129431e+01
<TRANSP> 5
 0.000000e+00 1.000000e+00 0.000000e+00 0.000000e+00 0.000000e+00
 0.000000e+00 9.308374e-01 6.916264e-02 0.000000e+00 0.000000e+00
 0.000000e+00 0.000000e+00 9.265442e-01 7.345576e-02 0.000000e+00
 0.000000e+00 0.000000e+00 0.000000e+00 9.761494e-01 2.385059e-02
 0.000000e+00 0.000000e+00 0.000000e+00 0.000000e+00 0.000000e+00
<ENDHMM>
~h "fp_screen_0"
<BEGINHMM>
<NUMSTATES> 5
<STATE> 2
<MEAN> 6
 2.884608e+02 1.319406e+01 2.136930e+01 3.632096e+00 5.996314e+00 1.274534e+00
<VARIANCE> 6
 3.265583e+04 5.718570e+02 5.677166e+02 2.778249e+01 3.060551e+01 3.684846e+00
<GCONST> 4.216137e+01
<STATE> 3
<MEAN> 6
 5.451946e+02 6.321075e+01 3.299388e+01 1.540652e+01 1.055361e+01 4.285445e+00
<VARIANCE> 6
 4.575358e+04 2.271565e+03 9.344691e+02 1.600088e+02 5.308826e+01 2.780772e+01
<GCONST> 4.869899e+01
<STATE> 4
<MEAN> 6
 4.299764e+02 7.605700e+00 5.007055e+00 1.886266e+00 1.345916e+00 7.295238e-01
<VARIANCE> 6
 2.234072e+04 2.870104e+02 1.556466e+02 2.109008e+01 4.869881e+00 4.232120e+00
<GCONST> 3.782311e+01
<TRANSP> 5
 0.000000e+00 1.000000e+00 0.000000e+00 0.000000e+00 0.000000e+00
 0.000000e+00 6.224831e-01 3.775170e-01 0.000000e+00 0.000000e+00
 0.000000e+00 0.000000e+00 5.486395e-01 4.513605e-01 0.000000e+00
 0.000000e+00 0.000000e+00 0.000000e+00 8.598574e-01 1.401426e-01
 0.000000e+00 0.000000e+00 0.000000e+00 0.000000e+00 0.000000e+00
<ENDHMM>
~h "fp_screen_1"
<BEGINHMM>
<NUMSTATES> 5
<STATE> 2
<MEAN> 6
 3.494181e+02 2.310611e+01 7.660181e+00 5.698860e+00 2.531733e+00 1.705582e+00
<VARIANCE> 6
 5.796074e+04 8.243732e+02 3.749249e+02 5.558103e+01 1.309355e+01 1.176252e+01
<GCONST> 4.369102e+01
<STATE> 3
<MEAN> 6
 5.549673e+02 5.021037e+01 1.999769e+01 2.063332e+01 4.271989e+00 3.075827e+00
<VARIANCE> 6
 2.875299e+04 3.436095e+03 1.610425e+03 4.419585e+02 3.185794e+01 2.509551e+01
<GCONST> 4.959529e+01
<STATE> 4
<MEAN> 6
 4.260488e+02 5.420442e+00 2.609291e+00 1.511169e+00 9.446387e-01 3.102004e-01
<VARIANCE> 6
 3.726278e+03 1.759115e+02 4.353774e+00 2.585518e+01 3.772585e-01 3.693378e-02
<GCONST> 2.487051e+01
<TRANSP> 5
 0.000000e+00 1.000000e+00 0.000000e+00 0.000000e+00 0.000000e+00
 0.000000e+00 6.427528e-01 3.572473e-01 0.000000e+00 0.000000e+00
 0.000000e+00 0.000000e+00 5.942408e-01 4.057592e-01 0.000000e+00
 0.000000e+00 0.000000e+00 0.000000e+00 8.707393e-01 1.292607e-01
 0.000000e+00 0.000000e+00 0.000000e+00 0.000000e+00 0.000000e+00
<ENDHMM>
~h "fp_screen_2"
<BEGINHMM>
<NUMSTATES> 5
<STATE> 2
<MEAN> 6
 3.587411e+02 7.428700e+00 1.214412e+01 2.389733e+00 3.851394e+00 6.600388e-01
<VARIANCE> 6
 1.147035e+04 2.121956e+02 4.986180e+02 2.803442e+01 2.349783e+01 4.642734e-01
<GCONST> 3.766719e+01
<STATE> 3
<MEAN> 6
 6.000770e+02 8.270045e+01 2.861791e+01 2.659759e+01 1.537915e+01 8.209307e+00
<VARIANCE> 6
 3.473580e+04 6.820914e+03 1.850118e+03 2.766614e+02 2.368386e+02 6.694938e+01
<GCONST> 5.312765e+01
<STATE> 4
<MEAN> 6
 3.791539e+02 4.822247e+01 1.505186e+01 9.453928e+00 7.231836e+00 4.140769e+00
<VARIANCE> 6
 1.565348e+04 3.386485e+03 1.236620e+03 9.679015e+01 1.450843e+02 2.904485e+01
<GCONST> 4.885210e+01
<TRANSP> 5
 0.000000e+00 1.000000e+00 0.000000e+00 0.000000e+00 0.000000e+00
 0.000000e+00 8.698927e-01 1.301074e-01 0.000000e+00 0.000000e+00
 0.000000e+00 0.000000e+00 6.755518e-01 3.244482e-01 0.000000e+00
 0.000000e+00 0.000000e+00 0.000000e+00 5.519479e-01 4.480521e-01
 0.000000e+00 0.000000e+00 0.000000e+00 0.000000e+00 0.000000e+00
<ENDHMM>
~h "fp_screen_3"
<BEGINHMM>
<NUMSTATES> 5
<STATE> 2
<MEAN> 6
 3.496514e+02 2.869003e+01 2.133305e+01 9.112583e+00 9.323792e+00 4.564666e+00
<VARIANCE> 6
 3.275510e+04 1.967457e+03 1.893644e+03 1.253940e+02 2.180437e+02 4.311297e+01
<GCONST> 5.053481e+01
<STATE> 3
<MEAN> 6
 5.492025e+02 1.025734e+02 2.592608e+01 2.085955e+01 1.344710e+01 7.648092e+00
<VARIANCE> 6
 3.604905e+04 8.558261e+03 2.091931e+03 1.869856e+02 1.925398e+02 6.144173e+01
<GCONST> 5.282981e+01
<STATE> 4
<MEAN> 6
 3.322330e+02 1.078499e+01 3.440378e+00 2.570209e+00 1.468878e+00 8.410130e-01
<VARIANCE> 6
 4.694188e+03 6.792731e+02 2.429896e+01 1.887638e+01 4.243943e+00 2.129439e+00
<GCONST> 3.433206e+01
<TRANSP> 5
 0.000000e+00 1.000000e+00 0.000000e+00 0.000000e+00 0.000000e+00
 0.000000e+00 2.701175e-01 7.298825e-01 0.000000e+00 0.000000e+00
 0.000000e+00 0.000000e+00 6.023404e-01 3.976596e-01 0.000000e+00
 0.000000e+00 0.000000e+00 0.000000e+00 8.767745e-01 1.232255e-01
 0.000000e+00 0.000000e+00 0.000000e+00 0.000000e+00 0.000000e+00
<ENDHMM>
~h "fp_screen_4"
<BEGINHMM>
<NUMSTATES> 5
<STATE> 2
<MEAN> 6
 3.300804e+02 2.003575e+01 5.804811e+00 5.293941e+00 2.677411e+00 1.541705e+00
<VARIANCE> 6
 1.331254e+04 1.770970e+03 7.499568e+01 4.794638e+01 1.173454e+01 5.123538e+00
<GCONST> 4.028690e+01
<STATE> 3
<MEAN> 6
 4.941857e+02 4.793070e+01 4.183052e+01 1.267402e+01 1.196706e+01 5.126113e+00
<VARIANCE> 6
 5.928782e+04 4.816553e+03 3.157214e+03 1.849685e+02 2.098435e+02 2.558510e+01
<GCONST> 5.236324e+01
<STATE> 4
<MEAN> 6
 2.374002e+02 5.345381e+00 1.055235e+01 1.823093e+00 2.283255e+00 8.259553e-01
<VARIANCE> 6
 8.914086e+03 4.899874e+01 1.739479e+02 2.350782e+00 3.283506e+00 6.829929e-01
<GCONST> 3.083559e+01
<TRANSP> 5
 0.000000e+00 1.000000e+00 0.000000e+00 0.000000e+00 0.000000e+00
 0.000000e+00 5.554739e-01 4.445262e-01 0.000000e+00 0.000000e+00
 0.000000e+00 0.000000e+00 4.956491e-01 5.043509e-01 0.000000e+00
 0.000000e+00 0.000000e+00 0.000000e+00 8.859446e-01 1.140554e-01
 0.000000e+00 0.000000e+00 0.000000e+00 0.000000e+00 0.000000e+00
<ENDHMM>
~h "fp_screen_5"
<BEGINHMM>
<NUMSTATES> 5
<STATE> 2
<MEAN> 6
 1.519453e+02 8.133179e+00 1.093398e+01 2.495530e+00 3.499653e+00 1.345074e+00
<VARIANCE> 6
 8.216882e+02 1.893420e+02 1.724842e+02 6.369473e+00 8.781794e+00 1.733142e+00
<GCONST> 3.270662e+01
<STATE> 3
<MEAN> 6
 2.299954e+02 6.659705e+00 2.629408e+01 3.161026e+00 7.717782e+00 1.612632e+00
<VARIANCE> 6
 2.457902e+03 4.877329e+01 3.550533e+02 8.731900e+00 2.681149e+01 2.604249e+00
<GCONST> 3.500674e+01
<STATE> 4
<MEAN> 6
 3.211213e+02 2.977969e+00 3.453786e+00 1.505393e+00 1.315643e+00 4.218014e-01
<VARIANCE> 6
 9.195684e+02 5.218898e+00 7.291107e+00 6.123090e-01 6.698598e-01 1.059626e-01
<GCONST> 1.835424e+01
<TRANSP> 5
 0.000000e+00 1.000000e+00 0.000000e+00 0.000000e+00 0.000000e+00
 0.000000e+00 4.639124e-01 5.360876e-01 0.000000e+00 0.000000e+00
 0.000000e+00 0.000000e+00 4.644928e-01 5.355071e-01 0.000000e+00
 0.000000e+00 0.000000e+00 0.000000e+00 8.790407e-01 1.209593e-01
 0.000000e+00 0.000000e+00 0.000000e+00 0.000000e+00 0.000000e+00
<ENDHMM>
~h "fp_key"
<BEGINHMM>
<NUMSTATES> 5
<STATE> 2
<MEAN> 6
 1.392588e+02 1.661215e+01 4.753145e+00 3.875019e+00 1.634159e+00 7.246340e-01
<VARIANCE> 6
 6.161853e+03 6.638380e+02 1.607064e+02 2.608277e+01 4.499992e+00 1.006660e+00
<GCONST> 3.610300e+01
<STATE> 3
<MEAN> 6
 3.575312e+02 7.293822e+01 2.724633e+01 1.583077e+01 8.977742e+00 3.451181e+00
<VARIANCE> 6
 4.650459e+04 4.586524e+03 2.372069e+03 1.721120e+02 1.712609e+02 2.107240e+01
<GCONST> 5.131626e+01
<STATE> 4
<MEAN> 6
 2.645543e+02 3.521120e+00 5.631012e+00 1.027344e+00 1.380802e+00 3.989185e-01
<VARIANCE> 6
 1.466856e+04 1.763673e+01 1.526777e+02 5.380599e-01 4.279000e+00 1.057290e-01
<GCONST> 2.710610e+01
<TRANSP> 5
 0.000000e+00 1.000000e+00 0.000000e+00 0.000000e+00 0.000000e+00
 0.000000e+00 9.327171e-01 6.728290e-02 0.000000e+00 0.000000e+00
 0.000000e+00 0.000000e+00 9.727390e-01 2.726096e-02 0.000000e+00
 0.000000e+00 0.000000e+00 0.000000e+00 9.458138e-01 5.418619e-02
 0.000000e+00 0.000000e+00 0.000000e+00 0.000000e+00 0.000000e+00
<ENDHMM>
~h "fp_key_0"
<BEGINHMM>
<NUMSTATES> 5
<STATE> 2
<MEAN> 6
 1.796113e+02 1.641108e+01 6.166765e+00 4.072284e+00 1.544565e+00 5.145174e-01
<VARIANCE> 6
 1.000706e+04 8.182644e+02 3.933890e+02 4.003318e+01 2.193941e+00 3.152227e-01
<GCONST> 3.624122e+01
<STATE> 3
<MEAN> 6
 4.677909e+02 1.008855e+02 2.218838e+01 2.019732e+01 6.708447e+00 2.425326e+00
<VARIANCE> 6
 5.438810e+04 4.359751e+03 1.605844e+03 1.299908e+02 1.003010e+02 8.870792e+00
<GCONST> 4.935114e+01
<STATE> 4
<MEAN> 6
 2.004274e+02 2.175657e+01 1.136816e+01 7.117870e+00 5.260159e+00 1.746943e+00
<VARIANCE> 6
 2.720442e+04 1.648916e+03 7.122293e+02 1.108454e+02 1.199682e+02 5.005936e+00
<GCONST> 4.632066e+01
<TRANSP> 5
 0.000000e+00 1.000000e+00 0.000000e+00 0.000000e+00 0.000000e+00
 0.000000e+00 8.173786e-01 1.826214e-01 0.000000e+00 0.000000e+00
 0.000000e+00 0.000000e+00 7.821169e-01 2.178831e-01 0.000000e+00
 0.000000e+00 0.000000e+00 0.000000e+00 4.830896e-01 5.169105e-01
 0.000000e+00 0.000000e+00 0.000000e+00 0.000000e+00 0.000000e+00
<ENDHMM>
~h "fp_key_1"
<BEGINHMM>
<NUMSTATES> 5
<STATE> 2
<MEAN> 6
 1.237821e+02 1.127908e+01 4.854581e+00 3.201095e+00 1.920695e+00 7.063542e-01
<VARIANCE> 6
 1.091249e+04 6.765060e+02 2.323385e+02 4.029019e+01 3.541868e+01 1.494543e+00
<GCONST> 3.995523e+01
<STATE> 3
<MEAN> 6
 2.777757e+02 5.563321e+01 6.505504e+01 2.018280e+01 2.078416e+01 7.102057e+00
<VARIANCE> 6
 2.804981e+04 2.164262e+03 5.749513e+03 2.452922e+02 2.818141e+02 3.719661e+01
<GCONST> 5.236562e+01
<STATE> 4
<MEAN> 6
 3.640746e+02 1.053835e+02 8.438795e+00 1.846714e+01 3.140333e+00 1.766286e+00
<VARIANCE> 6
 5.297468e+04 5.462375e+03 1.661613e+02 1.490801e+02 2.612504e+01 5.428701e+00
<GCONST> 4.558250e+01
<TRANSP> 5
 0.000000e+00 1.000000e+00 0.000000e+00 0.000000e+00 0.000000e+00
 0.000000e+00 8.407834e-01 1.592166e-01 0.000000e+00 0.000000e+00
 0.000000e+00 0.000000e+00 6.220880e-01 3.779120e-01 0.000000e+00
 0.000000e+00 0.000000e+00 0.000000e+00 7.544885e-01 2.455115e-01
 0.000000e+00 0.000000e+00 0.000000e+00 0.000000e+00 0.000000e+00
<ENDHMM>
~h "fp_key_2"
<BEGINHMM>
<NUMSTATES> 5
<STATE> 2
<MEAN> 6
 1.153743e+02 1.632457e+01 3.960540e+00 4.115423e+00 2.077430e+00 1.042923e+00
<VARIANCE> 6
 8.178107e+03 1.126843e+03 8.910372e+01 4.751147e+01 1.449065e+01 2.686740e+00
<GCONST> 3.907626e+01
<STATE> 3
<MEAN> 6
 3.566682e+02 8.320388e+01 6.559974e+01 2.168652e+01 2.126540e+01 6.649920e+00
<VARIANCE> 6
 3.247257e+04 4.277774e+03 4.877413e+03 2.431030e+02 4.060266e+02 4.953003e+01
<GCONST> 5.367146e+01
<STATE> 4
<MEAN> 6
 4.084137e+02 9.945190e+01 2.209977e+01 1.856856e+01 6.351574e+00 2.344571e+00
<VARIANCE> 6
 3.817401e+04 4.644821e+03 1.876692e+03 1.377249e+02 8.513637e+01 5.942043e+00
<GCONST> 4.870951e+01
<TRANSP> 5
 0.000000e+00 1.000000e+00 0.000000e+00 0.000000e+00 0.000000e+00
 0.000000e+00 8.644947e-01 1.355053e-01 0.000000e+00 0.000000e+00
 0.000000e+00 0.000000e+00 6.391111e-01 3.608889e-01 0.000000e+00
 0.000000e+00 0.000000e+00 0.000000e+00 6.490337e-01 3.509663e-01
 0.000000e+00 0.000000e+00 0.000000e+00 0.000000e+00 0.000000e+00
<ENDHMM>
~h "fp_key_3"
<BEGINHMM>
<NUMSTATES> 5
<STATE> 2
<MEAN> 6
 3.950956e+02 9.836642e+01 1.578761e+01 1.993892e+01 4.869942e+00 2.092203e+00
<VARIANCE> 6
 4.036630e+04 4.339258e+03 1.279216e+03 1.874497e+02 6.169955e+01 6.690206e+00
<GCONST> 4.841891e+01
<STATE> 3
<MEAN> 6
 3.344792e+02 7.700688e+01 6.064850e+01 1.610290e+01 1.979668e+01 6.753292e+00
<VARIANCE> 6
 3.365864e+04 4.758771e+03 4.846535e+03 1.541111e+02 2.810355e+02 2.742191e+01
<GCONST> 5.239255e+01
<STATE> 4
<MEAN> 6
 1.621407e+02 1.522842e+01 4.990222e+00 3.856193e+00 2.481262e+00 1.219555e+00
<VARIANCE> 6
 1.082195e+04 1.169400e+03 7.792540e+01 3.392216e+01 2.107518e+01 3.604850e+00
<GCONST> 3.959103e+01
<TRANSP> 5
 0.000000e+00 1.000000e+00 0.000000e+00 0.000000e+00 0.000000e+00
 0.000000e+00 7.080510e-01 2.919490e-01 0.000000e+00 0.000000e+00
 0.000000e+00 0.000000e+00 6.103043e-01 3.896957e-01 0.000000e+00
 0.000000e+00 0.000000e+00 0.000000e+00 8.335730e-01 1.664270e-01
 0.000000e+00 0.000000e+00 0.000000e+00 0.000000e+00 0.000000e+00
<ENDHMM>
~h "fp_key_4"
<BEGINHMM>
<NUMSTATES> 5
<STATE> 2
<MEAN> 6
 4.342064e+02 7.264671e+01 9.732283e+00 1.376973e+01 3.391595e+00 1.670308e+00
<VARIANCE> 6
 4.512978e+04 3.871652e+03 1.481464e+02 8.378166e+01 2.455461e+01 4.372403e+00
<GCONST> 4.410862e+01
<STATE> 3
<MEAN> 6
 4.451378e+02 8.056468e+01 5.364306e+01 1.980934e+01 1.890319e+01 8.077594e+00
<VARIANCE> 6
 3.183895e+04 2.966514e+03 2.784473e+03 1.644030e+02 1.825708e+02 3.970146e+01
<GCONST> 5.131351e+01
<STATE> 4
<MEAN> 6
 2.568411e+02 1.150873e+01 8.976156e+00 3.335381e+00 2.406681e+00 1.230912e+00
<VARIANCE> 6
 1.227972e+04 3.773002e+02 4.896420e+02 2.020128e+01 1.695522e+01 5.036456e+00
<GCONST> 4.002271e+01
<TRANSP> 5
 0.000000e+00 1.000000e+00 0.000000e+00 0.000000e+00 0.000000e+00
 0.000000e+00 8.029438e-01 1.970562e-01 0.000000e+00 0.000000e+00
 0.000000e+00 0.000000e+00 6.068105e-01 3.931895e-01 0.000000e+00
 0.000000e+00 0.000000e+00 0.000000e+00 8.141956e-01 1.858044e-01
 0.000000e+00 0.000000e+00 0.000000e+00 0.000000e+00 0.000000e+00
<ENDHMM>
~h "fp_key_5"
<BEGINHMM>
<NUMSTATES> 5
<STATE> 2
<MEAN> 6
 3.382649e+02 3.177490e+01 2.679785e+01 6.463660e+00 6.025632e+00 2.918540e+00
<VARIANCE> 6
 2.650228e+04 1.659729e+03 2.773095e+03 5.402147e+01 6.473149e+01 1.925395e+01
<GCONST> 4.767172e+01
<STATE> 3
<MEAN> 6
 3.008553e+02 5.871623e+00 1.382221e+01 1.132001e+00 2.825562e+00 5.648372e-01
<VARIANCE> 6
 3.426660e+03 5.294891e+01 5.303779e+02 6.051143e-01 1.268881e+01 2.675778e-01
<GCONST> 3.012956e+01
<STATE> 4
<MEAN> 6
 3.627764e+02 2.729631e+00 4.967279e+00 8.168494e-01 1.136179e+00 3.234068e-01
<VARIANCE> 6
 5.963974e+03 9.949142e+00 9.600301e+01 2.125097e-01 3.185083e+00 2.639059e-02
<GCONST> 2.255758e+01
<TRANSP> 5
 0.000000e+00 1.000000e+00 0.000000e+00 0.000000e+00 0.000000e+00
 0.000000e+00 2.889781e-01 7.110220e-01 0.000000e+00 0.000000e+00
 0.000000e+00 0.000000e+00 7.305070e-01 2.694931e-01 0.000000e+00
 0.000000e+00 0.000000e+00 0.000000e+00 8.547125e-01 1.452875e-01
 0.000000e+00 0.000000e+00 0.000000e+00 0.000000e+00 0.000000e+00
<ENDHMM>
