~o
<STREAMINFO> 1 6
<VECSIZE> 6<NULLD><MFCC><DIAGC>
~h "bg_board"
<BEGINHMM>
<NUMSTATES> 5
<STATE> 2
<MEAN> 6
 2.852352e+02 2.194482e+01 1.041566e+01 8.840894e+00 4.382437e+00 2.483057e+00
<VARIANCE> 6
 6.805044e+03 3.808951e+02 1.247338e+02 3.386243e+01 1.030973e+01 4.630242e+00
<GCONST> 3.800939e+01
<STATE> 3
<MEAN> 6
 3.953506e+02 7.113166e+01 1.188757e+01 1.453504e+01 4.735434e+00 2.588038e+00
<VARIANCE> 6
 2.348757e+04 4.913804e+03 1.762942e+02 7.848791e+01 2.132150e+01 8.619641e+00
<GCONST> 4.434015e+01
<STATE> 4
<MEAN> 6
 4.050884e+02 5.844754e+00 3.653758e+00 1.224689e+00 8.693990e-01 3.393823e-01
<VARIANCE> 6
 6.595762e+03 6.819969e+01 1.101360e+01 2.044600e+00 5.619789e-01 8.205173e-02
<GCONST> 2.408152e+01
<TRANSP> 5
 0.000000e+00 1.000000e+00 0.000000e+00 0.000000e+00 0.000000e+00
 0.000000e+00 9.659281e-01 3.407194e-02 0.000000e+00 0.000000e+00
 0.000000e+00 0.000000e+00 8.633561e-01 1.366439e-01 0.000000e+00
 0.000000e+00 0.000000e+00 0.000000e+00 9.699989e-01 3.000116e-02
 0.000000e+00 0.000000e+00 0.000000e+00 0.000000e+00 0.000000e+00
<ENDHMM>
