~o
<STREAMINFO> 1 6
<VECSIZE> 6<NULLD><MFCC><DIAGC>
~h "bg_board_5"
<BEGINHMM>
<NUMSTATES> 5
<STATE> 2
<MEAN> 6
 2.917508e+02 1.804380e+01 8.043616e+00 5.926558e+00 2.763748e+00 1.123365e+00
<VARIANCE> 6
 2.799968e+03 2.937022e+02 5.349859e+01 1.941917e+01 4.135932e+00 8.280249e-01
<GCONST> 3.282411e+01
<STATE> 3
<MEAN> 6
 3.171052e+02 4.063894e+01 5.712042e+00 6.297314e+00 1.423057e+00 6.954349e-01
<VARIANCE> 6
 4.773312e+03 4.446592e+03 3.173167e+01 4.392110e+01 1.224352e+00 4.351271e-01
<GCONST> 3.450796e+01
<STATE> 4
<MEAN> 6
 3.996624e+02 7.686944e+00 5.101711e+00 2.031352e+00 1.251179e+00 4.852185e-01
<VARIANCE> 6
 4.452927e+03 2.020795e+02 1.706337e+01 5.126418e+00 1.230083e+00 2.212311e-01
<GCONST> 2.790711e+01
<TRANSP> 5
 0.000000e+00 1.000000e+00 0.000000e+00 0.000000e+00 0.000000e+00
 0.000000e+00 7.937197e-01 2.062803e-01 0.000000e+00 0.000000e+00
 0.000000e+00 0.000000e+00 2.080995e-01 7.919005e-01 0.000000e+00
 0.000000e+00 0.000000e+00 0.000000e+00 8.302047e-01 1.697954e-01
 0.000000e+00 0.000000e+00 0.000000e+00 0.000000e+00 0.000000e+00
<ENDHMM>
