~o
<STREAMINFO> 1 6
<VECSIZE> 6<NULLD><MFCC><DIAGC>
~h "bg_board_3"
<BEGINHMM>
<NUMSTATES> 5
<STATE> 2
<MEAN> 6
 2.739569e+02 2.341987e+01 1.013685e+01 9.431323e+00 4.275264e+00 2.384023e+00
<VARIANCE> 6
 7.774319e+03 4.679550e+02 9.229225e+01 4.020139e+01 9.139664e+00 3.426057e+00
<GCONST> 3.779711e+01
<STATE> 3
<MEAN> 6
 3.331287e+02 4.159557e+01 7.926275e+00 9.948073e+00 3.529647e+00 1.995318e+00
<VARIANCE> 6
 9.936396e+03 2.323833e+03 5.868591e+01 7.002075e+01 1.114589e+01 4.467386e+00
<GCONST> 4.021106e+01
<STATE> 4
<MEAN> 6
 3.368446e+02 8.698492e+00 4.339588e+00 2.170054e+00 1.278433e+00 5.261642e-01
<VARIANCE> 6
 8.526068e+03 1.523602e+02 1.290967e+01 7.805681e+00 1.159766e+00 3.699947e-01
<GCONST> 2.887117e+01
<TRANSP> 5
 0.000000e+00 1.000000e+00 0.000000e+00 0.000000e+00 0.000000e+00
 0.000000e+00 7.551997e-01 2.448004e-01 0.000000e+00 0.000000e+00
 0.000000e+00 0.000000e+00 4.945908e-01 5.054092e-01 0.000000e+00
 0.000000e+00 0.000000e+00 0.000000e+00 8.315490e-01 1.684510e-01
 0.000000e+00 0.000000e+00 0.000000e+00 0.000000e+00 0.000000e+00
<ENDHMM>
