~o
<STREAMINFO> 1 6
<VECSIZE> 6<NULLD><MFCC><DIAGC>
~h "bg_board_4"
<BEGINHMM>
<NUMSTATES> 5
<STATE> 2
<MEAN> 6
 2.643022e+02 1.745821e+01 6.289419e+00 6.108292e+00 2.540060e+00 1.356224e+00
<VARIANCE> 6
 6.700559e+03 3.495355e+02 2.882440e+01 1.725714e+01 2.937393e+00 1.080498e+00
<GCONST> 3.305821e+01
<STATE> 3
<MEAN> 6
 2.750721e+02 3.509023e+01 1.021690e+01 1.000036e+01 4.438971e+00 2.418198e+00
<VARIANCE> 6
 3.929808e+03 1.596039e+03 9.699802e+01 4.453653e+01 1.455917e+01 5.300663e+00
<GCONST> 3.939594e+01
<STATE> 4
<MEAN> 6
 3.162920e+02 7.800457e+00 3.662220e+00 1.846999e+00 1.129305e+00 4.228213e-01
<VARIANCE> 6
 4.446109e+03 1.486179e+02 1.123910e+01 5.879211e+00 1.232929e+00 1.715847e-01
<GCONST> 2.706596e+01
<TRANSP> 5
 0.000000e+00 1.000000e+00 0.000000e+00 0.000000e+00 0.000000e+00
 0.000000e+00 7.277625e-01 2.722375e-01 0.000000e+00 0.000000e+00
 0.000000e+00 0.000000e+00 6.773716e-01 3.226284e-01 0.000000e+00
 0.000000e+00 0.000000e+00 0.000000e+00 8.394141e-01 1.605859e-01
 0.000000e+00 0.000000e+00 0.000000e+00 0.000000e+00 0.000000e+00
<ENDHMM>
