~o
<STREAMINFO> 1 6
<VECSIZE> 6<NULLD><MFCC><DIAGC>
~h "bg_board_0"
<BEGINHMM>
<NUMSTATES> 5
<STATE> 2
<MEAN> 6
 3.566278e+02 2.094637e+01 1.056044e+01 8.691310e+00 4.272169e+00 2.438589e+00
<VARIANCE> 6
 8.156782e+03 5.188926e+02 8.537515e+01 2.879839e+01 7.222859e+00 4.025402e+00
<GCONST> 3.746281e+01
<STATE> 3
<MEAN> 6
 3.980680e+02 4.755275e+01 1.624169e+01 1.195792e+01 6.001654e+00 2.837285e+00
<VARIANCE> 6
 2.491274e+04 4.307385e+03 5.934263e+02 7.885321e+01 3.861442e+01 9.944117e+00
<GCONST> 4.622259e+01
<STATE> 4
<MEAN> 6
 4.501680e+02 7.003396e+00 3.514588e+00 2.559015e+00 1.365821e+00 6.405239e-01
<VARIANCE> 6
 8.457487e+03 3.520714e+02 3.328673e+01 2.436703e+01 4.037035e+00 9.840233e-01
<GCONST> 3.401170e+01
<TRANSP> 5
 0.000000e+00 1.000000e+00 0.000000e+00 0.000000e+00 0.000000e+00
 0.000000e+00 7.755399e-01 2.244601e-01 0.000000e+00 0.000000e+00
 0.000000e+00 0.000000e+00 5.594979e-01 4.405021e-01 0.000000e+00
 0.000000e+00 0.000000e+00 0.000000e+00 8.104168e-01 1.895832e-01
 0.000000e+00 0.000000e+00 0.000000e+00 0.000000e+00 0.000000e+00
<ENDHMM>
