~o
<STREAMINFO> 1 6
<VECSIZE> 6<NULLD><MFCC><DIAGC>
~h "bg_board_2"
<BEGINHMM>
<NUMSTATES> 5
<STATE> 2
<MEAN> 6
 3.230648e+02 2.430242e+01 1.172729e+01 1.014546e+01 4.748232e+00 2.611564e+00
<VARIANCE> 6
 1.062785e+04 6.363882e+02 1.214383e+02 4.502530e+01 1.051351e+01 4.760198e+00
<GCONST> 3.927388e+01
<STATE> 3
<MEAN> 6
 3.641375e+02 5.481377e+01 1.262971e+01 1.262299e+01 5.105042e+00 3.521655e+00
<VARIANCE> 6
 1.677285e+04 3.281418e+03 2.100793e+02 8.452051e+01 2.208617e+01 1.451388e+01
<GCONST> 4.440535e+01
<STATE> 4
<MEAN> 6
 3.884999e+02 8.268370e+00 4.975487e+00 2.123628e+00 1.251820e+00 5.597208e-01
<VARIANCE> 6
 8.484677e+03 1.495218e+02 2.520140e+01 1.244874e+01 2.190141e+00 7.434174e-01
<GCONST> 3.131671e+01
<TRANSP> 5
 0.000000e+00 1.000000e+00 0.000000e+00 0.000000e+00 0.000000e+00
 0.000000e+00 7.409503e-01 2.590497e-01 0.000000e+00 0.000000e+00
 0.000000e+00 0.000000e+00 5.569982e-01 4.430018e-01 0.000000e+00
 0.000000e+00 0.000000e+00 0.000000e+00 8.547021e-01 1.452980e-01
 0.000000e+00 0.000000e+00 0.000000e+00 0.000000e+00 0.000000e+00
<ENDHMM>
