~o
<STREAMINFO> 1 6
<VECSIZE> 6<NULLD><MFCC><DIAGC>
~h "bg_board_1"
<BEGINHMM>
<NUMSTATES> 5
<STATE> 2
<MEAN> 6
 3.103615e+02 2.301238e+01 1.051302e+01 9.393776e+00 5.071144e+00 3.097573e+00
<VARIANCE> 6
 1.044609e+04 6.059117e+02 1.064229e+02 4.163093e+01 1.132124e+01 4.880376e+00
<GCONST> 3.909615e+01
<STATE> 3
<MEAN> 6
 4.347301e+02 6.439452e+01 1.321632e+01 1.452230e+01 5.186424e+00 3.396539e+00
<VARIANCE> 6
 2.375189e+04 4.694219e+03 2.116004e+02 1.153847e+02 2.340122e+01 1.168400e+01
<GCONST> 4.527074e+01
<STATE> 4
<MEAN> 6
 4.542721e+02 7.170939e+00 3.578960e+00 1.958974e+00 1.149000e+00 6.068652e-01
<VARIANCE> 6
 4.684240e+03 3.376329e+02 1.891155e+01 1.943523e+01 4.219667e+00 1.392135e+00
<GCONST> 3.297863e+01
<TRANSP> 5
 0.000000e+00 1.000000e+00 0.000000e+00 0.000000e+00 0.000000e+00
 0.000000e+00 7.923697e-01 2.076302e-01 0.000000e+00 0.000000e+00
 0.000000e+00 0.000000e+00 5.737025e-01 4.262976e-01 0.000000e+00
 0.000000e+00 0.000000e+00 0.000000e+00 8.287075e-01 1.712925e-01
 0.000000e+00 0.000000e+00 0.000000e+00 0.000000e+00 0.000000e+00
<ENDHMM>
