~o
<STREAMINFO> 1 6
<VECSIZE> 6<NULLD><MFCC><DIAGC>
~h "bg_dark_0_2"
<BEGINHMM>
<NUMSTATES> 5
<STATE> 2
<MEAN> 6
 1.544445e+02 2.083807e+01 1.547964e+01 6.079624e+00 5.877169e+00 2.052848e+00
<VARIANCE> 6
 2.326690e+03 4.884766e+02 2.033264e+02 1.962395e+01 1.004363e+01 1.898650e+00
<GCONST> 3.621040e+01
<STATE> 3
<MEAN> 6
 1.934305e+02 2.161280e+01 2.602482e+01 8.232553e+00 9.262078e+00 4.009269e+00
<VARIANCE> 6
 1.824337e+03 4.237895e+02 3.494023e+02 1.895309e+01 2.202728e+01 5.341753e+00
<GCONST> 3.815150e+01
<STATE> 4
<MEAN> 6
 1.897515e+02 1.054998e+01 1.013810e+01 4.319387e+00 4.181201e+00 1.849626e+00
<VARIANCE> 6
 2.327958e+03 1.179962e+02 1.035180e+02 8.464375e+00 7.900721e+00 2.169882e+00
<GCONST> 3.316790e+01
<TRANSP> 5
 0.000000e+00 1.000000e+00 0.000000e+00 0.000000e+00 0.000000e+00
 0.000000e+00 6.995709e-01 3.004291e-01 0.000000e+00 0.000000e+00
 0.000000e+00 0.000000e+00 7.710500e-01 2.289500e-01 0.000000e+00
 0.000000e+00 0.000000e+00 0.000000e+00 8.114510e-01 1.885490e-01
 0.000000e+00 0.000000e+00 0.000000e+00 0.000000e+00 0.000000e+00
<ENDHMM>
