~o
<STREAMINFO> 1 6
<VECSIZE> 6<NULLD><MFCC><DIAGC>
~h "bg_dark_0_0"
<BEGINHMM>
<NUMSTATES> 5
<STATE> 2
<MEAN> 6
 2.686844e+02 9.669814e+00 1.147427e+01 3.321250e+00 4.238684e+00 1.496066e+00
<VARIANCE> 6
 2.070277e+03 1.711184e+02 8.980354e+01 4.859598e+00 6.298778e+00 1.732328e+00
<GCONST> 3.227346e+01
<STATE> 3
<MEAN> 6
 1.957254e+02 3.225773e+01 1.844940e+01 8.126467e+00 7.410954e+00 2.995872e+00
<VARIANCE> 6
 4.158364e+03 1.070504e+03 3.283364e+02 1.452702e+01 1.933275e+01 3.390833e+00
<GCONST> 3.898895e+01
<STATE> 4
<MEAN> 6
 2.120489e+02 1.172958e+01 1.327111e+01 3.857325e+00 4.175387e+00 1.802372e+00
<VARIANCE> 6
 5.042728e+03 1.436737e+02 1.688210e+02 3.943685e+00 6.331611e+00 1.143878e+00
<GCONST> 3.300144e+01
<TRANSP> 5
 0.000000e+00 1.000000e+00 0.000000e+00 0.000000e+00 0.000000e+00
 0.000000e+00 8.319330e-01 1.680670e-01 0.000000e+00 0.000000e+00
 0.000000e+00 0.000000e+00 5.247859e-01 4.752141e-01 0.000000e+00
 0.000000e+00 0.000000e+00 0.000000e+00 7.465582e-01 2.534418e-01
 0.000000e+00 0.000000e+00 0.000000e+00 0.000000e+00 0.000000e+00
<ENDHMM>
