~o
<STREAMINFO> 1 6
<VECSIZE> 6<NULLD><MFCC><DIAGC>
~h "bg_dark_0_1"
<BEGINHMM>
<NUMSTATES> 5
<STATE> 2
<MEAN> 6
 1.898856e+02 9.269226e+00 1.113562e+01 4.064106e+00 4.023992e+00 1.708047e+00
<VARIANCE> 6
 5.652719e+03 1.109446e+02 1.316347e+02 6.300222e+00 5.039849e+00 1.538791e+00
<GCONST> 3.314517e+01
<STATE> 3
<MEAN> 6
 1.693004e+02 3.850939e+01 2.542520e+01 9.373445e+00 7.592696e+00 2.879234e+00
<VARIANCE> 6
 3.087641e+03 1.116183e+03 5.274706e+02 1.727598e+01 2.120125e+01 2.353896e+00
<GCONST> 3.910764e+01
<STATE> 4
<MEAN> 6
 1.961708e+02 1.379572e+01 1.831597e+01 5.755111e+00 6.920365e+00 2.447146e+00
<VARIANCE> 6
 3.103329e+03 1.337910e+02 2.467995e+02 1.425203e+01 2.009596e+01 2.990758e+00
<GCONST> 3.622529e+01
<TRANSP> 5
 0.000000e+00 1.000000e+00 0.000000e+00 0.000000e+00 0.000000e+00
 0.000000e+00 8.146867e-01 1.853134e-01 0.000000e+00 0.000000e+00
 0.000000e+00 0.000000e+00 5.000761e-01 4.999239e-01 0.000000e+00
 0.000000e+00 0.000000e+00 0.000000e+00 8.215380e-01 1.784621e-01
 0.000000e+00 0.000000e+00 0.000000e+00 0.000000e+00 0.000000e+00
<ENDHMM>
