~o
<STREAMINFO> 1 6
<VECSIZE> 6<NULLD><MFCC><DIAGC>
~h "bg_dark_0"
<BEGINHMM>
<NUMSTATES> 5
<STATE> 2
<MEAN> 6
 2.245989e+02 1.027838e+01 1.188162e+01 4.213977e+00 4.443324e+00 1.727522e+00
<VARIANCE> 6
 3.848985e+03 1.164853e+02 1.535958e+02 8.451915e+00 1.121676e+01 1.859365e+00
<GCONST> 3.424696e+01
<STATE> 3
<MEAN> 6
 1.850153e+02 2.304119e+01 1.973668e+01 7.337385e+00 6.970976e+00 2.956557e+00
<VARIANCE> 6
 3.368391e+03 5.644937e+02 3.393319e+02 1.780808e+01 1.965322e+01 4.200625e+00
<GCONST> 3.860549e+01
<STATE> 4
<MEAN> 6
 1.488533e+02 1.499239e+01 1.457187e+01 5.059151e+00 4.742458e+00 2.113744e+00
<VARIANCE> 6
 1.374051e+03 2.476941e+02 1.410205e+02 9.222548e+00 4.849977e+00 1.569529e+00
<GCONST> 3.296528e+01
<TRANSP> 5
 0.000000e+00 1.000000e+00 0.000000e+00 0.000000e+00 0.000000e+00
 0.000000e+00 9.635370e-01 3.646298e-02 0.000000e+00 0.000000e+00
 0.000000e+00 0.000000e+00 9.738027e-01 2.619735e-02 0.000000e+00
 0.000000e+00 0.000000e+00 0.000000e+00 7.728889e-01 2.271111e-01
 0.000000e+00 0.000000e+00 0.000000e+00 0.000000e+00 0.000000e+00
<ENDHMM>
