~o
<STREAMINFO> 1 6
<VECSIZE> 6<NULLD><MFCC><DIAGC>
~h "bg_dark_0_4"
<BEGINHMM>
<NUMSTATES> 5
<STATE> 2
<MEAN> 6
 2.311155e+02 1.359244e+01 1.391152e+01 5.070447e+00 4.912503e+00 1.912506e+00
<VARIANCE> 6
 4.543335e+03 3.101183e+02 3.815172e+02 1.008877e+01 2.881973e+01 2.761941e+00
<GCONST> 3.781821e+01
<STATE> 3
<MEAN> 6
 1.873111e+02 3.548261e+01 2.249443e+01 1.069322e+01 7.813635e+00 4.326690e+00
<VARIANCE> 6
 3.112233e+03 8.865730e+02 3.840320e+02 1.763616e+01 1.823702e+01 7.047214e+00
<GCONST> 3.953448e+01
<STATE> 4
<MEAN> 6
 1.892289e+02 1.671498e+01 2.102715e+01 6.909660e+00 7.421997e+00 2.759567e+00
<VARIANCE> 6
 2.223224e+03 1.775849e+02 2.730992e+02 9.470722e+00 1.470105e+01 2.446751e+00
<GCONST> 3.535415e+01
<TRANSP> 5
 0.000000e+00 1.000000e+00 0.000000e+00 0.000000e+00 0.000000e+00
 0.000000e+00 7.472069e-01 2.527930e-01 0.000000e+00 0.000000e+00
 0.000000e+00 0.000000e+00 7.548895e-01 2.451104e-01 0.000000e+00
 0.000000e+00 0.000000e+00 0.000000e+00 7.985659e-01 2.014342e-01
 0.000000e+00 0.000000e+00 0.000000e+00 0.000000e+00 0.000000e+00
<ENDHMM>
