~o
<STREAMINFO> 1 6
<VECSIZE> 6<NULLD><MFCC><DIAGC>
~h "bg_dark_0_5"
<BEGINHMM>
<NUMSTATES> 5
<STATE> 2
<MEAN> 6
 1.977287e+02 1.693558e+01 2.025609e+01 6.277806e+00 5.893446e+00 2.305609e+00
<VARIANCE> 6
 6.474939e+03 2.392422e+02 2.868861e+02 9.581675e+00 1.394164e+01 2.200987e+00
<GCONST> 3.662316e+01
<STATE> 3
<MEAN> 6
 2.022901e+02 3.003919e+01 2.979081e+01 9.743779e+00 8.669673e+00 3.782397e+00
<VARIANCE> 6
 2.777415e+03 4.994530e+02 4.992827e+02 2.554790e+01 2.338120e+01 3.736102e+00
<GCONST> 3.909375e+01
<STATE> 4
<MEAN> 6
 1.500481e+02 1.516858e+01 1.399325e+01 5.101436e+00 4.796741e+00 2.082968e+00
<VARIANCE> 6
 1.438437e+03 2.467319e+02 1.336618e+02 9.511899e+00 5.153885e+00 1.463849e+00
<GCONST> 3.297556e+01
<TRANSP> 5
 0.000000e+00 1.000000e+00 0.000000e+00 0.000000e+00 0.000000e+00
 0.000000e+00 7.609646e-01 2.390355e-01 0.000000e+00 0.000000e+00
 0.000000e+00 0.000000e+00 7.016526e-01 2.983474e-01 0.000000e+00
 0.000000e+00 0.000000e+00 0.000000e+00 7.760220e-01 2.239780e-01
 0.000000e+00 0.000000e+00 0.000000e+00 0.000000e+00 0.000000e+00
<ENDHMM>
