~o
<STREAMINFO> 1 6
<VECSIZE> 6<NULLD><MFCC><DIAGC>
~h "bg_dark_0_3"
<BEGINHMM>
<NUMSTATES> 5
<STATE> 2
<MEAN> 6
 1.786827e+02 1.208379e+01 1.130854e+01 5.105874e+00 5.208855e+00 2.003035e+00
<VARIANCE> 6
 1.204284e+03 1.133726e+02 1.146423e+02 8.434580e+00 9.780576e+00 1.572653e+00
<GCONST> 3.245890e+01
<STATE> 3
<MEAN> 6
 1.929720e+02 2.801901e+01 1.691374e+01 7.206776e+00 6.289035e+00 2.878306e+00
<VARIANCE> 6
 4.406501e+03 7.031672e+02 2.570038e+02 1.139055e+01 1.937766e+01 4.568319e+00
<GCONST> 3.843884e+01
<STATE> 4
<MEAN> 6
 2.292594e+02 9.261742e+00 5.209173e+00 2.944416e+00 1.857135e+00 1.065595e+00
<VARIANCE> 6
 2.595303e+03 3.173773e+02 5.519692e+01 8.589143e+00 4.282957e+00 1.978680e+00
<GCONST> 3.294730e+01
<TRANSP> 5
 0.000000e+00 1.000000e+00 0.000000e+00 0.000000e+00 0.000000e+00
 0.000000e+00 8.319041e-01 1.680959e-01 0.000000e+00 0.000000e+00
 0.000000e+00 0.000000e+00 6.904080e-01 3.095920e-01 0.000000e+00
 0.000000e+00 0.000000e+00 0.000000e+00 6.455104e-01 3.544895e-01
 0.000000e+00 0.000000e+00 0.000000e+00 0.000000e+00 0.000000e+00
<ENDHMM>
