~o
<STREAMINFO> 1 6
<VECSIZE> 6<NULLD><MFCC><DIAGC>
~h "bg_red_0_1"
<BEGINHMM>
<NUMSTATES> 5
<STATE> 2
<MEAN> 6
 4.465361e+02 1.681259e+01 3.383798e+00 3.341840e+00 3.990429e-01 3.189341e-01
<VARIANCE> 6
 5.323534e+03 1.606819e+03 1.344526e+01 5.473342e+01 4.691218e-02 2.057460e-02
<GCONST> 2.664709e+01
<STATE> 3
<MEAN> 6
 4.333318e+02 5.523798e+01 6.336722e+00 1.009437e+01 4.944270e-01 5.801682e-01
<VARIANCE> 6
 5.850717e+03 5.514017e+03 2.738741e+01 1.374883e+02 6.296732e-02 1.596912e-01
<GCONST> 3.195060e+01
<STATE> 4
<MEAN> 6
 3.786808e+02 2.612262e+00 1.506052e+00 7.340824e-01 3.651612e-01 2.373377e-01
<VARIANCE> 6
 2.657757e+02 5.458557e+00 1.378657e+00 2.909988e-01 7.467707e-02 1.579154e-02
<GCONST> 1.065091e+01
<TRANSP> 5
 0.000000e+00 1.000000e+00 0.000000e+00 0.000000e+00 0.000000e+00
 0.000000e+00 1.620480e-01 8.379520e-01 0.000000e+00 0.000000e+00
 0.000000e+00 0.000000e+00 4.775056e-01 5.224944e-01 0.000000e+00
 0.000000e+00 0.000000e+00 0.000000e+00 8.989155e-01 1.010845e-01
 0.000000e+00 0.000000e+00 0.000000e+00 0.000000e+00 0.000000e+00
<ENDHMM>
