~o
<STREAMINFO> 1 6
<VECSIZE> 6<NULLD><MFCC><DIAGC>
~h "bg_red_0_0"
<BEGINHMM>
<NUMSTATES> 5
<STATE> 2
<MEAN> 6
 4.611212e+02 7.347875e+00 4.765205e+00 2.440299e+00 1.616210e+00 7.656636e-01
<VARIANCE> 6
 7.893077e+02 5.692735e+01 2.163565e+01 3.575327e+00 2.749776e+00 5.390070e-01
<GCONST> 2.648209e+01
<STATE> 3
<MEAN> 6
 5.548029e+02 3.361480e+01 1.676392e+01 1.241957e+01 4.192836e+00 2.295822e+00
<VARIANCE> 6
 2.386834e+04 1.104233e+03 3.259875e+02 1.422408e+02 2.781755e+01 3.370683e+00
<GCONST> 4.339964e+01
<STATE> 4
<MEAN> 6
 4.310638e+02 8.390172e+00 3.155106e+00 1.876107e+00 4.949212e-01 2.912721e-01
<VARIANCE> 6
 2.033094e+03 4.704034e+02 1.117766e+01 1.558665e+01 1.046537e-01 1.788559e-02
<GCONST> 2.367764e+01
<TRANSP> 5
 0.000000e+00 1.000000e+00 0.000000e+00 0.000000e+00 0.000000e+00
 0.000000e+00 8.090456e-01 1.909544e-01 0.000000e+00 0.000000e+00
 0.000000e+00 0.000000e+00 5.249088e-01 4.750912e-01 0.000000e+00
 0.000000e+00 0.000000e+00 0.000000e+00 7.853289e-01 2.146711e-01
 0.000000e+00 0.000000e+00 0.000000e+00 0.000000e+00 0.000000e+00
<ENDHMM>
