~o
<STREAMINFO> 1 6
<VECSIZE> 6<NULLD><MFCC><DIAGC>
~h "bg_red_0_3"
<BEGINHMM>
<NUMSTATES> 5
<STATE> 2
<MEAN> 6
 2.797799e+02 1.719034e+01 1.725499e+00 3.732807e+00 4.189349e-01 3.762096e-01
<VARIANCE> 6
 1.745635e+03 2.318763e+02 1.996051e+00 1.118835e+01 5.213656e-02 1.862396e-02
<GCONST> 2.010719e+01
<STATE> 3
<MEAN> 6
 3.110843e+02 8.211851e+00 7.521217e-01 1.594675e+00 2.618871e-01 2.180035e-01
<VARIANCE> 6
 1.631530e+03 2.497985e+01 2.447392e-01 6.926980e+00 3.964794e-02 2.951465e-02
<GCONST> 1.541988e+01
<STATE> 4
<MEAN> 6
 3.095697e+02 5.704831e+00 1.351987e+00 9.048102e-01 3.660826e-01 2.517405e-01
<VARIANCE> 6
 1.002689e+03 7.625389e+00 1.222774e+00 1.171545e+00 8.956496e-02 1.576452e-02
<GCONST> 1.376585e+01
<TRANSP> 5
 0.000000e+00 1.000000e+00 0.000000e+00 0.000000e+00 0.000000e+00
 0.000000e+00 6.552140e-01 3.447860e-01 0.000000e+00 0.000000e+00
 0.000000e+00 0.000000e+00 6.301906e-05 9.999370e-01 0.000000e+00
 0.000000e+00 0.000000e+00 0.000000e+00 8.765370e-01 1.234631e-01
 0.000000e+00 0.000000e+00 0.000000e+00 0.000000e+00 0.000000e+00
<ENDHMM>
