~o
<STREAMINFO> 1 6
<VECSIZE> 6<NULLD><MFCC><DIAGC>
~h "bg_red_0_5"
<BEGINHMM>
<NUMSTATES> 5
<STATE> 2
<MEAN> 6
 3.820860e+02 1.111387e+01 3.832947e+00 4.395391e+00 7.888627e-01 4.811338e-01
<VARIANCE> 6
 3.541801e+04 1.263687e+02 7.453148e+00 1.014442e+01 3.306439e-01 1.159075e-01
<GCONST> 2.740533e+01
<STATE> 3
<MEAN> 6
 4.320041e+02 7.601415e+01 1.763144e+01 1.562774e+01 5.235039e+00 1.640853e+00
<VARIANCE> 6
 1.861657e+04 5.526682e+03 6.569841e+02 1.530507e+02 1.031954e+02 2.857336e+00
<GCONST> 4.668135e+01
<STATE> 4
<MEAN> 6
 3.288513e+02 5.389336e+00 4.979393e+00 2.192506e+00 1.393748e+00 6.789908e-01
<VARIANCE> 6
 1.112934e+03 1.370334e+01 1.824589e+01 2.465557e+00 1.625937e+00 6.851655e-01
<GCONST> 2.457401e+01
<TRANSP> 5
 0.000000e+00 1.000000e+00 0.000000e+00 0.000000e+00 0.000000e+00
 0.000000e+00 7.390312e-01 2.609688e-01 0.000000e+00 0.000000e+00
 0.000000e+00 0.000000e+00 5.253907e-01 4.746093e-01 0.000000e+00
 0.000000e+00 0.000000e+00 0.000000e+00 8.350142e-01 1.649858e-01
 0.000000e+00 0.000000e+00 0.000000e+00 0.000000e+00 0.000000e+00
<ENDHMM>
