~o
<STREAMINFO> 1 6
<VECSIZE> 6<NULLD><MFCC><DIAGC>
~h "bg_red_0_4"
<BEGINHMM>
<NUMSTATES> 5
<STATE> 2
<MEAN> 6
 2.638502e+02 1.045443e+01 2.145220e+00 3.176189e+00 5.781061e-01 3.718905e-01
<VARIANCE> 6
 6.941147e+02 6.738248e+01 3.326650e+00 7.567244e+00 1.180564e-01 2.295457e-02
<GCONST> 1.909525e+01
<STATE> 3
<MEAN> 6
 3.822704e+02 6.278840e+01 1.108009e+01 1.405630e+01 1.489647e+00 7.198703e-01
<VARIANCE> 6
 1.827287e+04 5.174542e+03 3.953366e+01 1.615848e+02 1.541281e+00 1.311257e-01
<GCONST> 3.655514e+01
<STATE> 4
<MEAN> 6
 3.225234e+02 7.240933e+00 2.320189e+00 2.487157e+00 7.564880e-01 4.363197e-01
<VARIANCE> 6
 3.943724e+03 7.334866e+01 4.373652e+00 8.731738e+00 3.055541e-01 8.949114e-02
<GCONST> 2.364569e+01
<TRANSP> 5
 0.000000e+00 1.000000e+00 0.000000e+00 0.000000e+00 0.000000e+00
 0.000000e+00 8.256813e-01 1.743187e-01 0.000000e+00 0.000000e+00
 0.000000e+00 0.000000e+00 5.336130e-01 4.663870e-01 0.000000e+00
 0.000000e+00 0.000000e+00 0.000000e+00 8.046584e-01 1.953416e-01
 0.000000e+00 0.000000e+00 0.000000e+00 0.000000e+00 0.000000e+00
<ENDHMM>
