~o
<STREAMINFO> 1 6
<VECSIZE> 6<NULLD><MFCC><DIAGC>
~h "bg_red_0"
<BEGINHMM>
<NUMSTATES> 5
<STATE> 2
<MEAN> 6
 3.914117e+02 1.103354e+01 4.439063e+00 3.694123e+00 1.312527e+00 6.913779e-01
<VARIANCE> 6
 7.175652e+03 2.734117e+02 3.303148e+01 2.955928e+01 2.579195e+00 7.170356e-01
<GCONST> 3.301540e+01
<STATE> 3
<MEAN> 6
 4.699011e+02 5.557484e+01 1.049695e+01 1.249475e+01 2.323190e+00 1.076287e+00
<VARIANCE> 6
 3.246937e+04 4.595017e+03 2.814718e+02 1.359786e+02 3.671245e+01 1.493498e+00
<GCONST> 4.440481e+01
<STATE> 4
<MEAN> 6
 3.384751e+02 5.576895e+00 2.482963e+00 1.528756e+00 6.344154e-01 3.479287e-01
<VARIANCE> 6
 2.484889e+03 3.663580e+01 9.676010e+00 3.947719e+00 5.540664e-01 1.929754e-01
<GCONST> 2.385340e+01
<TRANSP> 5
 0.000000e+00 1.000000e+00 0.000000e+00 0.000000e+00 0.000000e+00
 0.000000e+00 9.090012e-01 9.099880e-02 0.000000e+00 0.000000e+00
 0.000000e+00 0.000000e+00 8.810890e-01 1.189110e-01 0.000000e+00
 0.000000e+00 0.000000e+00 0.000000e+00 9.802377e-01 1.976238e-02
 0.000000e+00 0.000000e+00 0.000000e+00 0.000000e+00 0.000000e+00
<ENDHMM>
