~o
<STREAMINFO> 1 6
<VECSIZE> 6<NULLD><MFCC><DIAGC>
~h "bg_red_0_2"
<BEGINHMM>
<NUMSTATES> 5
<STATE> 2
<MEAN> 6
 3.550195e+02 2.518189e+00 1.375962e+00 6.856894e-01 4.280645e-01 2.188076e-01
<VARIANCE> 6
 1.308263e+02 3.269292e+00 1.213320e+00 1.677760e-01 8.292251e-02 1.159329e-02
<GCONST> 8.546764e+00
<STATE> 3
<MEAN> 6
 3.282189e+02 5.820700e+00 2.537995e+00 2.047245e+00 9.480987e-01 3.575477e-01
<VARIANCE> 6
 4.628049e+02 5.006944e+01 3.598393e+00 3.742359e+00 3.314548e-01 3.653423e-02
<GCONST> 1.926441e+01
<STATE> 4
<MEAN> 6
 3.283966e+02 5.730314e+00 1.158896e+00 8.436565e-01 2.707303e-01 2.686006e-01
<VARIANCE> 6
 4.678540e+02 8.673643e+01 8.158280e-01 8.138090e-01 2.247621e-02 1.985401e-02
<GCONST> 1.351406e+01
<TRANSP> 5
 0.000000e+00 1.000000e+00 0.000000e+00 0.000000e+00 0.000000e+00
 0.000000e+00 8.530426e-01 1.469574e-01 0.000000e+00 0.000000e+00
 0.000000e+00 0.000000e+00 6.865047e-01 3.134954e-01 0.000000e+00
 0.000000e+00 0.000000e+00 0.000000e+00 6.672731e-01 3.327269e-01
 0.000000e+00 0.000000e+00 0.000000e+00 0.000000e+00 0.000000e+00
<ENDHMM>
