~o
<STREAMINFO> 1 6
<VECSIZE> 6<NULLD><MFCC><DIAGC>
~h "bg_white_0_1"
<BEGINHMM>
<NUMSTATES> 5
<STATE> 2
<MEAN> 6
 7.450236e+02 1.719605e+01 5.782709e+00 7.154188e+00 4.318032e+00 3.324705e+00
<VARIANCE> 6
 1.284319e+04 8.021309e+02 9.368899e+01 7.849595e+01 3.927246e+01 2.189191e+01
<GCONST> 4.283477e+01
<STATE> 3
<MEAN> 6
 7.110507e+02 5.259939e+01 1.750571e+01 1.744290e+01 1.403030e+01 1.000969e+01
<VARIANCE> 6
 3.444801e+03 1.606628e+03 3.110536e+02 1.059527e+02 1.006593e+02 4.017523e+01
<GCONST> 4.526173e+01
<STATE> 4
<MEAN> 6
 7.802581e+02 7.474459e+00 3.090133e+00 3.321939e+00 2.689479e+00 2.087975e+00
<VARIANCE> 6
 1.148423e+03 3.387570e+02 4.159738e+01 2.968122e+01 2.895021e+01 1.176882e+01
<GCONST> 3.684827e+01
<TRANSP> 5
 0.000000e+00 1.000000e+00 0.000000e+00 0.000000e+00 0.000000e+00
 0.000000e+00 5.875782e-01 4.124218e-01 0.000000e+00 0.000000e+00
 0.000000e+00 0.000000e+00 7.557089e-01 2.442911e-01 0.000000e+00
 0.000000e+00 0.000000e+00 0.000000e+00 8.457223e-01 1.542777e-01
 0.000000e+00 0.000000e+00 0.000000e+00 0.000000e+00 0.000000e+00
<ENDHMM>
