~o
<STREAMINFO> 1 6
<VECSIZE> 6<NULLD><MFCC><DIAGC>
~h "bg_white_0_0"
<BEGINHMM>
<NUMSTATES> 5
<STATE> 2
<MEAN> 6
 6.424938e+02 3.704806e+00 9.542606e+00 1.257555e+00 3.094139e+00 4.457603e-01
<VARIANCE> 6
 3.809004e+04 6.540446e+01 9.540295e+02 6.544646e+00 4.959026e+01 2.801764e-01
<GCONST> 3.712636e+01
<STATE> 3
<MEAN> 6
 6.510385e+02 3.492781e+01 4.125509e+01 1.035024e+01 1.457298e+01 4.589817e+00
<VARIANCE> 6
 2.510029e+04 3.411196e+03 2.921569e+03 1.504213e+02 1.587943e+02 3.334158e+01
<GCONST> 5.086045e+01
<STATE> 4
<MEAN> 6
 7.826290e+02 5.861104e+00 2.636343e+00 2.503606e+00 1.661419e+00 1.201050e+00
<VARIANCE> 6
 9.033325e+02 3.180419e+02 2.900650e+01 3.561332e+01 1.501278e+01 8.891522e+00
<GCONST> 3.542977e+01
<TRANSP> 5
 0.000000e+00 1.000000e+00 0.000000e+00 0.000000e+00 0.000000e+00
 0.000000e+00 6.945117e-01 3.054883e-01 0.000000e+00 0.000000e+00
 0.000000e+00 0.000000e+00 3.416182e-01 6.583818e-01 0.000000e+00
 0.000000e+00 0.000000e+00 0.000000e+00 8.612590e-01 1.387410e-01
 0.000000e+00 0.000000e+00 0.000000e+00 0.000000e+00 0.000000e+00
<ENDHMM>
