~o
<STREAMINFO> 1 6
<VECSIZE> 6<NULLD><MFCC><DIAGC>
~h "bg_white_0_2"
<BEGINHMM>
<NUMSTATES> 5
<STATE> 2
<MEAN> 6
 7.754778e+02 9.679701e+00 3.971826e+00 4.090288e+00 3.290369e+00 2.551356e+00
<VARIANCE> 6
 1.032245e+03 3.179213e+02 5.140619e+01 3.128340e+01 3.086536e+01 1.422602e+01
<GCONST> 3.719611e+01
<STATE> 3
<MEAN> 6
 7.107134e+02 5.107320e+01 1.947220e+01 1.731222e+01 1.428651e+01 9.897995e+00
<VARIANCE> 6
 3.246691e+03 1.335659e+03 4.280514e+02 9.371943e+01 1.011621e+02 3.954196e+01
<GCONST> 4.520347e+01
<STATE> 4
<MEAN> 6
 6.749958e+02 4.130997e+01 6.798001e+00 1.155653e+01 5.711544e+00 3.624350e+00
<VARIANCE> 6
 2.796472e+04 3.044574e+03 1.016038e+02 1.698474e+02 6.281870e+01 2.073444e+01
<GCONST> 4.621511e+01
<TRANSP> 5
 0.000000e+00 1.000000e+00 0.000000e+00 0.000000e+00 0.000000e+00
 0.000000e+00 8.582382e-01 1.417618e-01 0.000000e+00 0.000000e+00
 0.000000e+00 0.000000e+00 7.534316e-01 2.465684e-01 0.000000e+00
 0.000000e+00 0.000000e+00 0.000000e+00 4.709685e-01 5.290316e-01
 0.000000e+00 0.000000e+00 0.000000e+00 0.000000e+00 0.000000e+00
<ENDHMM>
