~o
<STREAMINFO> 1 6
<VECSIZE> 6<NULLD><MFCC><DIAGC>
~h "bg_white_0_5"
<BEGINHMM>
<NUMSTATES> 5
<STATE> 2
<MEAN> 6
 7.558295e+02 5.014220e+00 2.840895e+00 2.204359e+00 2.211094e+00 1.558954e+00
<VARIANCE> 6
 1.236644e+03 2.579137e+02 2.910894e+01 2.625266e+01 2.394709e+01 1.006727e+01
<GCONST> 3.582399e+01
<STATE> 3
<MEAN> 6
 6.733254e+02 3.980004e+01 3.638868e+01 1.148625e+01 1.230620e+01 5.236496e+00
<VARIANCE> 6
 1.348867e+04 1.929731e+03 3.700890e+03 1.083025e+02 1.375645e+02 3.504825e+01
<GCONST> 4.948408e+01
<STATE> 4
<MEAN> 6
 7.262194e+02 1.918579e+00 8.092729e+00 5.580034e-01 2.331393e+00 2.688657e-01
<VARIANCE> 6
 1.962869e+04 2.287088e+01 8.260846e+02 1.826651e+00 3.753108e+01 1.151111e-01
<GCONST> 3.282437e+01
<TRANSP> 5
 0.000000e+00 1.000000e+00 0.000000e+00 0.000000e+00 0.000000e+00
 0.000000e+00 7.574628e-01 2.425372e-01 0.000000e+00 0.000000e+00
 0.000000e+00 0.000000e+00 4.796166e-01 5.203834e-01 0.000000e+00
 0.000000e+00 0.000000e+00 0.000000e+00 8.320813e-01 1.679187e-01
 0.000000e+00 0.000000e+00 0.000000e+00 0.000000e+00 0.000000e+00
<ENDHMM>
