~o
<STREAMINFO> 1 6
<VECSIZE> 6<NULLD><MFCC><DIAGC>
~h "bg_white_0_4"
<BEGINHMM>
<NUMSTATES> 5
<STATE> 2
<MEAN> 6
 7.486705e+02 2.204731e+01 6.949188e+00 8.872454e+00 5.151424e+00 3.867554e+00
<VARIANCE> 6
 2.488663e+03 8.948980e+02 1.182522e+02 7.097755e+01 3.944431e+01 1.663585e+01
<GCONST> 4.116511e+01
<STATE> 3
<MEAN> 6
 6.993514e+02 4.823631e+01 1.686572e+01 1.559787e+01 1.159838e+01 8.530294e+00
<VARIANCE> 6
 7.806010e+03 1.710317e+03 3.814530e+02 1.144539e+02 8.947769e+01 4.497194e+01
<GCONST> 4.641853e+01
<STATE> 4
<MEAN> 6
 7.707578e+02 4.114624e+00 2.069718e+00 1.886168e+00 1.783339e+00 1.354047e+00
<VARIANCE> 6
 9.257469e+02 1.522881e+02 1.970750e+01 1.675305e+01 1.643723e+01 7.119654e+00
<GCONST> 3.344563e+01
<TRANSP> 5
 0.000000e+00 1.000000e+00 0.000000e+00 0.000000e+00 0.000000e+00
 0.000000e+00 5.321683e-01 4.678317e-01 0.000000e+00 0.000000e+00
 0.000000e+00 0.000000e+00 7.184375e-01 2.815625e-01 0.000000e+00
 0.000000e+00 0.000000e+00 0.000000e+00 8.632174e-01 1.367826e-01
 0.000000e+00 0.000000e+00 0.000000e+00 0.000000e+00 0.000000e+00
<ENDHMM>
