~o
<STREAMINFO> 1 6
<VECSIZE> 6<NULLD><MFCC><DIAGC>
~h "bg_white_0_3"
<BEGINHMM>
<NUMSTATES> 5
<STATE> 2
<MEAN> 6
 6.993047e+02 3.338150e+01 6.808605e+00 1.084462e+01 6.254775e+00 3.955219e+00
<VARIANCE> 6
 2.041819e+04 2.094107e+03 9.252994e+01 1.485447e+02 6.150576e+01 2.069944e+01
<GCONST> 4.527598e+01
<STATE> 3
<MEAN> 6
 7.151025e+02 3.994012e+01 1.837591e+01 1.533527e+01 1.380186e+01 1.018071e+01
<VARIANCE> 6
 2.991758e+03 1.261918e+03 3.513445e+02 9.807853e+01 8.497530e+01 3.938490e+01
<GCONST> 4.473455e+01
<STATE> 4
<MEAN> 6
 7.711109e+02 8.367573e+00 3.827991e+00 3.901125e+00 2.891963e+00 2.187771e+00
<VARIANCE> 6
 1.119964e+03 3.334435e+02 5.224017e+01 3.087592e+01 2.096934e+01 9.120274e+00
<GCONST> 3.649717e+01
<TRANSP> 5
 0.000000e+00 1.000000e+00 0.000000e+00 0.000000e+00 0.000000e+00
 0.000000e+00 5.306031e-01 4.693969e-01 0.000000e+00 0.000000e+00
 0.000000e+00 0.000000e+00 7.635436e-01 2.364565e-01 0.000000e+00
 0.000000e+00 0.000000e+00 0.000000e+00 8.227108e-01 1.772893e-01
 0.000000e+00 0.000000e+00 0.000000e+00 0.000000e+00 0.000000e+00
<ENDHMM>
