~o
<STREAMINFO> 1 6
<VECSIZE> 6<NULLD><MFCC><DIAGC>
~h "bg_white_0"
<BEGINHMM>
<NUMSTATES> 5
<STATE> 2
<MEAN> 6
 7.558758e+02 3.265806e+00 5.489120e+00 1.450825e+00 2.237617e+00 9.679098e-01
<VARIANCE> 6
 1.109985e+04 3.042844e+01 4.786905e+02 4.885699e+00 2.854378e+01 2.454204e+00
<GCONST> 3.576394e+01
<STATE> 3
<MEAN> 6
 7.192196e+02 3.745931e+01 1.298999e+01 1.318004e+01 9.871467e+00 7.128497e+00
<VARIANCE> 6
 8.371658e+03 1.665789e+03 2.786998e+02 1.095229e+02 8.907179e+01 3.857242e+01
<GCONST> 4.594617e+01
<STATE> 4
<MEAN> 6
 7.553002e+02 1.677605e+00 6.100741e+00 6.663536e-01 1.663667e+00 4.104110e-01
<VARIANCE> 6
 7.456146e+03 1.030470e+01 7.263733e+02 1.124996e+00 2.574848e+01 5.310745e-01
<GCONST> 3.159802e+01
<TRANSP> 5
 0.000000e+00 1.000000e+00 0.000000e+00 0.000000e+00 0.000000e+00
 0.000000e+00 9.486758e-01 5.132419e-02 0.000000e+00 0.000000e+00
 0.000000e+00 0.000000e+00 9.684413e-01 3.155867e-02 0.000000e+00
 0.000000e+00 0.000000e+00 0.000000e+00 9.468905e-01 5.310953e-02
 0.000000e+00 0.000000e+00 0.000000e+00 0.000000e+00 0.000000e+00
<ENDHMM>
