~o
<STREAMINFO> 1 6
<VECSIZE> 6<NULLD><MFCC><DIAGC>
~h "fp_key"
<BEGINHMM>
<NUMSTATES> 5
<STATE> 2
<MEAN> 6
 3.268328e+02 5.059779e+00 4.899655e+00 1.450514e+00 1.127083e+00 5.310870e-01
<VARIANCE> 6
 7.189105e+03 5.004996e+01 2.568488e+01 3.478348e+00 2.303774e+00 5.089165e-01
<GCONST> 2.847215e+01
<STATE> 3
<MEAN> 6
 5.237923e+02 4.696066e+01 2.009793e+01 1.374514e+01 7.005220e+00 2.964830e+00
<VARIANCE> 6
 2.605104e+04 2.203716e+03 1.044765e+03 1.386225e+02 1.072292e+02 1.617501e+01
<GCONST> 4.823471e+01
<STATE> 4
<MEAN> 6
 3.629068e+02 2.744346e+00 4.737020e+00 6.454002e-01 9.999388e-01 3.807241e-01
<VARIANCE> 6
 1.095562e+04 5.181859e+00 2.184606e+01 1.753778e-01 1.371317e+00 3.220263e-02
<GCONST> 2.019731e+01
<TRANSP> 5
 0.000000e+00 1.000000e+00 0.000000e+00 0.000000e+00 0.000000e+00
 0.000000e+00 9.363654e-01 6.363466e-02 0.000000e+00 0.000000e+00
 0.000000e+00 0.000000e+00 9.697479e-01 3.025209e-02 0.000000e+00
 0.000000e+00 0.000000e+00 0.000000e+00 9.528962e-01 4.710377e-02
 0.000000e+00 0.000000e+00 0.000000e+00 0.000000e+00 0.000000e+00
<ENDHMM>
