~o
<STREAMINFO> 1 6
<VECSIZE> 6<NULLD><MFCC><DIAGC>
~h "fp_key_2"
<BEGINHMM>
<NUMSTATES> 5
<STATE> 2
<MEAN> 6
 4.658345e+02 1.192152e+01 8.825427e+00 4.076371e+00 2.215068e+00 1.031589e+00
<VARIANCE> 6
 1.917905e+04 4.139625e+02 8.084748e+01 3.531012e+01 1.457904e+01 2.885689e+00
<GCONST> 3.861069e+01
<STATE> 3
<MEAN> 6
 5.208354e+02 5.359193e+01 4.079202e+01 1.972685e+01 1.471301e+01 6.658497e+00
<VARIANCE> 6
 2.582521e+04 1.659505e+03 2.106376e+03 1.768484e+02 2.039461e+02 4.435030e+01
<GCONST> 5.053864e+01
<STATE> 4
<MEAN> 6
 5.241367e+02 7.662436e+01 1.921850e+01 1.427542e+01 4.990167e+00 2.230400e+00
<VARIANCE> 6
 1.921646e+04 2.412747e+03 7.902464e+02 7.269477e+01 5.003131e+01 5.977592e+00
<GCONST> 4.533858e+01
<TRANSP> 5
 0.000000e+00 1.000000e+00 0.000000e+00 0.000000e+00 0.000000e+00
 0.000000e+00 8.681499e-01 1.318501e-01 0.000000e+00 0.000000e+00
 0.000000e+00 0.000000e+00 5.647123e-01 4.352877e-01 0.000000e+00
 0.000000e+00 0.000000e+00 0.000000e+00 6.793122e-01 3.206879e-01
 0.000000e+00 0.000000e+00 0.000000e+00 0.000000e+00 0.000000e+00
<ENDHMM>
