~o
<STREAMINFO> 1 6
<VECSIZE> 6<NULLD><MFCC><DIAGC>
~h "fp_key_5"
<BEGINHMM>
<NUMSTATES> 5
<STATE> 2
<MEAN> 6
 3.135100e+02 3.024382e+00 5.289937e+00 5.548602e-01 1.282834e+00 4.085863e-01
<VARIANCE> 6
 5.073598e+03 6.033912e+00 1.801765e+01 7.181445e-02 1.501889e+00 3.095514e-02
<GCONST> 1.854565e+01
<STATE> 3
<MEAN> 6
 3.118815e+02 4.206440e+00 8.971065e+00 9.823743e-01 2.554649e+00 5.345682e-01
<VARIANCE> 6
 4.675328e+03 1.439140e+01 7.977697e+01 5.748928e-01 8.041776e+00 8.107010e-02
<GCONST> 2.554182e+01
<STATE> 4
<MEAN> 6
 4.660273e+02 2.451082e+00 4.953738e+00 4.199211e-01 6.843681e-01 3.818885e-01
<VARIANCE> 6
 5.649131e+03 3.007271e+00 9.229614e+00 4.679693e-02 1.121231e-01 2.653597e-02
<GCONST> 1.411062e+01
<TRANSP> 5
 0.000000e+00 1.000000e+00 0.000000e+00 0.000000e+00 0.000000e+00
 0.000000e+00 6.386311e-01 3.613689e-01 0.000000e+00 0.000000e+00
 0.000000e+00 0.000000e+00 6.377987e-01 3.622014e-01 0.000000e+00
 0.000000e+00 0.000000e+00 0.000000e+00 8.454847e-01 1.545153e-01
 0.000000e+00 0.000000e+00 0.000000e+00 0.000000e+00 0.000000e+00
<ENDHMM>
