~o
<STREAMINFO> 1 6
<VECSIZE> 6<NULLD><MFCC><DIAGC>
~h "fp_key_3"
<BEGINHMM>
<NUMSTATES> 5
<STATE> 2
<MEAN> 6
 4.483232e+02 6.975517e+01 1.479157e+01 1.516865e+01 4.664028e+00 1.859739e+00
<VARIANCE> 6
 2.069829e+04 2.837410e+03 5.969150e+02 1.219438e+02 4.617876e+01 4.977325e+00
<GCONST> 4.554847e+01
<STATE> 3
<MEAN> 6
 4.723023e+02 5.383368e+01 4.223786e+01 1.965788e+01 1.610729e+01 5.211551e+00
<VARIANCE> 6
 1.876666e+04 1.805192e+03 2.858262e+03 1.578632e+02 2.659996e+02 2.805530e+01
<GCONST> 5.030289e+01
<STATE> 4
<MEAN> 6
 3.019095e+02 9.932571e+00 4.777929e+00 3.576964e+00 2.364995e+00 1.290802e+00
<VARIANCE> 6
 7.724164e+03 5.538096e+02 8.559150e+01 4.202413e+01 3.629036e+01 4.262126e+00
<GCONST> 3.952534e+01
<TRANSP> 5
 0.000000e+00 1.000000e+00 0.000000e+00 0.000000e+00 0.000000e+00
 0.000000e+00 7.179723e-01 2.820278e-01 0.000000e+00 0.000000e+00
 0.000000e+00 0.000000e+00 5.916962e-01 4.083038e-01 0.000000e+00
 0.000000e+00 0.000000e+00 0.000000e+00 8.334748e-01 1.665253e-01
 0.000000e+00 0.000000e+00 0.000000e+00 0.000000e+00 0.000000e+00
<ENDHMM>
