~o
<STREAMINFO> 1 6
<VECSIZE> 6<NULLD><MFCC><DIAGC>
~h "fp_key_4"
<BEGINHMM>
<NUMSTATES> 5
<STATE> 2
<MEAN> 6
 4.378100e+02 4.522067e+01 8.762278e+00 1.302432e+01 3.923297e+00 2.120018e+00
<VARIANCE> 6
 2.311565e+04 2.308349e+03 1.561399e+02 1.036881e+02 5.396138e+01 5.701701e+00
<GCONST> 4.424099e+01
<STATE> 3
<MEAN> 6
 4.105846e+02 4.528224e+01 3.873204e+01 1.643606e+01 1.599299e+01 7.190251e+00
<VARIANCE> 6
 1.626062e+04 2.538469e+03 2.015013e+03 1.765734e+02 1.921701e+02 3.708008e+01
<GCONST> 5.021666e+01
<STATE> 4
<MEAN> 6
 3.000374e+02 2.695657e+00 2.706458e+00 7.122463e-01 7.850634e-01 3.735203e-01
<VARIANCE> 6
 4.474355e+03 6.807801e+00 7.500566e+00 2.093944e-01 5.630840e-01 2.619776e-02
<GCONST> 1.758649e+01
<TRANSP> 5
 0.000000e+00 1.000000e+00 0.000000e+00 0.000000e+00 0.000000e+00
 0.000000e+00 7.473137e-01 2.526863e-01 0.000000e+00 0.000000e+00
 0.000000e+00 0.000000e+00 5.697867e-01 4.302134e-01 0.000000e+00
 0.000000e+00 0.000000e+00 0.000000e+00 8.511483e-01 1.488517e-01
 0.000000e+00 0.000000e+00 0.000000e+00 0.000000e+00 0.000000e+00
<ENDHMM>
