~o
<STREAMINFO> 1 6
<VECSIZE> 6<NULLD><MFCC><DIAGC>
~h "fp_key_1"
<BEGINHMM>
<NUMSTATES> 5
<STATE> 2
<MEAN> 6
 5.343278e+02 3.962488e+01 1.808646e+01 1.090620e+01 5.919664e+00 2.337936e+00
<VARIANCE> 6
 1.377685e+04 1.910238e+03 6.837073e+02 1.199049e+02 6.596898e+01 9.206231e+00
<GCONST> 4.583628e+01
<STATE> 3
<MEAN> 6
 7.040835e+02 4.884946e+01 1.811055e+01 1.725028e+01 5.431404e+00 2.385232e+00
<VARIANCE> 6
 2.627889e+04 1.445364e+03 7.696405e+02 1.447340e+02 6.023137e+01 1.061516e+01
<GCONST> 4.656120e+01
<STATE> 4
<MEAN> 6
 5.431951e+02 1.363062e+01 8.421296e+00 4.156460e+00 2.292698e+00 9.293661e-01
<VARIANCE> 6
 1.166043e+04 3.605584e+02 7.302618e+01 3.647155e+01 1.325836e+01 2.196029e+00
<GCONST> 3.753750e+01
<TRANSP> 5
 0.000000e+00 1.000000e+00 0.000000e+00 0.000000e+00 0.000000e+00
 0.000000e+00 5.125180e-01 4.874820e-01 0.000000e+00 0.000000e+00
 0.000000e+00 0.000000e+00 7.264020e-01 2.735980e-01 0.000000e+00
 0.000000e+00 0.000000e+00 0.000000e+00 8.628944e-01 1.371057e-01
 0.000000e+00 0.000000e+00 0.000000e+00 0.000000e+00 0.000000e+00
<ENDHMM>
