~o
<STREAMINFO> 1 6
<VECSIZE> 6<NULLD><MFCC><DIAGC>
~h "fp_key_0"
<BEGINHMM>
<NUMSTATES> 5
<STATE> 2
<MEAN> 6
 2.908692e+02 3.156025e+00 4.223811e+00 1.005280e+00 9.664249e-01 4.631026e-01
<VARIANCE> 6
 1.243912e+03 4.229844e+01 1.710625e+01 2.865992e+00 1.179597e+00 3.876676e-01
<GCONST> 2.500795e+01
<STATE> 3
<MEAN> 6
 4.358549e+02 4.037369e+01 5.397434e+01 1.296310e+01 1.580770e+01 5.144186e+00
<VARIANCE> 6
 1.182169e+04 1.732973e+03 2.972738e+03 1.172976e+02 1.962582e+02 1.730712e+01
<GCONST> 4.875505e+01
<STATE> 4
<MEAN> 6
 5.339837e+02 6.000164e+01 1.400447e+01 1.718313e+01 5.131586e+00 2.184046e+00
<VARIANCE> 6
 2.753078e+04 2.906603e+03 4.159843e+02 1.864948e+02 4.123209e+01 6.689389e+00
<GCONST> 4.610386e+01
<TRANSP> 5
 0.000000e+00 1.000000e+00 0.000000e+00 0.000000e+00 0.000000e+00
 0.000000e+00 8.674237e-01 1.325763e-01 0.000000e+00 0.000000e+00
 0.000000e+00 0.000000e+00 4.877112e-02 9.512289e-01 0.000000e+00
 0.000000e+00 0.000000e+00 0.000000e+00 7.063920e-01 2.936080e-01
 0.000000e+00 0.000000e+00 0.000000e+00 0.000000e+00 0.000000e+00
<ENDHMM>
