~o
<STREAMINFO> 1 6
<VECSIZE> 6<NULLD><MFCC><DIAGC>
~h "fp_logo_1"
<BEGINHMM>
<NUMSTATES> 5
<STATE> 2
<MEAN> 6
 2.432816e+02 1.139052e+01 2.562448e+00 2.892398e+00 9.143474e-01 4.201297e-01
<VARIANCE> 6
 4.889694e+03 3.991424e+02 6.995195e+00 2.721727e+01 8.202785e-01 1.440053e-01
<GCONST> 2.862453e+01
<STATE> 3
<MEAN> 6
 4.577442e+02 9.933581e+01 6.810572e+00 1.997450e+01 2.554577e+00 1.246102e+00
<VARIANCE> 6
 5.909832e+04 9.711358e+03 7.005239e+01 3.723874e+02 7.669639e+00 1.782192e+00
<GCONST> 4.397956e+01
<STATE> 4
<MEAN> 6
 3.309705e+02 4.745573e+01 4.044194e+01 1.415002e+01 1.134183e+01 6.244734e+00
<VARIANCE> 6
 1.546483e+04 3.248225e+03 2.159617e+03 2.323748e+02 2.069926e+02 6.963657e+01
<GCONST> 5.146146e+01
<TRANSP> 5
 0.000000e+00 1.000000e+00 0.000000e+00 0.000000e+00 0.000000e+00
 0.000000e+00 8.999949e-01 1.000051e-01 0.000000e+00 0.000000e+00
 0.000000e+00 0.000000e+00 4.168341e-01 5.831658e-01 0.000000e+00
 0.000000e+00 0.000000e+00 0.000000e+00 2.222350e-01 7.777649e-01
 0.000000e+00 0.000000e+00 0.000000e+00 0.000000e+00 0.000000e+00
<ENDHMM>
