~o
<STREAMINFO> 1 6
<VECSIZE> 6<NULLD><MFCC><DIAGC>
~h "fp_logo_3"
<BEGINHMM>
<NUMSTATES> 5
<STATE> 2
<MEAN> 6
 2.810832e+02 2.526604e+01 2.663518e+00 9.872521e+00 1.854521e+00 2.706420e+00
<VARIANCE> 6
 9.907055e+03 2.559313e+03 3.584720e+00 3.266657e+02 4.701277e+00 2.602989e+01
<GCONST> 3.994846e+01
<STATE> 3
<MEAN> 6
 3.733355e+02 9.325542e+01 9.179543e+00 1.302087e+01 2.461053e+00 1.288173e+00
<VARIANCE> 6
 2.606166e+04 1.126869e+04 7.172266e+02 1.692093e+02 1.583470e+01 4.373265e+00
<GCONST> 4.646951e+01
<STATE> 4
<MEAN> 6
 2.494691e+02 8.118453e+00 2.163553e+00 1.390950e+00 7.279820e-01 3.574666e-01
<VARIANCE> 6
 3.696804e+03 4.429651e+02 2.698128e+00 4.987624e+00 1.892308e-01 3.263172e-02
<GCONST> 2.284824e+01
<TRANSP> 5
 0.000000e+00 1.000000e+00 0.000000e+00 0.000000e+00 0.000000e+00
 0.000000e+00 2.603794e-01 7.396206e-01 0.000000e+00 0.000000e+00
 0.000000e+00 0.000000e+00 4.815386e-01 5.184614e-01 0.000000e+00
 0.000000e+00 0.000000e+00 0.000000e+00 8.853102e-01 1.146898e-01
 0.000000e+00 0.000000e+00 0.000000e+00 0.000000e+00 0.000000e+00
<ENDHMM>
