~o
<STREAMINFO> 1 6
<VECSIZE> 6<NULLD><MFCC><DIAGC>
~h "fp_logo_4"
<BEGINHMM>
<NUMSTATES> 5
<STATE> 2
<MEAN> 6
 2.697862e+02 2.085303e+01 4.490194e+00 4.681603e+00 2.017848e+00 1.038566e+00
<VARIANCE> 6
 4.947208e+03 1.551363e+03 1.623522e+01 2.632509e+01 2.765136e+00 6.503146e-01
<GCONST> 3.352523e+01
<STATE> 3
<MEAN> 6
 3.336000e+02 5.808441e+01 1.075192e+01 7.232419e+00 2.269152e+00 7.170731e-01
<VARIANCE> 6
 1.667022e+04 9.214672e+03 2.733129e+02 9.424669e+01 5.827849e+00 2.718866e-01
<GCONST> 4.049401e+01
<STATE> 4
<MEAN> 6
 2.651324e+02 4.389298e+00 2.260214e+00 7.295102e-01 7.315781e-01 3.722920e-01
<VARIANCE> 6
 2.214944e+03 3.620716e+01 3.659302e+00 2.948541e-01 5.513709e-01 3.777011e-02
<GCONST> 1.852391e+01
<TRANSP> 5
 0.000000e+00 1.000000e+00 0.000000e+00 0.000000e+00 0.000000e+00
 0.000000e+00 5.744535e-01 4.255465e-01 0.000000e+00 0.000000e+00
 0.000000e+00 0.000000e+00 4.174924e-01 5.825076e-01 0.000000e+00
 0.000000e+00 0.000000e+00 0.000000e+00 8.880601e-01 1.119399e-01
 0.000000e+00 0.000000e+00 0.000000e+00 0.000000e+00 0.000000e+00
<ENDHMM>
