~o
<STREAMINFO> 1 6
<VECSIZE> 6<NULLD><MFCC><DIAGC>
~h "fp_logo_0"
<BEGINHMM>
<NUMSTATES> 5
<STATE> 2
<MEAN> 6
 2.039863e+02 4.614909e+00 2.359250e+00 1.373195e+00 6.922724e-01 4.074485e-01
<VARIANCE> 6
 2.346538e+03 1.756413e+01 4.064013e+00 6.429116e+00 2.938452e-01 1.670602e-01
<GCONST> 2.190272e+01
<STATE> 3
<MEAN> 6
 3.047616e+02 3.373883e+01 1.424083e+01 1.262475e+01 3.474210e+00 1.463747e+00
<VARIANCE> 6
 3.266424e+04 2.771027e+03 8.158690e+02 2.497792e+02 1.723962e+01 2.396700e+00
<GCONST> 4.529440e+01
<STATE> 4
<MEAN> 6
 2.756916e+02 2.538545e+01 3.660301e+00 6.798645e+00 1.566353e+00 6.018700e-01
<VARIANCE> 6
 1.081669e+04 1.257742e+03 1.901265e+01 8.718320e+01 3.536660e+00 2.856967e-01
<GCONST> 3.487666e+01
<TRANSP> 5
 0.000000e+00 1.000000e+00 0.000000e+00 0.000000e+00 0.000000e+00
 0.000000e+00 8.737381e-01 1.262619e-01 0.000000e+00 0.000000e+00
 0.000000e+00 0.000000e+00 5.080606e-01 4.919394e-01 0.000000e+00
 0.000000e+00 0.000000e+00 0.000000e+00 5.115241e-01 4.884759e-01
 0.000000e+00 0.000000e+00 0.000000e+00 0.000000e+00 0.000000e+00
<ENDHMM>
