~o
<STREAMINFO> 1 6
<VECSIZE> 6<NULLD><MFCC><DIAGC>
~h "fp_logo_5"
<BEGINHMM>
<NUMSTATES> 5
<STATE> 2
<MEAN> 6
 3.072628e+02 4.037936e+00 2.694813e+00 7.385064e-01 7.814267e-01 3.881219e-01
<VARIANCE> 6
 2.485414e+03 2.479436e+01 2.773720e+00 3.270535e-01 5.990434e-01 5.244645e-02
<GCONST> 1.849825e+01
<STATE> 3
<MEAN> 6
 3.098804e+02 9.051165e+00 1.756393e+01 1.883632e+00 6.021843e+00 5.010903e-01
<VARIANCE> 6
 2.806962e+03 9.908979e+01 1.369265e+02 4.582294e+00 1.791985e+01 7.780392e-02
<GCONST> 3.033714e+01
<STATE> 4
<MEAN> 6
 3.354212e+02 3.898933e+00 1.503487e+01 8.341215e-01 5.154938e+00 5.121194e-01
<VARIANCE> 6
 3.567491e+03 1.085588e+01 1.453994e+02 5.643805e-01 2.121877e+01 5.441182e-02
<GCONST> 2.614276e+01
<TRANSP> 5
 0.000000e+00 1.000000e+00 0.000000e+00 0.000000e+00 0.000000e+00
 0.000000e+00 8.489746e-01 1.510254e-01 0.000000e+00 0.000000e+00
 0.000000e+00 0.000000e+00 4.423652e-01 5.576348e-01 0.000000e+00
 0.000000e+00 0.000000e+00 0.000000e+00 7.210840e-01 2.789160e-01
 0.000000e+00 0.000000e+00 0.000000e+00 0.000000e+00 0.000000e+00
<ENDHMM>
