~o
<STREAMINFO> 1 6
<VECSIZE> 6<NULLD><MFCC><DIAGC>
~h "fp_logo_2"
<BEGINHMM>
<NUMSTATES> 5
<STATE> 2
<MEAN> 6
 3.376424e+02 3.797043e+01 3.127382e+01 9.777932e+00 1.107077e+01 3.897674e+00
<VARIANCE> 6
 1.939143e+04 3.136958e+03 2.392691e+03 1.774516e+02 2.635780e+02 4.767430e+01
<GCONST> 5.134847e+01
<STATE> 3
<MEAN> 6
 3.923793e+02 7.738255e+01 4.670047e+01 2.015168e+01 1.626097e+01 7.555017e+00
<VARIANCE> 6
 2.081133e+04 5.996838e+03 3.009389e+03 2.636974e+02 2.876669e+02 6.266625e+01
<GCONST> 5.305343e+01
<STATE> 4
<MEAN> 6
 2.712251e+02 1.332656e+01 2.277448e+00 3.386263e+00 8.669176e-01 8.359259e-01
<VARIANCE> 6
 5.425725e+03 6.178317e+02 3.142257e+00 6.977150e+01 9.935120e-01 5.770267e+00
<GCONST> 3.318876e+01
<TRANSP> 5
 0.000000e+00 1.000000e+00 0.000000e+00 0.000000e+00 0.000000e+00
 0.000000e+00 5.959464e-06 9.999940e-01 0.000000e+00 0.000000e+00
 0.000000e+00 0.000000e+00 7.703984e-01 2.296016e-01 0.000000e+00
 0.000000e+00 0.000000e+00 0.000000e+00 8.691891e-01 1.308109e-01
 0.000000e+00 0.000000e+00 0.000000e+00 0.000000e+00 0.000000e+00
<ENDHMM>
