~o
<STREAMINFO> 1 6
<VECSIZE> 6<NULLD><MFCC><DIAGC>
~h "fp_logo"
<BEGINHMM>
<NUMSTATES> 5
<STATE> 2
<MEAN> 6
 2.437864e+02 1.405213e+01 3.426538e+00 3.316052e+00 1.206342e+00 6.082385e-01
<VARIANCE> 6
 3.091041e+03 2.236178e+02 1.730573e+01 1.780205e+01 1.453715e+00 4.633383e-01
<GCONST> 2.980864e+01
<STATE> 3
<MEAN> 6
 4.371656e+02 1.028472e+02 3.598243e+01 2.275118e+01 1.166166e+01 5.654462e+00
<VARIANCE> 6
 3.319263e+04 8.618951e+03 2.342231e+03 2.818701e+02 2.054204e+02 5.105416e+01
<GCONST> 5.315731e+01
<STATE> 4
<MEAN> 6
 2.717176e+02 3.235631e+00 4.007432e+00 7.690399e-01 1.292267e+00 3.545127e-01
<VARIANCE> 6
 4.353104e+03 5.487046e+00 4.037872e+01 2.502641e-01 5.594687e+00 3.199077e-02
<GCONST> 2.170087e+01
<TRANSP> 5
 0.000000e+00 1.000000e+00 0.000000e+00 0.000000e+00 0.000000e+00
 0.000000e+00 9.624816e-01 3.751843e-02 0.000000e+00 0.000000e+00
 0.000000e+00 0.000000e+00 8.861623e-01 1.138377e-01 0.000000e+00
 0.000000e+00 0.000000e+00 0.000000e+00 9.710665e-01 2.893352e-02
 0.000000e+00 0.000000e+00 0.000000e+00 0.000000e+00 0.000000e+00
<ENDHMM>
