~o
<STREAMINFO> 1 6
<VECSIZE> 6<NULLD><MFCC><DIAGC>
~h "fp_screen_4"
<BEGINHMM>
<NUMSTATES> 5
<STATE> 2
<MEAN> 6
 4.173520e+02 1.955639e+01 6.770121e+00 3.757279e+00 2.025916e+00 8.431647e-01
<VARIANCE> 6
 3.884210e+03 6.840504e+02 1.195747e+02 2.758322e+01 2.771398e+01 2.456350e+00
<GCONST> 3.814174e+01
<STATE> 3
<MEAN> 6
 5.123881e+02 4.042242e+01 3.156466e+01 9.080855e+00 7.899753e+00 4.071363e+00
<VARIANCE> 6
 2.960282e+04 3.518403e+03 1.906870e+03 1.339608e+02 8.838594e+01 2.374095e+01
<GCONST> 4.958833e+01
<STATE> 4
<MEAN> 6
 3.708064e+02 2.142429e+00 5.748830e+00 6.722929e-01 1.187543e+00 3.960812e-01
<VARIANCE> 6
 1.864497e+03 3.841503e+00 4.924767e+01 3.295676e-01 1.045810e+00 4.705161e-02
<GCONST> 1.967904e+01
<TRANSP> 5
 0.000000e+00 1.000000e+00 0.000000e+00 0.000000e+00 0.000000e+00
 0.000000e+00 5.785677e-01 4.214323e-01 0.000000e+00 0.000000e+00
 0.000000e+00 0.000000e+00 3.444864e-01 6.555136e-01 0.000000e+00
 0.000000e+00 0.000000e+00 0.000000e+00 8.901294e-01 1.098706e-01
 0.000000e+00 0.000000e+00 0.000000e+00 0.000000e+00 0.000000e+00
<ENDHMM>
