~o
<STREAMINFO> 1 6
<VECSIZE> 6<NULLD><MFCC><DIAGC>
~h "fp_screen_3"
<BEGINHMM>
<NUMSTATES> 5
<STATE> 2
<MEAN> 6
 5.407759e+02 4.429243e+01 8.926410e+00 1.236036e+01 3.528704e+00 1.954271e+00
<VARIANCE> 6
 8.255140e+03 1.231487e+03 4.669762e+02 9.489352e+01 4.388045e+01 8.807458e+00
<GCONST> 4.381793e+01
<STATE> 3
<MEAN> 6
 6.391439e+02 7.562180e+01 1.933787e+01 1.546294e+01 9.958694e+00 5.564003e+00
<VARIANCE> 6
 1.988521e+04 4.183756e+03 7.467278e+02 9.903631e+01 8.444302e+01 2.327777e+01
<GCONST> 4.805872e+01
<STATE> 4
<MEAN> 6
 4.610767e+02 8.809501e+00 3.921958e+00 2.245510e+00 1.200693e+00 5.713185e-01
<VARIANCE> 6
 3.097237e+03 1.877151e+02 3.491742e+01 9.953145e+00 9.346539e+00 9.676759e-01
<GCONST> 3.235347e+01
<TRANSP> 5
 0.000000e+00 1.000000e+00 0.000000e+00 0.000000e+00 0.000000e+00
 0.000000e+00 5.890790e-01 4.109210e-01 0.000000e+00 0.000000e+00
 0.000000e+00 0.000000e+00 5.146894e-01 4.853106e-01 0.000000e+00
 0.000000e+00 0.000000e+00 0.000000e+00 8.667715e-01 1.332284e-01
 0.000000e+00 0.000000e+00 0.000000e+00 0.000000e+00 0.000000e+00
<ENDHMM>
