~o
<STREAMINFO> 1 6
<VECSIZE> 6<NULLD><MFCC><DIAGC>
~h "fp_screen_2"
<BEGINHMM>
<NUMSTATES> 5
<STATE> 2
<MEAN> 6
 5.114540e+02 6.993000e+00 1.427085e+01 2.112977e+00 2.448064e+00 3.599383e-01
<VARIANCE> 6
 6.428814e+03 1.779125e+02 6.418566e+02 2.094614e+01 1.087697e+01 2.706740e-02
<GCONST> 3.326064e+01
<STATE> 3
<MEAN> 6
 6.260332e+02 4.292894e+01 2.388755e+01 2.208115e+01 8.570190e+00 3.959232e+00
<VARIANCE> 6
 2.234026e+04 1.284442e+03 1.210962e+03 2.350405e+02 1.076769e+02 1.754106e+01
<GCONST> 4.830209e+01
<STATE> 4
<MEAN> 6
 5.591755e+02 2.152995e+01 8.461487e+00 8.931441e+00 3.564312e+00 2.119460e+00
<VARIANCE> 6
 7.947313e+03 4.993324e+02 4.348604e+02 7.843900e+01 3.736037e+01 7.127117e+00
<GCONST> 4.224298e+01
<TRANSP> 5
 0.000000e+00 1.000000e+00 0.000000e+00 0.000000e+00 0.000000e+00
 0.000000e+00 8.621834e-01 1.378166e-01 0.000000e+00 0.000000e+00
 0.000000e+00 0.000000e+00 6.515905e-01 3.484096e-01 0.000000e+00
 0.000000e+00 0.000000e+00 0.000000e+00 6.520280e-01 3.479720e-01
 0.000000e+00 0.000000e+00 0.000000e+00 0.000000e+00 0.000000e+00
<ENDHMM>
