~o
<STREAMINFO> 1 6
<VECSIZE> 6<NULLD><MFCC><DIAGC>
~h "fp_screen_1"
<BEGINHMM>
<NUMSTATES> 5
<STATE> 2
<MEAN> 6
 5.229440e+02 2.329401e+01 2.823851e+00 5.860962e+00 1.227705e+00 5.714135e-01
<VARIANCE> 6
 9.402280e+03 9.201699e+02 8.787925e+00 5.071943e+01 2.451078e+00 5.017864e-01
<GCONST> 3.330716e+01
<STATE> 3
<MEAN> 6
 6.581693e+02 4.798384e+01 2.208854e+01 1.206143e+01 6.569205e+00 5.223850e+00
<VARIANCE> 6
 1.896262e+04 1.838574e+03 8.819225e+02 1.041094e+02 4.503264e+01 2.891115e+01
<GCONST> 4.699340e+01
<STATE> 4
<MEAN> 6
 5.947269e+02 6.305697e+00 2.117887e+00 1.808084e+00 6.019935e-01 3.103481e-01
<VARIANCE> 6
 2.418318e+03 1.651275e+02 2.775677e+00 2.065749e+01 1.261927e-01 1.962948e-02
<GCONST> 2.197311e+01
<TRANSP> 5
 0.000000e+00 1.000000e+00 0.000000e+00 0.000000e+00 0.000000e+00
 0.000000e+00 7.285094e-01 2.714907e-01 0.000000e+00 0.000000e+00
 0.000000e+00 0.000000e+00 5.787710e-01 4.212290e-01 0.000000e+00
 0.000000e+00 0.000000e+00 0.000000e+00 8.559623e-01 1.440377e-01
 0.000000e+00 0.000000e+00 0.000000e+00 0.000000e+00 0.000000e+00
<ENDHMM>
