~o
<STREAMINFO> 1 6
<VECSIZE> 6<NULLD><MFCC><DIAGC>
~h "fp_screen_0"
<BEGINHMM>
<NUMSTATES> 5
<STATE> 2
<MEAN> 6
 2.305930e+02 2.833405e+00 8.214828e+00 8.767223e-01 2.320691e+00 3.631741e-01
<VARIANCE> 6
 1.231685e+03 7.215446e+00 1.280316e+02 3.392331e-01 1.089324e+01 4.639851e-02
<GCONST> 2.320849e+01
<STATE> 3
<MEAN> 6
 4.494047e+02 2.226646e+01 4.792908e+01 5.623108e+00 1.094398e+01 2.225522e+00
<VARIANCE> 6
 2.358018e+04 1.105966e+03 1.553888e+03 5.837110e+01 3.558339e+01 1.154329e+01
<GCONST> 4.553722e+01
<STATE> 4
<MEAN> 6
 5.273575e+02 1.717478e+01 4.105110e+00 5.760112e+00 1.378686e+00 6.641113e-01
<VARIANCE> 6
 1.815347e+04 8.074926e+02 1.591533e+01 9.054572e+01 3.794187e+00 7.312533e-01
<GCONST> 3.582142e+01
<TRANSP> 5
 0.000000e+00 1.000000e+00 0.000000e+00 0.000000e+00 0.000000e+00
 0.000000e+00 8.840103e-01 1.159897e-01 0.000000e+00 0.000000e+00
 0.000000e+00 0.000000e+00 3.256214e-01 6.743786e-01 0.000000e+00
 0.000000e+00 0.000000e+00 0.000000e+00 4.724903e-01 5.275097e-01
 0.000000e+00 0.000000e+00 0.000000e+00 0.000000e+00 0.000000e+00
<ENDHMM>
