~o
<STREAMINFO> 1 6
<VECSIZE> 6<NULLD><MFCC><DIAGC>
~h "fp_screen_5"
<BEGINHMM>
<NUMSTATES> 5
<STATE> 2
<MEAN> 6
 4.181520e+02 1.372574e+00 2.518995e+00 4.575840e-01 5.232297e-01 3.873992e-01
<VARIANCE> 6
 4.372614e+02 1.192130e+00 2.464993e+00 5.854033e-02 6.758860e-02 3.123120e-02
<GCONST> 9.187031e+00
<STATE> 3
<MEAN> 6
 4.892370e+02 1.248486e+00 4.534700e+00 3.281763e-01 5.635546e-01 3.219360e-01
<VARIANCE> 6
 1.161196e+03 9.907043e-01 3.305898e+00 1.935424e-02 5.868991e-02 2.698489e-02
<GCONST> 8.878031e+00
<STATE> 4
<MEAN> 6
 5.226360e+02 2.182393e+00 1.117630e+01 4.606891e-01 2.324025e+00 4.105450e-01
<VARIANCE> 6
 4.147297e+03 2.071464e+00 7.716576e+01 4.600383e-02 5.552614e+00 2.518668e-02
<GCONST> 1.938548e+01
<TRANSP> 5
 0.000000e+00 1.000000e+00 0.000000e+00 0.000000e+00 0.000000e+00
 0.000000e+00 7.562693e-01 2.437308e-01 0.000000e+00 0.000000e+00
 0.000000e+00 0.000000e+00 7.918492e-01 2.081508e-01 0.000000e+00
 0.000000e+00 0.000000e+00 0.000000e+00 6.766791e-01 3.233209e-01
 0.000000e+00 0.000000e+00 0.000000e+00 0.000000e+00 0.000000e+00
<ENDHMM>
