~o
<STREAMINFO> 1 6
<VECSIZE> 6<NULLD><MFCC><DIAGC>
~h "fp_screen"
<BEGINHMM>
<NUMSTATES> 5
<STATE> 2
<MEAN> 6
 4.097887e+02 8.764133e+00 8.263919e+00 2.432767e+00 2.111686e+00 5.150001e-01
<VARIANCE> 6
 2.729657e+04 1.259824e+02 2.783728e+02 1.225641e+01 1.125461e+01 3.951105e-01
<GCONST> 3.570512e+01
<STATE> 3
<MEAN> 6
 5.959001e+02 4.999297e+01 2.075054e+01 1.459803e+01 6.835071e+00 3.709748e+00
<VARIANCE> 6
 1.884545e+04 2.216117e+03 1.030155e+03 1.483002e+02 7.240102e+01 1.982150e+01
<GCONST> 4.778049e+01
<STATE> 4
<MEAN> 6
 4.554366e+02 2.110289e+00 5.630175e+00 6.442252e-01 1.125174e+00 3.676941e-01
<VARIANCE> 6
 6.394151e+03 4.983543e+00 8.432952e+01 2.843835e-01 2.372752e+00 3.931101e-02
<GCONST> 2.220164e+01
<TRANSP> 5
 0.000000e+00 1.000000e+00 0.000000e+00 0.000000e+00 0.000000e+00
 0.000000e+00 9.574749e-01 4.252513e-02 0.000000e+00 0.000000e+00
 0.000000e+00 0.000000e+00 9.283025e-01 7.169756e-02 0.000000e+00
 0.000000e+00 0.000000e+00 0.000000e+00 9.692658e-01 3.073422e-02
 0.000000e+00 0.000000e+00 0.000000e+00 0.000000e+00 0.000000e+00
<ENDHMM>
