~o
<STREAMINFO> 1 6
<VECSIZE> 6<NULLD><MFCC><DIAGC>
~h "bg_red_0"
<BEGINHMM>
<NUMSTATES> 5
<STATE> 2
<MEAN> 6
 3.914117e+02 1.103354e+01 4.439063e+00 3.694123e+00 1.312527e+00 6.913779e-01
<VARIANCE> 6
 7.175652e+03 2.734117e+02 3.303148e+01 2.955928e+01 2.579195e+00 7.170356e-01
<GCONST> 3.301540e+01
<STATE> 3
<MEAN> 6
 4.699011e+02 5.557484e+01 1.049695e+01 1.249475e+01 2.323190e+00 1.076287e+00
<VARIANCE> 6
 3.246937e+04 4.595017e+03 2.814718e+02 1.359786e+02 3.671245e+01 1.493498e+00
<GCONST> 4.440481e+01
<STATE> 4
<MEAN> 6
 3.384751e+02 5.576895e+00 2.482963e+00 1.528756e+00 6.344154e-01 3.479287e-01
<VARIANCE> 6
 2.484889e+03 3.663580e+01 9.676010e+00 3.947719e+00 5.540664e-01 1.929754e-01
<GCONST> 2.385340e+01
<TRANSP> 5
 0.000000e+00 1.000000e+00 0.000000e+00 0.000000e+00 0.000000e+00
 0.000000e+00 9.090012e-01 9.099880e-02 0.000000e+00 0.000000e+00
 0.000000e+00 0.000000e+00 8.810890e-01 1.189110e-01 0.000000e+00
 0.000000e+00 0.000000e+00 0.000000e+00 9.802377e-01 1.976238e-02
 0.000000e+00 0.000000e+00 0.000000e+00 0.000000e+00 0.000000e+00
<ENDHMM>
~h "bg_red_0_0"
<BEGINHMM>
<NUMSTATES> 5
<STATE> 2
<MEAN> 6
 4.611212e+02 7.347875e+00 4.765205e+00 2.440299e+00 1.616210e+00 7.656636e-01
<VARIANCE> 6
 7.893077e+02 5.692735e+01 2.163565e+01 3.575327e+00 2.749776e+00 5.390070e-01
<GCONST> 2.648209e+01
<STATE> 3
<MEAN> 6
 5.548029e+02 3.361480e+01 1.676392e+01 1.241957e+01 4.192836e+00 2.295822e+00
<VARIANCE> 6
 2.386834e+04 1.104233e+03 3.259875e+02 1.422408e+02 2.781755e+01 3.370683e+00
<GCONST> 4.339964e+01
<STATE> 4
<MEAN> 6
 4.310638e+02 8.390172e+00 3.155106e+00 1.876107e+00 4.949212e-01 2.912721e-01
<VARIANCE> 6
 2.033094e+03 4.704034e+02 1.117766e+01 1.558665e+01 1.046537e-01 1.788559e-02
<GCONST> 2.367764e+01
<TRANSP> 5
 0.000000e+00 1.000000e+00 0.000000e+00 0.000000e+00 0.000000e+00
 0.000000e+00 8.090456e-01 1.909544e-01 0.000000e+00 0.000000e+00
 0.000000e+00 0.000000e+00 5.249088e-01 4.750912e-01 0.000000e+00
 0.000000e+00 0.000000e+00 0.000000e+00 7.853289e-01 2.146711e-01
 0.000000e+00 0.000000e+00 0.000000e+00 0.000000e+00 0.000000e+00
<ENDHMM>
~h "bg_red_0_1"
<BEGINHMM>
<NUMSTATES> 5
<STATE> 2
<MEAN> 6
 4.465361e+02 1.681259e+01 3.383798e+00 3.341840e+00 3.990429e-01 3.189341e-01
<VARIANCE> 6
 5.323534e+03 1.606819e+03 1.344526e+01 5.473342e+01 4.691218e-02 2.057460e-02
<GCONST> 2.664709e+01
<STATE> 3
<MEAN> 6
 4.333318e+02 5.523798e+01 6.336722e+00 1.009437e+01 4.944270e-01 5.801682e-01
<VARIANCE> 6
 5.850717e+03 5.514017e+03 2.738741e+01 1.374883e+02 6.296732e-02 1.596912e-01
<GCONST> 3.195060e+01
<STATE> 4
<MEAN> 6
 3.786808e+02 2.612262e+00 1.506052e+00 7.340824e-01 3.651612e-01 2.373377e-01
<VARIANCE> 6
 2.657757e+02 5.458557e+00 1.378657e+00 2.909988e-01 7.467707e-02 1.579154e-02
<GCONST> 1.065091e+01
<TRANSP> 5
 0.000000e+00 1.000000e+00 0.000000e+00 0.000000e+00 0.000000e+00
 0.000000e+00 1.620480e-01 8.379520e-01 0.000000e+00 0.000000e+00
 0.000000e+00 0.000000e+00 4.775056e-01 5.224944e-01 0.000000e+00
 0.000000e+00 0.000000e+00 0.000000e+00 8.989155e-01 1.010845e-01
 0.000000e+00 0.000000e+00 0.000000e+00 0.000000e+00 0.000000e+00
<ENDHMM>
~h "bg_red_0_2"
<BEGINHMM>
<NUMSTATES> 5
<STATE> 2
<MEAN> 6
 3.550195e+02 2.518189e+00 1.375962e+00 6.856894e-01 4.280645e-01 2.188076e-01
<VARIANCE> 6
 1.308263e+02 3.269292e+00 1.213320e+00 1.677760e-01 8.292251e-02 1.159329e-02
<GCONST> 8.546764e+00
<STATE> 3
<MEAN> 6
 3.282189e+02 5.820700e+00 2.537995e+00 2.047245e+00 9.480987e-01 3.575477e-01
<VARIANCE> 6
 4.628049e+02 5.006944e+01 3.598393e+00 3.742359e+00 3.314548e-01 3.653423e-02
<GCONST> 1.926441e+01
<STATE> 4
<MEAN> 6
 3.283966e+02 5.730314e+00 1.158896e+00 8.436565e-01 2.707303e-01 2.686006e-01
<VARIANCE> 6
 4.678540e+02 8.673643e+01 8.158280e-01 8.138090e-01 2.247621e-02 1.985401e-02
<GCONST> 1.351406e+01
<TRANSP> 5
 0.000000e+00 1.000000e+00 0.000000e+00 0.000000e+00 0.000000e+00
 0.000000e+00 8.530426e-01 1.469574e-01 0.000000e+00 0.000000e+00
 0.000000e+00 0.000000e+00 6.865047e-01 3.134954e-01 0.000000e+00
 0.000000e+00 0.000000e+00 0.000000e+00 6.672731e-01 3.327269e-01
 0.000000e+00 0.000000e+00 0.000000e+00 0.000000e+00 0.000000e+00
<ENDHMM>
~h "bg_red_0_3"
<BEGINHMM>
<NUMSTATES> 5
<STATE> 2
<MEAN> 6
 2.797799e+02 1.719034e+01 1.725499e+00 3.732807e+00 4.189349e-01 3.762096e-01
<VARIANCE> 6
 1.745635e+03 2.318763e+02 1.996051e+00 1.118835e+01 5.213656e-02 1.862396e-02
<GCONST> 2.010719e+01
<STATE> 3
<MEAN> 6
 3.110843e+02 8.211851e+00 7.521217e-01 1.594675e+00 2.618871e-01 2.180035e-01
<VARIANCE> 6
 1.631530e+03 2.497985e+01 2.447392e-01 6.926980e+00 3.964794e-02 2.951465e-02
<GCONST> 1.541988e+01
<STATE> 4
<MEAN> 6
 3.095697e+02 5.704831e+00 1.351987e+00 9.048102e-01 3.660826e-01 2.517405e-01
<VARIANCE> 6
 1.002689e+03 7.625389e+00 1.222774e+00 1.171545e+00 8.956496e-02 1.576452e-02
<GCONST> 1.376585e+01
<TRANSP> 5
 0.000000e+00 1.000000e+00 0.000000e+00 0.000000e+00 0.000000e+00
 0.000000e+00 6.552140e-01 3.447860e-01 0.000000e+00 0.000000e+00
 0.000000e+00 0.000000e+00 6.301906e-05 9.999370e-01 0.000000e+00
 0.000000e+00 0.000000e+00 0.000000e+00 8.765370e-01 1.234631e-01
 0.000000e+00 0.000000e+00 0.000000e+00 0.000000e+00 0.000000e+00
<ENDHMM>
~h "bg_red_0_4"
<BEGINHMM>
<NUMSTATES> 5
<STATE> 2
<MEAN> 6
 2.638502e+02 1.045443e+01 2.145220e+00 3.176189e+00 5.781061e-01 3.718905e-01
<VARIANCE> 6
 6.941147e+02 6.738248e+01 3.326650e+00 7.567244e+00 1.180564e-01 2.295457e-02
<GCONST> 1.909525e+01
<STATE> 3
<MEAN> 6
 3.822704e+02 6.278840e+01 1.108009e+01 1.405630e+01 1.489647e+00 7.198703e-01
<VARIANCE> 6
 1.827287e+04 5.174542e+03 3.953366e+01 1.615848e+02 1.541281e+00 1.311257e-01
<GCONST> 3.655514e+01
<STATE> 4
<MEAN> 6
 3.225234e+02 7.240933e+00 2.320189e+00 2.487157e+00 7.564880e-01 4.363197e-01
<VARIANCE> 6
 3.943724e+03 7.334866e+01 4.373652e+00 8.731738e+00 3.055541e-01 8.949114e-02
<GCONST> 2.364569e+01
<TRANSP> 5
 0.000000e+00 1.000000e+00 0.000000e+00 0.000000e+00 0.000000e+00
 0.000000e+00 8.256813e-01 1.743187e-01 0.000000e+00 0.000000e+00
 0.000000e+00 0.000000e+00 5.336130e-01 4.663870e-01 0.000000e+00
 0.000000e+00 0.000000e+00 0.000000e+00 8.046584e-01 1.953416e-01
 0.000000e+00 0.000000e+00 0.000000e+00 0.000000e+00 0.000000e+00
<ENDHMM>
~h "bg_red_0_5"
<BEGINHMM>
<NUMSTATES> 5
<STATE> 2
<MEAN> 6
 3.820860e+02 1.111387e+01 3.832947e+00 4.395391e+00 7.888627e-01 4.811338e-01
<VARIANCE> 6
 3.541801e+04 1.263687e+02 7.453148e+00 1.014442e+01 3.306439e-01 1.159075e-01
<GCONST> 2.740533e+01
<STATE> 3
<MEAN> 6
 4.320041e+02 7.601415e+01 1.763144e+01 1.562774e+01 5.235039e+00 1.640853e+00
<VARIANCE> 6
 1.861657e+04 5.526682e+03 6.569841e+02 1.530507e+02 1.031954e+02 2.857336e+00
<GCONST> 4.668135e+01
<STATE> 4
<MEAN> 6
 3.288513e+02 5.389336e+00 4.979393e+00 2.192506e+00 1.393748e+00 6.789908e-01
<VARIANCE> 6
 1.112934e+03 1.370334e+01 1.824589e+01 2.465557e+00 1.625937e+00 6.851655e-01
<GCONST> 2.457401e+01
<TRANSP> 5
 0.000000e+00 1.000000e+00 0.000000e+00 0.000000e+00 0.000000e+00
 0.000000e+00 7.390312e-01 2.609688e-01 0.000000e+00 0.000000e+00
 0.000000e+00 0.000000e+00 5.253907e-01 4.746093e-01 0.000000e+00
 0.000000e+00 0.000000e+00 0.000000e+00 8.350142e-01 1.649858e-01
 0.000000e+00 0.000000e+00 0.000000e+00 0.000000e+00 0.000000e+00
<ENDHMM>
~h "bg_dark_0"
<BEGINHMM>
<NUMSTATES> 5
<STATE> 2
<MEAN> 6
 2.245989e+02 1.027838e+01 1.188162e+01 4.213977e+00 4.443324e+00 1.727522e+00
<VARIANCE> 6
 3.848985e+03 1.164853e+02 1.535958e+02 8.451915e+00 1.121676e+01 1.859365e+00
<GCONST> 3.424696e+01
<STATE> 3
<MEAN> 6
 1.850153e+02 2.304119e+01 1.973668e+01 7.337385e+00 6.970976e+00 2.956557e+00
<VARIANCE> 6
 3.368391e+03 5.644937e+02 3.393319e+02 1.780808e+01 1.965322e+01 4.200625e+00
<GCONST> 3.860549e+01
<STATE> 4
<MEAN> 6
 1.488533e+02 1.499239e+01 1.457187e+01 5.059151e+00 4.742458e+00 2.113744e+00
<VARIANCE> 6
 1.374051e+03 2.476941e+02 1.410205e+02 9.222548e+00 4.849977e+00 1.569529e+00
<GCONST> 3.296528e+01
<TRANSP> 5
 0.000000e+00 1.000000e+00 0.000000e+00 0.000000e+00 0.000000e+00
 0.000000e+00 9.635370e-01 3.646298e-02 0.000000e+00 0.000000e+00
 0.000000e+00 0.000000e+00 9.738027e-01 2.619735e-02 0.000000e+00
 0.000000e+00 0.000000e+00 0.000000e+00 7.728889e-01 2.271111e-01
 0.000000e+00 0.000000e+00 0.000000e+00 0.000000e+00 0.000000e+00
<ENDHMM>
~h "bg_dark_0_0"
<BEGINHMM>
<NUMSTATES> 5
<STATE> 2
<MEAN> 6
 2.686844e+02 9.669814e+00 1.147427e+01 3.321250e+00 4.238684e+00 1.496066e+00
<VARIANCE> 6
 2.070277e+03 1.711184e+02 8.980354e+01 4.859598e+00 6.298778e+00 1.732328e+00
<GCONST> 3.227346e+01
<STATE> 3
<MEAN> 6
 1.957254e+02 3.225773e+01 1.844940e+01 8.126467e+00 7.410954e+00 2.995872e+00
<VARIANCE> 6
 4.158364e+03 1.070504e+03 3.283364e+02 1.452702e+01 1.933275e+01 3.390833e+00
<GCONST> 3.898895e+01
<STATE> 4
<MEAN> 6
 2.120489e+02 1.172958e+01 1.327111e+01 3.857325e+00 4.175387e+00 1.802372e+00
<VARIANCE> 6
 5.042728e+03 1.436737e+02 1.688210e+02 3.943685e+00 6.331611e+00 1.143878e+00
<GCONST> 3.300144e+01
<TRANSP> 5
 0.000000e+00 1.000000e+00 0.000000e+00 0.000000e+00 0.000000e+00
 0.000000e+00 8.319330e-01 1.680670e-01 0.000000e+00 0.000000e+00
 0.000000e+00 0.000000e+00 5.247859e-01 4.752141e-01 0.000000e+00
 0.000000e+00 0.000000e+00 0.000000e+00 7.465582e-01 2.534418e-01
 0.000000e+00 0.000000e+00 0.000000e+00 0.000000e+00 0.000000e+00
<ENDHMM>
~h "bg_dark_0_1"
<BEGINHMM>
<NUMSTATES> 5
<STATE> 2
<MEAN> 6
 1.898856e+02 9.269226e+00 1.113562e+01 4.064106e+00 4.023992e+00 1.708047e+00
<VARIANCE> 6
 5.652719e+03 1.109446e+02 1.316347e+02 6.300222e+00 5.039849e+00 1.538791e+00
<GCONST> 3.314517e+01
<STATE> 3
<MEAN> 6
 1.693004e+02 3.850939e+01 2.542520e+01 9.373445e+00 7.592696e+00 2.879234e+00
<VARIANCE> 6
 3.087641e+03 1.116183e+03 5.274706e+02 1.727598e+01 2.120125e+01 2.353896e+00
<GCONST> 3.910764e+01
<STATE> 4
<MEAN> 6
 1.961708e+02 1.379572e+01 1.831597e+01 5.755111e+00 6.920365e+00 2.447146e+00
<VARIANCE> 6
 3.103329e+03 1.337910e+02 2.467995e+02 1.425203e+01 2.009596e+01 2.990758e+00
<GCONST> 3.622529e+01
<TRANSP> 5
 0.000000e+00 1.000000e+00 0.000000e+00 0.000000e+00 0.000000e+00
 0.000000e+00 8.146867e-01 1.853134e-01 0.000000e+00 0.000000e+00
 0.000000e+00 0.000000e+00 5.000761e-01 4.999239e-01 0.000000e+00
 0.000000e+00 0.000000e+00 0.000000e+00 8.215380e-01 1.784621e-01
 0.000000e+00 0.000000e+00 0.000000e+00 0.000000e+00 0.000000e+00
<ENDHMM>
~h "bg_dark_0_2"
<BEGINHMM>
<NUMSTATES> 5
<STATE> 2
<MEAN> 6
 1.544445e+02 2.083807e+01 1.547964e+01 6.079624e+00 5.877169e+00 2.052848e+00
<VARIANCE> 6
 2.326690e+03 4.884766e+02 2.033264e+02 1.962395e+01 1.004363e+01 1.898650e+00
<GCONST> 3.621040e+01
<STATE> 3
<MEAN> 6
 1.934305e+02 2.161280e+01 2.602482e+01 8.232553e+00 9.262078e+00 4.009269e+00
<VARIANCE> 6
 1.824337e+03 4.237895e+02 3.494023e+02 1.895309e+01 2.202728e+01 5.341753e+00
<GCONST> 3.815150e+01
<STATE> 4
<MEAN> 6
 1.897515e+02 1.054998e+01 1.013810e+01 4.319387e+00 4.181201e+00 1.849626e+00
<VARIANCE> 6
 2.327958e+03 1.179962e+02 1.035180e+02 8.464375e+00 7.900721e+00 2.169882e+00
<GCONST> 3.316790e+01
<TRANSP> 5
 0.000000e+00 1.000000e+00 0.000000e+00 0.000000e+00 0.000000e+00
 0.000000e+00 6.995709e-01 3.004291e-01 0.000000e+00 0.000000e+00
 0.000000e+00 0.000000e+00 7.710500e-01 2.289500e-01 0.000000e+00
 0.000000e+00 0.000000e+00 0.000000e+00 8.114510e-01 1.885490e-01
 0.000000e+00 0.000000e+00 0.000000e+00 0.000000e+00 0.000000e+00
<ENDHMM>
~h "bg_dark_0_3"
<BEGINHMM>
<NUMSTATES> 5
<STATE> 2
<MEAN> 6
 1.786827e+02 1.208379e+01 1.130854e+01 5.105874e+00 5.208855e+00 2.003035e+00
<VARIANCE> 6
 1.204284e+03 1.133726e+02 1.146423e+02 8.434580e+00 9.780576e+00 1.572653e+00
<GCONST> 3.245890e+01
<STATE> 3
<MEAN> 6
 1.929720e+02 2.801901e+01 1.691374e+01 7.206776e+00 6.289035e+00 2.878306e+00
<VARIANCE> 6
 4.406501e+03 7.031672e+02 2.570038e+02 1.139055e+01 1.937766e+01 4.568319e+00
<GCONST> 3.843884e+01
<STATE> 4
<MEAN> 6
 2.292594e+02 9.261742e+00 5.209173e+00 2.944416e+00 1.857135e+00 1.065595e+00
<VARIANCE> 6
 2.595303e+03 3.173773e+02 5.519692e+01 8.589143e+00 4.282957e+00 1.978680e+00
<GCONST> 3.294730e+01
<TRANSP> 5
 0.000000e+00 1.000000e+00 0.000000e+00 0.000000e+00 0.000000e+00
 0.000000e+00 8.319041e-01 1.680959e-01 0.000000e+00 0.000000e+00
 0.000000e+00 0.000000e+00 6.904080e-01 3.095920e-01 0.000000e+00
 0.000000e+00 0.000000e+00 0.000000e+00 6.455104e-01 3.544895e-01
 0.000000e+00 0.000000e+00 0.000000e+00 0.000000e+00 0.000000e+00
<ENDHMM>
~h "bg_dark_0_4"
<BEGINHMM>
<NUMSTATES> 5
<STATE> 2
<MEAN> 6
 2.311155e+02 1.359244e+01 1.391152e+01 5.070447e+00 4.912503e+00 1.912506e+00
<VARIANCE> 6
 4.543335e+03 3.101183e+02 3.815172e+02 1.008877e+01 2.881973e+01 2.761941e+00
<GCONST> 3.781821e+01
<STATE> 3
<MEAN> 6
 1.873111e+02 3.548261e+01 2.249443e+01 1.069322e+01 7.813635e+00 4.326690e+00
<VARIANCE> 6
 3.112233e+03 8.865730e+02 3.840320e+02 1.763616e+01 1.823702e+01 7.047214e+00
<GCONST> 3.953448e+01
<STATE> 4
<MEAN> 6
 1.892289e+02 1.671498e+01 2.102715e+01 6.909660e+00 7.421997e+00 2.759567e+00
<VARIANCE> 6
 2.223224e+03 1.775849e+02 2.730992e+02 9.470722e+00 1.470105e+01 2.446751e+00
<GCONST> 3.535415e+01
<TRANSP> 5
 0.000000e+00 1.000000e+00 0.000000e+00 0.000000e+00 0.000000e+00
 0.000000e+00 7.472069e-01 2.527930e-01 0.000000e+00 0.000000e+00
 0.000000e+00 0.000000e+00 7.548895e-01 2.451104e-01 0.000000e+00
 0.000000e+00 0.000000e+00 0.000000e+00 7.985659e-01 2.014342e-01
 0.000000e+00 0.000000e+00 0.000000e+00 0.000000e+00 0.000000e+00
<ENDHMM>
~h "bg_dark_0_5"
<BEGINHMM>
<NUMSTATES> 5
<STATE> 2
<MEAN> 6
 1.977287e+02 1.693558e+01 2.025609e+01 6.277806e+00 5.893446e+00 2.305609e+00
<VARIANCE> 6
 6.474939e+03 2.392422e+02 2.868861e+02 9.581675e+00 1.394164e+01 2.200987e+00
<GCONST> 3.662316e+01
<STATE> 3
<MEAN> 6
 2.022901e+02 3.003919e+01 2.979081e+01 9.743779e+00 8.669673e+00 3.782397e+00
<VARIANCE> 6
 2.777415e+03 4.994530e+02 4.992827e+02 2.554790e+01 2.338120e+01 3.736102e+00
<GCONST> 3.909375e+01
<STATE> 4
<MEAN> 6
 1.500481e+02 1.516858e+01 1.399325e+01 5.101436e+00 4.796741e+00 2.082968e+00
<VARIANCE> 6
 1.438437e+03 2.467319e+02 1.336618e+02 9.511899e+00 5.153885e+00 1.463849e+00
<GCONST> 3.297556e+01
<TRANSP> 5
 0.000000e+00 1.000000e+00 0.000000e+00 0.000000e+00 0.000000e+00
 0.000000e+00 7.609646e-01 2.390355e-01 0.000000e+00 0.000000e+00
 0.000000e+00 0.000000e+00 7.016526e-01 2.983474e-01 0.000000e+00
 0.000000e+00 0.000000e+00 0.000000e+00 7.760220e-01 2.239780e-01
 0.000000e+00 0.000000e+00 0.000000e+00 0.000000e+00 0.000000e+00
<ENDHMM>
~h "bg_white_0"
<BEGINHMM>
<NUMSTATES> 5
<STATE> 2
<MEAN> 6
 7.558758e+02 3.265806e+00 5.489120e+00 1.450825e+00 2.237617e+00 9.679098e-01
<VARIANCE> 6
 1.109985e+04 3.042844e+01 4.786905e+02 4.885699e+00 2.854378e+01 2.454204e+00
<GCONST> 3.576394e+01
<STATE> 3
<MEAN> 6
 7.192196e+02 3.745931e+01 1.298999e+01 1.318004e+01 9.871467e+00 7.128497e+00
<VARIANCE> 6
 8.371658e+03 1.665789e+03 2.786998e+02 1.095229e+02 8.907179e+01 3.857242e+01
<GCONST> 4.594617e+01
<STATE> 4
<MEAN> 6
 7.553002e+02 1.677605e+00 6.100741e+00 6.663536e-01 1.663667e+00 4.104110e-01
<VARIANCE> 6
 7.456146e+03 1.030470e+01 7.263733e+02 1.124996e+00 2.574848e+01 5.310745e-01
<GCONST> 3.159802e+01
<TRANSP> 5
 0.000000e+00 1.000000e+00 0.000000e+00 0.000000e+00 0.000000e+00
 0.000000e+00 9.486758e-01 5.132419e-02 0.000000e+00 0.000000e+00
 0.000000e+00 0.000000e+00 9.684413e-01 3.155867e-02 0.000000e+00
 0.000000e+00 0.000000e+00 0.000000e+00 9.468905e-01 5.310953e-02
 0.000000e+00 0.000000e+00 0.000000e+00 0.000000e+00 0.000000e+00
<ENDHMM>
~h "bg_white_0_0"
<BEGINHMM>
<NUMSTATES> 5
<STATE> 2
<MEAN> 6
 6.424938e+02 3.704806e+00 9.542606e+00 1.257555e+00 3.094139e+00 4.457603e-01
<VARIANCE> 6
 3.809004e+04 6.540446e+01 9.540295e+02 6.544646e+00 4.959026e+01 2.801764e-01
<GCONST> 3.712636e+01
<STATE> 3
<MEAN> 6
 6.510385e+02 3.492781e+01 4.125509e+01 1.035024e+01 1.457298e+01 4.589817e+00
<VARIANCE> 6
 2.510029e+04 3.411196e+03 2.921569e+03 1.504213e+02 1.587943e+02 3.334158e+01
<GCONST> 5.086045e+01
<STATE> 4
<MEAN> 6
 7.826290e+02 5.861104e+00 2.636343e+00 2.503606e+00 1.661419e+00 1.201050e+00
<VARIANCE> 6
 9.033325e+02 3.180419e+02 2.900650e+01 3.561332e+01 1.501278e+01 8.891522e+00
<GCONST> 3.542977e+01
<TRANSP> 5
 0.000000e+00 1.000000e+00 0.000000e+00 0.000000e+00 0.000000e+00
 0.000000e+00 6.945117e-01 3.054883e-01 0.000000e+00 0.000000e+00
 0.000000e+00 0.000000e+00 3.416182e-01 6.583818e-01 0.000000e+00
 0.000000e+00 0.000000e+00 0.000000e+00 8.612590e-01 1.387410e-01
 0.000000e+00 0.000000e+00 0.000000e+00 0.000000e+00 0.000000e+00
<ENDHMM>
~h "bg_white_0_1"
<BEGINHMM>
<NUMSTATES> 5
<STATE> 2
<MEAN> 6
 7.450236e+02 1.719605e+01 5.782709e+00 7.154188e+00 4.318032e+00 3.324705e+00
<VARIANCE> 6
 1.284319e+04 8.021309e+02 9.368899e+01 7.849595e+01 3.927246e+01 2.189191e+01
<GCONST> 4.283477e+01
<STATE> 3
<MEAN> 6
 7.110507e+02 5.259939e+01 1.750571e+01 1.744290e+01 1.403030e+01 1.000969e+01
<VARIANCE> 6
 3.444801e+03 1.606628e+03 3.110536e+02 1.059527e+02 1.006593e+02 4.017523e+01
<GCONST> 4.526173e+01
<STATE> 4
<MEAN> 6
 7.802581e+02 7.474459e+00 3.090133e+00 3.321939e+00 2.689479e+00 2.087975e+00
<VARIANCE> 6
 1.148423e+03 3.387570e+02 4.159738e+01 2.968122e+01 2.895021e+01 1.176882e+01
<GCONST> 3.684827e+01
<TRANSP> 5
 0.000000e+00 1.000000e+00 0.000000e+00 0.000000e+00 0.000000e+00
 0.000000e+00 5.875782e-01 4.124218e-01 0.000000e+00 0.000000e+00
 0.000000e+00 0.000000e+00 7.557089e-01 2.442911e-01 0.000000e+00
 0.000000e+00 0.000000e+00 0.000000e+00 8.457223e-01 1.542777e-01
 0.000000e+00 0.000000e+00 0.000000e+00 0.000000e+00 0.000000e+00
<ENDHMM>
~h "bg_white_0_2"
<BEGINHMM>
<NUMSTATES> 5
<STATE> 2
<MEAN> 6
 7.754778e+02 9.679701e+00 3.971826e+00 4.090288e+00 3.290369e+00 2.551356e+00
<VARIANCE> 6
 1.032245e+03 3.179213e+02 5.140619e+01 3.128340e+01 3.086536e+01 1.422602e+01
<GCONST> 3.719611e+01
<STATE> 3
<MEAN> 6
 7.107134e+02 5.107320e+01 1.947220e+01 1.731222e+01 1.428651e+01 9.897995e+00
<VARIANCE> 6
 3.246691e+03 1.335659e+03 4.280514e+02 9.371943e+01 1.011621e+02 3.954196e+01
<GCONST> 4.520347e+01
<STATE> 4
<MEAN> 6
 6.749958e+02 4.130997e+01 6.798001e+00 1.155653e+01 5.711544e+00 3.624350e+00
<VARIANCE> 6
 2.796472e+04 3.044574e+03 1.016038e+02 1.698474e+02 6.281870e+01 2.073444e+01
<GCONST> 4.621511e+01
<TRANSP> 5
 0.000000e+00 1.000000e+00 0.000000e+00 0.000000e+00 0.000000e+00
 0.000000e+00 8.582382e-01 1.417618e-01 0.000000e+00 0.000000e+00
 0.000000e+00 0.000000e+00 7.534316e-01 2.465684e-01 0.000000e+00
 0.000000e+00 0.000000e+00 0.000000e+00 4.709685e-01 5.290316e-01
 0.000000e+00 0.000000e+00 0.000000e+00 0.000000e+00 0.000000e+00
<ENDHMM>
~h "bg_white_0_3"
<BEGINHMM>
<NUMSTATES> 5
<STATE> 2
<MEAN> 6
 6.993047e+02 3.338150e+01 6.808605e+00 1.084462e+01 6.254775e+00 3.955219e+00
<VARIANCE> 6
 2.041819e+04 2.094107e+03 9.252994e+01 1.485447e+02 6.150576e+01 2.069944e+01
<GCONST> 4.527598e+01
<STATE> 3
<MEAN> 6
 7.151025e+02 3.994012e+01 1.837591e+01 1.533527e+01 1.380186e+01 1.018071e+01
<VARIANCE> 6
 2.991758e+03 1.261918e+03 3.513445e+02 9.807853e+01 8.497530e+01 3.938490e+01
<GCONST> 4.473455e+01
<STATE> 4
<MEAN> 6
 7.711109e+02 8.367573e+00 3.827991e+00 3.901125e+00 2.891963e+00 2.187771e+00
<VARIANCE> 6
 1.119964e+03 3.334435e+02 5.224017e+01 3.087592e+01 2.096934e+01 9.120274e+00
<GCONST> 3.649717e+01
<TRANSP> 5
 0.000000e+00 1.000000e+00 0.000000e+00 0.000000e+00 0.000000e+00
 0.000000e+00 5.306031e-01 4.693969e-01 0.000000e+00 0.000000e+00
 0.000000e+00 0.000000e+00 7.635436e-01 2.364565e-01 0.000000e+00
 0.000000e+00 0.000000e+00 0.000000e+00 8.227108e-01 1.772893e-01
 0.000000e+00 0.000000e+00 0.000000e+00 0.000000e+00 0.000000e+00
<ENDHMM>
~h "bg_white_0_4"
<BEGINHMM>
<NUMSTATES> 5
<STATE> 2
<MEAN> 6
 7.486705e+02 2.204731e+01 6.949188e+00 8.872454e+00 5.151424e+00 3.867554e+00
<VARIANCE> 6
 2.488663e+03 8.948980e+02 1.182522e+02 7.097755e+01 3.944431e+01 1.663585e+01
<GCONST> 4.116511e+01
<STATE> 3
<MEAN> 6
 6.993514e+02 4.823631e+01 1.686572e+01 1.559787e+01 1.159838e+01 8.530294e+00
<VARIANCE> 6
 7.806010e+03 1.710317e+03 3.814530e+02 1.144539e+02 8.947769e+01 4.497194e+01
<GCONST> 4.641853e+01
<STATE> 4
<MEAN> 6
 7.707578e+02 4.114624e+00 2.069718e+00 1.886168e+00 1.783339e+00 1.354047e+00
<VARIANCE> 6
 9.257469e+02 1.522881e+02 1.970750e+01 1.675305e+01 1.643723e+01 7.119654e+00
<GCONST> 3.344563e+01
<TRANSP> 5
 0.000000e+00 1.000000e+00 0.000000e+00 0.000000e+00 0.000000e+00
 0.000000e+00 5.321683e-01 4.678317e-01 0.000000e+00 0.000000e+00
 0.000000e+00 0.000000e+00 7.184375e-01 2.815625e-01 0.000000e+00
 0.000000e+00 0.000000e+00 0.000000e+00 8.632174e-01 1.367826e-01
 0.000000e+00 0.000000e+00 0.000000e+00 0.000000e+00 0.000000e+00
<ENDHMM>
~h "bg_white_0_5"
<BEGINHMM>
<NUMSTATES> 5
<STATE> 2
<MEAN> 6
 7.558295e+02 5.014220e+00 2.840895e+00 2.204359e+00 2.211094e+00 1.558954e+00
<VARIANCE> 6
 1.236644e+03 2.579137e+02 2.910894e+01 2.625266e+01 2.394709e+01 1.006727e+01
<GCONST> 3.582399e+01
<STATE> 3
<MEAN> 6
 6.733254e+02 3.980004e+01 3.638868e+01 1.148625e+01 1.230620e+01 5.236496e+00
<VARIANCE> 6
 1.348867e+04 1.929731e+03 3.700890e+03 1.083025e+02 1.375645e+02 3.504825e+01
<GCONST> 4.948408e+01
<STATE> 4
<MEAN> 6
 7.262194e+02 1.918579e+00 8.092729e+00 5.580034e-01 2.331393e+00 2.688657e-01
<VARIANCE> 6
 1.962869e+04 2.287088e+01 8.260846e+02 1.826651e+00 3.753108e+01 1.151111e-01
<GCONST> 3.282437e+01
<TRANSP> 5
 0.000000e+00 1.000000e+00 0.000000e+00 0.000000e+00 0.000000e+00
 0.000000e+00 7.574628e-01 2.425372e-01 0.000000e+00 0.000000e+00
 0.000000e+00 0.000000e+00 4.796166e-01 5.203834e-01 0.000000e+00
 0.000000e+00 0.000000e+00 0.000000e+00 8.320813e-01 1.679187e-01
 0.000000e+00 0.000000e+00 0.000000e+00 0.000000e+00 0.000000e+00
<ENDHMM>
~h "bg_board"
<BEGINHMM>
<NUMSTATES> 5
<STATE> 2
<MEAN> 6
 2.852352e+02 2.194482e+01 1.041566e+01 8.840894e+00 4.382437e+00 2.483057e+00
<VARIANCE> 6
 6.805044e+03 3.808951e+02 1.247338e+02 3.386243e+01 1.030973e+01 4.630242e+00
<GCONST> 3.800939e+01
<STATE> 3
<MEAN> 6
 3.953506e+02 7.113166e+01 1.188757e+01 1.453504e+01 4.735434e+00 2.588038e+00
<VARIANCE> 6
 2.348757e+04 4.913804e+03 1.762942e+02 7.848791e+01 2.132150e+01 8.619641e+00
<GCONST> 4.434015e+01
<STATE> 4
<MEAN> 6
 4.050884e+02 5.844754e+00 3.653758e+00 1.224689e+00 8.693990e-01 3.393823e-01
<VARIANCE> 6
 6.595762e+03 6.819969e+01 1.101360e+01 2.044600e+00 5.619789e-01 8.205173e-02
<GCONST> 2.408152e+01
<TRANSP> 5
 0.000000e+00 1.000000e+00 0.000000e+00 0.000000e+00 0.000000e+00
 0.000000e+00 9.659281e-01 3.407194e-02 0.000000e+00 0.000000e+00
 0.000000e+00 0.000000e+00 8.633561e-01 1.366439e-01 0.000000e+00
 0.000000e+00 0.000000e+00 0.000000e+00 9.699989e-01 3.000116e-02
 0.000000e+00 0.000000e+00 0.000000e+00 0.000000e+00 0.000000e+00
<ENDHMM>
~h "bg_board_0"
<BEGINHMM>
<NUMSTATES> 5
<STATE> 2
<MEAN> 6
 3.566278e+02 2.094637e+01 1.056044e+01 8.691310e+00 4.272169e+00 2.438589e+00
<VARIANCE> 6
 8.156782e+03 5.188926e+02 8.537515e+01 2.879839e+01 7.222859e+00 4.025402e+00
<GCONST> 3.746281e+01
<STATE> 3
<MEAN> 6
 3.980680e+02 4.755275e+01 1.624169e+01 1.195792e+01 6.001654e+00 2.837285e+00
<VARIANCE> 6
 2.491274e+04 4.307385e+03 5.934263e+02 7.885321e+01 3.861442e+01 9.944117e+00
<GCONST> 4.622259e+01
<STATE> 4
<MEAN> 6
 4.501680e+02 7.003396e+00 3.514588e+00 2.559015e+00 1.365821e+00 6.405239e-01
<VARIANCE> 6
 8.457487e+03 3.520714e+02 3.328673e+01 2.436703e+01 4.037035e+00 9.840233e-01
<GCONST> 3.401170e+01
<TRANSP> 5
 0.000000e+00 1.000000e+00 0.000000e+00 0.000000e+00 0.000000e+00
 0.000000e+00 7.755399e-01 2.244601e-01 0.000000e+00 0.000000e+00
 0.000000e+00 0.000000e+00 5.594979e-01 4.405021e-01 0.000000e+00
 0.000000e+00 0.000000e+00 0.000000e+00 8.104168e-01 1.895832e-01
 0.000000e+00 0.000000e+00 0.000000e+00 0.000000e+00 0.000000e+00
<ENDHMM>
~h "bg_board_1"
<BEGINHMM>
<NUMSTATES> 5
<STATE> 2
<MEAN> 6
 3.103615e+02 2.301238e+01 1.051302e+01 9.393776e+00 5.071144e+00 3.097573e+00
<VARIANCE> 6
 1.044609e+04 6.059117e+02 1.064229e+02 4.163093e+01 1.132124e+01 4.880376e+00
<GCONST> 3.909615e+01
<STATE> 3
<MEAN> 6
 4.347301e+02 6.439452e+01 1.321632e+01 1.452230e+01 5.186424e+00 3.396539e+00
<VARIANCE> 6
 2.375189e+04 4.694219e+03 2.116004e+02 1.153847e+02 2.340122e+01 1.168400e+01
<GCONST> 4.527074e+01
<STATE> 4
<MEAN> 6
 4.542721e+02 7.170939e+00 3.578960e+00 1.958974e+00 1.149000e+00 6.068652e-01
<VARIANCE> 6
 4.684240e+03 3.376329e+02 1.891155e+01 1.943523e+01 4.219667e+00 1.392135e+00
<GCONST> 3.297863e+01
<TRANSP> 5
 0.000000e+00 1.000000e+00 0.000000e+00 0.000000e+00 0.000000e+00
 0.000000e+00 7.923697e-01 2.076302e-01 0.000000e+00 0.000000e+00
 0.000000e+00 0.000000e+00 5.737025e-01 4.262976e-01 0.000000e+00
 0.000000e+00 0.000000e+00 0.000000e+00 8.287075e-01 1.712925e-01
 0.000000e+00 0.000000e+00 0.000000e+00 0.000000e+00 0.000000e+00
<ENDHMM>
~h "bg_board_2"
<BEGINHMM>
<NUMSTATES> 5
<STATE> 2
<MEAN> 6
 3.230648e+02 2.430242e+01 1.172729e+01 1.014546e+01 4.748232e+00 2.611564e+00
<VARIANCE> 6
 1.062785e+04 6.363882e+02 1.214383e+02 4.502530e+01 1.051351e+01 4.760198e+00
<GCONST> 3.927388e+01
<STATE> 3
<MEAN> 6
 3.641375e+02 5.481377e+01 1.262971e+01 1.262299e+01 5.105042e+00 3.521655e+00
<VARIANCE> 6
 1.677285e+04 3.281418e+03 2.100793e+02 8.452051e+01 2.208617e+01 1.451388e+01
<GCONST> 4.440535e+01
<STATE> 4
<MEAN> 6
 3.884999e+02 8.268370e+00 4.975487e+00 2.123628e+00 1.251820e+00 5.597208e-01
<VARIANCE> 6
 8.484677e+03 1.495218e+02 2.520140e+01 1.244874e+01 2.190141e+00 7.434174e-01
<GCONST> 3.131671e+01
<TRANSP> 5
 0.000000e+00 1.000000e+00 0.000000e+00 0.000000e+00 0.000000e+00
 0.000000e+00 7.409503e-01 2.590497e-01 0.000000e+00 0.000000e+00
 0.000000e+00 0.000000e+00 5.569982e-01 4.430018e-01 0.000000e+00
 0.000000e+00 0.000000e+00 0.000000e+00 8.547021e-01 1.452980e-01
 0.000000e+00 0.000000e+00 0.000000e+00 0.000000e+00 0.000000e+00
<ENDHMM>
~h "bg_board_3"
<BEGINHMM>
<NUMSTATES> 5
<STATE> 2
<MEAN> 6
 2.739569e+02 2.341987e+01 1.013685e+01 9.431323e+00 4.275264e+00 2.384023e+00
<VARIANCE> 6
 7.774319e+03 4.679550e+02 9.229225e+01 4.020139e+01 9.139664e+00 3.426057e+00
<GCONST> 3.779711e+01
<STATE> 3
<MEAN> 6
 3.331287e+02 4.159557e+01 7.926275e+00 9.948073e+00 3.529647e+00 1.995318e+00
<VARIANCE> 6
 9.936396e+03 2.323833e+03 5.868591e+01 7.002075e+01 1.114589e+01 4.467386e+00
<GCONST> 4.021106e+01
<STATE> 4
<MEAN> 6
 3.368446e+02 8.698492e+00 4.339588e+00 2.170054e+00 1.278433e+00 5.261642e-01
<VARIANCE> 6
 8.526068e+03 1.523602e+02 1.290967e+01 7.805681e+00 1.159766e+00 3.699947e-01
<GCONST> 2.887117e+01
<TRANSP> 5
 0.000000e+00 1.000000e+00 0.000000e+00 0.000000e+00 0.000000e+00
 0.000000e+00 7.551997e-01 2.448004e-01 0.000000e+00 0.000000e+00
 0.000000e+00 0.000000e+00 4.945908e-01 5.054092e-01 0.000000e+00
 0.000000e+00 0.000000e+00 0.000000e+00 8.315490e-01 1.684510e-01
 0.000000e+00 0.000000e+00 0.000000e+00 0.000000e+00 0.000000e+00
<ENDHMM>
~h "bg_board_4"
<BEGINHMM>
<NUMSTATES> 5
<STATE> 2
<MEAN> 6
 2.643022e+02 1.745821e+01 6.289419e+00 6.108292e+00 2.540060e+00 1.356224e+00
<VARIANCE> 6
 6.700559e+03 3.495355e+02 2.882440e+01 1.725714e+01 2.937393e+00 1.080498e+00
<GCONST> 3.305821e+01
<STATE> 3
<MEAN> 6
 2.750721e+02 3.509023e+01 1.021690e+01 1.000036e+01 4.438971e+00 2.418198e+00
<VARIANCE> 6
 3.929808e+03 1.596039e+03 9.699802e+01 4.453653e+01 1.455917e+01 5.300663e+00
<GCONST> 3.939594e+01
<STATE> 4
<MEAN> 6
 3.162920e+02 7.800457e+00 3.662220e+00 1.846999e+00 1.129305e+00 4.228213e-01
<VARIANCE> 6
 4.446109e+03 1.486179e+02 1.123910e+01 5.879211e+00 1.232929e+00 1.715847e-01
<GCONST> 2.706596e+01
<TRANSP> 5
 0.000000e+00 1.000000e+00 0.000000e+00 0.000000e+00 0.000000e+00
 0.000000e+00 7.277625e-01 2.722375e-01 0.000000e+00 0.000000e+00
 0.000000e+00 0.000000e+00 6.773716e-01 3.226284e-01 0.000000e+00
 0.000000e+00 0.000000e+00 0.000000e+00 8.394141e-01 1.605859e-01
 0.000000e+00 0.000000e+00 0.000000e+00 0.000000e+00 0.000000e+00
<ENDHMM>
~h "bg_board_5"
<BEGINHMM>
<NUMSTATES> 5
<STATE> 2
<MEAN> 6
 2.917508e+02 1.804380e+01 8.043616e+00 5.926558e+00 2.763748e+00 1.123365e+00
<VARIANCE> 6
 2.799968e+03 2.937022e+02 5.349859e+01 1.941917e+01 4.135932e+00 8.280249e-01
<GCONST> 3.282411e+01
<STATE> 3
<MEAN> 6
 3.171052e+02 4.063894e+01 5.712042e+00 6.297314e+00 1.423057e+00 6.954349e-01
<VARIANCE> 6
 4.773312e+03 4.446592e+03 3.173167e+01 4.392110e+01 1.224352e+00 4.351271e-01
<GCONST> 3.450796e+01
<STATE> 4
<MEAN> 6
 3.996624e+02 7.686944e+00 5.101711e+00 2.031352e+00 1.251179e+00 4.852185e-01
<VARIANCE> 6
 4.452927e+03 2.020795e+02 1.706337e+01 5.126418e+00 1.230083e+00 2.212311e-01
<GCONST> 2.790711e+01
<TRANSP> 5
 0.000000e+00 1.000000e+00 0.000000e+00 0.000000e+00 0.000000e+00
 0.000000e+00 7.937197e-01 2.062803e-01 0.000000e+00 0.000000e+00
 0.000000e+00 0.000000e+00 2.080995e-01 7.919005e-01 0.000000e+00
 0.000000e+00 0.000000e+00 0.000000e+00 8.302047e-01 1.697954e-01
 0.000000e+00 0.000000e+00 0.000000e+00 0.000000e+00 0.000000e+00
<ENDHMM>
~h "fp_logo"
<BEGINHMM>
<NUMSTATES> 5
<STATE> 2
<MEAN> 6
 2.437864e+02 1.405213e+01 3.426538e+00 3.316052e+00 1.206342e+00 6.082385e-01
<VARIANCE> 6
 3.091041e+03 2.236178e+02 1.730573e+01 1.780205e+01 1.453715e+00 4.633383e-01
<GCONST> 2.980864e+01
<STATE> 3
<MEAN> 6
 4.371656e+02 1.028472e+02 3.598243e+01 2.275118e+01 1.166166e+01 5.654462e+00
<VARIANCE> 6
 3.319263e+04 8.618951e+03 2.342231e+03 2.818701e+02 2.054204e+02 5.105416e+01
<GCONST> 5.315731e+01
<STATE> 4
<MEAN> 6
 2.717176e+02 3.235631e+00 4.007432e+00 7.690399e-01 1.292267e+00 3.545127e-01
<VARIANCE> 6
 4.353104e+03 5.487046e+00 4.037872e+01 2.502641e-01 5.594687e+00 3.199077e-02
<GCONST> 2.170087e+01
<TRANSP> 5
 0.000000e+00 1.000000e+00 0.000000e+00 0.000000e+00 0.000000e+00
 0.000000e+00 9.624816e-01 3.751843e-02 0.000000e+00 0.000000e+00
 0.000000e+00 0.000000e+00 8.861623e-01 1.138377e-01 0.000000e+00
 0.000000e+00 0.000000e+00 0.000000e+00 9.710665e-01 2.893352e-02
 0.000000e+00 0.000000e+00 0.000000e+00 0.000000e+00 0.000000e+00
<ENDHMM>
~h "fp_logo_0"
<BEGINHMM>
<NUMSTATES> 5
<STATE> 2
<MEAN> 6
 2.039863e+02 4.614909e+00 2.359250e+00 1.373195e+00 6.922724e-01 4.074485e-01
<VARIANCE> 6
 2.346538e+03 1.756413e+01 4.064013e+00 6.429116e+00 2.938452e-01 1.670602e-01
<GCONST> 2.190272e+01
<STATE> 3
<MEAN> 6
 3.047616e+02 3.373883e+01 1.424083e+01 1.262475e+01 3.474210e+00 1.463747e+00
<VARIANCE> 6
 3.266424e+04 2.771027e+03 8.158690e+02 2.497792e+02 1.723962e+01 2.396700e+00
<GCONST> 4.529440e+01
<STATE> 4
<MEAN> 6
 2.756916e+02 2.538545e+01 3.660301e+00 6.798645e+00 1.566353e+00 6.018700e-01
<VARIANCE> 6
 1.081669e+04 1.257742e+03 1.901265e+01 8.718320e+01 3.536660e+00 2.856967e-01
<GCONST> 3.487666e+01
<TRANSP> 5
 0.000000e+00 1.000000e+00 0.000000e+00 0.000000e+00 0.000000e+00
 0.000000e+00 8.737381e-01 1.262619e-01 0.000000e+00 0.000000e+00
 0.000000e+00 0.000000e+00 5.080606e-01 4.919394e-01 0.000000e+00
 0.000000e+00 0.000000e+00 0.000000e+00 5.115241e-01 4.884759e-01
 0.000000e+00 0.000000e+00 0.000000e+00 0.000000e+00 0.000000e+00
<ENDHMM>
~h "fp_logo_1"
<BEGINHMM>
<NUMSTATES> 5
<STATE> 2
<MEAN> 6
 2.432816e+02 1.139052e+01 2.562448e+00 2.892398e+00 9.143474e-01 4.201297e-01
<VARIANCE> 6
 4.889694e+03 3.991424e+02 6.995195e+00 2.721727e+01 8.202785e-01 1.440053e-01
<GCONST> 2.862453e+01
<STATE> 3
<MEAN> 6
 4.577442e+02 9.933581e+01 6.810572e+00 1.997450e+01 2.554577e+00 1.246102e+00
<VARIANCE> 6
 5.909832e+04 9.711358e+03 7.005239e+01 3.723874e+02 7.669639e+00 1.782192e+00
<GCONST> 4.397956e+01
<STATE> 4
<MEAN> 6
 3.309705e+02 4.745573e+01 4.044194e+01 1.415002e+01 1.134183e+01 6.244734e+00
<VARIANCE> 6
 1.546483e+04 3.248225e+03 2.159617e+03 2.323748e+02 2.069926e+02 6.963657e+01
<GCONST> 5.146146e+01
<TRANSP> 5
 0.000000e+00 1.000000e+00 0.000000e+00 0.000000e+00 0.000000e+00
 0.000000e+00 8.999949e-01 1.000051e-01 0.000000e+00 0.000000e+00
 0.000000e+00 0.000000e+00 4.168341e-01 5.831658e-01 0.000000e+00
 0.000000e+00 0.000000e+00 0.000000e+00 2.222350e-01 7.777649e-01
 0.000000e+00 0.000000e+00 0.000000e+00 0.000000e+00 0.000000e+00
<ENDHMM>
~h "fp_logo_2"
<BEGINHMM>
<NUMSTATES> 5
<STATE> 2
<MEAN> 6
 3.376424e+02 3.797043e+01 3.127382e+01 9.777932e+00 1.107077e+01 3.897674e+00
<VARIANCE> 6
 1.939143e+04 3.136958e+03 2.392691e+03 1.774516e+02 2.635780e+02 4.767430e+01
<GCONST> 5.134847e+01
<STATE> 3
<MEAN> 6
 3.923793e+02 7.738255e+01 4.670047e+01 2.015168e+01 1.626097e+01 7.555017e+00
<VARIANCE> 6
 2.081133e+04 5.996838e+03 3.009389e+03 2.636974e+02 2.876669e+02 6.266625e+01
<GCONST> 5.305343e+01
<STATE> 4
<MEAN> 6
 2.712251e+02 1.332656e+01 2.277448e+00 3.386263e+00 8.669176e-01 8.359259e-01
<VARIANCE> 6
 5.425725e+03 6.178317e+02 3.142257e+00 6.977150e+01 9.935120e-01 5.770267e+00
<GCONST> 3.318876e+01
<TRANSP> 5
 0.000000e+00 1.000000e+00 0.000000e+00 0.000000e+00 0.000000e+00
 0.000000e+00 5.959464e-06 9.999940e-01 0.000000e+00 0.000000e+00
 0.000000e+00 0.000000e+00 7.703984e-01 2.296016e-01 0.000000e+00
 0.000000e+00 0.000000e+00 0.000000e+00 8.691891e-01 1.308109e-01
 0.000000e+00 0.000000e+00 0.000000e+00 0.000000e+00 0.000000e+00
<ENDHMM>
~h "fp_logo_3"
<BEGINHMM>
<NUMSTATES> 5
<STATE> 2
<MEAN> 6
 2.810832e+02 2.526604e+01 2.663518e+00 9.872521e+00 1.854521e+00 2.706420e+00
<VARIANCE> 6
 9.907055e+03 2.559313e+03 3.584720e+00 3.266657e+02 4.701277e+00 2.602989e+01
<GCONST> 3.994846e+01
<STATE> 3
<MEAN> 6
 3.733355e+02 9.325542e+01 9.179543e+00 1.302087e+01 2.461053e+00 1.288173e+00
<VARIANCE> 6
 2.606166e+04 1.126869e+04 7.172266e+02 1.692093e+02 1.583470e+01 4.373265e+00
<GCONST> 4.646951e+01
<STATE> 4
<MEAN> 6
 2.494691e+02 8.118453e+00 2.163553e+00 1.390950e+00 7.279820e-01 3.574666e-01
<VARIANCE> 6
 3.696804e+03 4.429651e+02 2.698128e+00 4.987624e+00 1.892308e-01 3.263172e-02
<GCONST> 2.284824e+01
<TRANSP> 5
 0.000000e+00 1.000000e+00 0.000000e+00 0.000000e+00 0.000000e+00
 0.000000e+00 2.603794e-01 7.396206e-01 0.000000e+00 0.000000e+00
 0.000000e+00 0.000000e+00 4.815386e-01 5.184614e-01 0.000000e+00
 0.000000e+00 0.000000e+00 0.000000e+00 8.853102e-01 1.146898e-01
 0.000000e+00 0.000000e+00 0.000000e+00 0.000000e+00 0.000000e+00
<ENDHMM>
~h "fp_logo_4"
<BEGINHMM>
<NUMSTATES> 5
<STATE> 2
<MEAN> 6
 2.697862e+02 2.085303e+01 4.490194e+00 4.681603e+00 2.017848e+00 1.038566e+00
<VARIANCE> 6
 4.947208e+03 1.551363e+03 1.623522e+01 2.632509e+01 2.765136e+00 6.503146e-01
<GCONST> 3.352523e+01
<STATE> 3
<MEAN> 6
 3.336000e+02 5.808441e+01 1.075192e+01 7.232419e+00 2.269152e+00 7.170731e-01
<VARIANCE> 6
 1.667022e+04 9.214672e+03 2.733129e+02 9.424669e+01 5.827849e+00 2.718866e-01
<GCONST> 4.049401e+01
<STATE> 4
<MEAN> 6
 2.651324e+02 4.389298e+00 2.260214e+00 7.295102e-01 7.315781e-01 3.722920e-01
<VARIANCE> 6
 2.214944e+03 3.620716e+01 3.659302e+00 2.948541e-01 5.513709e-01 3.777011e-02
<GCONST> 1.852391e+01
<TRANSP> 5
 0.000000e+00 1.000000e+00 0.000000e+00 0.000000e+00 0.000000e+00
 0.000000e+00 5.744535e-01 4.255465e-01 0.000000e+00 0.000000e+00
 0.000000e+00 0.000000e+00 4.174924e-01 5.825076e-01 0.000000e+00
 0.000000e+00 0.000000e+00 0.000000e+00 8.880601e-01 1.119399e-01
 0.000000e+00 0.000000e+00 0.000000e+00 0.000000e+00 0.000000e+00
<ENDHMM>
~h "fp_logo_5"
<BEGINHMM>
<NUMSTATES> 5
<STATE> 2
<MEAN> 6
 3.072628e+02 4.037936e+00 2.694813e+00 7.385064e-01 7.814267e-01 3.881219e-01
<VARIANCE> 6
 2.485414e+03 2.479436e+01 2.773720e+00 3.270535e-01 5.990434e-01 5.244645e-02
<GCONST> 1.849825e+01
<STATE> 3
<MEAN> 6
 3.098804e+02 9.051165e+00 1.756393e+01 1.883632e+00 6.021843e+00 5.010903e-01
<VARIANCE> 6
 2.806962e+03 9.908979e+01 1.369265e+02 4.582294e+00 1.791985e+01 7.780392e-02
<GCONST> 3.033714e+01
<STATE> 4
<MEAN> 6
 3.354212e+02 3.898933e+00 1.503487e+01 8.341215e-01 5.154938e+00 5.121194e-01
<VARIANCE> 6
 3.567491e+03 1.085588e+01 1.453994e+02 5.643805e-01 2.121877e+01 5.441182e-02
<GCONST> 2.614276e+01
<TRANSP> 5
 0.000000e+00 1.000000e+00 0.000000e+00 0.000000e+00 0.000000e+00
 0.000000e+00 8.489746e-01 1.510254e-01 0.000000e+00 0.000000e+00
 0.000000e+00 0.000000e+00 4.423652e-01 5.576348e-01 0.000000e+00
 0.000000e+00 0.000000e+00 0.000000e+00 7.210840e-01 2.789160e-01
 0.000000e+00 0.000000e+00 0.000000e+00 0.000000e+00 0.000000e+00
<ENDHMM>
~h "fp_screen"
<BEGINHMM>
<NUMSTATES> 5
<STATE> 2
<MEAN> 6
 4.097887e+02 8.764133e+00 8.263919e+00 2.432767e+00 2.111686e+00 5.150001e-01
<VARIANCE> 6
 2.729657e+04 1.259824e+02 2.783728e+02 1.225641e+01 1.125461e+01 3.951105e-01
<GCONST> 3.570512e+01
<STATE> 3
<MEAN> 6
 5.959001e+02 4.999297e+01 2.075054e+01 1.459803e+01 6.835071e+00 3.709748e+00
<VARIANCE> 6
 1.884545e+04 2.216117e+03 1.030155e+03 1.483002e+02 7.240102e+01 1.982150e+01
<GCONST> 4.778049e+01
<STATE> 4
<MEAN> 6
 4.554366e+02 2.110289e+00 5.630175e+00 6.442252e-01 1.125174e+00 3.676941e-01
<VARIANCE> 6
 6.394151e+03 4.983543e+00 8.432952e+01 2.843835e-01 2.372752e+00 3.931101e-02
<GCONST> 2.220164e+01
<TRANSP> 5
 0.000000e+00 1.000000e+00 0.000000e+00 0.000000e+00 0.000000e+00
 0.000000e+00 9.574749e-01 4.252513e-02 0.000000e+00 0.000000e+00
 0.000000e+00 0.000000e+00 9.283025e-01 7.169756e-02 0.000000e+00
 0.000000e+00 0.000000e+00 0.000000e+00 9.692658e-01 3.073422e-02
 0.000000e+00 0.000000e+00 0.000000e+00 0.000000e+00 0.000000e+00
<ENDHMM>
~h "fp_screen_0"
<BEGINHMM>
<NUMSTATES> 5
<STATE> 2
<MEAN> 6
 2.305930e+02 2.833405e+00 8.214828e+00 8.767223e-01 2.320691e+00 3.631741e-01
<VARIANCE> 6
 1.231685e+03 7.215446e+00 1.280316e+02 3.392331e-01 1.089324e+01 4.639851e-02
<GCONST> 2.320849e+01
<STATE> 3
<MEAN> 6
 4.494047e+02 2.226646e+01 4.792908e+01 5.623108e+00 1.094398e+01 2.225522e+00
<VARIANCE> 6
 2.358018e+04 1.105966e+03 1.553888e+03 5.837110e+01 3.558339e+01 1.154329e+01
<GCONST> 4.553722e+01
<STATE> 4
<MEAN> 6
 5.273575e+02 1.717478e+01 4.105110e+00 5.760112e+00 1.378686e+00 6.641113e-01
<VARIANCE> 6
 1.815347e+04 8.074926e+02 1.591533e+01 9.054572e+01 3.794187e+00 7.312533e-01
<GCONST> 3.582142e+01
<TRANSP> 5
 0.000000e+00 1.000000e+00 0.000000e+00 0.000000e+00 0.000000e+00
 0.000000e+00 8.840103e-01 1.159897e-01 0.000000e+00 0.000000e+00
 0.000000e+00 0.000000e+00 3.256214e-01 6.743786e-01 0.000000e+00
 0.000000e+00 0.000000e+00 0.000000e+00 4.724903e-01 5.275097e-01
 0.000000e+00 0.000000e+00 0.000000e+00 0.000000e+00 0.000000e+00
<ENDHMM>
~h "fp_screen_1"
<BEGINHMM>
<NUMSTATES> 5
<STATE> 2
<MEAN> 6
 5.229440e+02 2.329401e+01 2.823851e+00 5.860962e+00 1.227705e+00 5.714135e-01
<VARIANCE> 6
 9.402280e+03 9.201699e+02 8.787925e+00 5.071943e+01 2.451078e+00 5.017864e-01
<GCONST> 3.330716e+01
<STATE> 3
<MEAN> 6
 6.581693e+02 4.798384e+01 2.208854e+01 1.206143e+01 6.569205e+00 5.223850e+00
<VARIANCE> 6
 1.896262e+04 1.838574e+03 8.819225e+02 1.041094e+02 4.503264e+01 2.891115e+01
<GCONST> 4.699340e+01
<STATE> 4
<MEAN> 6
 5.947269e+02 6.305697e+00 2.117887e+00 1.808084e+00 6.019935e-01 3.103481e-01
<VARIANCE> 6
 2.418318e+03 1.651275e+02 2.775677e+00 2.065749e+01 1.261927e-01 1.962948e-02
<GCONST> 2.197311e+01
<TRANSP> 5
 0.000000e+00 1.000000e+00 0.000000e+00 0.000000e+00 0.000000e+00
 0.000000e+00 7.285094e-01 2.714907e-01 0.000000e+00 0.000000e+00
 0.000000e+00 0.000000e+00 5.787710e-01 4.212290e-01 0.000000e+00
 0.000000e+00 0.000000e+00 0.000000e+00 8.559623e-01 1.440377e-01
 0.000000e+00 0.000000e+00 0.000000e+00 0.000000e+00 0.000000e+00
<ENDHMM>
~h "fp_screen_2"
<BEGINHMM>
<NUMSTATES> 5
<STATE> 2
<MEAN> 6
 5.114540e+02 6.993000e+00 1.427085e+01 2.112977e+00 2.448064e+00 3.599383e-01
<VARIANCE> 6
 6.428814e+03 1.779125e+02 6.418566e+02 2.094614e+01 1.087697e+01 2.706740e-02
<GCONST> 3.326064e+01
<STATE> 3
<MEAN> 6
 6.260332e+02 4.292894e+01 2.388755e+01 2.208115e+01 8.570190e+00 3.959232e+00
<VARIANCE> 6
 2.234026e+04 1.284442e+03 1.210962e+03 2.350405e+02 1.076769e+02 1.754106e+01
<GCONST> 4.830209e+01
<STATE> 4
<MEAN> 6
 5.591755e+02 2.152995e+01 8.461487e+00 8.931441e+00 3.564312e+00 2.119460e+00
<VARIANCE> 6
 7.947313e+03 4.993324e+02 4.348604e+02 7.843900e+01 3.736037e+01 7.127117e+00
<GCONST> 4.224298e+01
<TRANSP> 5
 0.000000e+00 1.000000e+00 0.000000e+00 0.000000e+00 0.000000e+00
 0.000000e+00 8.621834e-01 1.378166e-01 0.000000e+00 0.000000e+00
 0.000000e+00 0.000000e+00 6.515905e-01 3.484096e-01 0.000000e+00
 0.000000e+00 0.000000e+00 0.000000e+00 6.520280e-01 3.479720e-01
 0.000000e+00 0.000000e+00 0.000000e+00 0.000000e+00 0.000000e+00
<ENDHMM>
~h "fp_screen_3"
<BEGINHMM>
<NUMSTATES> 5
<STATE> 2
<MEAN> 6
 5.407759e+02 4.429243e+01 8.926410e+00 1.236036e+01 3.528704e+00 1.954271e+00
<VARIANCE> 6
 8.255140e+03 1.231487e+03 4.669762e+02 9.489352e+01 4.388045e+01 8.807458e+00
<GCONST> 4.381793e+01
<STATE> 3
<MEAN> 6
 6.391439e+02 7.562180e+01 1.933787e+01 1.546294e+01 9.958694e+00 5.564003e+00
<VARIANCE> 6
 1.988521e+04 4.183756e+03 7.467278e+02 9.903631e+01 8.444302e+01 2.327777e+01
<GCONST> 4.805872e+01
<STATE> 4
<MEAN> 6
 4.610767e+02 8.809501e+00 3.921958e+00 2.245510e+00 1.200693e+00 5.713185e-01
<VARIANCE> 6
 3.097237e+03 1.877151e+02 3.491742e+01 9.953145e+00 9.346539e+00 9.676759e-01
<GCONST> 3.235347e+01
<TRANSP> 5
 0.000000e+00 1.000000e+00 0.000000e+00 0.000000e+00 0.000000e+00
 0.000000e+00 5.890790e-01 4.109210e-01 0.000000e+00 0.000000e+00
 0.000000e+00 0.000000e+00 5.146894e-01 4.853106e-01 0.000000e+00
 0.000000e+00 0.000000e+00 0.000000e+00 8.667715e-01 1.332284e-01
 0.000000e+00 0.000000e+00 0.000000e+00 0.000000e+00 0.000000e+00
<ENDHMM>
~h "fp_screen_4"
<BEGINHMM>
<NUMSTATES> 5
<STATE> 2
<MEAN> 6
 4.173520e+02 1.955639e+01 6.770121e+00 3.757279e+00 2.025916e+00 8.431647e-01
<VARIANCE> 6
 3.884210e+03 6.840504e+02 1.195747e+02 2.758322e+01 2.771398e+01 2.456350e+00
<GCONST> 3.814174e+01
<STATE> 3
<MEAN> 6
 5.123881e+02 4.042242e+01 3.156466e+01 9.080855e+00 7.899753e+00 4.071363e+00
<VARIANCE> 6
 2.960282e+04 3.518403e+03 1.906870e+03 1.339608e+02 8.838594e+01 2.374095e+01
<GCONST> 4.958833e+01
<STATE> 4
<MEAN> 6
 3.708064e+02 2.142429e+00 5.748830e+00 6.722929e-01 1.187543e+00 3.960812e-01
<VARIANCE> 6
 1.864497e+03 3.841503e+00 4.924767e+01 3.295676e-01 1.045810e+00 4.705161e-02
<GCONST> 1.967904e+01
<TRANSP> 5
 0.000000e+00 1.000000e+00 0.000000e+00 0.000000e+00 0.000000e+00
 0.000000e+00 5.785677e-01 4.214323e-01 0.000000e+00 0.000000e+00
 0.000000e+00 0.000000e+00 3.444864e-01 6.555136e-01 0.000000e+00
 0.000000e+00 0.000000e+00 0.000000e+00 8.901294e-01 1.098706e-01
 0.000000e+00 0.000000e+00 0.000000e+00 0.000000e+00 0.000000e+00
<ENDHMM>
~h "fp_screen_5"
<BEGINHMM>
<NUMSTATES> 5
<STATE> 2
<MEAN> 6
 4.181520e+02 1.372574e+00 2.518995e+00 4.575840e-01 5.232297e-01 3.873992e-01
<VARIANCE> 6
 4.372614e+02 1.192130e+00 2.464993e+00 5.854033e-02 6.758860e-02 3.123120e-02
<GCONST> 9.187031e+00
<STATE> 3
<MEAN> 6
 4.892370e+02 1.248486e+00 4.534700e+00 3.281763e-01 5.635546e-01 3.219360e-01
<VARIANCE> 6
 1.161196e+03 9.907043e-01 3.305898e+00 1.935424e-02 5.868991e-02 2.698489e-02
<GCONST> 8.878031e+00
<STATE> 4
<MEAN> 6
 5.226360e+02 2.182393e+00 1.117630e+01 4.606891e-01 2.324025e+00 4.105450e-01
<VARIANCE> 6
 4.147297e+03 2.071464e+00 7.716576e+01 4.600383e-02 5.552614e+00 2.518668e-02
<GCONST> 1.938548e+01
<TRANSP> 5
 0.000000e+00 1.000000e+00 0.000000e+00 0.000000e+00 0.000000e+00
 0.000000e+00 7.562693e-01 2.437308e-01 0.000000e+00 0.000000e+00
 0.000000e+00 0.000000e+00 7.918492e-01 2.081508e-01 0.000000e+00
 0.000000e+00 0.000000e+00 0.000000e+00 6.766791e-01 3.233209e-01
 0.000000e+00 0.000000e+00 0.000000e+00 0.000000e+00 0.000000e+00
<ENDHMM>
~h "fp_key"
<BEGINHMM>
<NUMSTATES> 5
<STATE> 2
<MEAN> 6
 3.268328e+02 5.059779e+00 4.899655e+00 1.450514e+00 1.127083e+00 5.310870e-01
<VARIANCE> 6
 7.189105e+03 5.004996e+01 2.568488e+01 3.478348e+00 2.303774e+00 5.089165e-01
<GCONST> 2.847215e+01
<STATE> 3
<MEAN> 6
 5.237923e+02 4.696066e+01 2.009793e+01 1.374514e+01 7.005220e+00 2.964830e+00
<VARIANCE> 6
 2.605104e+04 2.203716e+03 1.044765e+03 1.386225e+02 1.072292e+02 1.617501e+01
<GCONST> 4.823471e+01
<STATE> 4
<MEAN> 6
 3.629068e+02 2.744346e+00 4.737020e+00 6.454002e-01 9.999388e-01 3.807241e-01
<VARIANCE> 6
 1.095562e+04 5.181859e+00 2.184606e+01 1.753778e-01 1.371317e+00 3.220263e-02
<GCONST> 2.019731e+01
<TRANSP> 5
 0.000000e+00 1.000000e+00 0.000000e+00 0.000000e+00 0.000000e+00
 0.000000e+00 9.363654e-01 6.363466e-02 0.000000e+00 0.000000e+00
 0.000000e+00 0.000000e+00 9.697479e-01 3.025209e-02 0.000000e+00
 0.000000e+00 0.000000e+00 0.000000e+00 9.528962e-01 4.710377e-02
 0.000000e+00 0.000000e+00 0.000000e+00 0.000000e+00 0.000000e+00
<ENDHMM>
~h "fp_key_0"
<BEGINHMM>
<NUMSTATES> 5
<STATE> 2
<MEAN> 6
 2.908692e+02 3.156025e+00 4.223811e+00 1.005280e+00 9.664249e-01 4.631026e-01
<VARIANCE> 6
 1.243912e+03 4.229844e+01 1.710625e+01 2.865992e+00 1.179597e+00 3.876676e-01
<GCONST> 2.500795e+01
<STATE> 3
<MEAN> 6
 4.358549e+02 4.037369e+01 5.397434e+01 1.296310e+01 1.580770e+01 5.144186e+00
<VARIANCE> 6
 1.182169e+04 1.732973e+03 2.972738e+03 1.172976e+02 1.962582e+02 1.730712e+01
<GCONST> 4.875505e+01
<STATE> 4
<MEAN> 6
 5.339837e+02 6.000164e+01 1.400447e+01 1.718313e+01 5.131586e+00 2.184046e+00
<VARIANCE> 6
 2.753078e+04 2.906603e+03 4.159843e+02 1.864948e+02 4.123209e+01 6.689389e+00
<GCONST> 4.610386e+01
<TRANSP> 5
 0.000000e+00 1.000000e+00 0.000000e+00 0.000000e+00 0.000000e+00
 0.000000e+00 8.674237e-01 1.325763e-01 0.000000e+00 0.000000e+00
 0.000000e+00 0.000000e+00 4.877112e-02 9.512289e-01 0.000000e+00
 0.000000e+00 0.000000e+00 0.000000e+00 7.063920e-01 2.936080e-01
 0.000000e+00 0.000000e+00 0.000000e+00 0.000000e+00 0.000000e+00
<ENDHMM>
~h "fp_key_1"
<BEGINHMM>
<NUMSTATES> 5
<STATE> 2
<MEAN> 6
 5.343278e+02 3.962488e+01 1.808646e+01 1.090620e+01 5.919664e+00 2.337936e+00
<VARIANCE> 6
 1.377685e+04 1.910238e+03 6.837073e+02 1.199049e+02 6.596898e+01 9.206231e+00
<GCONST> 4.583628e+01
<STATE> 3
<MEAN> 6
 7.040835e+02 4.884946e+01 1.811055e+01 1.725028e+01 5.431404e+00 2.385232e+00
<VARIANCE> 6
 2.627889e+04 1.445364e+03 7.696405e+02 1.447340e+02 6.023137e+01 1.061516e+01
<GCONST> 4.656120e+01
<STATE> 4
<MEAN> 6
 5.431951e+02 1.363062e+01 8.421296e+00 4.156460e+00 2.292698e+00 9.293661e-01
<VARIANCE> 6
 1.166043e+04 3.605584e+02 7.302618e+01 3.647155e+01 1.325836e+01 2.196029e+00
<GCONST> 3.753750e+01
<TRANSP> 5
 0.000000e+00 1.000000e+00 0.000000e+00 0.000000e+00 0.000000e+00
 0.000000e+00 5.125180e-01 4.874820e-01 0.000000e+00 0.000000e+00
 0.000000e+00 0.000000e+00 7.264020e-01 2.735980e-01 0.000000e+00
 0.000000e+00 0.000000e+00 0.000000e+00 8.628944e-01 1.371057e-01
 0.000000e+00 0.000000e+00 0.000000e+00 0.000000e+00 0.000000e+00
<ENDHMM>
~h "fp_key_2"
<BEGINHMM>
<NUMSTATES> 5
<STATE> 2
<MEAN> 6
 4.658345e+02 1.192152e+01 8.825427e+00 4.076371e+00 2.215068e+00 1.031589e+00
<VARIANCE> 6
 1.917905e+04 4.139625e+02 8.084748e+01 3.531012e+01 1.457904e+01 2.885689e+00
<GCONST> 3.861069e+01
<STATE> 3
<MEAN> 6
 5.208354e+02 5.359193e+01 4.079202e+01 1.972685e+01 1.471301e+01 6.658497e+00
<VARIANCE> 6
 2.582521e+04 1.659505e+03 2.106376e+03 1.768484e+02 2.039461e+02 4.435030e+01
<GCONST> 5.053864e+01
<STATE> 4
<MEAN> 6
 5.241367e+02 7.662436e+01 1.921850e+01 1.427542e+01 4.990167e+00 2.230400e+00
<VARIANCE> 6
 1.921646e+04 2.412747e+03 7.902464e+02 7.269477e+01 5.003131e+01 5.977592e+00
<GCONST> 4.533858e+01
<TRANSP> 5
 0.000000e+00 1.000000e+00 0.000000e+00 0.000000e+00 0.000000e+00
 0.000000e+00 8.681499e-01 1.318501e-01 0.000000e+00 0.000000e+00
 0.000000e+00 0.000000e+00 5.647123e-01 4.352877e-01 0.000000e+00
 0.000000e+00 0.000000e+00 0.000000e+00 6.793122e-01 3.206879e-01
 0.000000e+00 0.000000e+00 0.000000e+00 0.000000e+00 0.000000e+00
<ENDHMM>
~h "fp_key_3"
<BEGINHMM>
<NUMSTATES> 5
<STATE> 2
<MEAN> 6
 4.483232e+02 6.975517e+01 1.479157e+01 1.516865e+01 4.664028e+00 1.859739e+00
<VARIANCE> 6
 2.069829e+04 2.837410e+03 5.969150e+02 1.219438e+02 4.617876e+01 4.977325e+00
<GCONST> 4.554847e+01
<STATE> 3
<MEAN> 6
 4.723023e+02 5.383368e+01 4.223786e+01 1.965788e+01 1.610729e+01 5.211551e+00
<VARIANCE> 6
 1.876666e+04 1.805192e+03 2.858262e+03 1.578632e+02 2.659996e+02 2.805530e+01
<GCONST> 5.030289e+01
<STATE> 4
<MEAN> 6
 3.019095e+02 9.932571e+00 4.777929e+00 3.576964e+00 2.364995e+00 1.290802e+00
<VARIANCE> 6
 7.724164e+03 5.538096e+02 8.559150e+01 4.202413e+01 3.629036e+01 4.262126e+00
<GCONST> 3.952534e+01
<TRANSP> 5
 0.000000e+00 1.000000e+00 0.000000e+00 0.000000e+00 0.000000e+00
 0.000000e+00 7.179723e-01 2.820278e-01 0.000000e+00 0.000000e+00
 0.000000e+00 0.000000e+00 5.916962e-01 4.083038e-01 0.000000e+00
 0.000000e+00 0.000000e+00 0.000000e+00 8.334748e-01 1.665253e-01
 0.000000e+00 0.000000e+00 0.000000e+00 0.000000e+00 0.000000e+00
<ENDHMM>
~h "fp_key_4"
<BEGINHMM>
<NUMSTATES> 5
<STATE> 2
<MEAN> 6
 4.378100e+02 4.522067e+01 8.762278e+00 1.302432e+01 3.923297e+00 2.120018e+00
<VARIANCE> 6
 2.311565e+04 2.308349e+03 1.561399e+02 1.036881e+02 5.396138e+01 5.701701e+00
<GCONST> 4.424099e+01
<STATE> 3
<MEAN> 6
 4.105846e+02 4.528224e+01 3.873204e+01 1.643606e+01 1.599299e+01 7.190251e+00
<VARIANCE> 6
 1.626062e+04 2.538469e+03 2.015013e+03 1.765734e+02 1.921701e+02 3.708008e+01
<GCONST> 5.021666e+01
<STATE> 4
<MEAN> 6
 3.000374e+02 2.695657e+00 2.706458e+00 7.122463e-01 7.850634e-01 3.735203e-01
<VARIANCE> 6
 4.474355e+03 6.807801e+00 7.500566e+00 2.093944e-01 5.630840e-01 2.619776e-02
<GCONST> 1.758649e+01
<TRANSP> 5
 0.000000e+00 1.000000e+00 0.000000e+00 0.000000e+00 0.000000e+00
 0.000000e+00 7.473137e-01 2.526863e-01 0.000000e+00 0.000000e+00
 0.000000e+00 0.000000e+00 5.697867e-01 4.302134e-01 0.000000e+00
 0.000000e+00 0.000000e+00 0.000000e+00 8.511483e-01 1.488517e-01
 0.000000e+00 0.000000e+00 0.000000e+00 0.000000e+00 0.000000e+00
<ENDHMM>
~h "fp_key_5"
<BEGINHMM>
<NUMSTATES> 5
<STATE> 2
<MEAN> 6
 3.135100e+02 3.024382e+00 5.289937e+00 5.548602e-01 1.282834e+00 4.085863e-01
<VARIANCE> 6
 5.073598e+03 6.033912e+00 1.801765e+01 7.181445e-02 1.501889e+00 3.095514e-02
<GCONST> 1.854565e+01
<STATE> 3
<MEAN> 6
 3.118815e+02 4.206440e+00 8.971065e+00 9.823743e-01 2.554649e+00 5.345682e-01
<VARIANCE> 6
 4.675328e+03 1.439140e+01 7.977697e+01 5.748928e-01 8.041776e+00 8.107010e-02
<GCONST> 2.554182e+01
<STATE> 4
<MEAN> 6
 4.660273e+02 2.451082e+00 4.953738e+00 4.199211e-01 6.843681e-01 3.818885e-01
<VARIANCE> 6
 5.649131e+03 3.007271e+00 9.229614e+00 4.679693e-02 1.121231e-01 2.653597e-02
<GCONST> 1.411062e+01
<TRANSP> 5
 0.000000e+00 1.000000e+00 0.000000e+00 0.000000e+00 0.000000e+00
 0.000000e+00 6.386311e-01 3.613689e-01 0.000000e+00 0.000000e+00
 0.000000e+00 0.000000e+00 6.377987e-01 3.622014e-01 0.000000e+00
 0.000000e+00 0.000000e+00 0.000000e+00 8.454847e-01 1.545153e-01
 0.000000e+00 0.000000e+00 0.000000e+00 0.000000e+00 0.000000e+00
<ENDHMM>
