~o
<STREAMINFO> 1 6
<VECSIZE> 6<NULLD><MFCC><DIAGC>
~h "bg_board_1"
<BEGINHMM>
<NUMSTATES> 5
<STATE> 2
<MEAN> 6
 1.950203e+02 2.480344e+01 1.112223e+01 8.173261e+00 3.422833e+00 1.757531e+00
<VARIANCE> 6
 2.516262e+03 4.637692e+02 9.320550e+01 2.635889e+01 4.047789e+00 1.393534e+00
<GCONST> 3.453381e+01
<STATE> 3
<MEAN> 6
 2.228762e+02 5.078275e+01 1.893205e+01 1.304769e+01 6.137773e+00 3.591030e+00
<VARIANCE> 6
 4.474358e+03 2.128899e+03 6.667697e+02 4.497784e+01 3.167709e+01 1.054774e+01
<GCONST> 4.321686e+01
<STATE> 4
<MEAN> 6
 1.860069e+02 1.472709e+01 6.851086e+00 4.878759e+00 2.271904e+00 9.853885e-01
<VARIANCE> 6
 3.623393e+03 2.583357e+02 3.693589e+01 1.266139e+01 2.429597e+00 7.118169e-01
<GCONST> 3.147222e+01
<TRANSP> 5
 0.000000e+00 1.000000e+00 0.000000e+00 0.000000e+00 0.000000e+00
 0.000000e+00 7.644499e-01 2.355501e-01 0.000000e+00 0.000000e+00
 0.000000e+00 0.000000e+00 6.282444e-01 3.717556e-01 0.000000e+00
 0.000000e+00 0.000000e+00 0.000000e+00 8.351109e-01 1.648891e-01
 0.000000e+00 0.000000e+00 0.000000e+00 0.000000e+00 0.000000e+00
<ENDHMM>
