~o
<STREAMINFO> 1 6
<VECSIZE> 6<NULLD><MFCC><DIAGC>
~h "bg_board_3"
<BEGINHMM>
<NUMSTATES> 5
<STATE> 2
<MEAN> 6
 2.000466e+02 2.409434e+01 1.245375e+01 8.706196e+00 4.273983e+00 2.375530e+00
<VARIANCE> 6
 3.229085e+03 6.143496e+02 1.368839e+02 2.766063e+01 7.057978e+00 3.281611e+00
<GCONST> 3.690942e+01
<STATE> 3
<MEAN> 6
 2.597138e+02 5.987595e+01 1.404131e+01 1.766454e+01 5.366499e+00 2.830724e+00
<VARIANCE> 6
 2.728615e+03 4.775618e+03 1.270272e+02 1.137048e+02 1.396143e+01 5.230171e+00
<GCONST> 4.127884e+01
<STATE> 4
<MEAN> 6
 2.834904e+02 2.385278e+01 7.860213e+00 5.470240e+00 3.027453e+00 1.307447e+00
<VARIANCE> 6
 9.673316e+03 6.305850e+02 6.942930e+01 1.916581e+01 5.013632e+00 2.071061e+00
<GCONST> 3.618470e+01
<TRANSP> 5
 0.000000e+00 1.000000e+00 0.000000e+00 0.000000e+00 0.000000e+00
 0.000000e+00 7.920192e-01 2.079808e-01 0.000000e+00 0.000000e+00
 0.000000e+00 0.000000e+00 5.676458e-01 4.323542e-01 0.000000e+00
 0.000000e+00 0.000000e+00 0.000000e+00 7.950377e-01 2.049623e-01
 0.000000e+00 0.000000e+00 0.000000e+00 0.000000e+00 0.000000e+00
<ENDHMM>
