~o
<STREAMINFO> 1 6
<VECSIZE> 6<NULLD><MFCC><DIAGC>
~h "bg_board_4"
<BEGINHMM>
<NUMSTATES> 5
<STATE> 2
<MEAN> 6
 3.169916e+02 2.465381e+01 1.574403e+01 9.745712e+00 5.201488e+00 2.896096e+00
<VARIANCE> 6
 4.188394e+03 5.804290e+02 1.858551e+02 2.462209e+01 9.422549e+00 4.203530e+00
<GCONST> 3.783875e+01
<STATE> 3
<MEAN> 6
 3.208268e+02 8.047335e+01 1.473316e+01 1.934959e+01 4.256544e+00 2.360827e+00
<VARIANCE> 6
 6.945531e+03 5.754136e+03 2.278663e+02 1.572525e+02 6.472293e+00 4.333222e+00
<GCONST> 4.235125e+01
<STATE> 4
<MEAN> 6
 3.042968e+02 2.036227e+01 8.560430e+00 6.369877e+00 3.034417e+00 1.316722e+00
<VARIANCE> 6
 9.439169e+03 4.935903e+02 6.480550e+01 3.340493e+01 5.754164e+00 1.365918e+00
<GCONST> 3.612344e+01
<TRANSP> 5
 0.000000e+00 1.000000e+00 0.000000e+00 0.000000e+00 0.000000e+00
 0.000000e+00 8.188322e-01 1.811678e-01 0.000000e+00 0.000000e+00
 0.000000e+00 0.000000e+00 4.955246e-01 5.044754e-01 0.000000e+00
 0.000000e+00 0.000000e+00 0.000000e+00 8.181157e-01 1.818843e-01
 0.000000e+00 0.000000e+00 0.000000e+00 0.000000e+00 0.000000e+00
<ENDHMM>
