~o
<STREAMINFO> 1 6
<VECSIZE> 6<NULLD><MFCC><DIAGC>
~h "bg_board_0"
<BEGINHMM>
<NUMSTATES> 5
<STATE> 2
<MEAN> 6
 1.936494e+02 2.262048e+01 1.021192e+01 7.522900e+00 3.503020e+00 1.931661e+00
<VARIANCE> 6
 2.531663e+03 3.848508e+02 8.721170e+01 1.443946e+01 3.236542e+00 1.680227e+00
<GCONST> 3.364849e+01
<STATE> 3
<MEAN> 6
 2.165981e+02 4.943277e+01 1.355795e+01 1.186904e+01 5.406494e+00 2.501967e+00
<VARIANCE> 6
 5.755376e+03 2.019609e+03 2.820242e+02 4.436579e+01 1.409896e+01 5.103870e+00
<GCONST> 4.100637e+01
<STATE> 4
<MEAN> 6
 1.869073e+02 1.688740e+01 7.441338e+00 5.117064e+00 2.640230e+00 8.986648e-01
<VARIANCE> 6
 3.838282e+03 3.739172e+02 4.594242e+01 1.954904e+01 3.373318e+00 4.728109e-01
<GCONST> 3.247123e+01
<TRANSP> 5
 0.000000e+00 1.000000e+00 0.000000e+00 0.000000e+00 0.000000e+00
 0.000000e+00 8.110407e-01 1.889593e-01 0.000000e+00 0.000000e+00
 0.000000e+00 0.000000e+00 4.913358e-01 5.086642e-01 0.000000e+00
 0.000000e+00 0.000000e+00 0.000000e+00 7.891150e-01 2.108850e-01
 0.000000e+00 0.000000e+00 0.000000e+00 0.000000e+00 0.000000e+00
<ENDHMM>
