~o
<STREAMINFO> 1 6
<VECSIZE> 6<NULLD><MFCC><DIAGC>
~h "bg_board_5"
<BEGINHMM>
<NUMSTATES> 5
<STATE> 2
<MEAN> 6
 3.472316e+02 2.421468e+01 1.061254e+01 9.533895e+00 4.010554e+00 2.104739e+00
<VARIANCE> 6
 9.756374e+03 4.976373e+02 8.820493e+01 3.695251e+01 6.894533e+00 2.374035e+00
<GCONST> 3.730743e+01
<STATE> 3
<MEAN> 6
 3.400336e+02 6.233626e+01 1.765797e+01 1.445025e+01 5.122268e+00 2.707787e+00
<VARIANCE> 6
 9.509047e+03 3.603479e+03 3.368919e+02 8.860905e+01 1.693105e+01 5.064352e+00
<GCONST> 4.313229e+01
<STATE> 4
<MEAN> 6
 4.319424e+02 1.699291e+01 7.154637e+00 5.605364e+00 3.072546e+00 1.249562e+00
<VARIANCE> 6
 4.532476e+03 5.036727e+02 3.937206e+01 2.286413e+01 5.074561e+00 1.804611e+00
<GCONST> 3.468542e+01
<TRANSP> 5
 0.000000e+00 1.000000e+00 0.000000e+00 0.000000e+00 0.000000e+00
 0.000000e+00 7.991825e-01 2.008175e-01 0.000000e+00 0.000000e+00
 0.000000e+00 0.000000e+00 5.346103e-01 4.653897e-01 0.000000e+00
 0.000000e+00 0.000000e+00 0.000000e+00 7.947293e-01 2.052707e-01
 0.000000e+00 0.000000e+00 0.000000e+00 0.000000e+00 0.000000e+00
<ENDHMM>
