~o
<STREAMINFO> 1 6
<VECSIZE> 6<NULLD><MFCC><DIAGC>
~h "bg_board"
<BEGINHMM>
<NUMSTATES> 5
<STATE> 2
<MEAN> 6
 2.095284e+02 2.451299e+01 1.200314e+01 9.032227e+00 4.083611e+00 2.208182e+00
<VARIANCE> 6
 3.398185e+03 3.850290e+02 1.098104e+02 2.399128e+01 6.026055e+00 2.640232e+00
<GCONST> 3.575499e+01
<STATE> 3
<MEAN> 6
 3.124335e+02 5.854327e+01 1.613948e+01 1.589829e+01 5.525967e+00 2.975507e+00
<VARIANCE> 6
 9.293806e+03 3.851204e+03 3.208824e+02 9.191567e+01 1.815089e+01 5.444583e+00
<GCONST> 4.330579e+01
<STATE> 4
<MEAN> 6
 2.823419e+02 1.537353e+01 7.493338e+00 4.412128e+00 2.516743e+00 9.667702e-01
<VARIANCE> 6
 1.458192e+04 2.694789e+02 5.516901e+01 1.161245e+01 3.731500e+00 8.657460e-01
<GCONST> 3.384641e+01
<TRANSP> 5
 0.000000e+00 1.000000e+00 0.000000e+00 0.000000e+00 0.000000e+00
 0.000000e+00 9.660808e-01 3.391923e-02 0.000000e+00 0.000000e+00
 0.000000e+00 0.000000e+00 9.277797e-01 7.222030e-02 0.000000e+00
 0.000000e+00 0.000000e+00 0.000000e+00 9.625071e-01 3.749295e-02
 0.000000e+00 0.000000e+00 0.000000e+00 0.000000e+00 0.000000e+00
<ENDHMM>
