~o
<STREAMINFO> 1 6
<VECSIZE> 6<NULLD><MFCC><DIAGC>
~h "bg_board_2"
<BEGINHMM>
<NUMSTATES> 5
<STATE> 2
<MEAN> 6
 2.150755e+02 2.305281e+01 1.220882e+01 8.949399e+00 3.689610e+00 2.097608e+00
<VARIANCE> 6
 3.034717e+03 3.587715e+02 1.073813e+02 2.394148e+01 4.328898e+00 1.877130e+00
<GCONST> 3.487488e+01
<STATE> 3
<MEAN> 6
 2.406345e+02 6.531067e+01 1.498390e+01 1.764690e+01 6.115745e+00 2.462124e+00
<VARIANCE> 6
 5.577283e+03 4.179588e+03 1.631196e+02 1.490204e+02 3.157257e+01 3.944458e+00
<GCONST> 4.291485e+01
<STATE> 4
<MEAN> 6
 2.076957e+02 1.829623e+01 1.049775e+01 5.601788e+00 2.919220e+00 1.250797e+00
<VARIANCE> 6
 6.704086e+03 5.481151e+02 1.021448e+02 1.650869e+01 5.215203e+00 1.463927e+00
<GCONST> 3.560720e+01
<TRANSP> 5
 0.000000e+00 1.000000e+00 0.000000e+00 0.000000e+00 0.000000e+00
 0.000000e+00 8.337532e-01 1.662468e-01 0.000000e+00 0.000000e+00
 0.000000e+00 0.000000e+00 4.803397e-01 5.196602e-01 0.000000e+00
 0.000000e+00 0.000000e+00 0.000000e+00 8.023916e-01 1.976084e-01
 0.000000e+00 0.000000e+00 0.000000e+00 0.000000e+00 0.000000e+00
<ENDHMM>
