~o
<STREAMINFO> 1 6
<VECSIZE> 6<NULLD><MFCC><DIAGC>
~h "bg_dark_0_0"
<BEGINHMM>
<NUMSTATES> 5
<STATE> 2
<MEAN> 6
 1.950443e+02 7.581972e+00 9.937363e+00 1.855314e+00 2.458162e+00 7.062889e-01
<VARIANCE> 6
 2.210431e+03 5.564747e+01 8.582671e+01 1.116881e+00 1.809223e+00 2.072462e-01
<GCONST> 2.632916e+01
<STATE> 3
<MEAN> 6
 1.718630e+02 2.426084e+01 1.822511e+01 5.093225e+00 3.581146e+00 1.237394e+00
<VARIANCE> 6
 3.637244e+03 4.754873e+02 1.882700e+02 7.947521e+00 4.047330e+00 6.738271e-01
<GCONST> 3.370459e+01
<STATE> 4
<MEAN> 6
 1.554291e+02 1.210359e+01 1.010193e+01 2.335114e+00 1.900547e+00 6.634344e-01
<VARIANCE> 6
 5.194209e+03 2.442495e+02 8.542006e+01 3.240986e+00 8.677486e-01 2.260282e-01
<GCONST> 2.907526e+01
<TRANSP> 5
 0.000000e+00 1.000000e+00 0.000000e+00 0.000000e+00 0.000000e+00
 0.000000e+00 8.340118e-01 1.659882e-01 0.000000e+00 0.000000e+00
 0.000000e+00 0.000000e+00 6.689728e-01 3.310271e-01 0.000000e+00
 0.000000e+00 0.000000e+00 0.000000e+00 6.615420e-01 3.384580e-01
 0.000000e+00 0.000000e+00 0.000000e+00 0.000000e+00 0.000000e+00
<ENDHMM>
