~o
<STREAMINFO> 1 6
<VECSIZE> 6<NULLD><MFCC><DIAGC>
~h "bg_dark_0_1"
<BEGINHMM>
<NUMSTATES> 5
<STATE> 2
<MEAN> 6
 1.891286e+02 1.939530e+01 9.125997e+00 3.295642e+00 2.046960e+00 7.064198e-01
<VARIANCE> 6
 5.505858e+03 5.050850e+02 7.659193e+01 7.767197e+00 2.610677e+00 3.046648e-01
<GCONST> 3.202503e+01
<STATE> 3
<MEAN> 6
 1.781467e+02 1.789103e+01 2.715369e+01 3.567152e+00 4.898014e+00 1.658244e+00
<VARIANCE> 6
 5.490318e+03 1.030642e+02 6.638896e+02 5.243497e+00 1.249704e+01 3.393481e+00
<GCONST> 3.617581e+01
<STATE> 4
<MEAN> 6
 1.970276e+02 8.679911e+00 9.556173e+00 1.669051e+00 1.648984e+00 5.423532e-01
<VARIANCE> 6
 9.287991e+03 8.682114e+01 9.515092e+01 1.668200e+00 1.284386e+00 3.747211e-01
<GCONST> 2.896351e+01
<TRANSP> 5
 0.000000e+00 1.000000e+00 0.000000e+00 0.000000e+00 0.000000e+00
 0.000000e+00 8.009763e-01 1.990236e-01 0.000000e+00 0.000000e+00
 0.000000e+00 0.000000e+00 1.242692e-01 8.757308e-01 0.000000e+00
 0.000000e+00 0.000000e+00 0.000000e+00 8.536636e-01 1.463364e-01
 0.000000e+00 0.000000e+00 0.000000e+00 0.000000e+00 0.000000e+00
<ENDHMM>
