~o
<STREAMINFO> 1 6
<VECSIZE> 6<NULLD><MFCC><DIAGC>
~h "bg_dark_0"
<BEGINHMM>
<NUMSTATES> 5
<STATE> 2
<MEAN> 6
 1.940172e+02 9.259790e+00 1.144161e+01 2.023523e+00 2.367211e+00 6.883686e-01
<VARIANCE> 6
 5.089628e+03 9.296059e+01 1.413410e+02 1.747897e+00 2.933050e+00 2.854396e-01
<GCONST> 2.942630e+01
<STATE> 3
<MEAN> 6
 1.839716e+02 2.195829e+01 1.521366e+01 4.080260e+00 3.403815e+00 1.235140e+00
<VARIANCE> 6
 7.307914e+03 3.890434e+02 1.976715e+02 9.711173e+00 8.124084e+00 1.176294e+00
<GCONST> 3.570475e+01
<STATE> 4
<MEAN> 6
 8.618864e+01 9.311810e+00 7.444198e+00 1.663221e+00 1.579975e+00 3.964158e-01
<VARIANCE> 6
 1.960958e+03 1.295849e+02 7.533021e+01 1.665856e+00 1.650845e+00 7.709341e-02
<GCONST> 2.624356e+01
<TRANSP> 5
 0.000000e+00 1.000000e+00 0.000000e+00 0.000000e+00 0.000000e+00
 0.000000e+00 9.579629e-01 4.203707e-02 0.000000e+00 0.000000e+00
 0.000000e+00 0.000000e+00 9.465624e-01 5.343758e-02 0.000000e+00
 0.000000e+00 0.000000e+00 0.000000e+00 9.636338e-01 3.636622e-02
 0.000000e+00 0.000000e+00 0.000000e+00 0.000000e+00 0.000000e+00
<ENDHMM>
