~o
<STREAMINFO> 1 6
<VECSIZE> 6<NULLD><MFCC><DIAGC>
~h "bg_dark_0_2"
<BEGINHMM>
<NUMSTATES> 5
<STATE> 2
<MEAN> 6
 2.068788e+02 1.473078e+01 8.702981e+00 3.572647e+00 2.329152e+00 9.546247e-01
<VARIANCE> 6
 9.202599e+03 2.121736e+02 6.770831e+01 2.132144e+01 5.320405e+00 1.599062e+00
<GCONST> 3.492780e+01
<STATE> 3
<MEAN> 6
 1.705924e+02 2.716701e+01 1.752353e+01 4.384985e+00 3.244380e+00 1.168402e+00
<VARIANCE> 6
 3.674346e+03 4.550865e+02 3.372308e+02 6.214386e+00 6.168423e+00 8.954056e-01
<GCONST> 3.471348e+01
<STATE> 4
<MEAN> 6
 1.290613e+02 1.087105e+01 7.725031e+00 2.031141e+00 1.601813e+00 4.839672e-01
<VARIANCE> 6
 5.989494e+03 1.390835e+02 6.346277e+01 1.643336e+00 1.487533e+00 1.166477e-01
<GCONST> 2.755580e+01
<TRANSP> 5
 0.000000e+00 1.000000e+00 0.000000e+00 0.000000e+00 0.000000e+00
 0.000000e+00 5.751034e-01 4.248966e-01 0.000000e+00 0.000000e+00
 0.000000e+00 0.000000e+00 5.962051e-01 4.037950e-01 0.000000e+00
 0.000000e+00 0.000000e+00 0.000000e+00 8.776007e-01 1.223993e-01
 0.000000e+00 0.000000e+00 0.000000e+00 0.000000e+00 0.000000e+00
<ENDHMM>
