~o
<STREAMINFO> 1 6
<VECSIZE> 6<NULLD><MFCC><DIAGC>
~h "bg_dark_0_3"
<BEGINHMM>
<NUMSTATES> 5
<STATE> 2
<MEAN> 6
 2.087596e+02 1.494197e+01 1.554373e+01 3.994098e+00 4.621606e+00 1.401595e+00
<VARIANCE> 6
 1.132046e+04 1.850282e+02 1.961648e+02 1.174578e+01 1.424779e+01 1.133146e+00
<GCONST> 3.610619e+01
<STATE> 3
<MEAN> 6
 1.525860e+02 2.303236e+01 1.328736e+01 3.201967e+00 2.146378e+00 1.096761e+00
<VARIANCE> 6
 7.397787e+03 3.583169e+02 1.090925e+02 4.045479e+00 2.081314e+00 6.945605e-01
<GCONST> 3.227594e+01
<STATE> 4
<MEAN> 6
 1.227233e+02 8.569466e+00 9.319141e+00 1.898228e+00 2.715551e+00 6.049990e-01
<VARIANCE> 6
 3.948728e+03 7.682465e+01 4.970794e+01 1.375538e+00 4.588370e+00 2.472633e-01
<GCONST> 2.800117e+01
<TRANSP> 5
 0.000000e+00 1.000000e+00 0.000000e+00 0.000000e+00 0.000000e+00
 0.000000e+00 7.177860e-01 2.822140e-01 0.000000e+00 0.000000e+00
 0.000000e+00 0.000000e+00 6.599515e-01 3.400485e-01 0.000000e+00
 0.000000e+00 0.000000e+00 0.000000e+00 8.187037e-01 1.812963e-01
 0.000000e+00 0.000000e+00 0.000000e+00 0.000000e+00 0.000000e+00
<ENDHMM>
