~o
<STREAMINFO> 1 6
<VECSIZE> 6<NULLD><MFCC><DIAGC>
~h "bg_dark_0_4"
<BEGINHMM>
<NUMSTATES> 5
<STATE> 2
<MEAN> 6
 1.615719e+02 1.194135e+01 1.339564e+01 2.504918e+00 3.484823e+00 1.003395e+00
<VARIANCE> 6
 1.032664e+04 1.089552e+02 1.564289e+02 2.492350e+00 7.649496e+00 7.838261e-01
<GCONST> 3.271758e+01
<STATE> 3
<MEAN> 6
 1.313438e+02 2.451659e+01 2.699796e+01 3.529008e+00 3.964754e+00 1.216769e+00
<VARIANCE> 6
 3.573772e+03 3.174453e+02 4.101909e+02 4.717325e+00 7.849563e+00 1.719987e+00
<GCONST> 3.513958e+01
<STATE> 4
<MEAN> 6
 6.882538e+01 6.907951e+00 7.445113e+00 1.288908e+00 1.555644e+00 3.758849e-01
<VARIANCE> 6
 6.341277e+02 8.147015e+01 7.473473e+01 1.051869e+00 1.952494e+00 6.267640e-02
<GCONST> 2.414360e+01
<TRANSP> 5
 0.000000e+00 1.000000e+00 0.000000e+00 0.000000e+00 0.000000e+00
 0.000000e+00 7.478353e-01 2.521647e-01 0.000000e+00 0.000000e+00
 0.000000e+00 0.000000e+00 3.789375e-01 6.210625e-01 0.000000e+00
 0.000000e+00 0.000000e+00 0.000000e+00 8.653052e-01 1.346948e-01
 0.000000e+00 0.000000e+00 0.000000e+00 0.000000e+00 0.000000e+00
<ENDHMM>
