~o
<STREAMINFO> 1 6
<VECSIZE> 6<NULLD><MFCC><DIAGC>
~h "bg_dark_0_5"
<BEGINHMM>
<NUMSTATES> 5
<STATE> 2
<MEAN> 6
 1.260570e+02 1.305114e+01 9.718229e+00 2.228733e+00 2.053432e+00 5.441253e-01
<VARIANCE> 6
 4.743045e+03 1.958279e+02 9.115717e+01 1.810231e+00 2.763210e+00 1.899059e-01
<GCONST> 2.923014e+01
<STATE> 3
<MEAN> 6
 1.021386e+02 1.208711e+01 1.402356e+01 1.478304e+00 1.781172e+00 4.448602e-01
<VARIANCE> 6
 1.619709e+03 1.232838e+02 2.068209e+02 1.272882e+00 2.177110e+00 1.453530e-01
<GCONST> 2.765430e+01
<STATE> 4
<MEAN> 6
 7.735111e+01 4.592752e+00 3.415543e+00 9.736277e-01 9.882494e-01 2.705044e-01
<VARIANCE> 6
 4.969508e+02 3.990497e+01 9.228865e+00 4.228668e-01 5.159847e-01 9.439700e-03
<GCONST> 1.695938e+01
<TRANSP> 5
 0.000000e+00 1.000000e+00 0.000000e+00 0.000000e+00 0.000000e+00
 0.000000e+00 8.575125e-01 1.424876e-01 0.000000e+00 0.000000e+00
 0.000000e+00 0.000000e+00 1.601199e-06 9.999985e-01 0.000000e+00
 0.000000e+00 0.000000e+00 0.000000e+00 7.488599e-01 2.511401e-01
 0.000000e+00 0.000000e+00 0.000000e+00 0.000000e+00 0.000000e+00
<ENDHMM>
