~o
<STREAMINFO> 1 6
<VECSIZE> 6<NULLD><MFCC><DIAGC>
~h "bg_red_0"
<BEGINHMM>
<NUMSTATES> 5
<STATE> 2
<MEAN> 6
 3.780452e+02 2.667155e+01 2.865563e+00 8.806628e+00 1.213366e+00 6.480833e-01
<VARIANCE> 6
 1.611239e+03 1.362831e+03 1.533059e+01 1.030572e+02 9.181699e-01 2.395001e-01
<GCONST> 3.147990e+01
<STATE> 3
<MEAN> 6
 4.161763e+02 9.786250e+01 4.092683e+00 2.328279e+01 1.349724e+00 5.001751e-01
<VARIANCE> 6
 1.878586e+03 4.015783e+03 4.050430e+01 2.124931e+02 3.827653e+00 1.590894e-01
<GCONST> 3.542781e+01
<STATE> 4
<MEAN> 6
 3.319537e+02 2.163331e+00 1.815858e+00 9.768137e-01 9.343137e-01 3.358555e-01
<VARIANCE> 6
 1.930291e+02 3.556657e+00 2.652745e+00 4.157397e-01 5.502337e-01 5.525582e-02
<GCONST> 1.416363e+01
<TRANSP> 5
 0.000000e+00 1.000000e+00 0.000000e+00 0.000000e+00 0.000000e+00
 0.000000e+00 9.170584e-01 8.294158e-02 0.000000e+00 0.000000e+00
 0.000000e+00 0.000000e+00 6.621029e-01 3.378971e-01 0.000000e+00
 0.000000e+00 0.000000e+00 0.000000e+00 9.818129e-01 1.818716e-02
 0.000000e+00 0.000000e+00 0.000000e+00 0.000000e+00 0.000000e+00
<ENDHMM>
