~o
<STREAMINFO> 1 6
<VECSIZE> 6<NULLD><MFCC><DIAGC>
~h "bg_red_0_3"
<BEGINHMM>
<NUMSTATES> 5
<STATE> 2
<MEAN> 6
 3.423785e+02 1.175081e+01 1.312208e+00 4.078263e+00 6.665922e-01 4.251920e-01
<VARIANCE> 6
 5.653949e+01 5.758684e+01 5.841013e-01 6.835511e+00 6.788854e-02 3.663608e-02
<GCONST> 1.450334e+01
<STATE> 3
<MEAN> 6
 3.358144e+02 5.501928e+00 3.518724e+00 2.582294e+00 1.340702e+00 2.662266e-01
<VARIANCE> 6
 7.980991e+01 6.004784e+01 4.271502e+00 9.916581e+00 1.311106e-01 1.679710e-02
<GCONST> 1.712996e+01
<STATE> 4
<MEAN> 6
 3.338385e+02 3.576081e+00 2.402717e+00 1.433901e+00 1.700257e+00 4.499787e-01
<VARIANCE> 6
 9.139253e+01 2.103709e+01 5.536187e+00 1.889835e+00 1.072618e+00 1.335298e-01
<GCONST> 1.899318e+01
<TRANSP> 5
 0.000000e+00 1.000000e+00 0.000000e+00 0.000000e+00 0.000000e+00
 0.000000e+00 6.036268e-01 3.963732e-01 0.000000e+00 0.000000e+00
 0.000000e+00 0.000000e+00 2.096566e-04 9.997904e-01 0.000000e+00
 0.000000e+00 0.000000e+00 0.000000e+00 8.820326e-01 1.179675e-01
 0.000000e+00 0.000000e+00 0.000000e+00 0.000000e+00 0.000000e+00
<ENDHMM>
