~o
<STREAMINFO> 1 6
<VECSIZE> 6<NULLD><MFCC><DIAGC>
~h "bg_red_0_4"
<BEGINHMM>
<NUMSTATES> 5
<STATE> 2
<MEAN> 6
 3.198620e+02 2.180595e+00 1.424881e+00 8.366086e-01 6.794887e-01 2.637030e-01
<VARIANCE> 6
 4.305391e+01 1.597135e+01 1.296565e+00 1.743898e+00 3.820035e-01 1.938435e-02
<GCONST> 1.347074e+01
<STATE> 3
<MEAN> 6
 3.536017e+02 4.210908e+01 1.885243e+00 1.531066e+01 5.741435e-01 2.991707e-01
<VARIANCE> 6
 9.045423e+02 1.118633e+03 2.163663e+00 1.355862e+02 7.255926e-02 1.339368e-02
<GCONST> 2.359964e+01
<STATE> 4
<MEAN> 6
 3.306667e+02 2.182891e+01 1.006341e+00 6.406702e+00 3.318034e-01 3.226715e-01
<VARIANCE> 6
 1.700057e+03 2.119940e+03 5.064509e-02 1.760518e+02 2.333780e-02 9.653203e-03
<GCONST> 1.991454e+01
<TRANSP> 5
 0.000000e+00 1.000000e+00 0.000000e+00 0.000000e+00 0.000000e+00
 0.000000e+00 8.928515e-01 1.071486e-01 0.000000e+00 0.000000e+00
 0.000000e+00 0.000000e+00 6.250697e-01 3.749303e-01 0.000000e+00
 0.000000e+00 0.000000e+00 0.000000e+00 3.455205e-11 1.000000e+00
 0.000000e+00 0.000000e+00 0.000000e+00 0.000000e+00 0.000000e+00
<ENDHMM>
