~o
<STREAMINFO> 1 6
<VECSIZE> 6<NULLD><MFCC><DIAGC>
~h "bg_red_0_5"
<BEGINHMM>
<NUMSTATES> 5
<STATE> 2
<MEAN> 6
 3.306668e+02 2.182903e+01 1.006341e+00 6.406734e+00 3.318037e-01 3.226714e-01
<VARIANCE> 6
 1.700065e+03 2.119949e+03 5.064490e-02 1.760526e+02 2.333779e-02 9.653249e-03
<GCONST> 1.991455e+01
<STATE> 3
<MEAN> 6
 3.981169e+02 9.014883e+01 4.129875e+00 1.927435e+01 1.296592e+00 4.643351e-01
<VARIANCE> 6
 4.743894e+03 5.269408e+03 4.821206e+01 2.453547e+02 4.535913e+00 1.087635e-01
<GCONST> 3.673331e+01
<STATE> 4
<MEAN> 6
 3.154755e+02 1.561432e+00 1.228388e+00 6.218265e-01 4.804900e-01 2.948271e-01
<VARIANCE> 6
 1.343934e+01 1.502536e+00 8.328644e-01 3.931721e-01 1.309436e-01 3.661936e-02
<GCONST> 7.576044e+00
<TRANSP> 5
 0.000000e+00 1.000000e+00 0.000000e+00 0.000000e+00 0.000000e+00
 0.000000e+00 1.691827e-10 1.000000e+00 0.000000e+00 0.000000e+00
 0.000000e+00 0.000000e+00 6.000014e-01 3.999986e-01 0.000000e+00
 0.000000e+00 0.000000e+00 0.000000e+00 8.823528e-01 1.176472e-01
 0.000000e+00 0.000000e+00 0.000000e+00 0.000000e+00 0.000000e+00
<ENDHMM>
