~o
<STREAMINFO> 1 6
<VECSIZE> 6<NULLD><MFCC><DIAGC>
~h "bg_red_0_2"
<BEGINHMM>
<NUMSTATES> 5
<STATE> 2
<MEAN> 6
 3.399583e+02 2.797396e+00 1.612920e+00 1.583885e+00 1.174383e+00 4.181380e-01
<VARIANCE> 6
 3.969617e+01 7.885325e+00 7.014762e-01 1.051199e+00 6.137869e-01 5.707977e-02
<GCONST> 1.311747e+01
<STATE> 3
<MEAN> 6
 3.374980e+02 2.033943e+00 2.033602e+00 1.049359e+00 1.085539e+00 2.760391e-01
<VARIANCE> 6
 2.039478e+01 2.368392e+00 3.507787e+00 3.890325e-01 4.487305e-01 8.568324e-03
<GCONST> 9.654631e+00
<STATE> 4
<MEAN> 6
 3.488636e+02 5.369704e+00 1.786398e+00 2.301716e+00 8.803085e-01 4.750444e-01
<VARIANCE> 6
 1.154731e+02 1.735321e+01 2.540479e+00 1.261192e+00 2.944690e-01 9.946728e-02
<GCONST> 1.626398e+01
<TRANSP> 5
 0.000000e+00 1.000000e+00 0.000000e+00 0.000000e+00 0.000000e+00
 0.000000e+00 8.541179e-08 9.999999e-01 0.000000e+00 0.000000e+00
 0.000000e+00 0.000000e+00 8.699664e-01 1.300336e-01 0.000000e+00
 0.000000e+00 0.000000e+00 0.000000e+00 7.679642e-01 2.320358e-01
 0.000000e+00 0.000000e+00 0.000000e+00 0.000000e+00 0.000000e+00
<ENDHMM>
