~o
<STREAMINFO> 1 6
<VECSIZE> 6<NULLD><MFCC><DIAGC>
~h "bg_red_0_1"
<BEGINHMM>
<NUMSTATES> 5
<STATE> 2
<MEAN> 6
 3.560000e+02 3.893277e+00 3.326986e+00 1.691971e+00 7.964164e-01 4.044829e-01
<VARIANCE> 6
 2.069585e+02 2.634695e+01 4.634662e+00 3.120723e+00 5.749617e-02 3.695362e-02
<GCONST> 1.614863e+01
<STATE> 3
<MEAN> 6
 3.551880e+02 2.998265e+00 2.466965e+00 1.645379e+00 1.986683e+00 1.163296e+00
<VARIANCE> 6
 1.926897e+02 5.852249e+00 4.438600e+00 6.170419e-01 5.302534e-01 1.723203e-01
<GCONST> 1.666989e+01
<STATE> 4
<MEAN> 6
 3.446587e+02 3.298575e+00 2.204390e+00 1.309346e+00 1.145257e+00 4.089754e-01
<VARIANCE> 6
 1.036205e+02 1.055194e+01 2.227642e+00 5.720935e-01 3.487750e-01 5.026582e-02
<GCONST> 1.422304e+01
<TRANSP> 5
 0.000000e+00 1.000000e+00 0.000000e+00 0.000000e+00 0.000000e+00
 0.000000e+00 2.263723e-08 1.000000e+00 0.000000e+00 0.000000e+00
 0.000000e+00 0.000000e+00 2.765197e-01 7.234803e-01 0.000000e+00
 0.000000e+00 0.000000e+00 0.000000e+00 9.058185e-01 9.418153e-02
 0.000000e+00 0.000000e+00 0.000000e+00 0.000000e+00 0.000000e+00
<ENDHMM>
