~o
<STREAMINFO> 1 6
<VECSIZE> 6<NULLD><MFCC><DIAGC>
~h "bg_red_0_0"
<BEGINHMM>
<NUMSTATES> 5
<STATE> 2
<MEAN> 6
 3.770417e+02 1.017933e+01 5.938482e+00 5.361635e+00 1.970289e+00 9.426191e-01
<VARIANCE> 6
 6.359023e+02 2.417372e+02 1.174769e+02 6.741932e+01 4.712359e+00 1.057499e+00
<GCONST> 3.355343e+01
<STATE> 3
<MEAN> 6
 4.312906e+02 6.732925e+01 3.582115e+00 1.923533e+01 1.151053e+00 7.248486e-01
<VARIANCE> 6
 3.423509e+03 3.468296e+03 8.822187e+00 2.036819e+02 4.867340e-01 2.696370e-01
<GCONST> 3.278021e+01
<STATE> 4
<MEAN> 6
 3.573056e+02 3.074749e+00 2.043345e+00 1.338562e+00 8.563119e-01 3.621161e-01
<VARIANCE> 6
 1.731972e+02 6.656398e+00 2.749519e+00 8.993732e-01 3.418853e-01 6.140630e-02
<GCONST> 1.511912e+01
<TRANSP> 5
 0.000000e+00 1.000000e+00 0.000000e+00 0.000000e+00 0.000000e+00
 0.000000e+00 3.102602e-10 1.000000e+00 0.000000e+00 0.000000e+00
 0.000000e+00 0.000000e+00 6.001988e-01 3.998012e-01 0.000000e+00
 0.000000e+00 0.000000e+00 0.000000e+00 8.823357e-01 1.176643e-01
 0.000000e+00 0.000000e+00 0.000000e+00 0.000000e+00 0.000000e+00
<ENDHMM>
