~o
<STREAMINFO> 1 6
<VECSIZE> 6<NULLD><MFCC><DIAGC>
~h "bg_white_0_3"
<BEGINHMM>
<NUMSTATES> 5
<STATE> 2
<MEAN> 6
 6.844257e+02 2.990322e+01 1.345272e+01 1.036330e+01 8.548922e+00 5.697673e+00
<VARIANCE> 6
 3.057595e+04 1.565223e+03 2.822384e+02 1.151006e+02 8.219666e+01 3.713744e+01
<GCONST> 4.712331e+01
<STATE> 3
<MEAN> 6
 7.427887e+02 4.154475e+01 1.908920e+01 1.458814e+01 1.536246e+01 1.005773e+01
<VARIANCE> 6
 3.258379e+03 1.041313e+03 3.414498e+02 7.362216e+01 1.084936e+02 3.652225e+01
<GCONST> 4.448125e+01
<STATE> 4
<MEAN> 6
 7.951513e+02 7.520260e+00 4.231383e+00 3.519365e+00 3.073018e+00 2.257370e+00
<VARIANCE> 6
 1.803365e+03 2.388131e+02 9.230193e+01 2.497260e+01 2.905374e+01 1.174160e+01
<GCONST> 3.757548e+01
<TRANSP> 5
 0.000000e+00 1.000000e+00 0.000000e+00 0.000000e+00 0.000000e+00
 0.000000e+00 2.981195e-01 7.018806e-01 0.000000e+00 0.000000e+00
 0.000000e+00 0.000000e+00 8.103674e-01 1.896326e-01 0.000000e+00
 0.000000e+00 0.000000e+00 0.000000e+00 8.113883e-01 1.886117e-01
 0.000000e+00 0.000000e+00 0.000000e+00 0.000000e+00 0.000000e+00
<ENDHMM>
