~o
<STREAMINFO> 1 6
<VECSIZE> 6<NULLD><MFCC><DIAGC>
~h "bg_white_0_5"
<BEGINHMM>
<NUMSTATES> 5
<STATE> 2
<MEAN> 6
 7.809886e+02 5.795122e+00 3.248472e+00 2.217018e+00 2.167994e+00 1.503817e+00
<VARIANCE> 6
 8.420230e+03 2.371951e+02 7.672707e+01 1.972959e+01 2.101758e+01 9.938630e+00
<GCONST> 3.819870e+01
<STATE> 3
<MEAN> 6
 6.741193e+02 3.860023e+01 4.160376e+01 1.060021e+01 1.455214e+01 7.467275e+00
<VARIANCE> 6
 2.364292e+04 2.109116e+03 4.634567e+03 7.850190e+01 1.393563e+02 4.716079e+01
<GCONST> 5.034712e+01
<STATE> 4
<MEAN> 6
 6.237014e+02 3.242985e+00 1.165759e+01 5.929816e-01 2.871871e+00 2.924617e-01
<VARIANCE> 6
 5.550952e+04 1.075893e+02 1.813221e+03 1.700007e+00 6.642845e+01 5.579082e-02
<GCONST> 3.597337e+01
<TRANSP> 5
 0.000000e+00 1.000000e+00 0.000000e+00 0.000000e+00 0.000000e+00
 0.000000e+00 7.816101e-01 2.183899e-01 0.000000e+00 0.000000e+00
 0.000000e+00 0.000000e+00 5.694720e-01 4.305280e-01 0.000000e+00
 0.000000e+00 0.000000e+00 0.000000e+00 8.038564e-01 1.961437e-01
 0.000000e+00 0.000000e+00 0.000000e+00 0.000000e+00 0.000000e+00
<ENDHMM>
