~o
<STREAMINFO> 1 6
<VECSIZE> 6<NULLD><MFCC><DIAGC>
~h "bg_white_0_4"
<BEGINHMM>
<NUMSTATES> 5
<STATE> 2
<MEAN> 6
 7.796744e+02 1.892123e+01 8.610610e+00 7.842695e+00 7.251292e+00 4.761254e+00
<VARIANCE> 6
 3.146575e+03 5.515527e+02 1.631139e+02 5.349458e+01 6.311498e+01 2.020783e+01
<GCONST> 4.161913e+01
<STATE> 3
<MEAN> 6
 7.207587e+02 5.283867e+01 1.917428e+01 1.376405e+01 1.402084e+01 9.727415e+00
<VARIANCE> 6
 7.098913e+03 1.719893e+03 3.216321e+02 6.607224e+01 9.080976e+01 4.916137e+01
<GCONST> 4.571301e+01
<STATE> 4
<MEAN> 6
 7.543983e+02 4.931244e+00 3.626122e+00 1.795997e+00 1.643641e+00 1.165478e+00
<VARIANCE> 6
 1.935015e+04 1.680597e+02 7.449857e+01 1.319122e+01 1.355931e+01 6.441195e+00
<GCONST> 3.738216e+01
<TRANSP> 5
 0.000000e+00 1.000000e+00 0.000000e+00 0.000000e+00 0.000000e+00
 0.000000e+00 6.098062e-01 3.901938e-01 0.000000e+00 0.000000e+00
 0.000000e+00 0.000000e+00 7.297328e-01 2.702672e-01 0.000000e+00
 0.000000e+00 0.000000e+00 0.000000e+00 8.515688e-01 1.484312e-01
 0.000000e+00 0.000000e+00 0.000000e+00 0.000000e+00 0.000000e+00
<ENDHMM>
