~o
<STREAMINFO> 1 6
<VECSIZE> 6<NULLD><MFCC><DIAGC>
~h "bg_white_0_0"
<BEGINHMM>
<NUMSTATES> 5
<STATE> 2
<MEAN> 6
 6.696705e+02 3.996618e+00 2.665228e+01 2.008956e+00 5.727484e+00 1.150130e+00
<VARIANCE> 6
 2.697091e+04 9.147672e+01 2.658042e+03 9.370247e+00 8.143525e+01 2.227014e+00
<GCONST> 4.106922e+01
<STATE> 3
<MEAN> 6
 6.990745e+02 3.908448e+01 4.096771e+01 1.399727e+01 1.723440e+01 8.442243e+00
<VARIANCE> 6
 9.397521e+03 1.882458e+03 2.412811e+03 1.111919e+02 1.057722e+02 4.485418e+01
<GCONST> 4.868031e+01
<STATE> 4
<MEAN> 6
 7.920097e+02 6.054545e+00 4.516102e+00 2.708572e+00 2.482363e+00 1.794209e+00
<VARIANCE> 6
 1.711415e+03 2.223909e+02 8.038381e+01 2.675480e+01 2.439291e+01 1.118715e+01
<GCONST> 3.715936e+01
<TRANSP> 5
 0.000000e+00 1.000000e+00 0.000000e+00 0.000000e+00 0.000000e+00
 0.000000e+00 7.221909e-01 2.778092e-01 0.000000e+00 0.000000e+00
 0.000000e+00 0.000000e+00 5.462453e-01 4.537548e-01 0.000000e+00
 0.000000e+00 0.000000e+00 0.000000e+00 8.386205e-01 1.613795e-01
 0.000000e+00 0.000000e+00 0.000000e+00 0.000000e+00 0.000000e+00
<ENDHMM>
