~o
<STREAMINFO> 1 6
<VECSIZE> 6<NULLD><MFCC><DIAGC>
~h "bg_white_0"
<BEGINHMM>
<NUMSTATES> 5
<STATE> 2
<MEAN> 6
 7.654319e+02 2.834128e+00 1.021477e+01 1.473057e+00 2.743202e+00 1.046973e+00
<VARIANCE> 6
 9.872914e+03 2.959275e+01 1.023486e+03 5.479971e+00 3.798459e+01 3.007669e+00
<GCONST> 3.698276e+01
<STATE> 3
<MEAN> 6
 7.480156e+02 3.894014e+01 1.619687e+01 1.281273e+01 1.232261e+01 8.472881e+00
<VARIANCE> 6
 5.260807e+03 1.452657e+03 3.358051e+02 7.683821e+01 9.624480e+01 3.919255e+01
<GCONST> 4.527007e+01
<STATE> 4
<MEAN> 6
 7.143138e+02 2.979341e+00 8.610459e+00 9.939879e-01 2.270351e+00 5.646280e-01
<VARIANCE> 6
 3.697518e+04 4.600964e+01 1.250570e+03 2.470361e+00 4.268049e+01 9.831158e-01
<GCONST> 3.714655e+01
<TRANSP> 5
 0.000000e+00 1.000000e+00 0.000000e+00 0.000000e+00 0.000000e+00
 0.000000e+00 9.417763e-01 5.822368e-02 0.000000e+00 0.000000e+00
 0.000000e+00 0.000000e+00 9.710928e-01 2.890718e-02 0.000000e+00
 0.000000e+00 0.000000e+00 0.000000e+00 9.451495e-01 5.485053e-02
 0.000000e+00 0.000000e+00 0.000000e+00 0.000000e+00 0.000000e+00
<ENDHMM>
