~o
<STREAMINFO> 1 6
<VECSIZE> 6<NULLD><MFCC><DIAGC>
~h "bg_white_0_2"
<BEGINHMM>
<NUMSTATES> 5
<STATE> 2
<MEAN> 6
 7.861335e+02 1.769753e+01 8.497387e+00 7.634621e+00 7.616242e+00 5.491146e+00
<VARIANCE> 6
 3.068594e+03 5.672752e+02 1.291347e+02 5.076714e+01 6.129835e+01 2.698700e+01
<GCONST> 4.159630e+01
<STATE> 3
<MEAN> 6
 7.262761e+02 5.240165e+01 2.242011e+01 1.593270e+01 1.584190e+01 1.070413e+01
<VARIANCE> 6
 3.824772e+03 1.578555e+03 4.545047e+02 7.578069e+01 9.609942e+01 4.424418e+01
<GCONST> 4.544294e+01
<STATE> 4
<MEAN> 6
 7.696571e+02 9.215301e+00 4.750677e+00 4.107990e+00 3.417670e+00 2.654039e+00
<VARIANCE> 6
 1.559928e+04 3.901066e+02 1.023619e+02 3.850465e+01 3.912554e+01 1.798902e+01
<GCONST> 4.148449e+01
<TRANSP> 5
 0.000000e+00 1.000000e+00 0.000000e+00 0.000000e+00 0.000000e+00
 0.000000e+00 7.514498e-01 2.485502e-01 0.000000e+00 0.000000e+00
 0.000000e+00 0.000000e+00 7.765581e-01 2.234419e-01 0.000000e+00
 0.000000e+00 0.000000e+00 0.000000e+00 7.778387e-01 2.221614e-01
 0.000000e+00 0.000000e+00 0.000000e+00 0.000000e+00 0.000000e+00
<ENDHMM>
