~o
<STREAMINFO> 1 6
<VECSIZE> 6<NULLD><MFCC><DIAGC>
~h "bg_white_0_1"
<BEGINHMM>
<NUMSTATES> 5
<STATE> 2
<MEAN> 6
 7.835201e+02 1.773934e+01 8.565587e+00 7.868508e+00 6.617705e+00 4.801543e+00
<VARIANCE> 6
 2.464601e+03 5.386855e+02 1.730946e+02 5.908445e+01 5.059828e+01 2.328213e+01
<GCONST> 4.143059e+01
<STATE> 3
<MEAN> 6
 7.266074e+02 5.507812e+01 2.066849e+01 1.566417e+01 1.584760e+01 1.013885e+01
<VARIANCE> 6
 5.179657e+03 1.542611e+03 3.628583e+02 7.312735e+01 9.458835e+01 3.661106e+01
<GCONST> 4.525709e+01
<STATE> 4
<MEAN> 6
 7.874723e+02 9.089439e+00 3.218068e+00 3.713924e+00 2.921474e+00 2.389273e+00
<VARIANCE> 6
 9.050126e+03 3.968315e+02 3.895629e+01 3.394109e+01 3.040910e+01 1.543829e+01
<GCONST> 3.945997e+01
<TRANSP> 5
 0.000000e+00 1.000000e+00 0.000000e+00 0.000000e+00 0.000000e+00
 0.000000e+00 6.655639e-01 3.344361e-01 0.000000e+00 0.000000e+00
 0.000000e+00 0.000000e+00 7.970057e-01 2.029944e-01 0.000000e+00
 0.000000e+00 0.000000e+00 0.000000e+00 8.032910e-01 1.967091e-01
 0.000000e+00 0.000000e+00 0.000000e+00 0.000000e+00 0.000000e+00
<ENDHMM>
