~o
<STREAMINFO> 1 6
<VECSIZE> 6<NULLD><MFCC><DIAGC>
~h "fp_key_4"
<BEGINHMM>
<NUMSTATES> 5
<STATE> 2
<MEAN> 6
 5.428821e+02 6.244035e+01 6.507236e+00 1.178709e+01 2.341552e+00 1.484310e+00
<VARIANCE> 6
 3.862966e+04 3.009029e+03 6.827065e+01 9.133113e+01 7.637952e+00 3.073312e+00
<GCONST> 4.149227e+01
<STATE> 3
<MEAN> 6
 6.186201e+02 8.798100e+01 5.607011e+01 2.454821e+01 1.900931e+01 8.874782e+00
<VARIANCE> 6
 3.632173e+04 4.609368e+03 3.317830e+03 1.926561e+02 2.488231e+02 5.240686e+01
<GCONST> 5.280703e+01
<STATE> 4
<MEAN> 6
 4.039404e+02 2.410034e+01 8.289537e+00 5.057423e+00 2.117992e+00 1.277145e+00
<VARIANCE> 6
 2.199882e+04 1.523427e+03 1.889177e+02 4.581790e+01 1.303330e+01 3.541952e+00
<GCONST> 4.125290e+01
<TRANSP> 5
 0.000000e+00 1.000000e+00 0.000000e+00 0.000000e+00 0.000000e+00
 0.000000e+00 7.861603e-01 2.138397e-01 0.000000e+00 0.000000e+00
 0.000000e+00 0.000000e+00 6.426573e-01 3.573427e-01 0.000000e+00
 0.000000e+00 0.000000e+00 0.000000e+00 8.190099e-01 1.809901e-01
 0.000000e+00 0.000000e+00 0.000000e+00 0.000000e+00 0.000000e+00
<ENDHMM>
