~o
<STREAMINFO> 1 6
<VECSIZE> 6<NULLD><MFCC><DIAGC>
~h "fp_key_5"
<BEGINHMM>
<NUMSTATES> 5
<STATE> 2
<MEAN> 6
 4.441780e+02 3.346158e+01 1.550100e+01 7.790631e+00 5.137508e+00 2.459437e+00
<VARIANCE> 6
 5.496648e+04 2.264342e+03 4.856506e+02 8.428323e+01 5.552836e+01 9.869665e+00
<GCONST> 4.659282e+01
<STATE> 3
<MEAN> 6
 4.781086e+02 1.995641e+01 3.758038e+01 4.774944e+00 6.883030e+00 3.150564e+00
<VARIANCE> 6
 1.667282e+04 1.220219e+03 4.624102e+03 2.812065e+01 1.201262e+02 1.494912e+01
<GCONST> 4.712432e+01
<STATE> 4
<MEAN> 6
 4.613733e+02 3.717655e+00 8.189742e+00 8.456510e-01 1.527970e+00 3.045019e-01
<VARIANCE> 6
 1.139922e+04 2.251578e+01 3.387616e+02 3.283619e-01 1.060545e+01 5.254079e-02
<GCONST> 2.760964e+01
<TRANSP> 5
 0.000000e+00 1.000000e+00 0.000000e+00 0.000000e+00 0.000000e+00
 0.000000e+00 3.493251e-01 6.506749e-01 0.000000e+00 0.000000e+00
 0.000000e+00 0.000000e+00 1.479547e-09 1.000000e+00 0.000000e+00
 0.000000e+00 0.000000e+00 0.000000e+00 8.943268e-01 1.056732e-01
 0.000000e+00 0.000000e+00 0.000000e+00 0.000000e+00 0.000000e+00
<ENDHMM>
