~o
<STREAMINFO> 1 6
<VECSIZE> 6<NULLD><MFCC><DIAGC>
~h "fp_key_0"
<BEGINHMM>
<NUMSTATES> 5
<STATE> 2
<MEAN> 6
 2.195644e+02 1.173284e+01 4.159664e+00 3.150640e+00 1.400638e+00 5.312610e-01
<VARIANCE> 6
 8.599696e+03 6.539919e+02 8.996395e+01 3.452396e+01 4.340833e+00 2.215025e-01
<GCONST> 3.457165e+01
<STATE> 3
<MEAN> 6
 3.916985e+02 8.091454e+01 5.266331e+01 1.748772e+01 1.716462e+01 5.563785e+00
<VARIANCE> 6
 3.486852e+04 4.840708e+03 3.130373e+03 1.527371e+02 2.778680e+02 2.778015e+01
<GCONST> 5.200051e+01
<STATE> 4
<MEAN> 6
 4.559493e+02 8.974024e+01 9.404189e+00 1.647449e+01 2.689713e+00 1.387943e+00
<VARIANCE> 6
 6.595692e+04 5.381284e+03 3.508893e+02 1.731892e+02 2.658574e+01 3.001610e+00
<GCONST> 4.610908e+01
<TRANSP> 5
 0.000000e+00 1.000000e+00 0.000000e+00 0.000000e+00 0.000000e+00
 0.000000e+00 7.970418e-01 2.029582e-01 0.000000e+00 0.000000e+00
 0.000000e+00 0.000000e+00 4.894053e-01 5.105947e-01 0.000000e+00
 0.000000e+00 0.000000e+00 0.000000e+00 8.044728e-01 1.955273e-01
 0.000000e+00 0.000000e+00 0.000000e+00 0.000000e+00 0.000000e+00
<ENDHMM>
