~o
<STREAMINFO> 1 6
<VECSIZE> 6<NULLD><MFCC><DIAGC>
~h "fp_key_2"
<BEGINHMM>
<NUMSTATES> 5
<STATE> 2
<MEAN> 6
 2.526110e+02 1.959164e+01 7.095019e+00 5.110248e+00 2.983926e+00 1.524529e+00
<VARIANCE> 6
 1.080842e+04 1.858999e+03 3.865786e+02 6.142665e+01 4.323727e+01 7.572075e+00
<GCONST> 4.370949e+01
<STATE> 3
<MEAN> 6
 5.035960e+02 9.768133e+01 7.992975e+01 2.669116e+01 2.427234e+01 9.798914e+00
<VARIANCE> 6
 3.151724e+04 6.855943e+03 6.860676e+03 4.975368e+02 4.088860e+02 8.544351e+01
<GCONST> 5.572295e+01
<STATE> 4
<MEAN> 6
 4.910367e+02 8.666640e+01 3.162806e+01 1.718683e+01 1.019532e+01 3.794378e+00
<VARIANCE> 6
 3.180739e+04 4.494280e+03 2.439906e+03 1.671269e+02 1.587647e+02 2.272545e+01
<GCONST> 5.091466e+01
<TRANSP> 5
 0.000000e+00 1.000000e+00 0.000000e+00 0.000000e+00 0.000000e+00
 0.000000e+00 8.683803e-01 1.316197e-01 0.000000e+00 0.000000e+00
 0.000000e+00 0.000000e+00 5.186499e-01 4.813500e-01 0.000000e+00
 0.000000e+00 0.000000e+00 0.000000e+00 6.992356e-01 3.007644e-01
 0.000000e+00 0.000000e+00 0.000000e+00 0.000000e+00 0.000000e+00
<ENDHMM>
