~o
<STREAMINFO> 1 6
<VECSIZE> 6<NULLD><MFCC><DIAGC>
~h "fp_key_1"
<BEGINHMM>
<NUMSTATES> 5
<STATE> 2
<MEAN> 6
 2.209975e+02 1.424757e+01 6.191876e+00 3.885431e+00 2.316402e+00 1.117504e+00
<VARIANCE> 6
 9.783277e+03 9.164549e+02 2.621534e+02 3.694162e+01 2.107751e+01 2.828344e+00
<GCONST> 4.030237e+01
<STATE> 3
<MEAN> 6
 4.532991e+02 8.982391e+01 8.136684e+01 2.640773e+01 2.453591e+01 9.732011e+00
<VARIANCE> 6
 3.068395e+04 5.445058e+03 5.968963e+03 5.055049e+02 3.117711e+02 7.044400e+01
<GCONST> 5.487819e+01
<STATE> 4
<MEAN> 6
 4.733376e+02 1.074708e+02 1.442238e+01 1.703950e+01 5.213330e+00 2.454439e+00
<VARIANCE> 6
 3.806354e+04 5.754686e+03 7.271694e+02 1.644885e+02 8.329682e+01 1.184527e+01
<GCONST> 4.881838e+01
<TRANSP> 5
 0.000000e+00 1.000000e+00 0.000000e+00 0.000000e+00 0.000000e+00
 0.000000e+00 8.534289e-01 1.465711e-01 0.000000e+00 0.000000e+00
 0.000000e+00 0.000000e+00 6.038980e-01 3.961020e-01 0.000000e+00
 0.000000e+00 0.000000e+00 0.000000e+00 7.262353e-01 2.737648e-01
 0.000000e+00 0.000000e+00 0.000000e+00 0.000000e+00 0.000000e+00
<ENDHMM>
