~o
<STREAMINFO> 1 6
<VECSIZE> 6<NULLD><MFCC><DIAGC>
~h "fp_key"
<BEGINHMM>
<NUMSTATES> 5
<STATE> 2
<MEAN> 6
 2.366503e+02 2.678650e+01 6.655040e+00 5.634167e+00 2.141538e+00 1.323159e+00
<VARIANCE> 6
 6.097930e+03 1.655189e+03 1.377430e+02 4.944385e+01 8.249107e+00 3.118081e+00
<GCONST> 3.922819e+01
<STATE> 3
<MEAN> 6
 4.925880e+02 7.872678e+01 3.265451e+01 1.752205e+01 1.072237e+01 4.308404e+00
<VARIANCE> 6
 4.225207e+04 5.208607e+03 2.915715e+03 2.339898e+02 2.293318e+02 3.479064e+01
<GCONST> 5.265440e+01
<STATE> 4
<MEAN> 6
 3.688454e+02 3.844270e+00 5.638366e+00 1.146614e+00 1.329242e+00 4.045851e-01
<VARIANCE> 6
 2.148694e+04 1.763012e+01 1.654484e+02 9.972947e-01 5.641444e+00 2.378956e-01
<GCONST> 2.927224e+01
<TRANSP> 5
 0.000000e+00 1.000000e+00 0.000000e+00 0.000000e+00 0.000000e+00
 0.000000e+00 9.335356e-01 6.646446e-02 0.000000e+00 0.000000e+00
 0.000000e+00 0.000000e+00 9.707339e-01 2.926606e-02 0.000000e+00
 0.000000e+00 0.000000e+00 0.000000e+00 9.518886e-01 4.811139e-02
 0.000000e+00 0.000000e+00 0.000000e+00 0.000000e+00 0.000000e+00
<ENDHMM>
