~o
<STREAMINFO> 1 6
<VECSIZE> 6<NULLD><MFCC><DIAGC>
~h "fp_key_3"
<BEGINHMM>
<NUMSTATES> 5
<STATE> 2
<MEAN> 6
 5.440936e+02 1.067385e+02 2.715872e+01 2.166892e+01 8.183760e+00 3.919232e+00
<VARIANCE> 6
 2.830916e+04 5.542104e+03 1.956040e+03 2.072172e+02 1.445875e+02 2.194610e+01
<GCONST> 5.087325e+01
<STATE> 3
<MEAN> 6
 4.786954e+02 5.430386e+01 7.008539e+01 1.894295e+01 2.694644e+01 7.483758e+00
<VARIANCE> 6
 4.316139e+04 3.230706e+03 4.857414e+03 2.835536e+02 4.689556e+02 4.477942e+01
<GCONST> 5.386834e+01
<STATE> 4
<MEAN> 6
 3.123444e+02 1.680449e+01 5.533698e+00 4.721620e+00 2.320741e+00 1.184597e+00
<VARIANCE> 6
 1.151665e+04 8.097672e+02 6.434765e+01 5.086737e+01 8.955692e+00 2.734689e+00
<GCONST> 3.836739e+01
<TRANSP> 5
 0.000000e+00 1.000000e+00 0.000000e+00 0.000000e+00 0.000000e+00
 0.000000e+00 7.403084e-01 2.596917e-01 0.000000e+00 0.000000e+00
 0.000000e+00 0.000000e+00 4.936456e-01 5.063545e-01 0.000000e+00
 0.000000e+00 0.000000e+00 0.000000e+00 8.380404e-01 1.619596e-01
 0.000000e+00 0.000000e+00 0.000000e+00 0.000000e+00 0.000000e+00
<ENDHMM>
