~o
<STREAMINFO> 1 6
<VECSIZE> 6<NULLD><MFCC><DIAGC>
~h "fp_logo_2"
<BEGINHMM>
<NUMSTATES> 5
<STATE> 2
<MEAN> 6
 4.001901e+02 5.688500e+01 2.982029e+01 9.613873e+00 7.987205e+00 2.699297e+00
<VARIANCE> 6
 4.149280e+04 5.951344e+03 4.746978e+03 1.546081e+02 1.891739e+02 2.400387e+01
<GCONST> 5.227895e+01
<STATE> 3
<MEAN> 6
 4.488337e+02 8.838721e+01 6.205377e+01 2.595195e+01 2.009644e+01 8.700047e+00
<VARIANCE> 6
 3.807865e+04 1.022305e+04 7.552541e+03 6.310750e+02 5.102777e+02 7.789548e+01
<GCONST> 5.677446e+01
<STATE> 4
<MEAN> 6
 2.434435e+02 7.298121e+00 4.043812e+00 3.097182e+00 1.739246e+00 9.178635e-01
<VARIANCE> 6
 3.929585e+03 9.680781e+01 1.066212e+01 8.256795e+00 1.513180e+00 8.766013e-01
<GCONST> 2.863652e+01
<TRANSP> 5
 0.000000e+00 1.000000e+00 0.000000e+00 0.000000e+00 0.000000e+00
 0.000000e+00 4.332698e-01 5.667303e-01 0.000000e+00 0.000000e+00
 0.000000e+00 0.000000e+00 6.986883e-01 3.013117e-01 0.000000e+00
 0.000000e+00 0.000000e+00 0.000000e+00 8.736843e-01 1.263157e-01
 0.000000e+00 0.000000e+00 0.000000e+00 0.000000e+00 0.000000e+00
<ENDHMM>
