~o
<STREAMINFO> 1 6
<VECSIZE> 6<NULLD><MFCC><DIAGC>
~h "fp_logo_1"
<BEGINHMM>
<NUMSTATES> 5
<STATE> 2
<MEAN> 6
 2.051329e+02 7.829806e+00 4.231772e+00 4.033623e+00 2.432404e+00 1.449109e+00
<VARIANCE> 6
 2.455359e+03 3.743502e+02 2.155019e+01 3.231041e+01 3.661905e+00 2.710426e+00
<GCONST> 3.359935e+01
<STATE> 3
<MEAN> 6
 4.208596e+02 1.006517e+02 6.743547e+01 2.914187e+01 2.025328e+01 8.403340e+00
<VARIANCE> 6
 4.421761e+04 7.018798e+03 5.921298e+03 3.932448e+02 3.918419e+02 6.157773e+01
<GCONST> 5.533239e+01
<STATE> 4
<MEAN> 6
 4.367971e+02 5.595959e+01 3.260154e+01 1.094412e+01 9.835531e+00 2.758693e+00
<VARIANCE> 6
 6.807499e+04 6.067002e+03 5.130674e+03 1.828305e+02 2.706339e+02 1.964462e+01
<GCONST> 5.319637e+01
<TRANSP> 5
 0.000000e+00 1.000000e+00 0.000000e+00 0.000000e+00 0.000000e+00
 0.000000e+00 8.705024e-01 1.294976e-01 0.000000e+00 0.000000e+00
 0.000000e+00 0.000000e+00 6.930554e-01 3.069446e-01 0.000000e+00
 0.000000e+00 0.000000e+00 0.000000e+00 5.049339e-01 4.950661e-01
 0.000000e+00 0.000000e+00 0.000000e+00 0.000000e+00 0.000000e+00
<ENDHMM>
