~o
<STREAMINFO> 1 6
<VECSIZE> 6<NULLD><MFCC><DIAGC>
~h "fp_logo_5"
<BEGINHMM>
<NUMSTATES> 5
<STATE> 2
<MEAN> 6
 4.062500e+02 8.045272e+00 5.969247e+00 2.067160e+00 2.857267e+00 6.070765e-01
<VARIANCE> 6
 4.652069e+03 1.318150e+02 1.695550e+02 7.770032e+00 1.538153e+01 5.803593e-01
<GCONST> 3.372624e+01
<STATE> 3
<MEAN> 6
 4.382777e+02 4.302188e+00 1.504563e+01 1.154837e+00 2.735116e+00 4.623597e-01
<VARIANCE> 6
 6.160763e+02 1.985904e+01 9.811765e+02 3.403298e-01 1.722365e+01 2.095442e-01
<GCONST> 2.753367e+01
<STATE> 4
<MEAN> 6
 4.945264e+02 2.167822e+00 2.965411e+00 7.395220e-01 6.290826e-01 2.467138e-01
<VARIANCE> 6
 1.157029e+03 2.613461e+00 4.283898e+00 1.524900e-01 8.202876e-02 8.148260e-03
<GCONST> 1.130512e+01
<TRANSP> 5
 0.000000e+00 1.000000e+00 0.000000e+00 0.000000e+00 0.000000e+00
 0.000000e+00 6.444761e-12 1.000000e+00 0.000000e+00 0.000000e+00
 0.000000e+00 0.000000e+00 2.382765e-11 1.000000e+00 0.000000e+00
 0.000000e+00 0.000000e+00 0.000000e+00 9.000000e-01 1.000000e-01
 0.000000e+00 0.000000e+00 0.000000e+00 0.000000e+00 0.000000e+00
<ENDHMM>
