~o
<STREAMINFO> 1 6
<VECSIZE> 6<NULLD><MFCC><DIAGC>
~h "fp_logo"
<BEGINHMM>
<NUMSTATES> 5
<STATE> 2
<MEAN> 6
 1.973620e+02 7.676642e+00 3.977112e+00 3.568532e+00 2.001885e+00 1.068473e+00
<VARIANCE> 6
 1.269559e+03 1.127020e+02 1.302014e+01 1.382634e+01 2.383508e+00 1.394740e+00
<GCONST> 2.929279e+01
<STATE> 3
<MEAN> 6
 4.650528e+02 8.792632e+01 4.245811e+01 2.117153e+01 1.278188e+01 5.457817e+00
<VARIANCE> 6
 4.349284e+04 8.674462e+03 4.626394e+03 4.036543e+02 3.048219e+02 4.483497e+01
<GCONST> 5.473856e+01
<STATE> 4
<MEAN> 6
 4.053984e+02 2.811370e+00 3.254295e+00 1.239798e+00 9.341627e-01 3.337004e-01
<VARIANCE> 6
 6.983100e+03 5.210809e+00 6.570973e+00 7.939834e-01 3.719391e-01 5.745221e-02
<GCONST> 1.933539e+01
<TRANSP> 5
 0.000000e+00 1.000000e+00 0.000000e+00 0.000000e+00 0.000000e+00
 0.000000e+00 9.610072e-01 3.899281e-02 0.000000e+00 0.000000e+00
 0.000000e+00 0.000000e+00 9.318038e-01 6.819625e-02 0.000000e+00
 0.000000e+00 0.000000e+00 0.000000e+00 9.663194e-01 3.368060e-02
 0.000000e+00 0.000000e+00 0.000000e+00 0.000000e+00 0.000000e+00
<ENDHMM>
