~o
<STREAMINFO> 1 6
<VECSIZE> 6<NULLD><MFCC><DIAGC>
~h "fp_logo_0"
<BEGINHMM>
<NUMSTATES> 5
<STATE> 2
<MEAN> 6
 1.719639e+02 6.216105e+00 3.417161e+00 2.534557e+00 1.394339e+00 5.641477e-01
<VARIANCE> 6
 3.741710e+02 1.617869e+02 6.592458e+00 1.268723e+01 6.102582e-01 2.317869e-01
<GCONST> 2.450897e+01
<STATE> 3
<MEAN> 6
 2.722083e+02 8.656615e+01 6.970284e+00 1.455001e+01 2.791861e+00 2.314813e+00
<VARIANCE> 6
 2.112416e+04 1.608865e+04 3.329308e+01 2.574505e+02 3.631294e+00 2.602594e+00
<GCONST> 4.197358e+01
<STATE> 4
<MEAN> 6
 1.964377e+02 1.367320e+01 4.847285e+00 6.340355e+00 1.967708e+00 7.884225e-01
<VARIANCE> 6
 6.292124e+03 1.099698e+03 1.322240e+01 7.058339e+01 1.496505e+00 2.529026e-01
<GCONST> 3.264420e+01
<TRANSP> 5
 0.000000e+00 1.000000e+00 0.000000e+00 0.000000e+00 0.000000e+00
 0.000000e+00 8.720700e-01 1.279301e-01 0.000000e+00 0.000000e+00
 0.000000e+00 0.000000e+00 4.962982e-01 5.037018e-01 0.000000e+00
 0.000000e+00 0.000000e+00 0.000000e+00 5.450259e-01 4.549741e-01
 0.000000e+00 0.000000e+00 0.000000e+00 0.000000e+00 0.000000e+00
<ENDHMM>
