~o
<STREAMINFO> 1 6
<VECSIZE> 6<NULLD><MFCC><DIAGC>
~h "fp_logo_4"
<BEGINHMM>
<NUMSTATES> 5
<STATE> 2
<MEAN> 6
 3.291695e+02 1.970647e+01 1.029993e+01 6.816304e+00 2.429455e+00 1.662752e+00
<VARIANCE> 6
 6.407895e+03 1.744007e+03 2.806461e+02 9.212823e+01 2.875797e+00 3.460147e+00
<GCONST> 3.971441e+01
<STATE> 3
<MEAN> 6
 5.947067e+02 5.117884e+01 3.574681e+01 1.664434e+01 8.975464e+00 3.656147e+00
<VARIANCE> 6
 5.721910e+04 4.715416e+03 2.366901e+03 3.183901e+02 1.051009e+02 1.519962e+01
<GCONST> 5.134931e+01
<STATE> 4
<MEAN> 6
 4.002750e+02 3.615608e+00 3.491393e+00 1.405070e+00 1.237561e+00 4.119717e-01
<VARIANCE> 6
 2.364045e+03 2.303738e+01 2.488785e+01 1.721617e+00 2.421375e+00 1.724421e-01
<GCONST> 2.481679e+01
<TRANSP> 5
 0.000000e+00 1.000000e+00 0.000000e+00 0.000000e+00 0.000000e+00
 0.000000e+00 5.236798e-01 4.763202e-01 0.000000e+00 0.000000e+00
 0.000000e+00 0.000000e+00 5.030450e-01 4.969550e-01 0.000000e+00
 0.000000e+00 0.000000e+00 0.000000e+00 8.874928e-01 1.125072e-01
 0.000000e+00 0.000000e+00 0.000000e+00 0.000000e+00 0.000000e+00
<ENDHMM>
