~o
<STREAMINFO> 1 6
<VECSIZE> 6<NULLD><MFCC><DIAGC>
~h "fp_logo_3"
<BEGINHMM>
<NUMSTATES> 5
<STATE> 2
<MEAN> 6
 3.107080e+02 1.961737e+01 3.857764e+00 4.970734e+00 2.310657e+00 1.249323e+00
<VARIANCE> 6
 1.054946e+04 2.719359e+02 1.233218e+01 1.814273e+01 2.019081e+00 8.717016e-01
<GCONST> 3.187248e+01
<STATE> 3
<MEAN> 6
 4.138291e+02 8.848237e+01 6.857905e+00 1.403549e+01 2.068621e+00 1.593530e+00
<VARIANCE> 6
 2.850538e+04 8.681366e+03 2.220760e+01 2.487753e+02 1.980982e+00 1.013867e+00
<GCONST> 3.966840e+01
<STATE> 4
<MEAN> 6
 3.287941e+02 6.044384e+00 3.865188e+00 2.142202e+00 1.279466e+00 4.472038e-01
<VARIANCE> 6
 1.920045e+03 5.052653e+02 9.628090e+00 1.953885e+01 9.537352e-01 3.485267e-01
<GCONST> 2.894813e+01
<TRANSP> 5
 0.000000e+00 1.000000e+00 0.000000e+00 0.000000e+00 0.000000e+00
 0.000000e+00 6.236189e-01 3.763811e-01 0.000000e+00 0.000000e+00
 0.000000e+00 0.000000e+00 5.043608e-01 4.956392e-01 0.000000e+00
 0.000000e+00 0.000000e+00 0.000000e+00 8.634909e-01 1.365091e-01
 0.000000e+00 0.000000e+00 0.000000e+00 0.000000e+00 0.000000e+00
<ENDHMM>
