~o
<STREAMINFO> 1 6
<VECSIZE> 6<NULLD><MFCC><DIAGC>
~h "fp_screen_1"
<BEGINHMM>
<NUMSTATES> 5
<STATE> 2
<MEAN> 6
 3.876535e+02 2.495117e+01 6.098992e+00 7.045571e+00 3.113440e+00 1.539594e+00
<VARIANCE> 6
 4.036139e+04 8.398025e+02 1.230771e+02 4.863367e+01 1.285809e+01 3.859380e+00
<GCONST> 4.096767e+01
<STATE> 3
<MEAN> 6
 4.887533e+02 5.433177e+01 2.529361e+01 1.637680e+01 6.993571e+00 4.464272e+00
<VARIANCE> 6
 2.805421e+04 3.513460e+03 1.660614e+03 3.604291e+02 6.532852e+01 3.612256e+01
<GCONST> 5.050210e+01
<STATE> 4
<MEAN> 6
 4.115019e+02 5.548152e+00 7.320879e+00 2.577568e+00 2.734577e+00 8.717808e-01
<VARIANCE> 6
 2.550486e+03 1.931408e+02 2.219708e+02 1.531644e+01 1.348468e+01 7.587548e-01
<GCONST> 3.459167e+01
<TRANSP> 5
 0.000000e+00 1.000000e+00 0.000000e+00 0.000000e+00 0.000000e+00
 0.000000e+00 7.218953e-01 2.781047e-01 0.000000e+00 0.000000e+00
 0.000000e+00 0.000000e+00 4.309579e-01 5.690420e-01 0.000000e+00
 0.000000e+00 0.000000e+00 0.000000e+00 8.692279e-01 1.307721e-01
 0.000000e+00 0.000000e+00 0.000000e+00 0.000000e+00 0.000000e+00
<ENDHMM>
