~o
<STREAMINFO> 1 6
<VECSIZE> 6<NULLD><MFCC><DIAGC>
~h "fp_screen"
<BEGINHMM>
<NUMSTATES> 5
<STATE> 2
<MEAN> 6
 3.533618e+02 1.549116e+01 8.132382e+00 4.845060e+00 3.468406e+00 1.360833e+00
<VARIANCE> 6
 1.904379e+04 4.198844e+02 1.796479e+02 2.460918e+01 1.531138e+01 2.279893e+00
<GCONST> 3.886858e+01
<STATE> 3
<MEAN> 6
 5.401541e+02 6.640300e+01 2.759372e+01 1.740389e+01 1.123337e+01 5.753953e+00
<VARIANCE> 6
 3.127111e+04 4.463812e+03 1.491360e+03 1.926278e+02 1.331174e+02 3.587665e+01
<GCONST> 5.082100e+01
<STATE> 4
<MEAN> 6
 4.526375e+02 4.848144e+00 7.841253e+00 2.143316e+00 2.382982e+00 7.882345e-01
<VARIANCE> 6
 8.345758e+03 3.225420e+01 1.988500e+02 3.579790e+00 9.685050e+00 6.692448e-01
<GCONST> 3.196725e+01
<TRANSP> 5
 0.000000e+00 1.000000e+00 0.000000e+00 0.000000e+00 0.000000e+00
 0.000000e+00 9.453313e-01 5.466869e-02 0.000000e+00 0.000000e+00
 0.000000e+00 0.000000e+00 9.167388e-01 8.326122e-02 0.000000e+00
 0.000000e+00 0.000000e+00 0.000000e+00 9.748096e-01 2.519044e-02
 0.000000e+00 0.000000e+00 0.000000e+00 0.000000e+00 0.000000e+00
<ENDHMM>
