~o
<STREAMINFO> 1 6
<VECSIZE> 6<NULLD><MFCC><DIAGC>
~h "fp_screen_5"
<BEGINHMM>
<NUMSTATES> 5
<STATE> 2
<MEAN> 6
 3.847500e+02 9.282578e+00 3.672279e+01 4.106926e+00 1.309538e+01 1.520734e+00
<VARIANCE> 6
 5.824166e+03 7.418451e+01 1.420454e+03 5.810133e+00 3.744447e+01 1.399032e+00
<GCONST> 3.698056e+01
<STATE> 3
<MEAN> 6
 4.918899e+02 2.874335e+00 5.272671e+01 1.605719e+00 8.405035e+00 9.267581e-01
<VARIANCE> 6
 3.342205e+03 5.105354e+00 1.228352e+03 7.315813e-01 2.672154e+01 4.074445e-01
<GCONST> 2.996044e+01
<STATE> 4
<MEAN> 6
 5.883897e+02 1.868251e+00 2.968675e+00 6.545376e-01 5.206102e-01 2.726501e-01
<VARIANCE> 6
 1.132036e+03 2.230319e+00 4.216258e+00 1.653946e-01 8.582446e-02 1.599091e-02
<GCONST> 1.190952e+01
<TRANSP> 5
 0.000000e+00 1.000000e+00 0.000000e+00 0.000000e+00 0.000000e+00
 0.000000e+00 7.563671e-07 9.999992e-01 0.000000e+00 0.000000e+00
 0.000000e+00 0.000000e+00 5.939532e-06 9.999940e-01 0.000000e+00
 0.000000e+00 0.000000e+00 0.000000e+00 8.999999e-01 1.000001e-01
 0.000000e+00 0.000000e+00 0.000000e+00 0.000000e+00 0.000000e+00
<ENDHMM>
