~o
<STREAMINFO> 1 6
<VECSIZE> 6<NULLD><MFCC><DIAGC>
~h "fp_screen_0"
<BEGINHMM>
<NUMSTATES> 5
<STATE> 2
<MEAN> 6
 3.470428e+02 1.428696e+01 2.095478e+01 4.535204e+00 7.167996e+00 2.007381e+00
<VARIANCE> 6
 2.481274e+04 6.118140e+02 7.106699e+02 2.065101e+01 5.151614e+01 5.199867e+00
<GCONST> 4.274730e+01
<STATE> 3
<MEAN> 6
 5.209291e+02 5.556662e+01 2.934785e+01 1.286324e+01 8.924942e+00 4.165471e+00
<VARIANCE> 6
 4.970402e+04 2.196590e+03 1.458561e+03 9.079437e+01 6.473711e+01 2.831423e+01
<GCONST> 4.884327e+01
<STATE> 4
<MEAN> 6
 4.260810e+02 8.932473e+00 3.913390e+00 2.895297e+00 1.760586e+00 8.921373e-01
<VARIANCE> 6
 1.653053e+04 2.960910e+02 6.255451e+01 1.799428e+01 7.535320e+00 1.938195e+00
<GCONST> 3.613834e+01
<TRANSP> 5
 0.000000e+00 1.000000e+00 0.000000e+00 0.000000e+00 0.000000e+00
 0.000000e+00 5.915030e-01 4.084971e-01 0.000000e+00 0.000000e+00
 0.000000e+00 0.000000e+00 5.477371e-01 4.522630e-01 0.000000e+00
 0.000000e+00 0.000000e+00 0.000000e+00 8.637769e-01 1.362231e-01
 0.000000e+00 0.000000e+00 0.000000e+00 0.000000e+00 0.000000e+00
<ENDHMM>
