~o
<STREAMINFO> 1 6
<VECSIZE> 6<NULLD><MFCC><DIAGC>
~h "fp_screen_3"
<BEGINHMM>
<NUMSTATES> 5
<STATE> 2
<MEAN> 6
 3.823260e+02 3.628382e+01 1.674058e+01 1.058762e+01 5.619506e+00 3.060283e+00
<VARIANCE> 6
 1.504978e+04 1.727040e+03 9.855173e+02 9.395062e+01 4.285143e+01 2.004839e+01
<GCONST> 4.629237e+01
<STATE> 3
<MEAN> 6
 5.572761e+02 8.222096e+01 1.750660e+01 1.733329e+01 1.319245e+01 6.337762e+00
<VARIANCE> 6
 3.737802e+04 6.718007e+03 3.965209e+02 1.430316e+02 1.839288e+02 2.984824e+01
<GCONST> 4.992512e+01
<STATE> 4
<MEAN> 6
 3.955337e+02 9.573219e+00 5.716346e+00 3.047880e+00 2.758634e+00 1.131243e+00
<VARIANCE> 6
 3.195258e+03 2.413244e+02 3.194294e+01 7.679401e+00 4.798964e+00 1.506757e+00
<GCONST> 3.206368e+01
<TRANSP> 5
 0.000000e+00 1.000000e+00 0.000000e+00 0.000000e+00 0.000000e+00
 0.000000e+00 5.940356e-01 4.059644e-01 0.000000e+00 0.000000e+00
 0.000000e+00 0.000000e+00 4.563212e-01 5.436788e-01 0.000000e+00
 0.000000e+00 0.000000e+00 0.000000e+00 8.700861e-01 1.299139e-01
 0.000000e+00 0.000000e+00 0.000000e+00 0.000000e+00 0.000000e+00
<ENDHMM>
