~o
<STREAMINFO> 1 6
<VECSIZE> 6<NULLD><MFCC><DIAGC>
~h "fp_screen_2"
<BEGINHMM>
<NUMSTATES> 5
<STATE> 2
<MEAN> 6
 3.609791e+02 9.963536e+00 1.192714e+01 3.757009e+00 4.288693e+00 1.234959e+00
<VARIANCE> 6
 9.301363e+03 2.449989e+02 3.540979e+02 2.180920e+01 1.740285e+01 1.274920e+00
<GCONST> 3.771786e+01
<STATE> 3
<MEAN> 6
 5.837692e+02 8.952589e+01 3.421878e+01 2.279424e+01 1.600632e+01 8.431567e+00
<VARIANCE> 6
 3.379261e+04 6.432756e+03 2.164756e+03 2.014780e+02 2.082513e+02 4.693738e+01
<GCONST> 5.239772e+01
<STATE> 4
<MEAN> 6
 4.468802e+02 3.855851e+01 1.917480e+01 1.406657e+01 5.875697e+00 3.495379e+00
<VARIANCE> 6
 1.418257e+04 1.563101e+03 1.197036e+03 1.488083e+02 5.168467e+01 2.355372e+01
<GCONST> 4.713617e+01
<TRANSP> 5
 0.000000e+00 1.000000e+00 0.000000e+00 0.000000e+00 0.000000e+00
 0.000000e+00 8.749584e-01 1.250416e-01 0.000000e+00 0.000000e+00
 0.000000e+00 0.000000e+00 6.660401e-01 3.339599e-01 0.000000e+00
 0.000000e+00 0.000000e+00 0.000000e+00 5.020650e-01 4.979350e-01
 0.000000e+00 0.000000e+00 0.000000e+00 0.000000e+00 0.000000e+00
<ENDHMM>
