~o
<STREAMINFO> 1 6
<VECSIZE> 6<NULLD><MFCC><DIAGC>
~h "fp_screen_4"
<BEGINHMM>
<NUMSTATES> 5
<STATE> 2
<MEAN> 6
 4.205810e+02 1.375004e+01 1.012770e+01 4.838775e+00 3.465016e+00 1.738636e+00
<VARIANCE> 6
 6.694387e+03 4.932278e+02 8.983626e+01 1.883336e+01 8.166475e+00 3.110693e+00
<GCONST> 3.670576e+01
<STATE> 3
<MEAN> 6
 4.458862e+02 3.525362e+01 1.424609e+01 1.193998e+01 7.742245e+00 4.217966e+00
<VARIANCE> 6
 1.228460e+04 1.764950e+03 3.405210e+02 1.044737e+02 8.243483e+01 1.923907e+01
<GCONST> 4.576760e+01
<STATE> 4
<MEAN> 6
 3.753927e+02 6.356580e+00 1.263972e+01 3.042585e+00 3.772899e+00 1.020517e+00
<VARIANCE> 6
 3.748587e+03 3.314546e+01 3.233110e+02 3.294975e+00 1.886128e+01 6.732773e-01
<GCONST> 3.226983e+01
<TRANSP> 5
 0.000000e+00 1.000000e+00 0.000000e+00 0.000000e+00 0.000000e+00
 0.000000e+00 6.714899e-01 3.285101e-01 0.000000e+00 0.000000e+00
 0.000000e+00 0.000000e+00 4.059034e-01 5.940966e-01 0.000000e+00
 0.000000e+00 0.000000e+00 0.000000e+00 8.791209e-01 1.208792e-01
 0.000000e+00 0.000000e+00 0.000000e+00 0.000000e+00 0.000000e+00
<ENDHMM>
