~o
<STREAMINFO> 1 6
<VECSIZE> 6<NULLD><MFCC><DIAGC>
~h "bg_red_0"
<BEGINHMM>
<NUMSTATES> 5
<STATE> 2
<MEAN> 6
 3.780452e+02 2.667155e+01 2.865563e+00 8.806628e+00 1.213366e+00 6.480833e-01
<VARIANCE> 6
 1.611239e+03 1.362831e+03 1.533059e+01 1.030572e+02 9.181699e-01 2.395001e-01
<GCONST> 3.147990e+01
<STATE> 3
<MEAN> 6
 4.161763e+02 9.786250e+01 4.092683e+00 2.328279e+01 1.349724e+00 5.001751e-01
<VARIANCE> 6
 1.878586e+03 4.015783e+03 4.050430e+01 2.124931e+02 3.827653e+00 1.590894e-01
<GCONST> 3.542781e+01
<STATE> 4
<MEAN> 6
 3.319537e+02 2.163331e+00 1.815858e+00 9.768137e-01 9.343137e-01 3.358555e-01
<VARIANCE> 6
 1.930291e+02 3.556657e+00 2.652745e+00 4.157397e-01 5.502337e-01 5.525582e-02
<GCONST> 1.416363e+01
<TRANSP> 5
 0.000000e+00 1.000000e+00 0.000000e+00 0.000000e+00 0.000000e+00
 0.000000e+00 9.170584e-01 8.294158e-02 0.000000e+00 0.000000e+00
 0.000000e+00 0.000000e+00 6.621029e-01 3.378971e-01 0.000000e+00
 0.000000e+00 0.000000e+00 0.000000e+00 9.818129e-01 1.818716e-02
 0.000000e+00 0.000000e+00 0.000000e+00 0.000000e+00 0.000000e+00
<ENDHMM>
~h "bg_red_0_0"
<BEGINHMM>
<NUMSTATES> 5
<STATE> 2
<MEAN> 6
 3.770417e+02 1.017933e+01 5.938482e+00 5.361635e+00 1.970289e+00 9.426191e-01
<VARIANCE> 6
 6.359023e+02 2.417372e+02 1.174769e+02 6.741932e+01 4.712359e+00 1.057499e+00
<GCONST> 3.355343e+01
<STATE> 3
<MEAN> 6
 4.312906e+02 6.732925e+01 3.582115e+00 1.923533e+01 1.151053e+00 7.248486e-01
<VARIANCE> 6
 3.423509e+03 3.468296e+03 8.822187e+00 2.036819e+02 4.867340e-01 2.696370e-01
<GCONST> 3.278021e+01
<STATE> 4
<MEAN> 6
 3.573056e+02 3.074749e+00 2.043345e+00 1.338562e+00 8.563119e-01 3.621161e-01
<VARIANCE> 6
 1.731972e+02 6.656398e+00 2.749519e+00 8.993732e-01 3.418853e-01 6.140630e-02
<GCONST> 1.511912e+01
<TRANSP> 5
 0.000000e+00 1.000000e+00 0.000000e+00 0.000000e+00 0.000000e+00
 0.000000e+00 3.102602e-10 1.000000e+00 0.000000e+00 0.000000e+00
 0.000000e+00 0.000000e+00 6.001988e-01 3.998012e-01 0.000000e+00
 0.000000e+00 0.000000e+00 0.000000e+00 8.823357e-01 1.176643e-01
 0.000000e+00 0.000000e+00 0.000000e+00 0.000000e+00 0.000000e+00
<ENDHMM>
~h "bg_red_0_1"
<BEGINHMM>
<NUMSTATES> 5
<STATE> 2
<MEAN> 6
 3.560000e+02 3.893277e+00 3.326986e+00 1.691971e+00 7.964164e-01 4.044829e-01
<VARIANCE> 6
 2.069585e+02 2.634695e+01 4.634662e+00 3.120723e+00 5.749617e-02 3.695362e-02
<GCONST> 1.614863e+01
<STATE> 3
<MEAN> 6
 3.551880e+02 2.998265e+00 2.466965e+00 1.645379e+00 1.986683e+00 1.163296e+00
<VARIANCE> 6
 1.926897e+02 5.852249e+00 4.438600e+00 6.170419e-01 5.302534e-01 1.723203e-01
<GCONST> 1.666989e+01
<STATE> 4
<MEAN> 6
 3.446587e+02 3.298575e+00 2.204390e+00 1.309346e+00 1.145257e+00 4.089754e-01
<VARIANCE> 6
 1.036205e+02 1.055194e+01 2.227642e+00 5.720935e-01 3.487750e-01 5.026582e-02
<GCONST> 1.422304e+01
<TRANSP> 5
 0.000000e+00 1.000000e+00 0.000000e+00 0.000000e+00 0.000000e+00
 0.000000e+00 2.263723e-08 1.000000e+00 0.000000e+00 0.000000e+00
 0.000000e+00 0.000000e+00 2.765197e-01 7.234803e-01 0.000000e+00
 0.000000e+00 0.000000e+00 0.000000e+00 9.058185e-01 9.418153e-02
 0.000000e+00 0.000000e+00 0.000000e+00 0.000000e+00 0.000000e+00
<ENDHMM>
~h "bg_red_0_2"
<BEGINHMM>
<NUMSTATES> 5
<STATE> 2
<MEAN> 6
 3.399583e+02 2.797396e+00 1.612920e+00 1.583885e+00 1.174383e+00 4.181380e-01
<VARIANCE> 6
 3.969617e+01 7.885325e+00 7.014762e-01 1.051199e+00 6.137869e-01 5.707977e-02
<GCONST> 1.311747e+01
<STATE> 3
<MEAN> 6
 3.374980e+02 2.033943e+00 2.033602e+00 1.049359e+00 1.085539e+00 2.760391e-01
<VARIANCE> 6
 2.039478e+01 2.368392e+00 3.507787e+00 3.890325e-01 4.487305e-01 8.568324e-03
<GCONST> 9.654631e+00
<STATE> 4
<MEAN> 6
 3.488636e+02 5.369704e+00 1.786398e+00 2.301716e+00 8.803085e-01 4.750444e-01
<VARIANCE> 6
 1.154731e+02 1.735321e+01 2.540479e+00 1.261192e+00 2.944690e-01 9.946728e-02
<GCONST> 1.626398e+01
<TRANSP> 5
 0.000000e+00 1.000000e+00 0.000000e+00 0.000000e+00 0.000000e+00
 0.000000e+00 8.541179e-08 9.999999e-01 0.000000e+00 0.000000e+00
 0.000000e+00 0.000000e+00 8.699664e-01 1.300336e-01 0.000000e+00
 0.000000e+00 0.000000e+00 0.000000e+00 7.679642e-01 2.320358e-01
 0.000000e+00 0.000000e+00 0.000000e+00 0.000000e+00 0.000000e+00
<ENDHMM>
~h "bg_red_0_3"
<BEGINHMM>
<NUMSTATES> 5
<STATE> 2
<MEAN> 6
 3.423785e+02 1.175081e+01 1.312208e+00 4.078263e+00 6.665922e-01 4.251920e-01
<VARIANCE> 6
 5.653949e+01 5.758684e+01 5.841013e-01 6.835511e+00 6.788854e-02 3.663608e-02
<GCONST> 1.450334e+01
<STATE> 3
<MEAN> 6
 3.358144e+02 5.501928e+00 3.518724e+00 2.582294e+00 1.340702e+00 2.662266e-01
<VARIANCE> 6
 7.980991e+01 6.004784e+01 4.271502e+00 9.916581e+00 1.311106e-01 1.679710e-02
<GCONST> 1.712996e+01
<STATE> 4
<MEAN> 6
 3.338385e+02 3.576081e+00 2.402717e+00 1.433901e+00 1.700257e+00 4.499787e-01
<VARIANCE> 6
 9.139253e+01 2.103709e+01 5.536187e+00 1.889835e+00 1.072618e+00 1.335298e-01
<GCONST> 1.899318e+01
<TRANSP> 5
 0.000000e+00 1.000000e+00 0.000000e+00 0.000000e+00 0.000000e+00
 0.000000e+00 6.036268e-01 3.963732e-01 0.000000e+00 0.000000e+00
 0.000000e+00 0.000000e+00 2.096566e-04 9.997904e-01 0.000000e+00
 0.000000e+00 0.000000e+00 0.000000e+00 8.820326e-01 1.179675e-01
 0.000000e+00 0.000000e+00 0.000000e+00 0.000000e+00 0.000000e+00
<ENDHMM>
~h "bg_red_0_4"
<BEGINHMM>
<NUMSTATES> 5
<STATE> 2
<MEAN> 6
 3.198620e+02 2.180595e+00 1.424881e+00 8.366086e-01 6.794887e-01 2.637030e-01
<VARIANCE> 6
 4.305391e+01 1.597135e+01 1.296565e+00 1.743898e+00 3.820035e-01 1.938435e-02
<GCONST> 1.347074e+01
<STATE> 3
<MEAN> 6
 3.536017e+02 4.210908e+01 1.885243e+00 1.531066e+01 5.741435e-01 2.991707e-01
<VARIANCE> 6
 9.045423e+02 1.118633e+03 2.163663e+00 1.355862e+02 7.255926e-02 1.339368e-02
<GCONST> 2.359964e+01
<STATE> 4
<MEAN> 6
 3.306667e+02 2.182891e+01 1.006341e+00 6.406702e+00 3.318034e-01 3.226715e-01
<VARIANCE> 6
 1.700057e+03 2.119940e+03 5.064509e-02 1.760518e+02 2.333780e-02 9.653203e-03
<GCONST> 1.991454e+01
<TRANSP> 5
 0.000000e+00 1.000000e+00 0.000000e+00 0.000000e+00 0.000000e+00
 0.000000e+00 8.928515e-01 1.071486e-01 0.000000e+00 0.000000e+00
 0.000000e+00 0.000000e+00 6.250697e-01 3.749303e-01 0.000000e+00
 0.000000e+00 0.000000e+00 0.000000e+00 3.455205e-11 1.000000e+00
 0.000000e+00 0.000000e+00 0.000000e+00 0.000000e+00 0.000000e+00
<ENDHMM>
~h "bg_red_0_5"
<BEGINHMM>
<NUMSTATES> 5
<STATE> 2
<MEAN> 6
 3.306668e+02 2.182903e+01 1.006341e+00 6.406734e+00 3.318037e-01 3.226714e-01
<VARIANCE> 6
 1.700065e+03 2.119949e+03 5.064490e-02 1.760526e+02 2.333779e-02 9.653249e-03
<GCONST> 1.991455e+01
<STATE> 3
<MEAN> 6
 3.981169e+02 9.014883e+01 4.129875e+00 1.927435e+01 1.296592e+00 4.643351e-01
<VARIANCE> 6
 4.743894e+03 5.269408e+03 4.821206e+01 2.453547e+02 4.535913e+00 1.087635e-01
<GCONST> 3.673331e+01
<STATE> 4
<MEAN> 6
 3.154755e+02 1.561432e+00 1.228388e+00 6.218265e-01 4.804900e-01 2.948271e-01
<VARIANCE> 6
 1.343934e+01 1.502536e+00 8.328644e-01 3.931721e-01 1.309436e-01 3.661936e-02
<GCONST> 7.576044e+00
<TRANSP> 5
 0.000000e+00 1.000000e+00 0.000000e+00 0.000000e+00 0.000000e+00
 0.000000e+00 1.691827e-10 1.000000e+00 0.000000e+00 0.000000e+00
 0.000000e+00 0.000000e+00 6.000014e-01 3.999986e-01 0.000000e+00
 0.000000e+00 0.000000e+00 0.000000e+00 8.823528e-01 1.176472e-01
 0.000000e+00 0.000000e+00 0.000000e+00 0.000000e+00 0.000000e+00
<ENDHMM>
~h "bg_dark_0"
<BEGINHMM>
<NUMSTATES> 5
<STATE> 2
<MEAN> 6
 1.940172e+02 9.259790e+00 1.144161e+01 2.023523e+00 2.367211e+00 6.883686e-01
<VARIANCE> 6
 5.089628e+03 9.296059e+01 1.413410e+02 1.747897e+00 2.933050e+00 2.854396e-01
<GCONST> 2.942630e+01
<STATE> 3
<MEAN> 6
 1.839716e+02 2.195829e+01 1.521366e+01 4.080260e+00 3.403815e+00 1.235140e+00
<VARIANCE> 6
 7.307914e+03 3.890434e+02 1.976715e+02 9.711173e+00 8.124084e+00 1.176294e+00
<GCONST> 3.570475e+01
<STATE> 4
<MEAN> 6
 8.618864e+01 9.311810e+00 7.444198e+00 1.663221e+00 1.579975e+00 3.964158e-01
<VARIANCE> 6
 1.960958e+03 1.295849e+02 7.533021e+01 1.665856e+00 1.650845e+00 7.709341e-02
<GCONST> 2.624356e+01
<TRANSP> 5
 0.000000e+00 1.000000e+00 0.000000e+00 0.000000e+00 0.000000e+00
 0.000000e+00 9.579629e-01 4.203707e-02 0.000000e+00 0.000000e+00
 0.000000e+00 0.000000e+00 9.465624e-01 5.343758e-02 0.000000e+00
 0.000000e+00 0.000000e+00 0.000000e+00 9.636338e-01 3.636622e-02
 0.000000e+00 0.000000e+00 0.000000e+00 0.000000e+00 0.000000e+00
<ENDHMM>
~h "bg_dark_0_0"
<BEGINHMM>
<NUMSTATES> 5
<STATE> 2
<MEAN> 6
 1.950443e+02 7.581972e+00 9.937363e+00 1.855314e+00 2.458162e+00 7.062889e-01
<VARIANCE> 6
 2.210431e+03 5.564747e+01 8.582671e+01 1.116881e+00 1.809223e+00 2.072462e-01
<GCONST> 2.632916e+01
<STATE> 3
<MEAN> 6
 1.718630e+02 2.426084e+01 1.822511e+01 5.093225e+00 3.581146e+00 1.237394e+00
<VARIANCE> 6
 3.637244e+03 4.754873e+02 1.882700e+02 7.947521e+00 4.047330e+00 6.738271e-01
<GCONST> 3.370459e+01
<STATE> 4
<MEAN> 6
 1.554291e+02 1.210359e+01 1.010193e+01 2.335114e+00 1.900547e+00 6.634344e-01
<VARIANCE> 6
 5.194209e+03 2.442495e+02 8.542006e+01 3.240986e+00 8.677486e-01 2.260282e-01
<GCONST> 2.907526e+01
<TRANSP> 5
 0.000000e+00 1.000000e+00 0.000000e+00 0.000000e+00 0.000000e+00
 0.000000e+00 8.340118e-01 1.659882e-01 0.000000e+00 0.000000e+00
 0.000000e+00 0.000000e+00 6.689728e-01 3.310271e-01 0.000000e+00
 0.000000e+00 0.000000e+00 0.000000e+00 6.615420e-01 3.384580e-01
 0.000000e+00 0.000000e+00 0.000000e+00 0.000000e+00 0.000000e+00
<ENDHMM>
~h "bg_dark_0_1"
<BEGINHMM>
<NUMSTATES> 5
<STATE> 2
<MEAN> 6
 1.891286e+02 1.939530e+01 9.125997e+00 3.295642e+00 2.046960e+00 7.064198e-01
<VARIANCE> 6
 5.505858e+03 5.050850e+02 7.659193e+01 7.767197e+00 2.610677e+00 3.046648e-01
<GCONST> 3.202503e+01
<STATE> 3
<MEAN> 6
 1.781467e+02 1.789103e+01 2.715369e+01 3.567152e+00 4.898014e+00 1.658244e+00
<VARIANCE> 6
 5.490318e+03 1.030642e+02 6.638896e+02 5.243497e+00 1.249704e+01 3.393481e+00
<GCONST> 3.617581e+01
<STATE> 4
<MEAN> 6
 1.970276e+02 8.679911e+00 9.556173e+00 1.669051e+00 1.648984e+00 5.423532e-01
<VARIANCE> 6
 9.287991e+03 8.682114e+01 9.515092e+01 1.668200e+00 1.284386e+00 3.747211e-01
<GCONST> 2.896351e+01
<TRANSP> 5
 0.000000e+00 1.000000e+00 0.000000e+00 0.000000e+00 0.000000e+00
 0.000000e+00 8.009763e-01 1.990236e-01 0.000000e+00 0.000000e+00
 0.000000e+00 0.000000e+00 1.242692e-01 8.757308e-01 0.000000e+00
 0.000000e+00 0.000000e+00 0.000000e+00 8.536636e-01 1.463364e-01
 0.000000e+00 0.000000e+00 0.000000e+00 0.000000e+00 0.000000e+00
<ENDHMM>
~h "bg_dark_0_2"
<BEGINHMM>
<NUMSTATES> 5
<STATE> 2
<MEAN> 6
 2.068788e+02 1.473078e+01 8.702981e+00 3.572647e+00 2.329152e+00 9.546247e-01
<VARIANCE> 6
 9.202599e+03 2.121736e+02 6.770831e+01 2.132144e+01 5.320405e+00 1.599062e+00
<GCONST> 3.492780e+01
<STATE> 3
<MEAN> 6
 1.705924e+02 2.716701e+01 1.752353e+01 4.384985e+00 3.244380e+00 1.168402e+00
<VARIANCE> 6
 3.674346e+03 4.550865e+02 3.372308e+02 6.214386e+00 6.168423e+00 8.954056e-01
<GCONST> 3.471348e+01
<STATE> 4
<MEAN> 6
 1.290613e+02 1.087105e+01 7.725031e+00 2.031141e+00 1.601813e+00 4.839672e-01
<VARIANCE> 6
 5.989494e+03 1.390835e+02 6.346277e+01 1.643336e+00 1.487533e+00 1.166477e-01
<GCONST> 2.755580e+01
<TRANSP> 5
 0.000000e+00 1.000000e+00 0.000000e+00 0.000000e+00 0.000000e+00
 0.000000e+00 5.751034e-01 4.248966e-01 0.000000e+00 0.000000e+00
 0.000000e+00 0.000000e+00 5.962051e-01 4.037950e-01 0.000000e+00
 0.000000e+00 0.000000e+00 0.000000e+00 8.776007e-01 1.223993e-01
 0.000000e+00 0.000000e+00 0.000000e+00 0.000000e+00 0.000000e+00
<ENDHMM>
~h "bg_dark_0_3"
<BEGINHMM>
<NUMSTATES> 5
<STATE> 2
<MEAN> 6
 2.087596e+02 1.494197e+01 1.554373e+01 3.994098e+00 4.621606e+00 1.401595e+00
<VARIANCE> 6
 1.132046e+04 1.850282e+02 1.961648e+02 1.174578e+01 1.424779e+01 1.133146e+00
<GCONST> 3.610619e+01
<STATE> 3
<MEAN> 6
 1.525860e+02 2.303236e+01 1.328736e+01 3.201967e+00 2.146378e+00 1.096761e+00
<VARIANCE> 6
 7.397787e+03 3.583169e+02 1.090925e+02 4.045479e+00 2.081314e+00 6.945605e-01
<GCONST> 3.227594e+01
<STATE> 4
<MEAN> 6
 1.227233e+02 8.569466e+00 9.319141e+00 1.898228e+00 2.715551e+00 6.049990e-01
<VARIANCE> 6
 3.948728e+03 7.682465e+01 4.970794e+01 1.375538e+00 4.588370e+00 2.472633e-01
<GCONST> 2.800117e+01
<TRANSP> 5
 0.000000e+00 1.000000e+00 0.000000e+00 0.000000e+00 0.000000e+00
 0.000000e+00 7.177860e-01 2.822140e-01 0.000000e+00 0.000000e+00
 0.000000e+00 0.000000e+00 6.599515e-01 3.400485e-01 0.000000e+00
 0.000000e+00 0.000000e+00 0.000000e+00 8.187037e-01 1.812963e-01
 0.000000e+00 0.000000e+00 0.000000e+00 0.000000e+00 0.000000e+00
<ENDHMM>
~h "bg_dark_0_4"
<BEGINHMM>
<NUMSTATES> 5
<STATE> 2
<MEAN> 6
 1.615719e+02 1.194135e+01 1.339564e+01 2.504918e+00 3.484823e+00 1.003395e+00
<VARIANCE> 6
 1.032664e+04 1.089552e+02 1.564289e+02 2.492350e+00 7.649496e+00 7.838261e-01
<GCONST> 3.271758e+01
<STATE> 3
<MEAN> 6
 1.313438e+02 2.451659e+01 2.699796e+01 3.529008e+00 3.964754e+00 1.216769e+00
<VARIANCE> 6
 3.573772e+03 3.174453e+02 4.101909e+02 4.717325e+00 7.849563e+00 1.719987e+00
<GCONST> 3.513958e+01
<STATE> 4
<MEAN> 6
 6.882538e+01 6.907951e+00 7.445113e+00 1.288908e+00 1.555644e+00 3.758849e-01
<VARIANCE> 6
 6.341277e+02 8.147015e+01 7.473473e+01 1.051869e+00 1.952494e+00 6.267640e-02
<GCONST> 2.414360e+01
<TRANSP> 5
 0.000000e+00 1.000000e+00 0.000000e+00 0.000000e+00 0.000000e+00
 0.000000e+00 7.478353e-01 2.521647e-01 0.000000e+00 0.000000e+00
 0.000000e+00 0.000000e+00 3.789375e-01 6.210625e-01 0.000000e+00
 0.000000e+00 0.000000e+00 0.000000e+00 8.653052e-01 1.346948e-01
 0.000000e+00 0.000000e+00 0.000000e+00 0.000000e+00 0.000000e+00
<ENDHMM>
~h "bg_dark_0_5"
<BEGINHMM>
<NUMSTATES> 5
<STATE> 2
<MEAN> 6
 1.260570e+02 1.305114e+01 9.718229e+00 2.228733e+00 2.053432e+00 5.441253e-01
<VARIANCE> 6
 4.743045e+03 1.958279e+02 9.115717e+01 1.810231e+00 2.763210e+00 1.899059e-01
<GCONST> 2.923014e+01
<STATE> 3
<MEAN> 6
 1.021386e+02 1.208711e+01 1.402356e+01 1.478304e+00 1.781172e+00 4.448602e-01
<VARIANCE> 6
 1.619709e+03 1.232838e+02 2.068209e+02 1.272882e+00 2.177110e+00 1.453530e-01
<GCONST> 2.765430e+01
<STATE> 4
<MEAN> 6
 7.735111e+01 4.592752e+00 3.415543e+00 9.736277e-01 9.882494e-01 2.705044e-01
<VARIANCE> 6
 4.969508e+02 3.990497e+01 9.228865e+00 4.228668e-01 5.159847e-01 9.439700e-03
<GCONST> 1.695938e+01
<TRANSP> 5
 0.000000e+00 1.000000e+00 0.000000e+00 0.000000e+00 0.000000e+00
 0.000000e+00 8.575125e-01 1.424876e-01 0.000000e+00 0.000000e+00
 0.000000e+00 0.000000e+00 1.601199e-06 9.999985e-01 0.000000e+00
 0.000000e+00 0.000000e+00 0.000000e+00 7.488599e-01 2.511401e-01
 0.000000e+00 0.000000e+00 0.000000e+00 0.000000e+00 0.000000e+00
<ENDHMM>
~h "bg_white_0"
<BEGINHMM>
<NUMSTATES> 5
<STATE> 2
<MEAN> 6
 7.654319e+02 2.834128e+00 1.021477e+01 1.473057e+00 2.743202e+00 1.046973e+00
<VARIANCE> 6
 9.872914e+03 2.959275e+01 1.023486e+03 5.479971e+00 3.798459e+01 3.007669e+00
<GCONST> 3.698276e+01
<STATE> 3
<MEAN> 6
 7.480156e+02 3.894014e+01 1.619687e+01 1.281273e+01 1.232261e+01 8.472881e+00
<VARIANCE> 6
 5.260807e+03 1.452657e+03 3.358051e+02 7.683821e+01 9.624480e+01 3.919255e+01
<GCONST> 4.527007e+01
<STATE> 4
<MEAN> 6
 7.143138e+02 2.979341e+00 8.610459e+00 9.939879e-01 2.270351e+00 5.646280e-01
<VARIANCE> 6
 3.697518e+04 4.600964e+01 1.250570e+03 2.470361e+00 4.268049e+01 9.831158e-01
<GCONST> 3.714655e+01
<TRANSP> 5
 0.000000e+00 1.000000e+00 0.000000e+00 0.000000e+00 0.000000e+00
 0.000000e+00 9.417763e-01 5.822368e-02 0.000000e+00 0.000000e+00
 0.000000e+00 0.000000e+00 9.710928e-01 2.890718e-02 0.000000e+00
 0.000000e+00 0.000000e+00 0.000000e+00 9.451495e-01 5.485053e-02
 0.000000e+00 0.000000e+00 0.000000e+00 0.000000e+00 0.000000e+00
<ENDHMM>
~h "bg_white_0_0"
<BEGINHMM>
<NUMSTATES> 5
<STATE> 2
<MEAN> 6
 6.696705e+02 3.996618e+00 2.665228e+01 2.008956e+00 5.727484e+00 1.150130e+00
<VARIANCE> 6
 2.697091e+04 9.147672e+01 2.658042e+03 9.370247e+00 8.143525e+01 2.227014e+00
<GCONST> 4.106922e+01
<STATE> 3
<MEAN> 6
 6.990745e+02 3.908448e+01 4.096771e+01 1.399727e+01 1.723440e+01 8.442243e+00
<VARIANCE> 6
 9.397521e+03 1.882458e+03 2.412811e+03 1.111919e+02 1.057722e+02 4.485418e+01
<GCONST> 4.868031e+01
<STATE> 4
<MEAN> 6
 7.920097e+02 6.054545e+00 4.516102e+00 2.708572e+00 2.482363e+00 1.794209e+00
<VARIANCE> 6
 1.711415e+03 2.223909e+02 8.038381e+01 2.675480e+01 2.439291e+01 1.118715e+01
<GCONST> 3.715936e+01
<TRANSP> 5
 0.000000e+00 1.000000e+00 0.000000e+00 0.000000e+00 0.000000e+00
 0.000000e+00 7.221909e-01 2.778092e-01 0.000000e+00 0.000000e+00
 0.000000e+00 0.000000e+00 5.462453e-01 4.537548e-01 0.000000e+00
 0.000000e+00 0.000000e+00 0.000000e+00 8.386205e-01 1.613795e-01
 0.000000e+00 0.000000e+00 0.000000e+00 0.000000e+00 0.000000e+00
<ENDHMM>
~h "bg_white_0_1"
<BEGINHMM>
<NUMSTATES> 5
<STATE> 2
<MEAN> 6
 7.835201e+02 1.773934e+01 8.565587e+00 7.868508e+00 6.617705e+00 4.801543e+00
<VARIANCE> 6
 2.464601e+03 5.386855e+02 1.730946e+02 5.908445e+01 5.059828e+01 2.328213e+01
<GCONST> 4.143059e+01
<STATE> 3
<MEAN> 6
 7.266074e+02 5.507812e+01 2.066849e+01 1.566417e+01 1.584760e+01 1.013885e+01
<VARIANCE> 6
 5.179657e+03 1.542611e+03 3.628583e+02 7.312735e+01 9.458835e+01 3.661106e+01
<GCONST> 4.525709e+01
<STATE> 4
<MEAN> 6
 7.874723e+02 9.089439e+00 3.218068e+00 3.713924e+00 2.921474e+00 2.389273e+00
<VARIANCE> 6
 9.050126e+03 3.968315e+02 3.895629e+01 3.394109e+01 3.040910e+01 1.543829e+01
<GCONST> 3.945997e+01
<TRANSP> 5
 0.000000e+00 1.000000e+00 0.000000e+00 0.000000e+00 0.000000e+00
 0.000000e+00 6.655639e-01 3.344361e-01 0.000000e+00 0.000000e+00
 0.000000e+00 0.000000e+00 7.970057e-01 2.029944e-01 0.000000e+00
 0.000000e+00 0.000000e+00 0.000000e+00 8.032910e-01 1.967091e-01
 0.000000e+00 0.000000e+00 0.000000e+00 0.000000e+00 0.000000e+00
<ENDHMM>
~h "bg_white_0_2"
<BEGINHMM>
<NUMSTATES> 5
<STATE> 2
<MEAN> 6
 7.861335e+02 1.769753e+01 8.497387e+00 7.634621e+00 7.616242e+00 5.491146e+00
<VARIANCE> 6
 3.068594e+03 5.672752e+02 1.291347e+02 5.076714e+01 6.129835e+01 2.698700e+01
<GCONST> 4.159630e+01
<STATE> 3
<MEAN> 6
 7.262761e+02 5.240165e+01 2.242011e+01 1.593270e+01 1.584190e+01 1.070413e+01
<VARIANCE> 6
 3.824772e+03 1.578555e+03 4.545047e+02 7.578069e+01 9.609942e+01 4.424418e+01
<GCONST> 4.544294e+01
<STATE> 4
<MEAN> 6
 7.696571e+02 9.215301e+00 4.750677e+00 4.107990e+00 3.417670e+00 2.654039e+00
<VARIANCE> 6
 1.559928e+04 3.901066e+02 1.023619e+02 3.850465e+01 3.912554e+01 1.798902e+01
<GCONST> 4.148449e+01
<TRANSP> 5
 0.000000e+00 1.000000e+00 0.000000e+00 0.000000e+00 0.000000e+00
 0.000000e+00 7.514498e-01 2.485502e-01 0.000000e+00 0.000000e+00
 0.000000e+00 0.000000e+00 7.765581e-01 2.234419e-01 0.000000e+00
 0.000000e+00 0.000000e+00 0.000000e+00 7.778387e-01 2.221614e-01
 0.000000e+00 0.000000e+00 0.000000e+00 0.000000e+00 0.000000e+00
<ENDHMM>
~h "bg_white_0_3"
<BEGINHMM>
<NUMSTATES> 5
<STATE> 2
<MEAN> 6
 6.844257e+02 2.990322e+01 1.345272e+01 1.036330e+01 8.548922e+00 5.697673e+00
<VARIANCE> 6
 3.057595e+04 1.565223e+03 2.822384e+02 1.151006e+02 8.219666e+01 3.713744e+01
<GCONST> 4.712331e+01
<STATE> 3
<MEAN> 6
 7.427887e+02 4.154475e+01 1.908920e+01 1.458814e+01 1.536246e+01 1.005773e+01
<VARIANCE> 6
 3.258379e+03 1.041313e+03 3.414498e+02 7.362216e+01 1.084936e+02 3.652225e+01
<GCONST> 4.448125e+01
<STATE> 4
<MEAN> 6
 7.951513e+02 7.520260e+00 4.231383e+00 3.519365e+00 3.073018e+00 2.257370e+00
<VARIANCE> 6
 1.803365e+03 2.388131e+02 9.230193e+01 2.497260e+01 2.905374e+01 1.174160e+01
<GCONST> 3.757548e+01
<TRANSP> 5
 0.000000e+00 1.000000e+00 0.000000e+00 0.000000e+00 0.000000e+00
 0.000000e+00 2.981195e-01 7.018806e-01 0.000000e+00 0.000000e+00
 0.000000e+00 0.000000e+00 8.103674e-01 1.896326e-01 0.000000e+00
 0.000000e+00 0.000000e+00 0.000000e+00 8.113883e-01 1.886117e-01
 0.000000e+00 0.000000e+00 0.000000e+00 0.000000e+00 0.000000e+00
<ENDHMM>
~h "bg_white_0_4"
<BEGINHMM>
<NUMSTATES> 5
<STATE> 2
<MEAN> 6
 7.796744e+02 1.892123e+01 8.610610e+00 7.842695e+00 7.251292e+00 4.761254e+00
<VARIANCE> 6
 3.146575e+03 5.515527e+02 1.631139e+02 5.349458e+01 6.311498e+01 2.020783e+01
<GCONST> 4.161913e+01
<STATE> 3
<MEAN> 6
 7.207587e+02 5.283867e+01 1.917428e+01 1.376405e+01 1.402084e+01 9.727415e+00
<VARIANCE> 6
 7.098913e+03 1.719893e+03 3.216321e+02 6.607224e+01 9.080976e+01 4.916137e+01
<GCONST> 4.571301e+01
<STATE> 4
<MEAN> 6
 7.543983e+02 4.931244e+00 3.626122e+00 1.795997e+00 1.643641e+00 1.165478e+00
<VARIANCE> 6
 1.935015e+04 1.680597e+02 7.449857e+01 1.319122e+01 1.355931e+01 6.441195e+00
<GCONST> 3.738216e+01
<TRANSP> 5
 0.000000e+00 1.000000e+00 0.000000e+00 0.000000e+00 0.000000e+00
 0.000000e+00 6.098062e-01 3.901938e-01 0.000000e+00 0.000000e+00
 0.000000e+00 0.000000e+00 7.297328e-01 2.702672e-01 0.000000e+00
 0.000000e+00 0.000000e+00 0.000000e+00 8.515688e-01 1.484312e-01
 0.000000e+00 0.000000e+00 0.000000e+00 0.000000e+00 0.000000e+00
<ENDHMM>
~h "bg_white_0_5"
<BEGINHMM>
<NUMSTATES> 5
<STATE> 2
<MEAN> 6
 7.809886e+02 5.795122e+00 3.248472e+00 2.217018e+00 2.167994e+00 1.503817e+00
<VARIANCE> 6
 8.420230e+03 2.371951e+02 7.672707e+01 1.972959e+01 2.101758e+01 9.938630e+00
<GCONST> 3.819870e+01
<STATE> 3
<MEAN> 6
 6.741193e+02 3.860023e+01 4.160376e+01 1.060021e+01 1.455214e+01 7.467275e+00
<VARIANCE> 6
 2.364292e+04 2.109116e+03 4.634567e+03 7.850190e+01 1.393563e+02 4.716079e+01
<GCONST> 5.034712e+01
<STATE> 4
<MEAN> 6
 6.237014e+02 3.242985e+00 1.165759e+01 5.929816e-01 2.871871e+00 2.924617e-01
<VARIANCE> 6
 5.550952e+04 1.075893e+02 1.813221e+03 1.700007e+00 6.642845e+01 5.579082e-02
<GCONST> 3.597337e+01
<TRANSP> 5
 0.000000e+00 1.000000e+00 0.000000e+00 0.000000e+00 0.000000e+00
 0.000000e+00 7.816101e-01 2.183899e-01 0.000000e+00 0.000000e+00
 0.000000e+00 0.000000e+00 5.694720e-01 4.305280e-01 0.000000e+00
 0.000000e+00 0.000000e+00 0.000000e+00 8.038564e-01 1.961437e-01
 0.000000e+00 0.000000e+00 0.000000e+00 0.000000e+00 0.000000e+00
<ENDHMM>
~h "bg_board"
<BEGINHMM>
<NUMSTATES> 5
<STATE> 2
<MEAN> 6
 2.095284e+02 2.451299e+01 1.200314e+01 9.032227e+00 4.083611e+00 2.208182e+00
<VARIANCE> 6
 3.398185e+03 3.850290e+02 1.098104e+02 2.399128e+01 6.026055e+00 2.640232e+00
<GCONST> 3.575499e+01
<STATE> 3
<MEAN> 6
 3.124335e+02 5.854327e+01 1.613948e+01 1.589829e+01 5.525967e+00 2.975507e+00
<VARIANCE> 6
 9.293806e+03 3.851204e+03 3.208824e+02 9.191567e+01 1.815089e+01 5.444583e+00
<GCONST> 4.330579e+01
<STATE> 4
<MEAN> 6
 2.823419e+02 1.537353e+01 7.493338e+00 4.412128e+00 2.516743e+00 9.667702e-01
<VARIANCE> 6
 1.458192e+04 2.694789e+02 5.516901e+01 1.161245e+01 3.731500e+00 8.657460e-01
<GCONST> 3.384641e+01
<TRANSP> 5
 0.000000e+00 1.000000e+00 0.000000e+00 0.000000e+00 0.000000e+00
 0.000000e+00 9.660808e-01 3.391923e-02 0.000000e+00 0.000000e+00
 0.000000e+00 0.000000e+00 9.277797e-01 7.222030e-02 0.000000e+00
 0.000000e+00 0.000000e+00 0.000000e+00 9.625071e-01 3.749295e-02
 0.000000e+00 0.000000e+00 0.000000e+00 0.000000e+00 0.000000e+00
<ENDHMM>
~h "bg_board_0"
<BEGINHMM>
<NUMSTATES> 5
<STATE> 2
<MEAN> 6
 1.936494e+02 2.262048e+01 1.021192e+01 7.522900e+00 3.503020e+00 1.931661e+00
<VARIANCE> 6
 2.531663e+03 3.848508e+02 8.721170e+01 1.443946e+01 3.236542e+00 1.680227e+00
<GCONST> 3.364849e+01
<STATE> 3
<MEAN> 6
 2.165981e+02 4.943277e+01 1.355795e+01 1.186904e+01 5.406494e+00 2.501967e+00
<VARIANCE> 6
 5.755376e+03 2.019609e+03 2.820242e+02 4.436579e+01 1.409896e+01 5.103870e+00
<GCONST> 4.100637e+01
<STATE> 4
<MEAN> 6
 1.869073e+02 1.688740e+01 7.441338e+00 5.117064e+00 2.640230e+00 8.986648e-01
<VARIANCE> 6
 3.838282e+03 3.739172e+02 4.594242e+01 1.954904e+01 3.373318e+00 4.728109e-01
<GCONST> 3.247123e+01
<TRANSP> 5
 0.000000e+00 1.000000e+00 0.000000e+00 0.000000e+00 0.000000e+00
 0.000000e+00 8.110407e-01 1.889593e-01 0.000000e+00 0.000000e+00
 0.000000e+00 0.000000e+00 4.913358e-01 5.086642e-01 0.000000e+00
 0.000000e+00 0.000000e+00 0.000000e+00 7.891150e-01 2.108850e-01
 0.000000e+00 0.000000e+00 0.000000e+00 0.000000e+00 0.000000e+00
<ENDHMM>
~h "bg_board_1"
<BEGINHMM>
<NUMSTATES> 5
<STATE> 2
<MEAN> 6
 1.950203e+02 2.480344e+01 1.112223e+01 8.173261e+00 3.422833e+00 1.757531e+00
<VARIANCE> 6
 2.516262e+03 4.637692e+02 9.320550e+01 2.635889e+01 4.047789e+00 1.393534e+00
<GCONST> 3.453381e+01
<STATE> 3
<MEAN> 6
 2.228762e+02 5.078275e+01 1.893205e+01 1.304769e+01 6.137773e+00 3.591030e+00
<VARIANCE> 6
 4.474358e+03 2.128899e+03 6.667697e+02 4.497784e+01 3.167709e+01 1.054774e+01
<GCONST> 4.321686e+01
<STATE> 4
<MEAN> 6
 1.860069e+02 1.472709e+01 6.851086e+00 4.878759e+00 2.271904e+00 9.853885e-01
<VARIANCE> 6
 3.623393e+03 2.583357e+02 3.693589e+01 1.266139e+01 2.429597e+00 7.118169e-01
<GCONST> 3.147222e+01
<TRANSP> 5
 0.000000e+00 1.000000e+00 0.000000e+00 0.000000e+00 0.000000e+00
 0.000000e+00 7.644499e-01 2.355501e-01 0.000000e+00 0.000000e+00
 0.000000e+00 0.000000e+00 6.282444e-01 3.717556e-01 0.000000e+00
 0.000000e+00 0.000000e+00 0.000000e+00 8.351109e-01 1.648891e-01
 0.000000e+00 0.000000e+00 0.000000e+00 0.000000e+00 0.000000e+00
<ENDHMM>
~h "bg_board_2"
<BEGINHMM>
<NUMSTATES> 5
<STATE> 2
<MEAN> 6
 2.150755e+02 2.305281e+01 1.220882e+01 8.949399e+00 3.689610e+00 2.097608e+00
<VARIANCE> 6
 3.034717e+03 3.587715e+02 1.073813e+02 2.394148e+01 4.328898e+00 1.877130e+00
<GCONST> 3.487488e+01
<STATE> 3
<MEAN> 6
 2.406345e+02 6.531067e+01 1.498390e+01 1.764690e+01 6.115745e+00 2.462124e+00
<VARIANCE> 6
 5.577283e+03 4.179588e+03 1.631196e+02 1.490204e+02 3.157257e+01 3.944458e+00
<GCONST> 4.291485e+01
<STATE> 4
<MEAN> 6
 2.076957e+02 1.829623e+01 1.049775e+01 5.601788e+00 2.919220e+00 1.250797e+00
<VARIANCE> 6
 6.704086e+03 5.481151e+02 1.021448e+02 1.650869e+01 5.215203e+00 1.463927e+00
<GCONST> 3.560720e+01
<TRANSP> 5
 0.000000e+00 1.000000e+00 0.000000e+00 0.000000e+00 0.000000e+00
 0.000000e+00 8.337532e-01 1.662468e-01 0.000000e+00 0.000000e+00
 0.000000e+00 0.000000e+00 4.803397e-01 5.196602e-01 0.000000e+00
 0.000000e+00 0.000000e+00 0.000000e+00 8.023916e-01 1.976084e-01
 0.000000e+00 0.000000e+00 0.000000e+00 0.000000e+00 0.000000e+00
<ENDHMM>
~h "bg_board_3"
<BEGINHMM>
<NUMSTATES> 5
<STATE> 2
<MEAN> 6
 2.000466e+02 2.409434e+01 1.245375e+01 8.706196e+00 4.273983e+00 2.375530e+00
<VARIANCE> 6
 3.229085e+03 6.143496e+02 1.368839e+02 2.766063e+01 7.057978e+00 3.281611e+00
<GCONST> 3.690942e+01
<STATE> 3
<MEAN> 6
 2.597138e+02 5.987595e+01 1.404131e+01 1.766454e+01 5.366499e+00 2.830724e+00
<VARIANCE> 6
 2.728615e+03 4.775618e+03 1.270272e+02 1.137048e+02 1.396143e+01 5.230171e+00
<GCONST> 4.127884e+01
<STATE> 4
<MEAN> 6
 2.834904e+02 2.385278e+01 7.860213e+00 5.470240e+00 3.027453e+00 1.307447e+00
<VARIANCE> 6
 9.673316e+03 6.305850e+02 6.942930e+01 1.916581e+01 5.013632e+00 2.071061e+00
<GCONST> 3.618470e+01
<TRANSP> 5
 0.000000e+00 1.000000e+00 0.000000e+00 0.000000e+00 0.000000e+00
 0.000000e+00 7.920192e-01 2.079808e-01 0.000000e+00 0.000000e+00
 0.000000e+00 0.000000e+00 5.676458e-01 4.323542e-01 0.000000e+00
 0.000000e+00 0.000000e+00 0.000000e+00 7.950377e-01 2.049623e-01
 0.000000e+00 0.000000e+00 0.000000e+00 0.000000e+00 0.000000e+00
<ENDHMM>
~h "bg_board_4"
<BEGINHMM>
<NUMSTATES> 5
<STATE> 2
<MEAN> 6
 3.169916e+02 2.465381e+01 1.574403e+01 9.745712e+00 5.201488e+00 2.896096e+00
<VARIANCE> 6
 4.188394e+03 5.804290e+02 1.858551e+02 2.462209e+01 9.422549e+00 4.203530e+00
<GCONST> 3.783875e+01
<STATE> 3
<MEAN> 6
 3.208268e+02 8.047335e+01 1.473316e+01 1.934959e+01 4.256544e+00 2.360827e+00
<VARIANCE> 6
 6.945531e+03 5.754136e+03 2.278663e+02 1.572525e+02 6.472293e+00 4.333222e+00
<GCONST> 4.235125e+01
<STATE> 4
<MEAN> 6
 3.042968e+02 2.036227e+01 8.560430e+00 6.369877e+00 3.034417e+00 1.316722e+00
<VARIANCE> 6
 9.439169e+03 4.935903e+02 6.480550e+01 3.340493e+01 5.754164e+00 1.365918e+00
<GCONST> 3.612344e+01
<TRANSP> 5
 0.000000e+00 1.000000e+00 0.000000e+00 0.000000e+00 0.000000e+00
 0.000000e+00 8.188322e-01 1.811678e-01 0.000000e+00 0.000000e+00
 0.000000e+00 0.000000e+00 4.955246e-01 5.044754e-01 0.000000e+00
 0.000000e+00 0.000000e+00 0.000000e+00 8.181157e-01 1.818843e-01
 0.000000e+00 0.000000e+00 0.000000e+00 0.000000e+00 0.000000e+00
<ENDHMM>
~h "bg_board_5"
<BEGINHMM>
<NUMSTATES> 5
<STATE> 2
<MEAN> 6
 3.472316e+02 2.421468e+01 1.061254e+01 9.533895e+00 4.010554e+00 2.104739e+00
<VARIANCE> 6
 9.756374e+03 4.976373e+02 8.820493e+01 3.695251e+01 6.894533e+00 2.374035e+00
<GCONST> 3.730743e+01
<STATE> 3
<MEAN> 6
 3.400336e+02 6.233626e+01 1.765797e+01 1.445025e+01 5.122268e+00 2.707787e+00
<VARIANCE> 6
 9.509047e+03 3.603479e+03 3.368919e+02 8.860905e+01 1.693105e+01 5.064352e+00
<GCONST> 4.313229e+01
<STATE> 4
<MEAN> 6
 4.319424e+02 1.699291e+01 7.154637e+00 5.605364e+00 3.072546e+00 1.249562e+00
<VARIANCE> 6
 4.532476e+03 5.036727e+02 3.937206e+01 2.286413e+01 5.074561e+00 1.804611e+00
<GCONST> 3.468542e+01
<TRANSP> 5
 0.000000e+00 1.000000e+00 0.000000e+00 0.000000e+00 0.000000e+00
 0.000000e+00 7.991825e-01 2.008175e-01 0.000000e+00 0.000000e+00
 0.000000e+00 0.000000e+00 5.346103e-01 4.653897e-01 0.000000e+00
 0.000000e+00 0.000000e+00 0.000000e+00 7.947293e-01 2.052707e-01
 0.000000e+00 0.000000e+00 0.000000e+00 0.000000e+00 0.000000e+00
<ENDHMM>
~h "fp_logo"
<BEGINHMM>
<NUMSTATES> 5
<STATE> 2
<MEAN> 6
 1.973620e+02 7.676642e+00 3.977112e+00 3.568532e+00 2.001885e+00 1.068473e+00
<VARIANCE> 6
 1.269559e+03 1.127020e+02 1.302014e+01 1.382634e+01 2.383508e+00 1.394740e+00
<GCONST> 2.929279e+01
<STATE> 3
<MEAN> 6
 4.650528e+02 8.792632e+01 4.245811e+01 2.117153e+01 1.278188e+01 5.457817e+00
<VARIANCE> 6
 4.349284e+04 8.674462e+03 4.626394e+03 4.036543e+02 3.048219e+02 4.483497e+01
<GCONST> 5.473856e+01
<STATE> 4
<MEAN> 6
 4.053984e+02 2.811370e+00 3.254295e+00 1.239798e+00 9.341627e-01 3.337004e-01
<VARIANCE> 6
 6.983100e+03 5.210809e+00 6.570973e+00 7.939834e-01 3.719391e-01 5.745221e-02
<GCONST> 1.933539e+01
<TRANSP> 5
 0.000000e+00 1.000000e+00 0.000000e+00 0.000000e+00 0.000000e+00
 0.000000e+00 9.610072e-01 3.899281e-02 0.000000e+00 0.000000e+00
 0.000000e+00 0.000000e+00 9.318038e-01 6.819625e-02 0.000000e+00
 0.000000e+00 0.000000e+00 0.000000e+00 9.663194e-01 3.368060e-02
 0.000000e+00 0.000000e+00 0.000000e+00 0.000000e+00 0.000000e+00
<ENDHMM>
~h "fp_logo_0"
<BEGINHMM>
<NUMSTATES> 5
<STATE> 2
<MEAN> 6
 1.719639e+02 6.216105e+00 3.417161e+00 2.534557e+00 1.394339e+00 5.641477e-01
<VARIANCE> 6
 3.741710e+02 1.617869e+02 6.592458e+00 1.268723e+01 6.102582e-01 2.317869e-01
<GCONST> 2.450897e+01
<STATE> 3
<MEAN> 6
 2.722083e+02 8.656615e+01 6.970284e+00 1.455001e+01 2.791861e+00 2.314813e+00
<VARIANCE> 6
 2.112416e+04 1.608865e+04 3.329308e+01 2.574505e+02 3.631294e+00 2.602594e+00
<GCONST> 4.197358e+01
<STATE> 4
<MEAN> 6
 1.964377e+02 1.367320e+01 4.847285e+00 6.340355e+00 1.967708e+00 7.884225e-01
<VARIANCE> 6
 6.292124e+03 1.099698e+03 1.322240e+01 7.058339e+01 1.496505e+00 2.529026e-01
<GCONST> 3.264420e+01
<TRANSP> 5
 0.000000e+00 1.000000e+00 0.000000e+00 0.000000e+00 0.000000e+00
 0.000000e+00 8.720700e-01 1.279301e-01 0.000000e+00 0.000000e+00
 0.000000e+00 0.000000e+00 4.962982e-01 5.037018e-01 0.000000e+00
 0.000000e+00 0.000000e+00 0.000000e+00 5.450259e-01 4.549741e-01
 0.000000e+00 0.000000e+00 0.000000e+00 0.000000e+00 0.000000e+00
<ENDHMM>
~h "fp_logo_1"
<BEGINHMM>
<NUMSTATES> 5
<STATE> 2
<MEAN> 6
 2.051329e+02 7.829806e+00 4.231772e+00 4.033623e+00 2.432404e+00 1.449109e+00
<VARIANCE> 6
 2.455359e+03 3.743502e+02 2.155019e+01 3.231041e+01 3.661905e+00 2.710426e+00
<GCONST> 3.359935e+01
<STATE> 3
<MEAN> 6
 4.208596e+02 1.006517e+02 6.743547e+01 2.914187e+01 2.025328e+01 8.403340e+00
<VARIANCE> 6
 4.421761e+04 7.018798e+03 5.921298e+03 3.932448e+02 3.918419e+02 6.157773e+01
<GCONST> 5.533239e+01
<STATE> 4
<MEAN> 6
 4.367971e+02 5.595959e+01 3.260154e+01 1.094412e+01 9.835531e+00 2.758693e+00
<VARIANCE> 6
 6.807499e+04 6.067002e+03 5.130674e+03 1.828305e+02 2.706339e+02 1.964462e+01
<GCONST> 5.319637e+01
<TRANSP> 5
 0.000000e+00 1.000000e+00 0.000000e+00 0.000000e+00 0.000000e+00
 0.000000e+00 8.705024e-01 1.294976e-01 0.000000e+00 0.000000e+00
 0.000000e+00 0.000000e+00 6.930554e-01 3.069446e-01 0.000000e+00
 0.000000e+00 0.000000e+00 0.000000e+00 5.049339e-01 4.950661e-01
 0.000000e+00 0.000000e+00 0.000000e+00 0.000000e+00 0.000000e+00
<ENDHMM>
~h "fp_logo_2"
<BEGINHMM>
<NUMSTATES> 5
<STATE> 2
<MEAN> 6
 4.001901e+02 5.688500e+01 2.982029e+01 9.613873e+00 7.987205e+00 2.699297e+00
<VARIANCE> 6
 4.149280e+04 5.951344e+03 4.746978e+03 1.546081e+02 1.891739e+02 2.400387e+01
<GCONST> 5.227895e+01
<STATE> 3
<MEAN> 6
 4.488337e+02 8.838721e+01 6.205377e+01 2.595195e+01 2.009644e+01 8.700047e+00
<VARIANCE> 6
 3.807865e+04 1.022305e+04 7.552541e+03 6.310750e+02 5.102777e+02 7.789548e+01
<GCONST> 5.677446e+01
<STATE> 4
<MEAN> 6
 2.434435e+02 7.298121e+00 4.043812e+00 3.097182e+00 1.739246e+00 9.178635e-01
<VARIANCE> 6
 3.929585e+03 9.680781e+01 1.066212e+01 8.256795e+00 1.513180e+00 8.766013e-01
<GCONST> 2.863652e+01
<TRANSP> 5
 0.000000e+00 1.000000e+00 0.000000e+00 0.000000e+00 0.000000e+00
 0.000000e+00 4.332698e-01 5.667303e-01 0.000000e+00 0.000000e+00
 0.000000e+00 0.000000e+00 6.986883e-01 3.013117e-01 0.000000e+00
 0.000000e+00 0.000000e+00 0.000000e+00 8.736843e-01 1.263157e-01
 0.000000e+00 0.000000e+00 0.000000e+00 0.000000e+00 0.000000e+00
<ENDHMM>
~h "fp_logo_3"
<BEGINHMM>
<NUMSTATES> 5
<STATE> 2
<MEAN> 6
 3.107080e+02 1.961737e+01 3.857764e+00 4.970734e+00 2.310657e+00 1.249323e+00
<VARIANCE> 6
 1.054946e+04 2.719359e+02 1.233218e+01 1.814273e+01 2.019081e+00 8.717016e-01
<GCONST> 3.187248e+01
<STATE> 3
<MEAN> 6
 4.138291e+02 8.848237e+01 6.857905e+00 1.403549e+01 2.068621e+00 1.593530e+00
<VARIANCE> 6
 2.850538e+04 8.681366e+03 2.220760e+01 2.487753e+02 1.980982e+00 1.013867e+00
<GCONST> 3.966840e+01
<STATE> 4
<MEAN> 6
 3.287941e+02 6.044384e+00 3.865188e+00 2.142202e+00 1.279466e+00 4.472038e-01
<VARIANCE> 6
 1.920045e+03 5.052653e+02 9.628090e+00 1.953885e+01 9.537352e-01 3.485267e-01
<GCONST> 2.894813e+01
<TRANSP> 5
 0.000000e+00 1.000000e+00 0.000000e+00 0.000000e+00 0.000000e+00
 0.000000e+00 6.236189e-01 3.763811e-01 0.000000e+00 0.000000e+00
 0.000000e+00 0.000000e+00 5.043608e-01 4.956392e-01 0.000000e+00
 0.000000e+00 0.000000e+00 0.000000e+00 8.634909e-01 1.365091e-01
 0.000000e+00 0.000000e+00 0.000000e+00 0.000000e+00 0.000000e+00
<ENDHMM>
~h "fp_logo_4"
<BEGINHMM>
<NUMSTATES> 5
<STATE> 2
<MEAN> 6
 3.291695e+02 1.970647e+01 1.029993e+01 6.816304e+00 2.429455e+00 1.662752e+00
<VARIANCE> 6
 6.407895e+03 1.744007e+03 2.806461e+02 9.212823e+01 2.875797e+00 3.460147e+00
<GCONST> 3.971441e+01
<STATE> 3
<MEAN> 6
 5.947067e+02 5.117884e+01 3.574681e+01 1.664434e+01 8.975464e+00 3.656147e+00
<VARIANCE> 6
 5.721910e+04 4.715416e+03 2.366901e+03 3.183901e+02 1.051009e+02 1.519962e+01
<GCONST> 5.134931e+01
<STATE> 4
<MEAN> 6
 4.002750e+02 3.615608e+00 3.491393e+00 1.405070e+00 1.237561e+00 4.119717e-01
<VARIANCE> 6
 2.364045e+03 2.303738e+01 2.488785e+01 1.721617e+00 2.421375e+00 1.724421e-01
<GCONST> 2.481679e+01
<TRANSP> 5
 0.000000e+00 1.000000e+00 0.000000e+00 0.000000e+00 0.000000e+00
 0.000000e+00 5.236798e-01 4.763202e-01 0.000000e+00 0.000000e+00
 0.000000e+00 0.000000e+00 5.030450e-01 4.969550e-01 0.000000e+00
 0.000000e+00 0.000000e+00 0.000000e+00 8.874928e-01 1.125072e-01
 0.000000e+00 0.000000e+00 0.000000e+00 0.000000e+00 0.000000e+00
<ENDHMM>
~h "fp_logo_5"
<BEGINHMM>
<NUMSTATES> 5
<STATE> 2
<MEAN> 6
 4.062500e+02 8.045272e+00 5.969247e+00 2.067160e+00 2.857267e+00 6.070765e-01
<VARIANCE> 6
 4.652069e+03 1.318150e+02 1.695550e+02 7.770032e+00 1.538153e+01 5.803593e-01
<GCONST> 3.372624e+01
<STATE> 3
<MEAN> 6
 4.382777e+02 4.302188e+00 1.504563e+01 1.154837e+00 2.735116e+00 4.623597e-01
<VARIANCE> 6
 6.160763e+02 1.985904e+01 9.811765e+02 3.403298e-01 1.722365e+01 2.095442e-01
<GCONST> 2.753367e+01
<STATE> 4
<MEAN> 6
 4.945264e+02 2.167822e+00 2.965411e+00 7.395220e-01 6.290826e-01 2.467138e-01
<VARIANCE> 6
 1.157029e+03 2.613461e+00 4.283898e+00 1.524900e-01 8.202876e-02 8.148260e-03
<GCONST> 1.130512e+01
<TRANSP> 5
 0.000000e+00 1.000000e+00 0.000000e+00 0.000000e+00 0.000000e+00
 0.000000e+00 6.444761e-12 1.000000e+00 0.000000e+00 0.000000e+00
 0.000000e+00 0.000000e+00 2.382765e-11 1.000000e+00 0.000000e+00
 0.000000e+00 0.000000e+00 0.000000e+00 9.000000e-01 1.000000e-01
 0.000000e+00 0.000000e+00 0.000000e+00 0.000000e+00 0.000000e+00
<ENDHMM>
~h "fp_screen"
<BEGINHMM>
<NUMSTATES> 5
<STATE> 2
<MEAN> 6
 3.533618e+02 1.549116e+01 8.132382e+00 4.845060e+00 3.468406e+00 1.360833e+00
<VARIANCE> 6
 1.904379e+04 4.198844e+02 1.796479e+02 2.460918e+01 1.531138e+01 2.279893e+00
<GCONST> 3.886858e+01
<STATE> 3
<MEAN> 6
 5.401541e+02 6.640300e+01 2.759372e+01 1.740389e+01 1.123337e+01 5.753953e+00
<VARIANCE> 6
 3.127111e+04 4.463812e+03 1.491360e+03 1.926278e+02 1.331174e+02 3.587665e+01
<GCONST> 5.082100e+01
<STATE> 4
<MEAN> 6
 4.526375e+02 4.848144e+00 7.841253e+00 2.143316e+00 2.382982e+00 7.882345e-01
<VARIANCE> 6
 8.345758e+03 3.225420e+01 1.988500e+02 3.579790e+00 9.685050e+00 6.692448e-01
<GCONST> 3.196725e+01
<TRANSP> 5
 0.000000e+00 1.000000e+00 0.000000e+00 0.000000e+00 0.000000e+00
 0.000000e+00 9.453313e-01 5.466869e-02 0.000000e+00 0.000000e+00
 0.000000e+00 0.000000e+00 9.167388e-01 8.326122e-02 0.000000e+00
 0.000000e+00 0.000000e+00 0.000000e+00 9.748096e-01 2.519044e-02
 0.000000e+00 0.000000e+00 0.000000e+00 0.000000e+00 0.000000e+00
<ENDHMM>
~h "fp_screen_0"
<BEGINHMM>
<NUMSTATES> 5
<STATE> 2
<MEAN> 6
 3.470428e+02 1.428696e+01 2.095478e+01 4.535204e+00 7.167996e+00 2.007381e+00
<VARIANCE> 6
 2.481274e+04 6.118140e+02 7.106699e+02 2.065101e+01 5.151614e+01 5.199867e+00
<GCONST> 4.274730e+01
<STATE> 3
<MEAN> 6
 5.209291e+02 5.556662e+01 2.934785e+01 1.286324e+01 8.924942e+00 4.165471e+00
<VARIANCE> 6
 4.970402e+04 2.196590e+03 1.458561e+03 9.079437e+01 6.473711e+01 2.831423e+01
<GCONST> 4.884327e+01
<STATE> 4
<MEAN> 6
 4.260810e+02 8.932473e+00 3.913390e+00 2.895297e+00 1.760586e+00 8.921373e-01
<VARIANCE> 6
 1.653053e+04 2.960910e+02 6.255451e+01 1.799428e+01 7.535320e+00 1.938195e+00
<GCONST> 3.613834e+01
<TRANSP> 5
 0.000000e+00 1.000000e+00 0.000000e+00 0.000000e+00 0.000000e+00
 0.000000e+00 5.915030e-01 4.084971e-01 0.000000e+00 0.000000e+00
 0.000000e+00 0.000000e+00 5.477371e-01 4.522630e-01 0.000000e+00
 0.000000e+00 0.000000e+00 0.000000e+00 8.637769e-01 1.362231e-01
 0.000000e+00 0.000000e+00 0.000000e+00 0.000000e+00 0.000000e+00
<ENDHMM>
~h "fp_screen_1"
<BEGINHMM>
<NUMSTATES> 5
<STATE> 2
<MEAN> 6
 3.876535e+02 2.495117e+01 6.098992e+00 7.045571e+00 3.113440e+00 1.539594e+00
<VARIANCE> 6
 4.036139e+04 8.398025e+02 1.230771e+02 4.863367e+01 1.285809e+01 3.859380e+00
<GCONST> 4.096767e+01
<STATE> 3
<MEAN> 6
 4.887533e+02 5.433177e+01 2.529361e+01 1.637680e+01 6.993571e+00 4.464272e+00
<VARIANCE> 6
 2.805421e+04 3.513460e+03 1.660614e+03 3.604291e+02 6.532852e+01 3.612256e+01
<GCONST> 5.050210e+01
<STATE> 4
<MEAN> 6
 4.115019e+02 5.548152e+00 7.320879e+00 2.577568e+00 2.734577e+00 8.717808e-01
<VARIANCE> 6
 2.550486e+03 1.931408e+02 2.219708e+02 1.531644e+01 1.348468e+01 7.587548e-01
<GCONST> 3.459167e+01
<TRANSP> 5
 0.000000e+00 1.000000e+00 0.000000e+00 0.000000e+00 0.000000e+00
 0.000000e+00 7.218953e-01 2.781047e-01 0.000000e+00 0.000000e+00
 0.000000e+00 0.000000e+00 4.309579e-01 5.690420e-01 0.000000e+00
 0.000000e+00 0.000000e+00 0.000000e+00 8.692279e-01 1.307721e-01
 0.000000e+00 0.000000e+00 0.000000e+00 0.000000e+00 0.000000e+00
<ENDHMM>
~h "fp_screen_2"
<BEGINHMM>
<NUMSTATES> 5
<STATE> 2
<MEAN> 6
 3.609791e+02 9.963536e+00 1.192714e+01 3.757009e+00 4.288693e+00 1.234959e+00
<VARIANCE> 6
 9.301363e+03 2.449989e+02 3.540979e+02 2.180920e+01 1.740285e+01 1.274920e+00
<GCONST> 3.771786e+01
<STATE> 3
<MEAN> 6
 5.837692e+02 8.952589e+01 3.421878e+01 2.279424e+01 1.600632e+01 8.431567e+00
<VARIANCE> 6
 3.379261e+04 6.432756e+03 2.164756e+03 2.014780e+02 2.082513e+02 4.693738e+01
<GCONST> 5.239772e+01
<STATE> 4
<MEAN> 6
 4.468802e+02 3.855851e+01 1.917480e+01 1.406657e+01 5.875697e+00 3.495379e+00
<VARIANCE> 6
 1.418257e+04 1.563101e+03 1.197036e+03 1.488083e+02 5.168467e+01 2.355372e+01
<GCONST> 4.713617e+01
<TRANSP> 5
 0.000000e+00 1.000000e+00 0.000000e+00 0.000000e+00 0.000000e+00
 0.000000e+00 8.749584e-01 1.250416e-01 0.000000e+00 0.000000e+00
 0.000000e+00 0.000000e+00 6.660401e-01 3.339599e-01 0.000000e+00
 0.000000e+00 0.000000e+00 0.000000e+00 5.020650e-01 4.979350e-01
 0.000000e+00 0.000000e+00 0.000000e+00 0.000000e+00 0.000000e+00
<ENDHMM>
~h "fp_screen_3"
<BEGINHMM>
<NUMSTATES> 5
<STATE> 2
<MEAN> 6
 3.823260e+02 3.628382e+01 1.674058e+01 1.058762e+01 5.619506e+00 3.060283e+00
<VARIANCE> 6
 1.504978e+04 1.727040e+03 9.855173e+02 9.395062e+01 4.285143e+01 2.004839e+01
<GCONST> 4.629237e+01
<STATE> 3
<MEAN> 6
 5.572761e+02 8.222096e+01 1.750660e+01 1.733329e+01 1.319245e+01 6.337762e+00
<VARIANCE> 6
 3.737802e+04 6.718007e+03 3.965209e+02 1.430316e+02 1.839288e+02 2.984824e+01
<GCONST> 4.992512e+01
<STATE> 4
<MEAN> 6
 3.955337e+02 9.573219e+00 5.716346e+00 3.047880e+00 2.758634e+00 1.131243e+00
<VARIANCE> 6
 3.195258e+03 2.413244e+02 3.194294e+01 7.679401e+00 4.798964e+00 1.506757e+00
<GCONST> 3.206368e+01
<TRANSP> 5
 0.000000e+00 1.000000e+00 0.000000e+00 0.000000e+00 0.000000e+00
 0.000000e+00 5.940356e-01 4.059644e-01 0.000000e+00 0.000000e+00
 0.000000e+00 0.000000e+00 4.563212e-01 5.436788e-01 0.000000e+00
 0.000000e+00 0.000000e+00 0.000000e+00 8.700861e-01 1.299139e-01
 0.000000e+00 0.000000e+00 0.000000e+00 0.000000e+00 0.000000e+00
<ENDHMM>
~h "fp_screen_4"
<BEGINHMM>
<NUMSTATES> 5
<STATE> 2
<MEAN> 6
 4.205810e+02 1.375004e+01 1.012770e+01 4.838775e+00 3.465016e+00 1.738636e+00
<VARIANCE> 6
 6.694387e+03 4.932278e+02 8.983626e+01 1.883336e+01 8.166475e+00 3.110693e+00
<GCONST> 3.670576e+01
<STATE> 3
<MEAN> 6
 4.458862e+02 3.525362e+01 1.424609e+01 1.193998e+01 7.742245e+00 4.217966e+00
<VARIANCE> 6
 1.228460e+04 1.764950e+03 3.405210e+02 1.044737e+02 8.243483e+01 1.923907e+01
<GCONST> 4.576760e+01
<STATE> 4
<MEAN> 6
 3.753927e+02 6.356580e+00 1.263972e+01 3.042585e+00 3.772899e+00 1.020517e+00
<VARIANCE> 6
 3.748587e+03 3.314546e+01 3.233110e+02 3.294975e+00 1.886128e+01 6.732773e-01
<GCONST> 3.226983e+01
<TRANSP> 5
 0.000000e+00 1.000000e+00 0.000000e+00 0.000000e+00 0.000000e+00
 0.000000e+00 6.714899e-01 3.285101e-01 0.000000e+00 0.000000e+00
 0.000000e+00 0.000000e+00 4.059034e-01 5.940966e-01 0.000000e+00
 0.000000e+00 0.000000e+00 0.000000e+00 8.791209e-01 1.208792e-01
 0.000000e+00 0.000000e+00 0.000000e+00 0.000000e+00 0.000000e+00
<ENDHMM>
~h "fp_screen_5"
<BEGINHMM>
<NUMSTATES> 5
<STATE> 2
<MEAN> 6
 3.847500e+02 9.282578e+00 3.672279e+01 4.106926e+00 1.309538e+01 1.520734e+00
<VARIANCE> 6
 5.824166e+03 7.418451e+01 1.420454e+03 5.810133e+00 3.744447e+01 1.399032e+00
<GCONST> 3.698056e+01
<STATE> 3
<MEAN> 6
 4.918899e+02 2.874335e+00 5.272671e+01 1.605719e+00 8.405035e+00 9.267581e-01
<VARIANCE> 6
 3.342205e+03 5.105354e+00 1.228352e+03 7.315813e-01 2.672154e+01 4.074445e-01
<GCONST> 2.996044e+01
<STATE> 4
<MEAN> 6
 5.883897e+02 1.868251e+00 2.968675e+00 6.545376e-01 5.206102e-01 2.726501e-01
<VARIANCE> 6
 1.132036e+03 2.230319e+00 4.216258e+00 1.653946e-01 8.582446e-02 1.599091e-02
<GCONST> 1.190952e+01
<TRANSP> 5
 0.000000e+00 1.000000e+00 0.000000e+00 0.000000e+00 0.000000e+00
 0.000000e+00 7.563671e-07 9.999992e-01 0.000000e+00 0.000000e+00
 0.000000e+00 0.000000e+00 5.939532e-06 9.999940e-01 0.000000e+00
 0.000000e+00 0.000000e+00 0.000000e+00 8.999999e-01 1.000001e-01
 0.000000e+00 0.000000e+00 0.000000e+00 0.000000e+00 0.000000e+00
<ENDHMM>
~h "fp_key"
<BEGINHMM>
<NUMSTATES> 5
<STATE> 2
<MEAN> 6
 2.366503e+02 2.678650e+01 6.655040e+00 5.634167e+00 2.141538e+00 1.323159e+00
<VARIANCE> 6
 6.097930e+03 1.655189e+03 1.377430e+02 4.944385e+01 8.249107e+00 3.118081e+00
<GCONST> 3.922819e+01
<STATE> 3
<MEAN> 6
 4.925880e+02 7.872678e+01 3.265451e+01 1.752205e+01 1.072237e+01 4.308404e+00
<VARIANCE> 6
 4.225207e+04 5.208607e+03 2.915715e+03 2.339898e+02 2.293318e+02 3.479064e+01
<GCONST> 5.265440e+01
<STATE> 4
<MEAN> 6
 3.688454e+02 3.844270e+00 5.638366e+00 1.146614e+00 1.329242e+00 4.045851e-01
<VARIANCE> 6
 2.148694e+04 1.763012e+01 1.654484e+02 9.972947e-01 5.641444e+00 2.378956e-01
<GCONST> 2.927224e+01
<TRANSP> 5
 0.000000e+00 1.000000e+00 0.000000e+00 0.000000e+00 0.000000e+00
 0.000000e+00 9.335356e-01 6.646446e-02 0.000000e+00 0.000000e+00
 0.000000e+00 0.000000e+00 9.707339e-01 2.926606e-02 0.000000e+00
 0.000000e+00 0.000000e+00 0.000000e+00 9.518886e-01 4.811139e-02
 0.000000e+00 0.000000e+00 0.000000e+00 0.000000e+00 0.000000e+00
<ENDHMM>
~h "fp_key_0"
<BEGINHMM>
<NUMSTATES> 5
<STATE> 2
<MEAN> 6
 2.195644e+02 1.173284e+01 4.159664e+00 3.150640e+00 1.400638e+00 5.312610e-01
<VARIANCE> 6
 8.599696e+03 6.539919e+02 8.996395e+01 3.452396e+01 4.340833e+00 2.215025e-01
<GCONST> 3.457165e+01
<STATE> 3
<MEAN> 6
 3.916985e+02 8.091454e+01 5.266331e+01 1.748772e+01 1.716462e+01 5.563785e+00
<VARIANCE> 6
 3.486852e+04 4.840708e+03 3.130373e+03 1.527371e+02 2.778680e+02 2.778015e+01
<GCONST> 5.200051e+01
<STATE> 4
<MEAN> 6
 4.559493e+02 8.974024e+01 9.404189e+00 1.647449e+01 2.689713e+00 1.387943e+00
<VARIANCE> 6
 6.595692e+04 5.381284e+03 3.508893e+02 1.731892e+02 2.658574e+01 3.001610e+00
<GCONST> 4.610908e+01
<TRANSP> 5
 0.000000e+00 1.000000e+00 0.000000e+00 0.000000e+00 0.000000e+00
 0.000000e+00 7.970418e-01 2.029582e-01 0.000000e+00 0.000000e+00
 0.000000e+00 0.000000e+00 4.894053e-01 5.105947e-01 0.000000e+00
 0.000000e+00 0.000000e+00 0.000000e+00 8.044728e-01 1.955273e-01
 0.000000e+00 0.000000e+00 0.000000e+00 0.000000e+00 0.000000e+00
<ENDHMM>
~h "fp_key_1"
<BEGINHMM>
<NUMSTATES> 5
<STATE> 2
<MEAN> 6
 2.209975e+02 1.424757e+01 6.191876e+00 3.885431e+00 2.316402e+00 1.117504e+00
<VARIANCE> 6
 9.783277e+03 9.164549e+02 2.621534e+02 3.694162e+01 2.107751e+01 2.828344e+00
<GCONST> 4.030237e+01
<STATE> 3
<MEAN> 6
 4.532991e+02 8.982391e+01 8.136684e+01 2.640773e+01 2.453591e+01 9.732011e+00
<VARIANCE> 6
 3.068395e+04 5.445058e+03 5.968963e+03 5.055049e+02 3.117711e+02 7.044400e+01
<GCONST> 5.487819e+01
<STATE> 4
<MEAN> 6
 4.733376e+02 1.074708e+02 1.442238e+01 1.703950e+01 5.213330e+00 2.454439e+00
<VARIANCE> 6
 3.806354e+04 5.754686e+03 7.271694e+02 1.644885e+02 8.329682e+01 1.184527e+01
<GCONST> 4.881838e+01
<TRANSP> 5
 0.000000e+00 1.000000e+00 0.000000e+00 0.000000e+00 0.000000e+00
 0.000000e+00 8.534289e-01 1.465711e-01 0.000000e+00 0.000000e+00
 0.000000e+00 0.000000e+00 6.038980e-01 3.961020e-01 0.000000e+00
 0.000000e+00 0.000000e+00 0.000000e+00 7.262353e-01 2.737648e-01
 0.000000e+00 0.000000e+00 0.000000e+00 0.000000e+00 0.000000e+00
<ENDHMM>
~h "fp_key_2"
<BEGINHMM>
<NUMSTATES> 5
<STATE> 2
<MEAN> 6
 2.526110e+02 1.959164e+01 7.095019e+00 5.110248e+00 2.983926e+00 1.524529e+00
<VARIANCE> 6
 1.080842e+04 1.858999e+03 3.865786e+02 6.142665e+01 4.323727e+01 7.572075e+00
<GCONST> 4.370949e+01
<STATE> 3
<MEAN> 6
 5.035960e+02 9.768133e+01 7.992975e+01 2.669116e+01 2.427234e+01 9.798914e+00
<VARIANCE> 6
 3.151724e+04 6.855943e+03 6.860676e+03 4.975368e+02 4.088860e+02 8.544351e+01
<GCONST> 5.572295e+01
<STATE> 4
<MEAN> 6
 4.910367e+02 8.666640e+01 3.162806e+01 1.718683e+01 1.019532e+01 3.794378e+00
<VARIANCE> 6
 3.180739e+04 4.494280e+03 2.439906e+03 1.671269e+02 1.587647e+02 2.272545e+01
<GCONST> 5.091466e+01
<TRANSP> 5
 0.000000e+00 1.000000e+00 0.000000e+00 0.000000e+00 0.000000e+00
 0.000000e+00 8.683803e-01 1.316197e-01 0.000000e+00 0.000000e+00
 0.000000e+00 0.000000e+00 5.186499e-01 4.813500e-01 0.000000e+00
 0.000000e+00 0.000000e+00 0.000000e+00 6.992356e-01 3.007644e-01
 0.000000e+00 0.000000e+00 0.000000e+00 0.000000e+00 0.000000e+00
<ENDHMM>
~h "fp_key_3"
<BEGINHMM>
<NUMSTATES> 5
<STATE> 2
<MEAN> 6
 5.440936e+02 1.067385e+02 2.715872e+01 2.166892e+01 8.183760e+00 3.919232e+00
<VARIANCE> 6
 2.830916e+04 5.542104e+03 1.956040e+03 2.072172e+02 1.445875e+02 2.194610e+01
<GCONST> 5.087325e+01
<STATE> 3
<MEAN> 6
 4.786954e+02 5.430386e+01 7.008539e+01 1.894295e+01 2.694644e+01 7.483758e+00
<VARIANCE> 6
 4.316139e+04 3.230706e+03 4.857414e+03 2.835536e+02 4.689556e+02 4.477942e+01
<GCONST> 5.386834e+01
<STATE> 4
<MEAN> 6
 3.123444e+02 1.680449e+01 5.533698e+00 4.721620e+00 2.320741e+00 1.184597e+00
<VARIANCE> 6
 1.151665e+04 8.097672e+02 6.434765e+01 5.086737e+01 8.955692e+00 2.734689e+00
<GCONST> 3.836739e+01
<TRANSP> 5
 0.000000e+00 1.000000e+00 0.000000e+00 0.000000e+00 0.000000e+00
 0.000000e+00 7.403084e-01 2.596917e-01 0.000000e+00 0.000000e+00
 0.000000e+00 0.000000e+00 4.936456e-01 5.063545e-01 0.000000e+00
 0.000000e+00 0.000000e+00 0.000000e+00 8.380404e-01 1.619596e-01
 0.000000e+00 0.000000e+00 0.000000e+00 0.000000e+00 0.000000e+00
<ENDHMM>
~h "fp_key_4"
<BEGINHMM>
<NUMSTATES> 5
<STATE> 2
<MEAN> 6
 5.428821e+02 6.244035e+01 6.507236e+00 1.178709e+01 2.341552e+00 1.484310e+00
<VARIANCE> 6
 3.862966e+04 3.009029e+03 6.827065e+01 9.133113e+01 7.637952e+00 3.073312e+00
<GCONST> 4.149227e+01
<STATE> 3
<MEAN> 6
 6.186201e+02 8.798100e+01 5.607011e+01 2.454821e+01 1.900931e+01 8.874782e+00
<VARIANCE> 6
 3.632173e+04 4.609368e+03 3.317830e+03 1.926561e+02 2.488231e+02 5.240686e+01
<GCONST> 5.280703e+01
<STATE> 4
<MEAN> 6
 4.039404e+02 2.410034e+01 8.289537e+00 5.057423e+00 2.117992e+00 1.277145e+00
<VARIANCE> 6
 2.199882e+04 1.523427e+03 1.889177e+02 4.581790e+01 1.303330e+01 3.541952e+00
<GCONST> 4.125290e+01
<TRANSP> 5
 0.000000e+00 1.000000e+00 0.000000e+00 0.000000e+00 0.000000e+00
 0.000000e+00 7.861603e-01 2.138397e-01 0.000000e+00 0.000000e+00
 0.000000e+00 0.000000e+00 6.426573e-01 3.573427e-01 0.000000e+00
 0.000000e+00 0.000000e+00 0.000000e+00 8.190099e-01 1.809901e-01
 0.000000e+00 0.000000e+00 0.000000e+00 0.000000e+00 0.000000e+00
<ENDHMM>
~h "fp_key_5"
<BEGINHMM>
<NUMSTATES> 5
<STATE> 2
<MEAN> 6
 4.441780e+02 3.346158e+01 1.550100e+01 7.790631e+00 5.137508e+00 2.459437e+00
<VARIANCE> 6
 5.496648e+04 2.264342e+03 4.856506e+02 8.428323e+01 5.552836e+01 9.869665e+00
<GCONST> 4.659282e+01
<STATE> 3
<MEAN> 6
 4.781086e+02 1.995641e+01 3.758038e+01 4.774944e+00 6.883030e+00 3.150564e+00
<VARIANCE> 6
 1.667282e+04 1.220219e+03 4.624102e+03 2.812065e+01 1.201262e+02 1.494912e+01
<GCONST> 4.712432e+01
<STATE> 4
<MEAN> 6
 4.613733e+02 3.717655e+00 8.189742e+00 8.456510e-01 1.527970e+00 3.045019e-01
<VARIANCE> 6
 1.139922e+04 2.251578e+01 3.387616e+02 3.283619e-01 1.060545e+01 5.254079e-02
<GCONST> 2.760964e+01
<TRANSP> 5
 0.000000e+00 1.000000e+00 0.000000e+00 0.000000e+00 0.000000e+00
 0.000000e+00 3.493251e-01 6.506749e-01 0.000000e+00 0.000000e+00
 0.000000e+00 0.000000e+00 1.479547e-09 1.000000e+00 0.000000e+00
 0.000000e+00 0.000000e+00 0.000000e+00 8.943268e-01 1.056732e-01
 0.000000e+00 0.000000e+00 0.000000e+00 0.000000e+00 0.000000e+00
<ENDHMM>
