~o
<STREAMINFO> 1 6
<VECSIZE> 6<NULLD><MFCC><DIAGC>
~h "fp_logo_5"
<BEGINHMM>
<NUMSTATES> 5
<STATE> 2
<MEAN> 6
 4.540015e+02 7.927113e+00 6.291986e+00 2.905545e+00 2.354872e+00 1.122935e+00
<VARIANCE> 6
 4.988850e+04 1.525954e+02 1.532527e+02 1.621774e+01 1.380430e+01 3.060791e+00
<GCONST> 3.843444e+01
<STATE> 3
<MEAN> 6
 5.497259e+02 4.281645e+01 1.755293e+01 1.252986e+01 7.796602e+00 4.274799e+00
<VARIANCE> 6
 4.734345e+04 2.496789e+03 9.013322e+02 1.262619e+02 9.497394e+01 2.578118e+01
<GCONST> 4.906069e+01
<STATE> 4
<MEAN> 6
 4.363044e+02 3.886753e+00 3.384109e+00 8.983887e-01 8.342724e-01 3.319813e-01
<VARIANCE> 6
 3.948384e+04 3.543526e+01 2.635722e+01 1.358709e+00 1.596810e+00 1.199275e-01
<GCONST> 2.710403e+01
<TRANSP> 5
 0.000000e+00 1.000000e+00 0.000000e+00 0.000000e+00 0.000000e+00
 0.000000e+00 9.589063e-01 4.109374e-02 0.000000e+00 0.000000e+00
 0.000000e+00 0.000000e+00 9.535931e-01 4.640689e-02 0.000000e+00
 0.000000e+00 0.000000e+00 0.000000e+00 9.585353e-01 4.146475e-02
 0.000000e+00 0.000000e+00 0.000000e+00 0.000000e+00 0.000000e+00
<ENDHMM>
