~o
<STREAMINFO> 1 6
<VECSIZE> 6<NULLD><MFCC><DIAGC>
~h "fp_logo_0"
<BEGINHMM>
<NUMSTATES> 5
<STATE> 2
<MEAN> 6
 1.627182e+02 6.815379e+00 4.082788e+00 5.358059e+00 1.790826e+00 9.208036e-01
<VARIANCE> 6
 2.924858e+03 3.865313e+01 1.008484e+01 2.976669e+01 8.907319e-01 5.422586e-01
<GCONST> 2.763959e+01
<STATE> 3
<MEAN> 6
 1.785978e+02 9.169704e+00 6.209285e+00 5.681924e+00 3.590022e+00 1.846701e+00
<VARIANCE> 6
 6.096877e+03 5.444019e+01 3.492381e+01 3.281262e+01 7.007481e+00 2.338270e+00
<GCONST> 3.358027e+01
<STATE> 4
<MEAN> 6
 1.356155e+02 7.045166e+00 2.594789e+00 2.150217e+00 1.327144e+00 4.342050e-01
<VARIANCE> 6
 2.377328e+03 6.145510e+01 4.156954e+00 4.456635e+00 8.426853e-01 1.160210e-01
<GCONST> 2.351333e+01
<TRANSP> 5
 0.000000e+00 1.000000e+00 0.000000e+00 0.000000e+00 0.000000e+00
 0.000000e+00 4.506026e-01 5.493974e-01 0.000000e+00 0.000000e+00
 0.000000e+00 0.000000e+00 2.243915e-01 7.756085e-01 0.000000e+00
 0.000000e+00 0.000000e+00 0.000000e+00 7.598349e-01 2.401650e-01
 0.000000e+00 0.000000e+00 0.000000e+00 0.000000e+00 0.000000e+00
<ENDHMM>
~h "fp_logo_1"
<BEGINHMM>
<NUMSTATES> 5
<STATE> 2
<MEAN> 6
 1.700543e+02 1.160244e+01 4.001122e+00 6.495412e+00 2.257831e+00 1.520724e+00
<VARIANCE> 6
 3.190691e+03 1.279156e+02 9.370349e+00 2.250534e+01 2.129486e+00 1.817330e+00
<GCONST> 3.065118e+01
<STATE> 3
<MEAN> 6
 3.809457e+02 9.762918e+01 7.756343e+01 2.777707e+01 2.117241e+01 9.961926e+00
<VARIANCE> 6
 3.381732e+04 7.069502e+03 5.720052e+03 4.816967e+02 2.753585e+02 5.812196e+01
<GCONST> 5.482920e+01
<STATE> 4
<MEAN> 6
 2.866582e+02 1.678269e+01 2.658405e+01 7.043819e+00 1.047546e+01 2.867667e+00
<VARIANCE> 6
 4.517289e+04 9.418031e+02 2.803272e+03 8.756337e+01 2.335809e+02 7.855757e+00
<GCONST> 4.851899e+01
<TRANSP> 5
 0.000000e+00 1.000000e+00 0.000000e+00 0.000000e+00 0.000000e+00
 0.000000e+00 6.802534e-01 3.197467e-01 0.000000e+00 0.000000e+00
 0.000000e+00 0.000000e+00 6.450933e-01 3.549066e-01 0.000000e+00
 0.000000e+00 0.000000e+00 0.000000e+00 1.975195e-01 8.024805e-01
 0.000000e+00 0.000000e+00 0.000000e+00 0.000000e+00 0.000000e+00
<ENDHMM>
~h "fp_logo_2"
<BEGINHMM>
<NUMSTATES> 5
<STATE> 2
<MEAN> 6
 2.497012e+02 1.991151e+01 1.914148e+01 7.443495e+00 7.692840e+00 2.822707e+00
<VARIANCE> 6
 2.785285e+04 9.769483e+02 1.198092e+03 7.978767e+01 1.268727e+02 8.236940e+00
<GCONST> 4.656605e+01
<STATE> 3
<MEAN> 6
 4.035661e+02 6.580070e+01 9.574059e+01 2.048283e+01 2.412364e+01 8.291075e+00
<VARIANCE> 6
 3.954045e+04 5.204861e+03 9.613406e+03 4.674638e+02 4.243157e+02 4.939261e+01
<GCONST> 5.543821e+01
<STATE> 4
<MEAN> 6
 1.870043e+02 9.373201e+00 5.170657e+00 4.855565e+00 2.827919e+00 2.197462e+00
<VARIANCE> 6
 3.581017e+03 1.501568e+02 1.770031e+01 1.345113e+01 2.556196e+00 3.490148e+00
<GCONST> 3.188346e+01
<TRANSP> 5
 0.000000e+00 1.000000e+00 0.000000e+00 0.000000e+00 0.000000e+00
 0.000000e+00 6.332003e-02 9.366800e-01 0.000000e+00 0.000000e+00
 0.000000e+00 0.000000e+00 6.284318e-01 3.715682e-01 0.000000e+00
 0.000000e+00 0.000000e+00 0.000000e+00 3.139874e-01 6.860126e-01
 0.000000e+00 0.000000e+00 0.000000e+00 0.000000e+00 0.000000e+00
<ENDHMM>
~h "fp_logo_3"
<BEGINHMM>
<NUMSTATES> 5
<STATE> 2
<MEAN> 6
 2.061927e+02 1.507562e+01 6.837335e+00 5.391298e+00 4.258297e+00 1.687633e+00
<VARIANCE> 6
 2.965259e+03 7.841555e+02 5.006562e+01 4.266850e+01 9.379755e+01 4.627394e+00
<GCONST> 3.942652e+01
<STATE> 3
<MEAN> 6
 3.560246e+02 7.694360e+01 5.674802e+00 1.595082e+01 1.871150e+00 1.295660e+00
<VARIANCE> 6
 4.438584e+04 1.006339e+04 1.716330e+01 3.707076e+02 9.768302e-01 9.350518e-01
<GCONST> 3.961219e+01
<STATE> 4
<MEAN> 6
 1.974986e+02 5.744796e+00 3.593458e+00 2.536250e+00 1.607169e+00 5.920404e-01
<VARIANCE> 6
 4.636326e+03 9.659178e+01 6.613299e+00 3.890935e+00 8.904694e-01 2.180226e-01
<GCONST> 2.564800e+01
<TRANSP> 5
 0.000000e+00 1.000000e+00 0.000000e+00 0.000000e+00 0.000000e+00
 0.000000e+00 2.923856e-02 9.707615e-01 0.000000e+00 0.000000e+00
 0.000000e+00 0.000000e+00 4.852838e-01 5.147163e-01 0.000000e+00
 0.000000e+00 0.000000e+00 0.000000e+00 5.679858e-01 4.320141e-01
 0.000000e+00 0.000000e+00 0.000000e+00 0.000000e+00 0.000000e+00
<ENDHMM>
~h "fp_logo_4"
<BEGINHMM>
<NUMSTATES> 5
<STATE> 2
<MEAN> 6
 2.314838e+02 1.443859e+01 6.081364e+00 5.621621e+00 2.505791e+00 1.604877e+00
<VARIANCE> 6
 5.642645e+03 3.403484e+02 3.758157e+01 4.273769e+01 2.411454e+00 1.986233e+00
<GCONST> 3.444341e+01
<STATE> 3
<MEAN> 6
 3.901302e+02 5.883894e+01 1.830533e+01 1.524054e+01 6.031627e+00 3.542192e+00
<VARIANCE> 6
 5.993008e+04 8.152859e+03 9.763305e+02 3.125225e+02 5.312315e+01 1.399888e+01
<GCONST> 5.027439e+01
<STATE> 4
<MEAN> 6
 2.358048e+02 3.855186e+00 4.111340e+00 1.866067e+00 1.791406e+00 5.672781e-01
<VARIANCE> 6
 3.076084e+03 7.542429e+00 1.017625e+01 7.535196e-01 8.411561e-01 1.954700e-01
<GCONST> 2.131095e+01
<TRANSP> 5
 0.000000e+00 1.000000e+00 0.000000e+00 0.000000e+00 0.000000e+00
 0.000000e+00 3.129669e-01 6.870331e-01 0.000000e+00 0.000000e+00
 0.000000e+00 0.000000e+00 4.661105e-01 5.338895e-01 0.000000e+00
 0.000000e+00 0.000000e+00 0.000000e+00 8.716903e-01 1.283098e-01
 0.000000e+00 0.000000e+00 0.000000e+00 0.000000e+00 0.000000e+00
<ENDHMM>
~h "fp_logo_5"
<BEGINHMM>
<NUMSTATES> 5
<STATE> 2
<MEAN> 6
 2.956887e+02 4.350029e+00 5.358745e+00 1.960405e+00 2.439209e+00 7.409257e-01
<VARIANCE> 6
 5.093002e+03 2.135740e+01 2.402538e+01 1.543534e+00 4.508402e+00 3.081618e-01
<GCONST> 2.656628e+01
<STATE> 3
<MEAN> 6
 3.111346e+02 5.066948e+00 8.774865e+00 2.088583e+00 2.530178e+00 8.571280e-01
<VARIANCE> 6
 5.839999e+03 1.962440e+01 3.138738e+02 2.232816e+00 7.996893e+00 6.491964e-01
<GCONST> 3.087581e+01
<STATE> 4
<MEAN> 6
 4.041025e+02 2.659634e+00 3.105919e+00 1.158254e+00 1.002307e+00 3.481357e-01
<VARIANCE> 6
 7.263653e+03 4.505834e+00 5.550055e+00 5.761081e-01 4.765546e-01 6.416799e-02
<GCONST> 1.909820e+01
<TRANSP> 5
 0.000000e+00 1.000000e+00 0.000000e+00 0.000000e+00 0.000000e+00
 0.000000e+00 9.996679e-09 1.000000e+00 0.000000e+00 0.000000e+00
 0.000000e+00 0.000000e+00 1.129310e-02 9.887069e-01 0.000000e+00
 0.000000e+00 0.000000e+00 0.000000e+00 9.356466e-01 6.435340e-02
 0.000000e+00 0.000000e+00 0.000000e+00 0.000000e+00 0.000000e+00
<ENDHMM>
~h "bg_white_0"
<BEGINHMM>
<NUMSTATES> 5
<STATE> 2
<MEAN> 6
 7.493376e+02 2.098661e+00 4.323516e+00 1.200675e+00 1.518568e+00 1.073208e+00
<VARIANCE> 6
 6.743675e+03 1.739920e+01 3.961338e+02 2.899980e+00 1.104426e+01 2.522229e+00
<GCONST> 3.307356e+01
<STATE> 3
<MEAN> 6
 6.946420e+02 4.429125e+01 2.829519e+01 1.791511e+01 2.248834e+01 1.553872e+01
<VARIANCE> 6
 5.464730e+03 1.588802e+03 1.326111e+03 1.523799e+02 2.843262e+02 1.642622e+02
<GCONST> 4.997204e+01
<STATE> 4
<MEAN> 6
 7.274139e+02 5.030446e+00 5.485677e+00 2.943000e+00 3.246398e+00 2.702369e+00
<VARIANCE> 6
 2.000238e+04 6.374245e+01 1.136065e+02 1.210521e+01 2.547109e+01 9.219379e+00
<GCONST> 3.777095e+01
<TRANSP> 5
 0.000000e+00 1.000000e+00 0.000000e+00 0.000000e+00 0.000000e+00
 0.000000e+00 9.069614e-01 9.303860e-02 0.000000e+00 0.000000e+00
 0.000000e+00 0.000000e+00 7.297254e-01 2.702746e-01 0.000000e+00
 0.000000e+00 0.000000e+00 0.000000e+00 4.616908e-01 5.383092e-01
 0.000000e+00 0.000000e+00 0.000000e+00 0.000000e+00 0.000000e+00
<ENDHMM>
~h "fp_screen_0"
<BEGINHMM>
<NUMSTATES> 5
<STATE> 2
<MEAN> 6
 3.797099e+02 1.354800e+01 2.236395e+01 4.242860e+00 6.299112e+00 1.413010e+00
<VARIANCE> 6
 1.641349e+04 3.750609e+02 7.181270e+02 2.493477e+01 3.130160e+01 2.110683e+00
<GCONST> 4.064380e+01
<STATE> 3
<MEAN> 6
 4.928529e+02 5.455991e+01 3.297482e+01 8.879918e+00 7.630937e+00 4.530113e+00
<VARIANCE> 6
 4.736183e+04 3.360693e+03 1.568126e+03 4.988664e+01 4.424933e+01 3.760054e+01
<GCONST> 4.859698e+01
<STATE> 4
<MEAN> 6
 4.499225e+02 1.527786e+01 3.950578e+00 3.320350e+00 2.209704e+00 9.709653e-01
<VARIANCE> 6
 2.332853e+04 2.851100e+02 1.569768e+01 1.100947e+01 2.286532e+00 8.330972e-01
<GCONST> 3.253427e+01
<TRANSP> 5
 0.000000e+00 1.000000e+00 0.000000e+00 0.000000e+00 0.000000e+00
 0.000000e+00 6.380912e-02 9.361909e-01 0.000000e+00 0.000000e+00
 0.000000e+00 0.000000e+00 3.924090e-01 6.075910e-01 0.000000e+00
 0.000000e+00 0.000000e+00 0.000000e+00 5.911446e-01 4.088555e-01
 0.000000e+00 0.000000e+00 0.000000e+00 0.000000e+00 0.000000e+00
<ENDHMM>
~h "fp_screen_1"
<BEGINHMM>
<NUMSTATES> 5
<STATE> 2
<MEAN> 6
 3.314411e+02 3.786709e+01 5.509511e+00 8.188673e+00 2.502064e+00 1.356711e+00
<VARIANCE> 6
 2.012679e+04 1.069940e+03 6.775867e+01 3.891322e+01 5.068337e+00 2.542445e+00
<GCONST> 3.834585e+01
<STATE> 3
<MEAN> 6
 4.790448e+02 4.978405e+01 1.428169e+01 2.414556e+01 4.227847e+00 2.040663e+00
<VARIANCE> 6
 1.991383e+04 4.108500e+03 7.587885e+02 6.012115e+02 2.840959e+01 9.867776e+00
<GCONST> 4.791392e+01
<STATE> 4
<MEAN> 6
 4.065708e+02 7.146688e+00 4.238403e+00 2.498435e+00 1.811821e+00 6.946816e-01
<VARIANCE> 6
 3.339893e+03 1.006341e+02 1.423217e+01 8.705602e+00 2.004090e+00 4.242462e-01
<GCONST> 2.840967e+01
<TRANSP> 5
 0.000000e+00 1.000000e+00 0.000000e+00 0.000000e+00 0.000000e+00
 0.000000e+00 4.925139e-01 5.074861e-01 0.000000e+00 0.000000e+00
 0.000000e+00 0.000000e+00 4.577942e-01 5.422059e-01 0.000000e+00
 0.000000e+00 0.000000e+00 0.000000e+00 7.788429e-01 2.211571e-01
 0.000000e+00 0.000000e+00 0.000000e+00 0.000000e+00 0.000000e+00
<ENDHMM>
~h "fp_screen_2"
<BEGINHMM>
<NUMSTATES> 5
<STATE> 2
<MEAN> 6
 3.612826e+02 1.206737e+01 1.005218e+01 3.960130e+00 4.482987e+00 1.029490e+00
<VARIANCE> 6
 8.639084e+03 2.294850e+02 2.000528e+02 2.364473e+01 1.678094e+01 8.001136e-01
<GCONST> 3.658612e+01
<STATE> 3
<MEAN> 6
 6.210411e+02 9.056988e+01 3.913406e+01 2.151607e+01 1.900802e+01 9.444010e+00
<VARIANCE> 6
 4.181904e+04 6.067917e+03 2.428961e+03 1.770203e+02 2.223656e+02 4.725853e+01
<GCONST> 5.261058e+01
<STATE> 4
<MEAN> 6
 4.238632e+02 3.175723e+01 2.955232e+01 1.121115e+01 9.559185e+00 4.288834e+00
<VARIANCE> 6
 2.393481e+04 1.792841e+03 1.966730e+03 1.223109e+02 9.574069e+01 2.228405e+01
<GCONST> 4.865812e+01
<TRANSP> 5
 0.000000e+00 1.000000e+00 0.000000e+00 0.000000e+00 0.000000e+00
 0.000000e+00 3.956098e-01 6.043903e-01 0.000000e+00 0.000000e+00
 0.000000e+00 0.000000e+00 6.489070e-01 3.510930e-01 0.000000e+00
 0.000000e+00 0.000000e+00 0.000000e+00 5.535867e-02 9.446414e-01
 0.000000e+00 0.000000e+00 0.000000e+00 0.000000e+00 0.000000e+00
<ENDHMM>
~h "fp_screen_3"
<BEGINHMM>
<NUMSTATES> 5
<STATE> 2
<MEAN> 6
 4.376648e+02 3.238069e+01 1.658088e+01 1.087116e+01 7.500425e+00 4.219594e+00
<VARIANCE> 6
 3.208758e+04 1.937039e+03 6.345046e+02 1.307837e+02 6.370782e+01 1.932405e+01
<GCONST> 4.741445e+01
<STATE> 3
<MEAN> 6
 5.153524e+02 9.976930e+01 3.454010e+01 1.897103e+01 1.676220e+01 9.167040e+00
<VARIANCE> 6
 2.651304e+04 8.865523e+03 1.959268e+03 1.685035e+02 2.267472e+02 6.183534e+01
<GCONST> 5.255817e+01
<STATE> 4
<MEAN> 6
 3.727465e+02 8.998928e+00 4.142461e+00 2.376405e+00 1.901416e+00 9.374987e-01
<VARIANCE> 6
 3.455806e+03 1.208608e+02 1.293250e+01 4.874912e+00 1.721979e+00 1.054952e+00
<GCONST> 2.871053e+01
<TRANSP> 5
 0.000000e+00 1.000000e+00 0.000000e+00 0.000000e+00 0.000000e+00
 0.000000e+00 5.745479e-02 9.425452e-01 0.000000e+00 0.000000e+00
 0.000000e+00 0.000000e+00 5.016513e-01 4.983487e-01 0.000000e+00
 0.000000e+00 0.000000e+00 0.000000e+00 8.615823e-01 1.384177e-01
 0.000000e+00 0.000000e+00 0.000000e+00 0.000000e+00 0.000000e+00
<ENDHMM>
~h "fp_screen_4"
<BEGINHMM>
<NUMSTATES> 5
<STATE> 2
<MEAN> 6
 3.524939e+02 1.751205e+01 8.999782e+00 6.001332e+00 3.288526e+00 1.705438e+00
<VARIANCE> 6
 7.544505e+03 4.528525e+02 7.680856e+01 2.748284e+01 4.738166e+00 2.614853e+00
<GCONST> 3.624314e+01
<STATE> 3
<MEAN> 6
 3.908644e+02 1.777145e+01 2.428353e+01 6.288664e+00 5.861677e+00 2.369713e+00
<VARIANCE> 6
 2.959345e+04 1.113937e+03 1.591599e+03 5.810152e+01 4.878993e+01 6.851939e+00
<GCONST> 4.558496e+01
<STATE> 4
<MEAN> 6
 3.075993e+02 5.143576e+00 7.943923e+00 2.244680e+00 2.287373e+00 7.978578e-01
<VARIANCE> 6
 9.394635e+03 2.037749e+01 7.906099e+01 2.034072e+00 3.193836e+00 3.881584e-01
<GCONST> 2.848473e+01
<TRANSP> 5
 0.000000e+00 1.000000e+00 0.000000e+00 0.000000e+00 0.000000e+00
 0.000000e+00 4.510081e-01 5.489920e-01 0.000000e+00 0.000000e+00
 0.000000e+00 0.000000e+00 1.521820e-01 8.478180e-01 0.000000e+00
 0.000000e+00 0.000000e+00 0.000000e+00 8.652849e-01 1.347151e-01
 0.000000e+00 0.000000e+00 0.000000e+00 0.000000e+00 0.000000e+00
<ENDHMM>
~h "fp_screen_5"
<BEGINHMM>
<NUMSTATES> 5
<STATE> 2
<MEAN> 6
 3.033453e+02 1.223748e+01 2.806763e+01 4.552020e+00 9.172810e+00 1.984312e+00
<VARIANCE> 6
 1.267779e+04 1.779330e+02 8.938447e+02 1.071621e+01 4.002116e+01 2.082003e+00
<GCONST> 3.924630e+01
<STATE> 3
<MEAN> 6
 2.957866e+02 3.490223e+00 1.524649e+01 1.776027e+00 3.445553e+00 6.885142e-01
<VARIANCE> 6
 1.078028e+04 6.399186e+00 5.005036e+02 7.661257e-01 1.421995e+01 2.528549e-01
<GCONST> 2.939782e+01
<STATE> 4
<MEAN> 6
 5.064681e+02 2.158227e+00 2.991102e+00 8.806196e-01 7.242664e-01 2.883074e-01
<VARIANCE> 6
 1.455008e+04 2.999696e+00 4.443506e+00 3.695087e-01 3.000986e-01 2.452333e-02
<GCONST> 1.729521e+01
<TRANSP> 5
 0.000000e+00 1.000000e+00 0.000000e+00 0.000000e+00 0.000000e+00
 0.000000e+00 2.213669e-01 7.786331e-01 0.000000e+00 0.000000e+00
 0.000000e+00 0.000000e+00 7.230493e-01 2.769507e-01 0.000000e+00
 0.000000e+00 0.000000e+00 0.000000e+00 8.694717e-01 1.305283e-01
 0.000000e+00 0.000000e+00 0.000000e+00 0.000000e+00 0.000000e+00
<ENDHMM>
~h "bg_white_0_0"
<BEGINHMM>
<NUMSTATES> 5
<STATE> 2
<MEAN> 6
 7.849126e+02 2.005155e+00 2.225032e+00 1.066093e+00 1.280285e+00 7.547873e-01
<VARIANCE> 6
 1.551053e+03 5.486485e+00 2.504008e+01 1.834989e+00 9.064842e+00 1.708941e+00
<GCONST> 2.664403e+01
<STATE> 3
<MEAN> 6
 7.066663e+02 4.049732e+01 2.869032e+01 1.643961e+01 2.235588e+01 1.527472e+01
<VARIANCE> 6
 4.551250e+03 1.442623e+03 7.329806e+02 1.400543e+02 2.632373e+02 1.473196e+02
<GCONST> 4.882944e+01
<STATE> 4
<MEAN> 6
 7.522765e+02 2.512935e+01 9.759275e+00 1.136303e+01 1.102723e+01 8.575910e+00
<VARIANCE> 6
 2.490451e+03 7.375386e+02 1.158765e+02 8.578999e+01 1.024418e+02 4.843341e+01
<GCONST> 4.316471e+01
<TRANSP> 5
 0.000000e+00 1.000000e+00 0.000000e+00 0.000000e+00 0.000000e+00
 0.000000e+00 8.133828e-01 1.866172e-01 0.000000e+00 0.000000e+00
 0.000000e+00 0.000000e+00 5.005733e-01 4.994268e-01 0.000000e+00
 0.000000e+00 0.000000e+00 0.000000e+00 3.371931e-01 6.628069e-01
 0.000000e+00 0.000000e+00 0.000000e+00 0.000000e+00 0.000000e+00
<ENDHMM>
~h "bg_white_0_1"
<BEGINHMM>
<NUMSTATES> 5
<STATE> 2
<MEAN> 6
 7.408276e+02 4.743797e+01 1.714217e+01 1.473636e+01 1.497034e+01 1.045829e+01
<VARIANCE> 6
 1.832076e+03 1.140611e+03 2.671958e+02 6.578231e+01 1.006993e+02 4.149105e+01
<GCONST> 4.369174e+01
<STATE> 3
<MEAN> 6
 6.806732e+02 6.140887e+01 2.664429e+01 2.324147e+01 2.849312e+01 2.145956e+01
<VARIANCE> 6
 4.206701e+03 2.041754e+03 6.636797e+02 1.877631e+02 3.153492e+02 2.085118e+02
<GCONST> 4.981992e+01
<STATE> 4
<MEAN> 6
 7.773840e+02 1.085304e+01 5.021451e+00 6.226144e+00 5.541512e+00 4.999827e+00
<VARIANCE> 6
 1.913219e+03 2.155028e+02 3.963951e+01 3.363679e+01 3.664314e+01 1.706044e+01
<GCONST> 3.759021e+01
<TRANSP> 5
 0.000000e+00 1.000000e+00 0.000000e+00 0.000000e+00 0.000000e+00
 0.000000e+00 7.289675e-01 2.710325e-01 0.000000e+00 0.000000e+00
 0.000000e+00 0.000000e+00 6.772873e-01 3.227127e-01 0.000000e+00
 0.000000e+00 0.000000e+00 0.000000e+00 5.871498e-01 4.128502e-01
 0.000000e+00 0.000000e+00 0.000000e+00 0.000000e+00 0.000000e+00
<ENDHMM>
~h "bg_white_0_2"
<BEGINHMM>
<NUMSTATES> 5
<STATE> 2
<MEAN> 6
 7.415487e+02 2.598042e+01 1.395966e+01 1.157283e+01 1.309092e+01 8.877879e+00
<VARIANCE> 6
 3.306156e+03 6.646812e+02 2.514418e+02 8.406073e+01 1.582158e+02 6.151218e+01
<GCONST> 4.477206e+01
<STATE> 3
<MEAN> 6
 6.990248e+02 4.978899e+01 2.609517e+01 1.999606e+01 2.289204e+01 1.687593e+01
<VARIANCE> 6
 3.329261e+03 1.354064e+03 5.757232e+02 1.476839e+02 2.202188e+02 1.353039e+02
<GCONST> 4.800148e+01
<STATE> 4
<MEAN> 6
 7.713123e+02 1.322553e+01 6.228267e+00 7.310356e+00 6.344413e+00 5.339219e+00
<VARIANCE> 6
 2.068104e+03 3.665132e+02 6.230322e+01 5.539556e+01 4.136560e+01 1.963471e+01
<GCONST> 3.941195e+01
<TRANSP> 5
 0.000000e+00 1.000000e+00 0.000000e+00 0.000000e+00 0.000000e+00
 0.000000e+00 1.817126e-01 8.182874e-01 0.000000e+00 0.000000e+00
 0.000000e+00 0.000000e+00 6.675754e-01 3.324246e-01 0.000000e+00
 0.000000e+00 0.000000e+00 0.000000e+00 5.676186e-01 4.323814e-01
 0.000000e+00 0.000000e+00 0.000000e+00 0.000000e+00 0.000000e+00
<ENDHMM>
~h "bg_white_0_3"
<BEGINHMM>
<NUMSTATES> 5
<STATE> 2
<MEAN> 6
 7.375352e+02 3.678112e+01 1.545605e+01 1.360264e+01 1.420792e+01 9.752244e+00
<VARIANCE> 6
 3.004299e+03 1.000720e+03 2.384633e+02 7.820165e+01 1.132813e+02 4.838985e+01
<GCONST> 4.438621e+01
<STATE> 3
<MEAN> 6
 6.718224e+02 5.506848e+01 2.606279e+01 2.291908e+01 2.586803e+01 1.901948e+01
<VARIANCE> 6
 8.700661e+03 2.712841e+03 6.451481e+02 2.098572e+02 3.342167e+02 2.070493e+02
<GCONST> 5.096482e+01
<STATE> 4
<MEAN> 6
 7.669467e+02 9.561430e+00 5.331335e+00 5.493813e+00 4.626890e+00 3.963593e+00
<VARIANCE> 6
 3.488114e+03 1.936424e+02 7.360249e+01 3.984600e+01 2.864686e+01 1.523298e+01
<GCONST> 3.851260e+01
<TRANSP> 5
 0.000000e+00 1.000000e+00 0.000000e+00 0.000000e+00 0.000000e+00
 0.000000e+00 4.925641e-01 5.074360e-01 0.000000e+00 0.000000e+00
 0.000000e+00 0.000000e+00 6.086315e-01 3.913685e-01 0.000000e+00
 0.000000e+00 0.000000e+00 0.000000e+00 5.779344e-01 4.220656e-01
 0.000000e+00 0.000000e+00 0.000000e+00 0.000000e+00 0.000000e+00
<ENDHMM>
~h "bg_white_0_4"
<BEGINHMM>
<NUMSTATES> 5
<STATE> 2
<MEAN> 6
 7.316594e+02 2.431468e+01 1.373396e+01 1.031539e+01 1.123947e+01 7.223389e+00
<VARIANCE> 6
 1.254927e+04 6.612733e+02 3.260431e+02 8.069626e+01 1.320141e+02 4.357383e+01
<GCONST> 4.579393e+01
<STATE> 3
<MEAN> 6
 7.024861e+02 5.195801e+01 2.302193e+01 1.775634e+01 2.146732e+01 1.538403e+01
<VARIANCE> 6
 4.685809e+03 1.472291e+03 4.405335e+02 1.043861e+02 2.347666e+02 1.218378e+02
<GCONST> 4.777150e+01
<STATE> 4
<MEAN> 6
 7.888527e+02 2.602564e+00 1.667714e+00 1.499865e+00 1.337147e+00 1.216464e+00
<VARIANCE> 6
 1.773679e+03 2.196637e+01 7.642665e+00 6.076212e+00 6.915774e+00 4.366473e+00
<GCONST> 2.884348e+01
<TRANSP> 5
 0.000000e+00 1.000000e+00 0.000000e+00 0.000000e+00 0.000000e+00
 0.000000e+00 1.102988e-01 8.897012e-01 0.000000e+00 0.000000e+00
 0.000000e+00 0.000000e+00 7.295128e-01 2.704872e-01 0.000000e+00
 0.000000e+00 0.000000e+00 0.000000e+00 9.005738e-01 9.942618e-02
 0.000000e+00 0.000000e+00 0.000000e+00 0.000000e+00 0.000000e+00
<ENDHMM>
~h "bg_white_0_5"
<BEGINHMM>
<NUMSTATES> 5
<STATE> 2
<MEAN> 6
 7.543207e+02 1.158411e+01 6.486075e+00 5.647937e+00 6.346857e+00 4.093756e+00
<VARIANCE> 6
 6.583178e+03 3.796169e+02 1.117835e+02 6.349724e+01 9.560305e+01 3.464226e+01
<GCONST> 4.273154e+01
<STATE> 3
<MEAN> 6
 6.252191e+02 6.030024e+01 3.953128e+01 2.062424e+01 2.291544e+01 1.332008e+01
<VARIANCE> 6
 1.997263e+04 5.203562e+03 3.318498e+03 3.470252e+02 3.896957e+02 1.945262e+02
<GCONST> 5.467908e+01
<STATE> 4
<MEAN> 6
 5.395444e+02 5.467311e+00 7.327027e+00 2.196807e+00 2.996264e+00 1.569902e+00
<VARIANCE> 6
 6.122636e+04 1.963831e+02 6.432058e+02 2.503127e+01 4.988964e+01 1.752717e+01
<GCONST> 4.378982e+01
<TRANSP> 5
 0.000000e+00 1.000000e+00 0.000000e+00 0.000000e+00 0.000000e+00
 0.000000e+00 2.615632e-01 7.384368e-01 0.000000e+00 0.000000e+00
 0.000000e+00 0.000000e+00 5.929558e-01 4.070443e-01 0.000000e+00
 0.000000e+00 0.000000e+00 0.000000e+00 7.131577e-01 2.868423e-01
 0.000000e+00 0.000000e+00 0.000000e+00 0.000000e+00 0.000000e+00
<ENDHMM>
~h "bg_dark_0"
<BEGINHMM>
<NUMSTATES> 5
<STATE> 2
<MEAN> 6
 1.664206e+02 1.206099e+01 9.441185e+00 3.071211e+00 2.603319e+00 1.192927e+00
<VARIANCE> 6
 4.443343e+03 8.146436e+02 7.097661e+01 1.313771e+01 2.400405e+00 9.534858e-01
<GCONST> 3.379502e+01
<STATE> 3
<MEAN> 6
 1.240309e+02 4.260086e+01 1.206378e+01 9.453667e+00 3.584455e+00 1.843500e+00
<VARIANCE> 6
 4.916186e+03 3.111634e+03 1.095772e+02 1.903376e+02 4.376660e+00 2.765084e+00
<GCONST> 4.000924e+01
<STATE> 4
<MEAN> 6
 8.609995e+01 9.247127e+00 6.593909e+00 1.941477e+00 1.490926e+00 4.462816e-01
<VARIANCE> 6
 2.988254e+03 6.903270e+01 4.605632e+01 1.256879e+00 1.124147e+00 1.020314e-01
<GCONST> 2.515734e+01
<TRANSP> 5
 0.000000e+00 1.000000e+00 0.000000e+00 0.000000e+00 0.000000e+00
 0.000000e+00 7.292720e-01 2.707280e-01 0.000000e+00 0.000000e+00
 0.000000e+00 0.000000e+00 5.536676e-01 4.463324e-01 0.000000e+00
 0.000000e+00 0.000000e+00 0.000000e+00 7.724612e-01 2.275388e-01
 0.000000e+00 0.000000e+00 0.000000e+00 0.000000e+00 0.000000e+00
<ENDHMM>
~h "bg_dark_0_0"
<BEGINHMM>
<NUMSTATES> 5
<STATE> 2
<MEAN> 6
 1.273524e+02 1.981946e+01 9.319530e+00 4.473733e+00 3.360224e+00 1.403254e+00
<VARIANCE> 6
 4.055504e+03 5.311704e+02 4.850982e+01 1.039079e+01 3.274328e+00 1.375417e+00
<GCONST> 3.333773e+01
<STATE> 3
<MEAN> 6
 1.597256e+02 1.758481e+01 1.966735e+01 4.365029e+00 4.380559e+00 1.508138e+00
<VARIANCE> 6
 4.351490e+03 2.725769e+02 2.174771e+02 7.369358e+00 9.331779e+00 1.323619e+00
<GCONST> 3.490668e+01
<STATE> 4
<MEAN> 6
 1.736617e+02 9.276105e+00 9.458530e+00 2.086997e+00 2.289258e+00 6.330860e-01
<VARIANCE> 6
 6.478695e+03 7.380101e+01 9.487750e+01 1.587744e+00 1.673242e+00 1.906651e-01
<GCONST> 2.797734e+01
<TRANSP> 5
 0.000000e+00 1.000000e+00 0.000000e+00 0.000000e+00 0.000000e+00
 0.000000e+00 4.310020e-01 5.689980e-01 0.000000e+00 0.000000e+00
 0.000000e+00 0.000000e+00 1.150202e-01 8.849798e-01 0.000000e+00
 0.000000e+00 0.000000e+00 0.000000e+00 7.337684e-01 2.662316e-01
 0.000000e+00 0.000000e+00 0.000000e+00 0.000000e+00 0.000000e+00
<ENDHMM>
~h "bg_dark_0_1"
<BEGINHMM>
<NUMSTATES> 5
<STATE> 2
<MEAN> 6
 1.352285e+02 2.124249e+01 8.394657e+00 3.681068e+00 1.928590e+00 8.671641e-01
<VARIANCE> 6
 3.949284e+03 3.487133e+02 4.566945e+01 4.413894e+00 1.601625e+00 4.447156e-01
<GCONST> 3.012969e+01
<STATE> 3
<MEAN> 6
 1.457861e+02 1.396596e+01 2.295086e+01 2.545206e+00 4.352920e+00 1.235197e+00
<VARIANCE> 6
 5.092366e+03 1.101449e+02 5.961119e+02 1.938994e+00 9.913713e+00 9.911410e-01
<GCONST> 3.360218e+01
<STATE> 4
<MEAN> 6
 1.972361e+02 6.850351e+00 8.143638e+00 1.678775e+00 1.872759e+00 5.739855e-01
<VARIANCE> 6
 8.517729e+03 3.130083e+01 7.528896e+01 1.261635e+00 1.636726e+00 2.067663e-01
<GCONST> 2.699109e+01
<TRANSP> 5
 0.000000e+00 1.000000e+00 0.000000e+00 0.000000e+00 0.000000e+00
 0.000000e+00 4.688820e-01 5.311180e-01 0.000000e+00 0.000000e+00
 0.000000e+00 0.000000e+00 3.169604e-03 9.968303e-01 0.000000e+00
 0.000000e+00 0.000000e+00 0.000000e+00 8.153723e-01 1.846277e-01
 0.000000e+00 0.000000e+00 0.000000e+00 0.000000e+00 0.000000e+00
<ENDHMM>
~h "bg_dark_0_2"
<BEGINHMM>
<NUMSTATES> 5
<STATE> 2
<MEAN> 6
 1.775273e+02 8.926447e+00 1.062950e+01 2.968414e+00 3.240005e+00 1.475531e+00
<VARIANCE> 6
 6.140638e+03 5.433322e+01 1.091066e+02 2.626417e+00 4.435098e+00 1.886925e+00
<GCONST> 3.152753e+01
<STATE> 3
<MEAN> 6
 1.497648e+02 2.242785e+01 1.765348e+01 5.499733e+00 4.158724e+00 2.498655e+00
<VARIANCE> 6
 3.125415e+03 2.909581e+02 2.566327e+02 1.048255e+01 7.194630e+00 4.172990e+00
<GCONST> 3.604709e+01
<STATE> 4
<MEAN> 6
 1.005969e+02 9.210568e+00 6.580259e+00 2.002620e+00 1.703104e+00 5.235300e-01
<VARIANCE> 6
 5.185214e+03 8.557158e+01 4.199033e+01 1.540648e+00 1.405227e+00 1.528985e-01
<GCONST> 2.666204e+01
<TRANSP> 5
 0.000000e+00 1.000000e+00 0.000000e+00 0.000000e+00 0.000000e+00
 0.000000e+00 5.567731e-01 4.432270e-01 0.000000e+00 0.000000e+00
 0.000000e+00 0.000000e+00 7.143548e-01 2.856452e-01 0.000000e+00
 0.000000e+00 0.000000e+00 0.000000e+00 7.591437e-01 2.408563e-01
 0.000000e+00 0.000000e+00 0.000000e+00 0.000000e+00 0.000000e+00
<ENDHMM>
~h "bg_dark_0_3"
<BEGINHMM>
<NUMSTATES> 5
<STATE> 2
<MEAN> 6
 8.631391e+01 7.989703e+00 7.578647e+00 2.753867e+00 2.450711e+00 1.069247e+00
<VARIANCE> 6
 1.788491e+03 6.472498e+01 4.216690e+01 2.462157e+00 2.066667e+00 6.700550e-01
<GCONST> 2.765475e+01
<STATE> 3
<MEAN> 6
 2.047324e+02 2.177217e+01 1.541926e+01 5.988619e+00 5.632736e+00 2.542001e+00
<VARIANCE> 6
 1.251776e+04 3.825757e+02 1.907861e+02 1.725279e+01 1.586723e+01 5.158199e+00
<GCONST> 3.891306e+01
<STATE> 4
<MEAN> 6
 1.631115e+02 1.396903e+01 1.244457e+01 2.892073e+00 3.109688e+00 1.407870e+00
<VARIANCE> 6
 7.583211e+03 1.348765e+02 8.350253e+01 2.095699e+00 4.728929e+00 8.462670e-01
<GCONST> 3.141686e+01
<TRANSP> 5
 0.000000e+00 1.000000e+00 0.000000e+00 0.000000e+00 0.000000e+00
 0.000000e+00 7.237557e-01 2.762443e-01 0.000000e+00 0.000000e+00
 0.000000e+00 0.000000e+00 6.713545e-01 3.286456e-01 0.000000e+00
 0.000000e+00 0.000000e+00 0.000000e+00 5.620846e-01 4.379155e-01
 0.000000e+00 0.000000e+00 0.000000e+00 0.000000e+00 0.000000e+00
<ENDHMM>
~h "bg_dark_0_4"
<BEGINHMM>
<NUMSTATES> 5
<STATE> 2
<MEAN> 6
 1.323825e+02 1.473256e+01 1.205384e+01 2.931499e+00 2.370265e+00 1.279084e+00
<VARIANCE> 6
 6.354165e+03 1.642690e+02 9.649332e+01 2.349545e+00 2.335496e+00 7.802518e-01
<GCONST> 3.090941e+01
<STATE> 3
<MEAN> 6
 1.173869e+02 2.015895e+01 2.092585e+01 4.679316e+00 4.053302e+00 2.742882e+00
<VARIANCE> 6
 2.464478e+03 1.678623e+02 2.333191e+02 8.098024e+00 6.883749e+00 6.292731e+00
<GCONST> 3.527272e+01
<STATE> 4
<MEAN> 6
 6.132983e+01 4.970925e+00 5.669546e+00 1.226332e+00 1.500483e+00 4.076299e-01
<VARIANCE> 6
 6.937784e+02 2.928515e+01 2.927897e+01 6.001087e-01 1.270842e+00 6.176361e-02
<GCONST> 2.126796e+01
<TRANSP> 5
 0.000000e+00 1.000000e+00 0.000000e+00 0.000000e+00 0.000000e+00
 0.000000e+00 6.165974e-01 3.834026e-01 0.000000e+00 0.000000e+00
 0.000000e+00 0.000000e+00 5.444287e-01 4.555713e-01 0.000000e+00
 0.000000e+00 0.000000e+00 0.000000e+00 8.510448e-01 1.489552e-01
 0.000000e+00 0.000000e+00 0.000000e+00 0.000000e+00 0.000000e+00
<ENDHMM>
~h "bg_dark_0_5"
<BEGINHMM>
<NUMSTATES> 5
<STATE> 2
<MEAN> 6
 1.344836e+02 1.267010e+01 1.180617e+01 2.161162e+00 2.445676e+00 5.488247e-01
<VARIANCE> 6
 4.107326e+03 1.794152e+02 1.218750e+02 1.679873e+00 1.961663e+00 1.631857e-01
<GCONST> 2.872013e+01
<STATE> 3
<MEAN> 6
 9.454681e+01 1.330901e+01 1.789582e+01 3.553311e+00 4.388433e+00 1.711420e+00
<VARIANCE> 6
 1.918689e+03 1.226320e+02 1.490237e+02 1.000652e+01 8.301951e+00 3.049513e+00
<GCONST> 3.393466e+01
<STATE> 4
<MEAN> 6
 6.094007e+01 6.051977e+00 3.879308e+00 1.383824e+00 1.154608e+00 3.337839e-01
<VARIANCE> 6
 7.738877e+02 5.600316e+01 1.214708e+01 1.000831e+00 6.983255e-01 3.494706e-02
<GCONST> 2.048903e+01
<TRANSP> 5
 0.000000e+00 1.000000e+00 0.000000e+00 0.000000e+00 0.000000e+00
 0.000000e+00 8.079749e-01 1.920251e-01 0.000000e+00 0.000000e+00
 0.000000e+00 0.000000e+00 4.895156e-01 5.104844e-01 0.000000e+00
 0.000000e+00 0.000000e+00 0.000000e+00 8.608474e-01 1.391526e-01
 0.000000e+00 0.000000e+00 0.000000e+00 0.000000e+00 0.000000e+00
<ENDHMM>
~h "bg_red_0"
<BEGINHMM>
<NUMSTATES> 5
<STATE> 2
<MEAN> 6
 3.745736e+02 8.625326e+00 3.549351e+00 6.542877e+00 3.493556e+00 5.098767e+00
<VARIANCE> 6
 5.808614e+03 3.929049e+02 2.680532e+01 7.120570e+01 3.724177e+00 8.983139e+00
<GCONST> 3.673230e+01
<STATE> 3
<MEAN> 6
 4.632531e+02 5.261754e+01 3.059026e+00 1.776945e+01 1.922578e+00 2.220598e+00
<VARIANCE> 6
 2.010883e+04 2.748424e+03 7.251108e+00 1.905212e+02 1.328088e+00 5.777226e+00
<GCONST> 3.812354e+01
<STATE> 4
<MEAN> 6
 3.486437e+02 3.146920e+00 2.102190e+00 1.529006e+00 1.133295e+00 4.158235e-01
<VARIANCE> 6
 2.695592e+03 3.751094e+01 2.793467e+00 4.651377e+00 8.797727e-01 1.513906e-01
<GCONST> 2.309973e+01
<TRANSP> 5
 0.000000e+00 1.000000e+00 0.000000e+00 0.000000e+00 0.000000e+00
 0.000000e+00 6.577830e-01 3.422170e-01 0.000000e+00 0.000000e+00
 0.000000e+00 0.000000e+00 5.000889e-01 4.999111e-01 0.000000e+00
 0.000000e+00 0.000000e+00 0.000000e+00 8.614686e-01 1.385314e-01
 0.000000e+00 0.000000e+00 0.000000e+00 0.000000e+00 0.000000e+00
<ENDHMM>
~h "bg_board"
<BEGINHMM>
<NUMSTATES> 5
<STATE> 2
<MEAN> 6
 1.587485e+02 1.744429e+01 9.384774e+00 4.924559e+00 2.609475e+00 1.006518e+00
<VARIANCE> 6
 2.238683e+03 2.419506e+02 6.788438e+01 7.691265e+00 2.215082e+00 6.303223e-01
<GCONST> 3.082130e+01
<STATE> 3
<MEAN> 6
 2.167343e+02 2.995454e+01 1.921814e+01 9.747656e+00 5.562910e+00 2.326740e+00
<VARIANCE> 6
 4.949716e+03 7.047444e+02 3.300181e+02 4.138460e+01 1.186845e+01 3.835294e+00
<GCONST> 3.943237e+01
<STATE> 4
<MEAN> 6
 2.233621e+02 1.748696e+01 8.975390e+00 5.792743e+00 2.938760e+00 1.413656e+00
<VARIANCE> 6
 5.330499e+03 4.316293e+02 4.342831e+01 9.450919e+00 2.714042e+00 9.504195e-01
<GCONST> 3.264084e+01
<TRANSP> 5
 0.000000e+00 1.000000e+00 0.000000e+00 0.000000e+00 0.000000e+00
 0.000000e+00 8.502037e-01 1.497963e-01 0.000000e+00 0.000000e+00
 0.000000e+00 0.000000e+00 4.429775e-01 5.570226e-01 0.000000e+00
 0.000000e+00 0.000000e+00 0.000000e+00 4.011101e-01 5.988899e-01
 0.000000e+00 0.000000e+00 0.000000e+00 0.000000e+00 0.000000e+00
<ENDHMM>
~h "fp_key_0"
<BEGINHMM>
<NUMSTATES> 5
<STATE> 2
<MEAN> 6
 1.694911e+02 2.272961e+01 9.241442e+00 5.051268e+00 2.547570e+00 8.308603e-01
<VARIANCE> 6
 8.222792e+03 5.848435e+02 4.862635e+02 2.425150e+01 2.126174e+01 9.706608e-01
<GCONST> 3.881563e+01
<STATE> 3
<MEAN> 6
 3.144890e+02 6.428983e+01 4.537355e+01 1.463264e+01 1.411961e+01 4.671846e+00
<VARIANCE> 6
 3.026333e+04 4.143671e+03 3.954300e+03 1.817884e+02 2.408419e+02 2.337917e+01
<GCONST> 5.179568e+01
<STATE> 4
<MEAN> 6
 3.670045e+02 1.020933e+02 8.200616e+00 1.380756e+01 3.018144e+00 1.720287e+00
<VARIANCE> 6
 4.193003e+04 6.202870e+03 1.399365e+02 1.166819e+02 1.789897e+01 2.662456e+00
<GCONST> 4.396842e+01
<TRANSP> 5
 0.000000e+00 1.000000e+00 0.000000e+00 0.000000e+00 0.000000e+00
 0.000000e+00 5.541152e-01 4.458848e-01 0.000000e+00 0.000000e+00
 0.000000e+00 0.000000e+00 3.182980e-01 6.817020e-01 0.000000e+00
 0.000000e+00 0.000000e+00 0.000000e+00 4.966933e-01 5.033067e-01
 0.000000e+00 0.000000e+00 0.000000e+00 0.000000e+00 0.000000e+00
<ENDHMM>
~h "fp_key_1"
<BEGINHMM>
<NUMSTATES> 5
<STATE> 2
<MEAN> 6
 1.929099e+02 1.697475e+01 4.832996e+00 4.434825e+00 2.315239e+00 1.361797e+00
<VARIANCE> 6
 1.521390e+04 1.093306e+03 4.795783e+01 3.149127e+01 5.315313e+00 1.896998e+00
<GCONST> 3.728509e+01
<STATE> 3
<MEAN> 6
 3.836166e+02 7.566237e+01 6.876781e+01 2.360670e+01 2.455136e+01 9.439855e+00
<VARIANCE> 6
 2.704678e+04 4.418388e+03 4.815609e+03 3.578923e+02 3.890465e+02 6.418035e+01
<GCONST> 5.411137e+01
<STATE> 4
<MEAN> 6
 3.939048e+02 9.614588e+01 9.157587e+00 1.799832e+01 3.628718e+00 1.989098e+00
<VARIANCE> 6
 3.852732e+04 6.348915e+03 1.565323e+02 1.761735e+02 2.417551e+01 4.801919e+00
<GCONST> 4.532151e+01
<TRANSP> 5
 0.000000e+00 1.000000e+00 0.000000e+00 0.000000e+00 0.000000e+00
 0.000000e+00 6.490834e-01 3.509165e-01 0.000000e+00 0.000000e+00
 0.000000e+00 0.000000e+00 5.729209e-01 4.270791e-01 0.000000e+00
 0.000000e+00 0.000000e+00 0.000000e+00 5.353163e-01 4.646837e-01
 0.000000e+00 0.000000e+00 0.000000e+00 0.000000e+00 0.000000e+00
<ENDHMM>
~h "fp_key_2"
<BEGINHMM>
<NUMSTATES> 5
<STATE> 2
<MEAN> 6
 2.255986e+02 1.868245e+01 5.637070e+00 5.848025e+00 2.652292e+00 1.481916e+00
<VARIANCE> 6
 1.764909e+04 1.105815e+03 7.973564e+01 5.731876e+01 1.136981e+01 4.145413e+00
<GCONST> 4.009435e+01
<STATE> 3
<MEAN> 6
 4.596984e+02 8.631765e+01 6.944751e+01 2.897505e+01 2.588944e+01 1.037554e+01
<VARIANCE> 6
 4.249587e+04 5.529911e+03 5.036549e+03 4.593209e+02 4.460581e+02 7.669865e+01
<GCONST> 5.539691e+01
<STATE> 4
<MEAN> 6
 3.705764e+02 6.960682e+01 2.798338e+01 1.516668e+01 8.370647e+00 3.675520e+00
<VARIANCE> 6
 3.770556e+04 5.287772e+03 1.882889e+03 1.787381e+02 9.561768e+01 1.281164e+01
<GCONST> 4.997517e+01
<TRANSP> 5
 0.000000e+00 1.000000e+00 0.000000e+00 0.000000e+00 0.000000e+00
 0.000000e+00 6.410183e-01 3.589816e-01 0.000000e+00 0.000000e+00
 0.000000e+00 0.000000e+00 4.660341e-01 5.339659e-01 0.000000e+00
 0.000000e+00 0.000000e+00 0.000000e+00 1.486958e-01 8.513042e-01
 0.000000e+00 0.000000e+00 0.000000e+00 0.000000e+00 0.000000e+00
<ENDHMM>
~h "fp_key_3"
<BEGINHMM>
<NUMSTATES> 5
<STATE> 2
<MEAN> 6
 4.032351e+02 7.775646e+01 1.595667e+01 1.708965e+01 5.613480e+00 2.668755e+00
<VARIANCE> 6
 3.218587e+04 4.083198e+03 4.519050e+02 1.706052e+02 5.976610e+01 9.500943e+00
<GCONST> 4.731584e+01
<STATE> 3
<MEAN> 6
 4.122628e+02 5.050967e+01 5.814651e+01 1.477017e+01 1.842114e+01 5.819749e+00
<VARIANCE> 6
 4.470990e+04 2.990756e+03 4.875966e+03 1.640890e+02 3.172744e+02 2.423402e+01
<GCONST> 5.227850e+01
<STATE> 4
<MEAN> 6
 2.784370e+02 1.401618e+01 4.940715e+00 4.092626e+00 2.205026e+00 1.210647e+00
<VARIANCE> 6
 1.928407e+04 7.233758e+02 2.517886e+01 3.564502e+01 5.127708e+00 1.931580e+00
<GCONST> 3.657084e+01
<TRANSP> 5
 0.000000e+00 1.000000e+00 0.000000e+00 0.000000e+00 0.000000e+00
 0.000000e+00 3.596033e-01 6.403967e-01 0.000000e+00 0.000000e+00
 0.000000e+00 0.000000e+00 4.199659e-01 5.800341e-01 0.000000e+00
 0.000000e+00 0.000000e+00 0.000000e+00 7.283916e-01 2.716084e-01
 0.000000e+00 0.000000e+00 0.000000e+00 0.000000e+00 0.000000e+00
<ENDHMM>
~h "fp_key_4"
<BEGINHMM>
<NUMSTATES> 5
<STATE> 2
<MEAN> 6
 5.309048e+02 7.722749e+01 7.889428e+00 1.488577e+01 2.767292e+00 1.503732e+00
<VARIANCE> 6
 4.571689e+04 3.400433e+03 4.733361e+01 8.662990e+01 7.635032e+00 2.290378e+00
<GCONST> 4.106947e+01
<STATE> 3
<MEAN> 6
 5.377422e+02 8.727020e+01 6.098204e+01 2.166876e+01 1.975570e+01 9.136531e+00
<VARIANCE> 6
 4.106498e+04 4.233956e+03 3.415634e+03 2.073384e+02 1.948431e+02 4.713161e+01
<GCONST> 5.259667e+01
<STATE> 4
<MEAN> 6
 3.271337e+02 1.672724e+01 9.639855e+00 4.247684e+00 2.742221e+00 1.451689e+00
<VARIANCE> 6
 1.143888e+04 6.368791e+02 1.694928e+02 2.144127e+01 8.480983e+00 2.340443e+00
<GCONST> 3.801491e+01
<TRANSP> 5
 0.000000e+00 1.000000e+00 0.000000e+00 0.000000e+00 0.000000e+00
 0.000000e+00 6.857821e-01 3.142179e-01 0.000000e+00 0.000000e+00
 0.000000e+00 0.000000e+00 5.779619e-01 4.220381e-01 0.000000e+00
 0.000000e+00 0.000000e+00 0.000000e+00 4.616536e-01 5.383465e-01
 0.000000e+00 0.000000e+00 0.000000e+00 0.000000e+00 0.000000e+00
<ENDHMM>
~h "fp_key_5"
<BEGINHMM>
<NUMSTATES> 5
<STATE> 2
<MEAN> 6
 3.603533e+02 1.349837e+01 1.258938e+01 3.766375e+00 2.816907e+00 1.580563e+00
<VARIANCE> 6
 1.781798e+04 4.895995e+02 3.957412e+02 2.425883e+01 1.205341e+01 4.564244e+00
<GCONST> 4.018596e+01
<STATE> 3
<MEAN> 6
 3.564445e+02 7.892066e+00 1.453319e+01 2.772108e+00 2.718053e+00 1.267736e+00
<VARIANCE> 6
 1.325825e+04 1.520236e+02 1.117356e+03 1.191772e+01 1.812322e+01 4.655343e+00
<GCONST> 3.947563e+01
<STATE> 4
<MEAN> 6
 4.104109e+02 3.353878e+00 6.511412e+00 8.898962e-01 1.366482e+00 3.272221e-01
<VARIANCE> 6
 9.423718e+03 1.720994e+01 2.104690e+02 3.489314e-01 6.766518e+00 4.294088e-02
<GCONST> 2.608425e+01
<TRANSP> 5
 0.000000e+00 1.000000e+00 0.000000e+00 0.000000e+00 0.000000e+00
 0.000000e+00 5.748164e-02 9.425184e-01 0.000000e+00 0.000000e+00
 0.000000e+00 0.000000e+00 9.797349e-08 9.999999e-01 0.000000e+00
 0.000000e+00 0.000000e+00 0.000000e+00 9.000890e-01 9.991101e-02
 0.000000e+00 0.000000e+00 0.000000e+00 0.000000e+00 0.000000e+00
<ENDHMM>
~h "bg_red_0_0"
<BEGINHMM>
<NUMSTATES> 5
<STATE> 2
<MEAN> 6
 4.534037e+02 1.468504e+01 2.856375e+00 5.547439e+00 2.422563e+00 2.695113e+00
<VARIANCE> 6
 3.630965e+04 3.628062e+02 4.337012e+00 3.334279e+01 2.496715e+00 6.557609e+00
<GCONST> 3.519060e+01
<STATE> 3
<MEAN> 6
 3.607814e+02 2.195714e+01 3.072203e+00 1.003424e+01 3.275402e+00 5.229037e+00
<VARIANCE> 6
 8.988910e+03 3.124738e+02 4.934148e+00 5.566563e+01 2.385388e+00 1.537721e+01
<GCONST> 3.509332e+01
<STATE> 4
<MEAN> 6
 3.529150e+02 3.718112e+00 2.885512e+00 4.022479e+00 2.791882e+00 4.910111e+00
<VARIANCE> 6
 5.614249e+03 2.586163e+01 4.671698e+00 6.216347e+00 2.647970e+00 8.225403e+00
<GCONST> 2.936281e+01
<TRANSP> 5
 0.000000e+00 1.000000e+00 0.000000e+00 0.000000e+00 0.000000e+00
 0.000000e+00 1.516405e-01 8.483595e-01 0.000000e+00 0.000000e+00
 0.000000e+00 0.000000e+00 4.780536e-01 5.219464e-01 0.000000e+00
 0.000000e+00 0.000000e+00 0.000000e+00 6.696388e-01 3.303613e-01
 0.000000e+00 0.000000e+00 0.000000e+00 0.000000e+00 0.000000e+00
<ENDHMM>
~h "bg_red_0_1"
<BEGINHMM>
<NUMSTATES> 5
<STATE> 2
<MEAN> 6
 3.502998e+02 4.231707e+00 2.821809e+00 4.231485e+00 3.494332e+00 5.623535e+00
<VARIANCE> 6
 2.942823e+03 1.313157e+01 4.120672e+00 6.665584e+00 3.035639e+00 1.205889e+01
<GCONST> 2.850260e+01
<STATE> 3
<MEAN> 6
 6.231359e+02 3.065346e+01 7.684687e+00 1.325830e+01 9.770082e+00 7.754309e+00
<VARIANCE> 6
 5.069422e+04 1.246516e+03 9.055985e+01 1.406287e+02 1.904378e+02 8.767990e+01
<GCONST> 4.816409e+01
<STATE> 4
<MEAN> 6
 3.379591e+02 3.130076e+00 1.893450e+00 1.354523e+00 1.151405e+00 4.682866e-01
<VARIANCE> 6
 1.240399e+03 8.117806e+00 2.260546e+00 1.036470e+00 6.821560e-01 2.292408e-01
<GCONST> 1.924046e+01
<TRANSP> 5
 0.000000e+00 1.000000e+00 0.000000e+00 0.000000e+00 0.000000e+00
 0.000000e+00 8.256747e-01 1.743253e-01 0.000000e+00 0.000000e+00
 0.000000e+00 0.000000e+00 5.703860e-01 4.296140e-01 0.000000e+00
 0.000000e+00 0.000000e+00 0.000000e+00 9.409156e-01 5.908435e-02
 0.000000e+00 0.000000e+00 0.000000e+00 0.000000e+00 0.000000e+00
<ENDHMM>
~h "bg_red_0_2"
<BEGINHMM>
<NUMSTATES> 5
<STATE> 2
<MEAN> 6
 3.289562e+02 3.071995e+00 2.058180e+00 3.163603e+00 1.964036e+00 2.993222e+00
<VARIANCE> 6
 3.324554e+03 7.906622e+00 3.224107e+00 5.671412e+00 1.160897e+00 5.526533e+00
<GCONST> 2.596890e+01
<STATE> 3
<MEAN> 6
 3.934310e+02 5.799121e+01 3.158852e+00 2.628511e+01 2.286105e+00 2.940065e+00
<VARIANCE> 6
 1.142901e+04 5.074492e+03 8.000862e+00 7.752802e+02 2.585772e+00 1.059646e+01
<GCONST> 4.094647e+01
<STATE> 4
<MEAN> 6
 3.790988e+02 2.093669e+01 2.199430e+00 5.431726e+00 1.313617e+00 1.316903e+00
<VARIANCE> 6
 1.935832e+04 3.482670e+03 7.622069e+00 1.447868e+02 1.560278e+00 5.496490e+00
<GCONST> 3.820898e+01
<TRANSP> 5
 0.000000e+00 1.000000e+00 0.000000e+00 0.000000e+00 0.000000e+00
 0.000000e+00 8.232296e-01 1.767704e-01 0.000000e+00 0.000000e+00
 0.000000e+00 0.000000e+00 4.574151e-01 5.425849e-01 0.000000e+00
 0.000000e+00 0.000000e+00 0.000000e+00 5.464070e-03 9.945359e-01
 0.000000e+00 0.000000e+00 0.000000e+00 0.000000e+00 0.000000e+00
<ENDHMM>
~h "bg_red_0_3"
<BEGINHMM>
<NUMSTATES> 5
<STATE> 2
<MEAN> 6
 3.800929e+02 2.281105e+01 1.727813e+00 5.074676e+00 1.329253e+00 6.262884e-01
<VARIANCE> 6
 1.936673e+04 3.998837e+03 5.235523e+00 1.338716e+02 1.463592e+00 9.695580e-01
<GCONST> 3.609466e+01
<STATE> 3
<MEAN> 6
 5.124267e+02 8.625495e+01 4.517669e+00 2.751117e+01 9.953912e-01 8.881474e-01
<VARIANCE> 6
 3.607998e+04 1.008592e+04 1.393770e+01 8.182332e+02 5.286984e-01 4.054425e-01
<GCONST> 3.854128e+01
<STATE> 4
<MEAN> 6
 3.795721e+02 5.923134e+00 1.653301e+00 2.873412e+00 1.342647e+00 6.808143e-01
<VARIANCE> 6
 2.190000e+04 3.375146e+01 1.441113e+00 8.763165e+00 1.102668e+00 3.376049e-01
<GCONST> 2.608835e+01
<TRANSP> 5
 0.000000e+00 1.000000e+00 0.000000e+00 0.000000e+00 0.000000e+00
 0.000000e+00 2.475606e-10 1.000000e+00 0.000000e+00 0.000000e+00
 0.000000e+00 0.000000e+00 4.374014e-01 5.625985e-01 0.000000e+00
 0.000000e+00 0.000000e+00 0.000000e+00 4.196544e-01 5.803457e-01
 0.000000e+00 0.000000e+00 0.000000e+00 0.000000e+00 0.000000e+00
<ENDHMM>
~h "bg_red_0_4"
<BEGINHMM>
<NUMSTATES> 5
<STATE> 2
<MEAN> 6
 6.492428e+02 6.291121e+00 1.220230e+00 2.733654e+00 7.063038e-01 4.868162e-01
<VARIANCE> 6
 4.493516e+04 9.248034e+01 1.247525e+00 5.812411e+00 3.898540e-01 1.400564e-01
<GCONST> 2.534070e+01
<STATE> 3
<MEAN> 6
 4.010858e+02 1.193288e+01 2.136014e+00 3.898430e+00 8.122733e-01 5.430373e-01
<VARIANCE> 6
 3.239924e+04 3.624082e+02 2.982314e+00 2.212448e+01 4.941650e-01 2.335250e-01
<GCONST> 2.933596e+01
<STATE> 4
<MEAN> 6
 3.834471e+02 1.983081e+01 1.424897e+00 6.501209e+00 6.724706e-01 8.199801e-01
<VARIANCE> 6
 2.329827e+04 4.351226e+02 3.718686e-01 4.083433e+01 1.976453e-01 2.398940e+00
<GCONST> 2.913308e+01
<TRANSP> 5
 0.000000e+00 1.000000e+00 0.000000e+00 0.000000e+00 0.000000e+00
 0.000000e+00 7.216785e-01 2.783215e-01 0.000000e+00 0.000000e+00
 0.000000e+00 0.000000e+00 1.681769e-02 9.831823e-01 0.000000e+00
 0.000000e+00 0.000000e+00 0.000000e+00 3.139401e-01 6.860599e-01
 0.000000e+00 0.000000e+00 0.000000e+00 0.000000e+00 0.000000e+00
<ENDHMM>
~h "bg_red_0_5"
<BEGINHMM>
<NUMSTATES> 5
<STATE> 2
<MEAN> 6
 4.108283e+02 6.815302e+01 2.250675e+00 1.751464e+01 7.324260e-01 9.472461e-01
<VARIANCE> 6
 1.577836e+04 3.719455e+03 2.122872e+00 1.867169e+02 3.084464e-01 2.649870e+00
<GCONST> 3.469566e+01
<STATE> 3
<MEAN> 6
 4.998919e+02 1.218986e+02 7.372468e+00 3.811742e+01 2.664450e+00 2.913864e+00
<VARIANCE> 6
 2.537069e+04 9.739570e+03 1.010787e+02 8.473469e+02 1.785326e+01 1.249288e+01
<GCONST> 4.711792e+01
<STATE> 4
<MEAN> 6
 6.039571e+02 9.310577e+00 2.210057e+00 3.902110e+00 8.380589e-01 6.312701e-01
<VARIANCE> 6
 5.051650e+04 4.575348e+02 1.084240e+01 1.712398e+02 4.440424e-01 9.654010e-01
<GCONST> 3.466265e+01
<TRANSP> 5
 0.000000e+00 1.000000e+00 0.000000e+00 0.000000e+00 0.000000e+00
 0.000000e+00 5.462960e-01 4.537040e-01 0.000000e+00 0.000000e+00
 0.000000e+00 0.000000e+00 6.372048e-01 3.627951e-01 0.000000e+00
 0.000000e+00 0.000000e+00 0.000000e+00 6.315373e-01 3.684627e-01
 0.000000e+00 0.000000e+00 0.000000e+00 0.000000e+00 0.000000e+00
<ENDHMM>
~h "fp_screen"
<BEGINHMM>
<NUMSTATES> 5
<STATE> 2
<MEAN> 6
 2.200227e+02 1.281017e+01 1.433625e+01 3.977241e+00 5.539830e+00 1.725666e+00
<VARIANCE> 6
 2.797576e+04 4.678241e+02 4.044675e+02 2.034917e+01 3.326318e+01 4.204966e+00
<GCONST> 4.137078e+01
<STATE> 3
<MEAN> 6
 5.421198e+02 5.585139e+01 2.796762e+01 1.826092e+01 8.389360e+00 3.386735e+00
<VARIANCE> 6
 3.993600e+04 2.987344e+03 1.108499e+03 1.883632e+02 5.746209e+01 2.028565e+01
<GCONST> 4.893461e+01
<STATE> 4
<MEAN> 6
 4.090929e+02 3.336832e+00 3.368051e+00 1.555782e+00 1.331071e+00 5.261400e-01
<VARIANCE> 6
 9.974182e+03 2.239147e+01 1.671133e+01 2.805159e+00 2.191401e+00 2.606371e-01
<GCONST> 2.663116e+01
<TRANSP> 5
 0.000000e+00 1.000000e+00 0.000000e+00 0.000000e+00 0.000000e+00
 0.000000e+00 6.438474e-01 3.561526e-01 0.000000e+00 0.000000e+00
 0.000000e+00 0.000000e+00 6.753505e-01 3.246495e-01 0.000000e+00
 0.000000e+00 0.000000e+00 0.000000e+00 9.151204e-01 8.487967e-02
 0.000000e+00 0.000000e+00 0.000000e+00 0.000000e+00 0.000000e+00
<ENDHMM>
~h "bg_board_0"
<BEGINHMM>
<NUMSTATES> 5
<STATE> 2
<MEAN> 6
 1.889207e+02 2.484942e+01 9.385015e+00 6.452036e+00 3.082938e+00 1.460514e+00
<VARIANCE> 6
 2.598541e+03 5.482462e+02 5.443295e+01 1.060787e+01 2.476418e+00 1.100537e+00
<GCONST> 3.255787e+01
<STATE> 3
<MEAN> 6
 2.000363e+02 3.494363e+01 1.221464e+01 8.274752e+00 4.365905e+00 2.077631e+00
<VARIANCE> 6
 3.154149e+03 1.076181e+03 1.654880e+02 2.315150e+01 8.350675e+00 2.880910e+00
<GCONST> 3.749632e+01
<STATE> 4
<MEAN> 6
 1.711332e+02 1.464255e+01 6.618836e+00 3.721781e+00 2.196147e+00 7.178023e-01
<VARIANCE> 6
 2.616810e+03 2.136279e+02 3.124531e+01 5.868698e+00 1.632186e+00 2.224158e-01
<GCONST> 2.845943e+01
<TRANSP> 5
 0.000000e+00 1.000000e+00 0.000000e+00 0.000000e+00 0.000000e+00
 0.000000e+00 5.140528e-01 4.859472e-01 0.000000e+00 0.000000e+00
 0.000000e+00 0.000000e+00 3.935724e-01 6.064276e-01 0.000000e+00
 0.000000e+00 0.000000e+00 0.000000e+00 8.335766e-01 1.664234e-01
 0.000000e+00 0.000000e+00 0.000000e+00 0.000000e+00 0.000000e+00
<ENDHMM>
~h "bg_board_1"
<BEGINHMM>
<NUMSTATES> 5
<STATE> 2
<MEAN> 6
 1.849718e+02 2.533124e+01 9.621367e+00 7.407199e+00 3.171813e+00 1.447701e+00
<VARIANCE> 6
 2.222533e+03 4.594305e+02 5.300778e+01 1.436774e+01 2.670958e+00 1.008403e+00
<GCONST> 3.248988e+01
<STATE> 3
<MEAN> 6
 2.104098e+02 3.480004e+01 2.170190e+01 1.116063e+01 6.427398e+00 3.075833e+00
<VARIANCE> 6
 4.205449e+03 1.081707e+03 5.015681e+02 4.513097e+01 3.857720e+01 7.128601e+00
<GCONST> 4.200178e+01
<STATE> 4
<MEAN> 6
 1.487396e+02 1.258751e+01 5.590299e+00 3.076744e+00 1.751774e+00 6.013316e-01
<VARIANCE> 6
 4.883520e+03 1.837920e+02 2.490992e+01 4.640818e+00 1.239991e+00 2.098557e-01
<GCONST> 2.813861e+01
<TRANSP> 5
 0.000000e+00 1.000000e+00 0.000000e+00 0.000000e+00 0.000000e+00
 0.000000e+00 5.897168e-01 4.102833e-01 0.000000e+00 0.000000e+00
 0.000000e+00 0.000000e+00 5.300268e-01 4.699732e-01 0.000000e+00
 0.000000e+00 0.000000e+00 0.000000e+00 8.846137e-01 1.153863e-01
 0.000000e+00 0.000000e+00 0.000000e+00 0.000000e+00 0.000000e+00
<ENDHMM>
~h "bg_board_2"
<BEGINHMM>
<NUMSTATES> 5
<STATE> 2
<MEAN> 6
 1.423824e+02 1.712446e+01 8.370450e+00 5.000687e+00 2.376694e+00 9.617271e-01
<VARIANCE> 6
 2.712665e+03 2.713423e+02 4.130642e+01 8.364368e+00 1.849987e+00 4.120896e-01
<GCONST> 3.010999e+01
<STATE> 3
<MEAN> 6
 1.980441e+02 6.162240e+01 1.270819e+01 1.258481e+01 4.242798e+00 2.029194e+00
<VARIANCE> 6
 2.810000e+03 3.074875e+03 1.574891e+02 3.321293e+01 9.672461e+00 2.994131e+00
<GCONST> 3.892745e+01
<STATE> 4
<MEAN> 6
 2.101199e+02 2.470066e+01 1.390577e+01 7.738774e+00 3.744396e+00 1.918689e+00
<VARIANCE> 6
 3.480325e+03 4.965703e+02 1.132130e+02 1.450556e+01 3.728154e+00 1.386121e+00
<GCONST> 3.443609e+01
<TRANSP> 5
 0.000000e+00 1.000000e+00 0.000000e+00 0.000000e+00 0.000000e+00
 0.000000e+00 7.662046e-01 2.337954e-01 0.000000e+00 0.000000e+00
 0.000000e+00 0.000000e+00 6.152619e-01 3.847382e-01 0.000000e+00
 0.000000e+00 0.000000e+00 0.000000e+00 6.238507e-01 3.761493e-01
 0.000000e+00 0.000000e+00 0.000000e+00 0.000000e+00 0.000000e+00
<ENDHMM>
~h "bg_board_3"
<BEGINHMM>
<NUMSTATES> 5
<STATE> 2
<MEAN> 6
 1.589753e+02 2.372094e+01 7.829627e+00 5.393368e+00 2.931701e+00 1.201883e+00
<VARIANCE> 6
 3.669559e+03 5.197195e+02 4.770379e+01 8.142665e+00 2.873453e+00 7.766877e-01
<GCONST> 3.225330e+01
<STATE> 3
<MEAN> 6
 2.255127e+02 7.227466e+01 1.306280e+01 1.515704e+01 4.810007e+00 2.484309e+00
<VARIANCE> 6
 2.859960e+03 5.507499e+03 1.457817e+02 8.304531e+01 1.032829e+01 4.267067e+00
<GCONST> 4.078700e+01
<STATE> 4
<MEAN> 6
 2.510598e+02 2.563305e+01 9.189918e+00 7.536489e+00 3.664972e+00 1.751405e+00
<VARIANCE> 6
 4.597853e+03 5.080837e+02 6.106474e+01 1.966429e+01 2.856512e+00 1.774848e+00
<GCONST> 3.440531e+01
<TRANSP> 5
 0.000000e+00 1.000000e+00 0.000000e+00 0.000000e+00 0.000000e+00
 0.000000e+00 5.804744e-01 4.195256e-01 0.000000e+00 0.000000e+00
 0.000000e+00 0.000000e+00 6.290534e-01 3.709466e-01 0.000000e+00
 0.000000e+00 0.000000e+00 0.000000e+00 5.432958e-01 4.567042e-01
 0.000000e+00 0.000000e+00 0.000000e+00 0.000000e+00 0.000000e+00
<ENDHMM>
~h "bg_board_4"
<BEGINHMM>
<NUMSTATES> 5
<STATE> 2
<MEAN> 6
 2.089195e+02 2.287539e+01 9.930019e+00 6.293816e+00 3.712167e+00 1.938790e+00
<VARIANCE> 6
 3.060402e+03 3.773823e+02 6.343376e+01 1.018368e+01 3.468611e+00 1.851335e+00
<GCONST> 3.331727e+01
<STATE> 3
<MEAN> 6
 2.971910e+02 4.142711e+01 2.023245e+01 1.533030e+01 6.367692e+00 3.671074e+00
<VARIANCE> 6
 5.423443e+03 1.401046e+03 2.665657e+02 1.249006e+02 1.274041e+01 5.259170e+00
<GCONST> 4.148861e+01
<STATE> 4
<MEAN> 6
 3.041880e+02 2.161588e+01 1.092860e+01 8.055130e+00 4.011867e+00 1.832058e+00
<VARIANCE> 6
 4.960581e+03 4.390508e+02 8.467738e+01 2.319888e+01 4.521214e+00 1.627320e+00
<GCONST> 3.519983e+01
<TRANSP> 5
 0.000000e+00 1.000000e+00 0.000000e+00 0.000000e+00 0.000000e+00
 0.000000e+00 6.624504e-01 3.375496e-01 0.000000e+00 0.000000e+00
 0.000000e+00 0.000000e+00 6.715915e-01 3.284085e-01 0.000000e+00
 0.000000e+00 0.000000e+00 0.000000e+00 6.538878e-01 3.461122e-01
 0.000000e+00 0.000000e+00 0.000000e+00 0.000000e+00 0.000000e+00
<ENDHMM>
~h "bg_board_5"
<BEGINHMM>
<NUMSTATES> 5
<STATE> 2
<MEAN> 6
 3.312610e+02 2.293591e+01 1.168680e+01 8.475218e+00 4.410416e+00 2.400450e+00
<VARIANCE> 6
 7.938270e+03 4.488835e+02 7.944092e+01 2.114193e+01 6.208797e+00 2.683711e+00
<GCONST> 3.635292e+01
<STATE> 3
<MEAN> 6
 2.995204e+02 4.962543e+01 1.718122e+01 1.181293e+01 5.785740e+00 3.189367e+00
<VARIANCE> 6
 9.494514e+03 3.331785e+03 3.325078e+02 4.924209e+01 1.839829e+01 8.044785e+00
<GCONST> 4.299769e+01
<STATE> 4
<MEAN> 6
 3.616483e+02 1.571070e+01 6.676886e+00 4.609930e+00 2.862726e+00 1.373108e+00
<VARIANCE> 6
 8.106180e+03 3.632173e+02 3.461431e+01 1.311773e+01 4.014993e+00 1.750526e+00
<GCONST> 3.399083e+01
<TRANSP> 5
 0.000000e+00 1.000000e+00 0.000000e+00 0.000000e+00 0.000000e+00
 0.000000e+00 6.851360e-01 3.148640e-01 0.000000e+00 0.000000e+00
 0.000000e+00 0.000000e+00 4.380650e-01 5.619349e-01 0.000000e+00
 0.000000e+00 0.000000e+00 0.000000e+00 8.401269e-01 1.598731e-01
 0.000000e+00 0.000000e+00 0.000000e+00 0.000000e+00 0.000000e+00
<ENDHMM>
~h "fp_key"
<BEGINHMM>
<NUMSTATES> 5
<STATE> 2
<MEAN> 6
 1.958297e+02 2.679198e+01 6.671479e+00 5.572658e+00 1.913693e+00 8.309742e-01
<VARIANCE> 6
 1.256172e+04 1.179483e+03 3.344490e+02 4.738914e+01 4.206163e+00 8.028530e-01
<GCONST> 3.842635e+01
<STATE> 3
<MEAN> 6
 4.882201e+02 1.016763e+02 2.768081e+01 1.945777e+01 8.134706e+00 2.722732e+00
<VARIANCE> 6
 4.612107e+04 4.531271e+03 2.598808e+03 1.424740e+02 1.482114e+02 1.224462e+01
<GCONST> 5.051074e+01
<STATE> 4
<MEAN> 6
 1.484666e+02 3.496790e+00 3.506193e+00 1.162157e+00 1.066319e+00 3.692742e-01
<VARIANCE> 6
 5.647498e+03 1.196237e+01 1.436313e+02 1.206600e+00 3.640219e+00 1.370196e-01
<GCONST> 2.660747e+01
<TRANSP> 5
 0.000000e+00 1.000000e+00 0.000000e+00 0.000000e+00 0.000000e+00
 0.000000e+00 7.509103e-01 2.490896e-01 0.000000e+00 0.000000e+00
 0.000000e+00 0.000000e+00 9.039935e-01 9.600648e-02 0.000000e+00
 0.000000e+00 0.000000e+00 0.000000e+00 9.024375e-01 9.756251e-02
 0.000000e+00 0.000000e+00 0.000000e+00 0.000000e+00 0.000000e+00
<ENDHMM>
~h "fp_logo"
<BEGINHMM>
<NUMSTATES> 5
<STATE> 2
<MEAN> 6
 1.532548e+02 1.518928e+01 4.042970e+00 4.225538e+00 1.744136e+00 9.902181e-01
<VARIANCE> 6
 1.198366e+03 3.835449e+02 1.130946e+01 2.162414e+01 1.854428e+00 1.629111e+00
<GCONST> 3.067050e+01
<STATE> 3
<MEAN> 6
 3.822885e+02 7.669324e+01 5.816643e+00 1.344240e+01 2.495852e+00 1.252703e+00
<VARIANCE> 6
 6.219186e+04 9.845676e+03 2.980347e+01 2.932100e+02 3.589066e+00 1.658897e+00
<GCONST> 4.211959e+01
<STATE> 4
<MEAN> 6
 1.315413e+02 3.005041e+00 2.634040e+00 1.281672e+00 1.116455e+00 4.034401e-01
<VARIANCE> 6
 2.719717e+03 6.235355e+00 5.172379e+00 9.406839e-01 7.167498e-01 1.461631e-01
<GCONST> 2.009191e+01
<TRANSP> 5
 0.000000e+00 1.000000e+00 0.000000e+00 0.000000e+00 0.000000e+00
 0.000000e+00 6.570714e-01 3.429286e-01 0.000000e+00 0.000000e+00
 0.000000e+00 0.000000e+00 5.322518e-01 4.677482e-01 0.000000e+00
 0.000000e+00 0.000000e+00 0.000000e+00 9.115389e-01 8.846109e-02
 0.000000e+00 0.000000e+00 0.000000e+00 0.000000e+00 0.000000e+00
<ENDHMM>
