~o
<STREAMINFO> 1 6
<VECSIZE> 6<NULLD><MFCC><DIAGC>
~h "init_6"
<BEGINHMM>
<NUMSTATES> 5
<STATE> 2
<MEAN> 6
 6.227925e+02 4.696177e+00 5.117354e+00 2.036545e+00 2.279604e+00 1.241973e+00
<VARIANCE> 6
 5.418466e+04 5.705563e+01 2.319664e+02 8.563005e+00 1.862013e+01 5.057280e+00
<GCONST> 3.811056e+01
<STATE> 3
<MEAN> 6
 5.580904e+02 4.968103e+01 2.079394e+01 1.386430e+01 9.767014e+00 5.605644e+00
<VARIANCE> 6
 4.990399e+04 2.874941e+03 1.325805e+03 1.402203e+02 1.243176e+02 3.774384e+01
<GCONST> 5.039555e+01
<STATE> 4
<MEAN> 6
 2.788266e+02 9.979793e+00 6.678693e+00 2.927229e+00 2.394116e+00 9.506342e-01
<VARIANCE> 6
 3.695514e+04 1.746231e+02 1.020941e+02 9.486517e+00 8.007788e+00 1.368547e+00
<GCONST> 3.597728e+01
<TRANSP> 5
 0.000000e+00 1.000000e+00 0.000000e+00 0.000000e+00 0.000000e+00
 0.000000e+00 9.353169e-01 6.468306e-02 0.000000e+00 0.000000e+00
 0.000000e+00 0.000000e+00 9.531835e-01 4.681648e-02 0.000000e+00
 0.000000e+00 0.000000e+00 0.000000e+00 9.698614e-01 3.013864e-02
 0.000000e+00 0.000000e+00 0.000000e+00 0.000000e+00 0.000000e+00
<ENDHMM>
