~o
<STREAMINFO> 1 6
<VECSIZE> 6<NULLD><MFCC><DIAGC>
~h "fp_key_3"
<BEGINHMM>
<NUMSTATES> 5
<STATE> 2
<MEAN> 6
 6.227917e+02 4.696177e+00 5.117353e+00 2.036545e+00 2.279604e+00 1.241973e+00
<VARIANCE> 6
 5.418462e+04 5.705636e+01 2.319683e+02 8.563080e+00 1.861998e+01 5.057379e+00
<GCONST> 3.811060e+01
<STATE> 3
<MEAN> 6
 5.580775e+02 4.968103e+01 2.079394e+01 1.386430e+01 9.767014e+00 5.605644e+00
<VARIANCE> 6
 4.990381e+04 2.874944e+03 1.325805e+03 1.402205e+02 1.243181e+02 3.774389e+01
<GCONST> 5.039557e+01
<STATE> 4
<MEAN> 6
 2.788270e+02 9.979792e+00 6.678693e+00 2.927229e+00 2.394116e+00 9.506343e-01
<VARIANCE> 6
 3.695582e+04 1.746232e+02 1.020951e+02 9.486485e+00 8.007786e+00 1.368554e+00
<GCONST> 3.597731e+01
<TRANSP> 5
 0.000000e+00 1.000000e+00 0.000000e+00 0.000000e+00 0.000000e+00
 0.000000e+00 9.353169e-01 6.468306e-02 0.000000e+00 0.000000e+00
 0.000000e+00 0.000000e+00 9.531835e-01 4.681648e-02 0.000000e+00
 0.000000e+00 0.000000e+00 0.000000e+00 9.698614e-01 3.013864e-02
 0.000000e+00 0.000000e+00 0.000000e+00 0.000000e+00 0.000000e+00
<ENDHMM>
