~o
<STREAMINFO> 1 6
<VECSIZE> 6<NULLD><MFCC><DIAGC>
~h "fp_key_3"
<BEGINHMM>
<NUMSTATES> 5
<STATE> 2
<MEAN> 6
 3.739170e+02 1.067415e+01 6.583700e+00 3.450026e+00 2.579681e+00 1.222086e+00
<VARIANCE> 6
 7.430823e+04 2.271636e+02 1.402822e+02 1.407872e+01 1.187553e+01 2.788584e+00
<GCONST> 3.875725e+01
<STATE> 3
<MEAN> 6
 5.192121e+02 4.894180e+01 2.214506e+01 1.365352e+01 1.014251e+01 5.429119e+00
<VARIANCE> 6
 5.175653e+04 2.815154e+03 1.503479e+03 1.466799e+02 1.489370e+02 3.657204e+01
<GCONST> 5.073094e+01
<STATE> 4
<MEAN> 6
 4.005037e+02 4.658670e+00 4.080978e+00 1.596444e+00 1.559894e+00 6.803350e-01
<VARIANCE> 6
 4.976158e+04 4.580347e+01 6.405154e+01 3.390687e+00 5.569581e+00 9.740897e-01
<GCONST> 3.273841e+01
<TRANSP> 5
 0.000000e+00 1.000000e+00 0.000000e+00 0.000000e+00 0.000000e+00
 0.000000e+00 9.587616e-01 4.123837e-02 0.000000e+00 0.000000e+00
 0.000000e+00 0.000000e+00 9.538653e-01 4.613472e-02 0.000000e+00
 0.000000e+00 0.000000e+00 0.000000e+00 9.584633e-01 4.153671e-02
 0.000000e+00 0.000000e+00 0.000000e+00 0.000000e+00 0.000000e+00
<ENDHMM>
