~o
<STREAMINFO> 1 6
<VECSIZE> 6<NULLD><MFCC><DIAGC>
~h "bg_board_1"
<BEGINHMM>
<NUMSTATES> 5
<STATE> 2
<MEAN> 6
 1.288489e+02 1.513655e+01 7.826812e+00 5.056848e+00 2.373217e+00 1.019488e+00
<VARIANCE> 6
 1.865539e+03 1.405407e+02 5.195818e+01 7.359807e+00 3.123184e+00 4.825413e-01
<GCONST> 2.986070e+01
<STATE> 3
<MEAN> 6
 1.638584e+02 3.904780e+01 1.132049e+01 9.343703e+00 4.034738e+00 1.826838e+00
<VARIANCE> 6
 2.120438e+03 2.889837e+02 7.992877e+01 3.229787e+01 6.690053e+00 1.856479e+00
<GCONST> 3.472845e+01
<STATE> 4
<MEAN> 6
 1.167486e+02 1.205120e+01 7.906936e+00 4.620879e+00 1.968974e+00 9.227590e-01
<VARIANCE> 6
 3.283260e+03 1.219165e+02 9.722273e+01 9.978649e+00 1.431466e+00 4.301345e-01
<GCONST> 3.031969e+01
<TRANSP> 5
 0.000000e+00 1.000000e+00 0.000000e+00 0.000000e+00 0.000000e+00
 0.000000e+00 8.417187e-01 1.582813e-01 0.000000e+00 0.000000e+00
 0.000000e+00 0.000000e+00 5.506285e-01 4.493715e-01 0.000000e+00
 0.000000e+00 0.000000e+00 0.000000e+00 7.756240e-01 2.243760e-01
 0.000000e+00 0.000000e+00 0.000000e+00 0.000000e+00 0.000000e+00
<ENDHMM>
