~o
<STREAMINFO> 1 6
<VECSIZE> 6<NULLD><MFCC><DIAGC>
~h "bg_board_2"
<BEGINHMM>
<NUMSTATES> 5
<STATE> 2
<MEAN> 6
 1.661094e+02 1.473062e+01 1.402739e+01 6.249698e+00 2.981819e+00 1.801997e+00
<VARIANCE> 6
 5.012232e+03 1.269851e+02 1.648152e+02 1.417234e+01 2.798384e+00 1.248167e+00
<GCONST> 3.339780e+01
<STATE> 3
<MEAN> 6
 2.105576e+02 3.561252e+01 2.607829e+01 1.246086e+01 4.924194e+00 3.104861e+00
<VARIANCE> 6
 4.922485e+03 8.080955e+02 1.026871e+03 4.385785e+01 1.668998e+01 8.014175e+00
<GCONST> 4.183475e+01
<STATE> 4
<MEAN> 6
 1.387056e+02 1.329028e+01 7.385185e+00 5.179489e+00 2.122309e+00 9.610186e-01
<VARIANCE> 6
 1.402286e+03 1.180472e+02 4.393351e+01 9.827361e+00 1.335918e+00 6.938569e-01
<GCONST> 2.903618e+01
<TRANSP> 5
 0.000000e+00 1.000000e+00 0.000000e+00 0.000000e+00 0.000000e+00
 0.000000e+00 5.727436e-01 4.272564e-01 0.000000e+00 0.000000e+00
 0.000000e+00 0.000000e+00 6.636317e-01 3.363684e-01 0.000000e+00
 0.000000e+00 0.000000e+00 0.000000e+00 8.699027e-01 1.300973e-01
 0.000000e+00 0.000000e+00 0.000000e+00 0.000000e+00 0.000000e+00
<ENDHMM>
