~o
<STREAMINFO> 1 6
<VECSIZE> 6<NULLD><MFCC><DIAGC>
~h "bg_board_4"
<BEGINHMM>
<NUMSTATES> 5
<STATE> 2
<MEAN> 6
 1.762328e+02 1.482028e+01 9.697914e+00 6.577176e+00 3.342068e+00 1.512437e+00
<VARIANCE> 6
 2.687859e+03 2.068853e+02 6.570134e+01 1.434988e+01 2.596572e+00 6.606111e-01
<GCONST> 3.164439e+01
<STATE> 3
<MEAN> 6
 2.450671e+02 4.106665e+01 2.010935e+01 1.412871e+01 4.562485e+00 2.976167e+00
<VARIANCE> 6
 2.987792e+03 9.405664e+02 2.535271e+02 4.712548e+01 5.377841e+00 1.834453e+00
<GCONST> 3.755335e+01
<STATE> 4
<MEAN> 6
 2.150803e+02 2.176312e+01 1.195364e+01 7.984644e+00 4.224827e+00 3.184253e+00
<VARIANCE> 6
 1.626329e+03 3.070399e+02 7.854676e+01 1.508137e+01 3.978880e+00 6.283979e+00
<GCONST> 3.444448e+01
<TRANSP> 5
 0.000000e+00 1.000000e+00 0.000000e+00 0.000000e+00 0.000000e+00
 0.000000e+00 8.421401e-01 1.578600e-01 0.000000e+00 0.000000e+00
 0.000000e+00 0.000000e+00 6.504212e-01 3.495789e-01 0.000000e+00
 0.000000e+00 0.000000e+00 0.000000e+00 7.371663e-01 2.628337e-01
 0.000000e+00 0.000000e+00 0.000000e+00 0.000000e+00 0.000000e+00
<ENDHMM>
