~o
<STREAMINFO> 1 6
<VECSIZE> 6<NULLD><MFCC><DIAGC>
~h "bg_board_5"
<BEGINHMM>
<NUMSTATES> 5
<STATE> 2
<MEAN> 6
 2.051568e+02 2.751366e+01 1.111292e+01 7.506516e+00 4.105214e+00 3.159833e+00
<VARIANCE> 6
 2.033114e+03 3.122446e+02 7.075168e+01 9.390325e+00 3.638368e+00 3.676276e+00
<GCONST> 3.348066e+01
<STATE> 3
<MEAN> 6
 2.674144e+02 4.284565e+01 1.974046e+01 1.031221e+01 5.102192e+00 4.088245e+00
<VARIANCE> 6
 3.171475e+03 8.832891e+02 1.253290e+02 1.883323e+01 6.561749e+00 7.127663e+00
<GCONST> 3.748467e+01
<STATE> 4
<MEAN> 6
 3.270860e+02 1.711291e+01 9.080472e+00 5.836049e+00 3.443930e+00 1.885915e+00
<VARIANCE> 6
 1.687330e+03 3.284195e+02 3.997015e+01 8.701824e+00 2.049211e+00 1.906617e+00
<GCONST> 3.146691e+01
<TRANSP> 5
 0.000000e+00 1.000000e+00 0.000000e+00 0.000000e+00 0.000000e+00
 0.000000e+00 7.407625e-01 2.592374e-01 0.000000e+00 0.000000e+00
 0.000000e+00 0.000000e+00 6.864911e-01 3.135089e-01 0.000000e+00
 0.000000e+00 0.000000e+00 0.000000e+00 7.980953e-01 2.019047e-01
 0.000000e+00 0.000000e+00 0.000000e+00 0.000000e+00 0.000000e+00
<ENDHMM>
