~o
<STREAMINFO> 1 6
<VECSIZE> 6<NULLD><MFCC><DIAGC>
~h "bg_board"
<BEGINHMM>
<NUMSTATES> 5
<STATE> 2
<MEAN> 6
 1.317691e+02 1.370767e+01 7.673383e+00 5.306481e+00 2.296633e+00 1.060699e+00
<VARIANCE> 6
 2.039368e+03 1.555407e+02 5.284598e+01 1.394275e+01 3.243167e+00 8.203092e-01
<GCONST> 3.127538e+01
<STATE> 3
<MEAN> 6
 2.163020e+02 3.535027e+01 1.600759e+01 1.050369e+01 4.201986e+00 2.678497e+00
<VARIANCE> 6
 3.632219e+03 7.300026e+02 3.265024e+02 3.636521e+01 6.524332e+00 4.992486e+00
<GCONST> 3.868343e+01
<STATE> 4
<MEAN> 6
 2.275530e+02 1.662550e+01 1.035566e+01 6.333697e+00 3.388277e+00 1.929891e+00
<VARIANCE> 6
 6.139390e+03 2.176303e+02 6.546338e+01 1.030171e+01 3.259367e+00 1.989758e+00
<GCONST> 3.351589e+01
<TRANSP> 5
 0.000000e+00 1.000000e+00 0.000000e+00 0.000000e+00 0.000000e+00
 0.000000e+00 9.690043e-01 3.099572e-02 0.000000e+00 0.000000e+00
 0.000000e+00 0.000000e+00 9.438298e-01 5.617020e-02 0.000000e+00
 0.000000e+00 0.000000e+00 0.000000e+00 9.498355e-01 5.016445e-02
 0.000000e+00 0.000000e+00 0.000000e+00 0.000000e+00 0.000000e+00
<ENDHMM>
