~o
<STREAMINFO> 1 6
<VECSIZE> 6<NULLD><MFCC><DIAGC>
~h "bg_board_0"
<BEGINHMM>
<NUMSTATES> 5
<STATE> 2
<MEAN> 6
 1.112828e+02 7.610337e+00 4.412569e+00 3.184329e+00 1.158052e+00 6.572723e-01
<VARIANCE> 6
 1.796719e+03 4.839284e+01 1.486378e+01 5.129994e+00 6.564164e-01 2.675312e-01
<GCONST> 2.499489e+01
<STATE> 3
<MEAN> 6
 1.596395e+02 1.885309e+01 1.623018e+01 1.038228e+01 4.009885e+00 2.258219e+00
<VARIANCE> 6
 2.375581e+03 4.594106e+02 1.928819e+02 5.461620e+01 1.117467e+01 1.607413e+00
<GCONST> 3.708089e+01
<STATE> 4
<MEAN> 6
 1.238305e+02 1.596910e+01 7.983878e+00 5.581936e+00 2.568783e+00 1.010982e+00
<VARIANCE> 6
 1.559386e+03 1.424254e+02 4.513148e+01 7.804954e+00 3.414239e+00 5.345447e-01
<GCONST> 2.980408e+01
<TRANSP> 5
 0.000000e+00 1.000000e+00 0.000000e+00 0.000000e+00 0.000000e+00
 0.000000e+00 7.816951e-01 2.183048e-01 0.000000e+00 0.000000e+00
 0.000000e+00 0.000000e+00 5.613641e-01 4.386360e-01 0.000000e+00
 0.000000e+00 0.000000e+00 0.000000e+00 8.054269e-01 1.945732e-01
 0.000000e+00 0.000000e+00 0.000000e+00 0.000000e+00 0.000000e+00
<ENDHMM>
