~o
<STREAMINFO> 1 6
<VECSIZE> 6<NULLD><MFCC><DIAGC>
~h "bg_board_3"
<BEGINHMM>
<NUMSTATES> 5
<STATE> 2
<MEAN> 6
 1.545082e+02 1.251533e+01 6.120059e+00 4.887788e+00 2.714638e+00 1.215812e+00
<VARIANCE> 6
 8.974520e+02 7.645200e+01 1.783493e+01 6.572555e+00 1.617200e+00 9.647443e-01
<GCONST> 2.737235e+01
<STATE> 3
<MEAN> 6
 2.129892e+02 3.189204e+01 1.007814e+01 1.013007e+01 3.703788e+00 1.706546e+00
<VARIANCE> 6
 1.256173e+03 7.340919e+02 9.211974e+01 2.436925e+01 3.616745e+00 1.256430e+00
<GCONST> 3.399199e+01
<STATE> 4
<MEAN> 6
 2.214383e+02 1.922437e+01 9.887472e+00 7.075920e+00 2.589844e+00 1.350870e+00
<VARIANCE> 6
 2.233161e+03 2.455838e+02 6.759830e+01 1.419493e+01 1.483853e+00 6.099157e-01
<GCONST> 3.100875e+01
<TRANSP> 5
 0.000000e+00 1.000000e+00 0.000000e+00 0.000000e+00 0.000000e+00
 0.000000e+00 7.706473e-01 2.293527e-01 0.000000e+00 0.000000e+00
 0.000000e+00 0.000000e+00 7.004224e-01 2.995777e-01 0.000000e+00
 0.000000e+00 0.000000e+00 0.000000e+00 7.675430e-01 2.324571e-01
 0.000000e+00 0.000000e+00 0.000000e+00 0.000000e+00 0.000000e+00
<ENDHMM>
