~o
<STREAMINFO> 1 6
<VECSIZE> 6<NULLD><MFCC><DIAGC>
~h "bg_dark_0"
<BEGINHMM>
<NUMSTATES> 5
<STATE> 2
<MEAN> 6
 1.546698e+02 1.364240e+01 7.814237e+00 3.201319e+00 2.386986e+00 8.668309e-01
<VARIANCE> 6
 1.285779e+04 2.426216e+02 7.245968e+01 5.240684e+00 3.471230e+00 6.594701e-01
<GCONST> 3.274815e+01
<STATE> 3
<MEAN> 6
 3.542686e+02 2.895039e+01 1.079787e+01 7.073832e+00 3.915411e+00 2.023034e+00
<VARIANCE> 6
 9.857818e+03 8.762161e+02 1.377806e+02 3.059013e+01 9.402565e+00 3.109538e+00
<GCONST> 3.872069e+01
<STATE> 4
<MEAN> 6
 1.283756e+02 3.687057e+00 2.812677e+00 1.067678e+00 8.452858e-01 3.788587e-01
<VARIANCE> 6
 2.895030e+03 2.190497e+01 9.022524e+00 1.101262e+00 7.310399e-01 1.099398e-01
<GCONST> 2.185980e+01
<TRANSP> 5
 0.000000e+00 1.000000e+00 0.000000e+00 0.000000e+00 0.000000e+00
 0.000000e+00 9.708467e-01 2.915326e-02 0.000000e+00 0.000000e+00
 0.000000e+00 0.000000e+00 9.522478e-01 4.775218e-02 0.000000e+00
 0.000000e+00 0.000000e+00 0.000000e+00 9.322359e-01 6.776416e-02
 0.000000e+00 0.000000e+00 0.000000e+00 0.000000e+00 0.000000e+00
<ENDHMM>
