~o
<STREAMINFO> 1 6
<VECSIZE> 6<NULLD><MFCC><DIAGC>
~h "bg_dark_0_0"
<BEGINHMM>
<NUMSTATES> 5
<STATE> 2
<MEAN> 6
 3.032761e+02 1.117842e+01 8.058549e+00 4.661576e+00 3.447952e+00 2.272845e+00
<VARIANCE> 6
 9.831262e+03 1.267282e+02 5.460781e+01 5.589565e+00 3.575169e+00 2.770487e+00
<GCONST> 3.307674e+01
<STATE> 3
<MEAN> 6
 2.759694e+02 3.198443e+01 8.905769e+00 7.079868e+00 4.172582e+00 2.308656e+00
<VARIANCE> 6
 1.322824e+04 6.205420e+02 5.204888e+01 2.211656e+01 7.820819e+00 3.204124e+00
<GCONST> 3.721770e+01
<STATE> 4
<MEAN> 6
 1.151388e+02 1.349072e+01 8.618744e+00 3.684827e+00 2.806458e+00 7.751809e-01
<VARIANCE> 6
 6.429688e+03 2.926259e+02 8.084483e+01 9.168614e+00 3.323339e+00 3.253556e-01
<GCONST> 3.216129e+01
<TRANSP> 5
 0.000000e+00 1.000000e+00 0.000000e+00 0.000000e+00 0.000000e+00
 0.000000e+00 7.394142e-01 2.605858e-01 0.000000e+00 0.000000e+00
 0.000000e+00 0.000000e+00 5.907500e-01 4.092500e-01 0.000000e+00
 0.000000e+00 0.000000e+00 0.000000e+00 8.251442e-01 1.748558e-01
 0.000000e+00 0.000000e+00 0.000000e+00 0.000000e+00 0.000000e+00
<ENDHMM>
