~o
<STREAMINFO> 1 6
<VECSIZE> 6<NULLD><MFCC><DIAGC>
~h "bg_dark_0_1"
<BEGINHMM>
<NUMSTATES> 5
<STATE> 2
<MEAN> 6
 1.426185e+02 2.170900e+01 8.855838e+00 4.517987e+00 2.713155e+00 8.782433e-01
<VARIANCE> 6
 8.977193e+03 4.908410e+02 6.442715e+01 1.061163e+01 3.869823e+00 3.364051e-01
<GCONST> 3.311708e+01
<STATE> 3
<MEAN> 6
 2.924995e+02 2.615954e+01 1.381217e+01 9.692774e+00 4.575061e+00 2.324306e+00
<VARIANCE> 6
 1.066232e+04 4.205134e+02 1.936384e+02 3.089870e+01 5.559521e+00 1.030367e+00
<GCONST> 3.678535e+01
<STATE> 4
<MEAN> 6
 2.853143e+02 1.081883e+01 8.883859e+00 3.247784e+00 2.889687e+00 1.075781e+00
<VARIANCE> 6
 1.464492e+04 1.362872e+02 6.670036e+01 2.740352e+00 2.495528e+00 6.504365e-01
<GCONST> 3.122656e+01
<TRANSP> 5
 0.000000e+00 1.000000e+00 0.000000e+00 0.000000e+00 0.000000e+00
 0.000000e+00 7.848498e-01 2.151502e-01 0.000000e+00 0.000000e+00
 0.000000e+00 0.000000e+00 6.097775e-01 3.902226e-01 0.000000e+00
 0.000000e+00 0.000000e+00 0.000000e+00 8.272719e-01 1.727282e-01
 0.000000e+00 0.000000e+00 0.000000e+00 0.000000e+00 0.000000e+00
<ENDHMM>
