~o
<STREAMINFO> 1 6
<VECSIZE> 6<NULLD><MFCC><DIAGC>
~h "bg_dark_0_3"
<BEGINHMM>
<NUMSTATES> 5
<STATE> 2
<MEAN> 6
 1.880434e+02 1.665994e+01 5.148682e+00 3.364142e+00 1.915029e+00 8.104834e-01
<VARIANCE> 6
 2.451079e+04 2.613499e+02 3.106330e+01 1.056423e+01 2.887911e+00 1.038791e+00
<GCONST> 3.359209e+01
<STATE> 3
<MEAN> 6
 2.858698e+02 5.545743e+01 1.392462e+01 9.876510e+00 3.756133e+00 2.029738e+00
<VARIANCE> 6
 1.342795e+04 2.199032e+03 1.356705e+02 5.358895e+01 8.717199e+00 4.486832e+00
<GCONST> 4.078615e+01
<STATE> 4
<MEAN> 6
 3.036411e+02 8.308828e+00 4.973575e+00 2.464693e+00 1.922991e+00 7.146325e-01
<VARIANCE> 6
 2.133150e+04 1.441555e+02 3.290057e+01 1.171852e+01 3.129299e+00 7.770215e-01
<GCONST> 3.280928e+01
<TRANSP> 5
 0.000000e+00 1.000000e+00 0.000000e+00 0.000000e+00 0.000000e+00
 0.000000e+00 7.605480e-01 2.394520e-01 0.000000e+00 0.000000e+00
 0.000000e+00 0.000000e+00 5.991149e-01 4.008851e-01 0.000000e+00
 0.000000e+00 0.000000e+00 0.000000e+00 8.123587e-01 1.876413e-01
 0.000000e+00 0.000000e+00 0.000000e+00 0.000000e+00 0.000000e+00
<ENDHMM>
