~o
<STREAMINFO> 1 6
<VECSIZE> 6<NULLD><MFCC><DIAGC>
~h "bg_dark_0_2"
<BEGINHMM>
<NUMSTATES> 5
<STATE> 2
<MEAN> 6
 1.767853e+02 1.610697e+01 9.051299e+00 3.256296e+00 2.159667e+00 7.921885e-01
<VARIANCE> 6
 1.909968e+04 3.114420e+02 5.081042e+01 3.669039e+00 2.464121e+00 2.795926e-01
<GCONST> 3.148135e+01
<STATE> 3
<MEAN> 6
 2.785101e+02 3.990876e+01 1.301193e+01 8.494186e+00 4.265899e+00 2.162520e+00
<VARIANCE> 6
 1.297722e+04 8.857175e+02 7.982529e+01 3.683417e+01 1.633076e+01 2.274128e+00
<GCONST> 3.888552e+01
<STATE> 4
<MEAN> 6
 3.039826e+02 1.113209e+01 3.561950e+00 2.589171e+00 1.440967e+00 6.022337e-01
<VARIANCE> 6
 2.080863e+04 1.891784e+02 1.793365e+01 9.550319e+00 2.393847e+00 7.079184e-01
<GCONST> 3.188381e+01
<TRANSP> 5
 0.000000e+00 1.000000e+00 0.000000e+00 0.000000e+00 0.000000e+00
 0.000000e+00 7.877443e-01 2.122557e-01 0.000000e+00 0.000000e+00
 0.000000e+00 0.000000e+00 6.599103e-01 3.400896e-01 0.000000e+00
 0.000000e+00 0.000000e+00 0.000000e+00 8.130247e-01 1.869753e-01
 0.000000e+00 0.000000e+00 0.000000e+00 0.000000e+00 0.000000e+00
<ENDHMM>
