~o
<STREAMINFO> 1 6
<VECSIZE> 6<NULLD><MFCC><DIAGC>
~h "bg_dark_0_4"
<BEGINHMM>
<NUMSTATES> 5
<STATE> 2
<MEAN> 6
 2.437999e+02 1.315421e+01 8.219574e+00 3.989231e+00 3.117991e+00 1.451839e+00
<VARIANCE> 6
 2.068703e+04 1.844868e+02 6.721009e+01 1.239744e+01 4.594471e+00 1.883236e+00
<GCONST> 3.506526e+01
<STATE> 3
<MEAN> 6
 2.460247e+02 4.170871e+01 2.366800e+01 8.003648e+00 6.176576e+00 2.998904e+00
<VARIANCE> 6
 1.594997e+04 7.136309e+02 5.456420e+02 2.437083e+01 2.542504e+01 5.527477e+00
<GCONST> 4.171566e+01
<STATE> 4
<MEAN> 6
 7.907587e+01 7.322616e+00 4.430047e+00 1.549543e+00 1.564880e+00 4.397181e-01
<VARIANCE> 6
 1.465188e+03 1.123468e+02 2.081281e+01 2.209906e+00 1.602912e+00 1.188597e-01
<GCONST> 2.520912e+01
<TRANSP> 5
 0.000000e+00 1.000000e+00 0.000000e+00 0.000000e+00 0.000000e+00
 0.000000e+00 8.266507e-01 1.733493e-01 0.000000e+00 0.000000e+00
 0.000000e+00 0.000000e+00 5.566163e-01 4.433837e-01 0.000000e+00
 0.000000e+00 0.000000e+00 0.000000e+00 7.990321e-01 2.009679e-01
 0.000000e+00 0.000000e+00 0.000000e+00 0.000000e+00 0.000000e+00
<ENDHMM>
