~o
<STREAMINFO> 1 6
<VECSIZE> 6<NULLD><MFCC><DIAGC>
~h "bg_dark_0_5"
<BEGINHMM>
<NUMSTATES> 5
<STATE> 2
<MEAN> 6
 7.535985e+01 9.370803e+00 5.181699e+00 2.114427e+00 1.266312e+00 4.478591e-01
<VARIANCE> 6
 1.456624e+03 1.628858e+02 2.624562e+01 2.247197e+00 6.486558e-01 1.071460e-01
<GCONST> 2.481495e+01
<STATE> 3
<MEAN> 6
 1.230010e+02 1.214761e+01 4.922667e+00 3.134936e+00 1.798206e+00 7.002252e-01
<VARIANCE> 6
 2.111275e+03 3.003597e+02 1.390062e+01 9.005796e+00 2.784637e+00 2.265449e-01
<GCONST> 2.875640e+01
<STATE> 4
<MEAN> 6
 1.397321e+02 2.127552e+00 1.798431e+00 4.747707e-01 3.905810e-01 2.640858e-01
<VARIANCE> 6
 1.145023e+03 8.396907e+00 4.517825e+00 1.480964e-01 1.250400e-01 2.363960e-02
<GCONST> 1.397249e+01
<TRANSP> 5
 0.000000e+00 1.000000e+00 0.000000e+00 0.000000e+00 0.000000e+00
 0.000000e+00 7.158030e-01 2.841971e-01 0.000000e+00 0.000000e+00
 0.000000e+00 0.000000e+00 6.165830e-01 3.834170e-01 0.000000e+00
 0.000000e+00 0.000000e+00 0.000000e+00 8.297347e-01 1.702653e-01
 0.000000e+00 0.000000e+00 0.000000e+00 0.000000e+00 0.000000e+00
<ENDHMM>
