~o
<STREAMINFO> 1 6
<VECSIZE> 6<NULLD><MFCC><DIAGC>
~h "bg_red_0_2"
<BEGINHMM>
<NUMSTATES> 5
<STATE> 2
<MEAN> 6
 2.797849e+02 6.335521e+00 2.660529e+00 2.548374e+00 9.335309e-01 4.586254e-01
<VARIANCE> 6
 3.989751e+03 5.061737e+01 7.447241e+00 7.166677e+00 8.132309e-01 1.640385e-01
<GCONST> 2.520593e+01
<STATE> 3
<MEAN> 6
 3.153957e+02 5.410944e+00 1.686831e+00 2.264992e+00 1.772747e+00 5.905215e-01
<VARIANCE> 6
 5.234860e+03 3.404372e+01 8.563714e-01 3.714334e+00 2.043275e+00 1.838371e-01
<GCONST> 2.329600e+01
<STATE> 4
<MEAN> 6
 3.466082e+02 3.864810e+00 1.908042e+00 1.126131e+00 6.167286e-01 2.672569e-01
<VARIANCE> 6
 4.400970e+03 1.147420e+01 2.187597e+00 9.540898e-01 3.923967e-01 1.416905e-02
<GCONST> 1.740058e+01
<TRANSP> 5
 0.000000e+00 1.000000e+00 0.000000e+00 0.000000e+00 0.000000e+00
 0.000000e+00 7.792763e-01 2.207238e-01 0.000000e+00 0.000000e+00
 0.000000e+00 0.000000e+00 1.708585e-01 8.291415e-01 0.000000e+00
 0.000000e+00 0.000000e+00 0.000000e+00 8.623231e-01 1.376769e-01
 0.000000e+00 0.000000e+00 0.000000e+00 0.000000e+00 0.000000e+00
<ENDHMM>
