~o
<STREAMINFO> 1 6
<VECSIZE> 6<NULLD><MFCC><DIAGC>
~h "bg_red_0_1"
<BEGINHMM>
<NUMSTATES> 5
<STATE> 2
<MEAN> 6
 2.740456e+02 6.858520e+00 4.680065e+00 4.085359e+00 2.469934e+00 1.461119e+00
<VARIANCE> 6
 3.827800e+03 6.961633e+01 2.892389e+01 1.169693e+01 4.076591e+00 1.900746e+00
<GCONST> 3.139181e+01
<STATE> 3
<MEAN> 6
 2.799731e+02 1.731204e+01 6.927807e+00 4.006213e+00 2.221534e+00 1.015252e+00
<VARIANCE> 6
 9.431188e+03 1.492542e+02 1.254526e+01 6.497301e+00 6.619569e+00 1.626398e+00
<GCONST> 3.196182e+01
<STATE> 4
<MEAN> 6
 2.952662e+02 3.295765e+00 1.803698e+00 1.553349e+00 6.881499e-01 3.337771e-01
<VARIANCE> 6
 5.829414e+03 1.534082e+01 1.692246e+00 1.956222e+00 4.297808e-01 4.382147e-02
<GCONST> 1.965341e+01
<TRANSP> 5
 0.000000e+00 1.000000e+00 0.000000e+00 0.000000e+00 0.000000e+00
 0.000000e+00 7.653587e-01 2.346413e-01 0.000000e+00 0.000000e+00
 0.000000e+00 0.000000e+00 4.482756e-01 5.517244e-01 0.000000e+00
 0.000000e+00 0.000000e+00 0.000000e+00 8.556098e-01 1.443902e-01
 0.000000e+00 0.000000e+00 0.000000e+00 0.000000e+00 0.000000e+00
<ENDHMM>
