~o
<STREAMINFO> 1 6
<VECSIZE> 6<NULLD><MFCC><DIAGC>
~h "bg_red_0_0"
<BEGINHMM>
<NUMSTATES> 5
<STATE> 2
<MEAN> 6
 2.500034e+02 1.112476e+01 4.867856e+00 2.752476e+00 2.236556e+00 8.036891e-01
<VARIANCE> 6
 9.667883e+03 1.544400e+02 2.424084e+01 3.930965e+00 2.524267e+00 5.238022e-01
<GCONST> 3.007987e+01
<STATE> 3
<MEAN> 6
 2.724190e+02 1.234769e+01 1.217166e+01 6.425311e+00 5.082701e+00 3.453271e+00
<VARIANCE> 6
 6.519299e+03 1.734301e+02 1.593514e+02 1.566143e+01 1.349664e+01 1.253718e+01
<GCONST> 3.791901e+01
<STATE> 4
<MEAN> 6
 2.407197e+02 5.120135e+00 2.858801e+00 1.819526e+00 1.755718e+00 8.261318e-01
<VARIANCE> 6
 2.324926e+03 4.687434e+01 1.222613e+01 4.351535e+00 3.941243e+00 1.299725e+00
<GCONST> 2.823392e+01
<TRANSP> 5
 0.000000e+00 1.000000e+00 0.000000e+00 0.000000e+00 0.000000e+00
 0.000000e+00 8.207740e-01 1.792260e-01 0.000000e+00 0.000000e+00
 0.000000e+00 0.000000e+00 5.035310e-01 4.964690e-01 0.000000e+00
 0.000000e+00 0.000000e+00 0.000000e+00 7.730485e-01 2.269515e-01
 0.000000e+00 0.000000e+00 0.000000e+00 0.000000e+00 0.000000e+00
<ENDHMM>
