~o
<STREAMINFO> 1 6
<VECSIZE> 6<NULLD><MFCC><DIAGC>
~h "bg_red_0_3"
<BEGINHMM>
<NUMSTATES> 5
<STATE> 2
<MEAN> 6
 3.348914e+02 6.076632e+00 2.209943e+00 2.330817e+00 9.936155e-01 2.933984e-01
<VARIANCE> 6
 7.203789e+03 2.030263e+01 3.190619e+00 2.192094e+00 8.630711e-01 9.576540e-03
<GCONST> 2.006975e+01
<STATE> 3
<MEAN> 6
 3.088437e+02 8.510286e+00 2.829130e+00 3.055457e+00 2.016998e+00 8.687165e-01
<VARIANCE> 6
 5.789851e+03 5.154609e+01 5.488030e+00 6.110125e+00 2.659723e+00 4.080156e-01
<GCONST> 2.722789e+01
<STATE> 4
<MEAN> 6
 3.131699e+02 4.148817e+00 1.663280e+00 8.410901e-01 5.121875e-01 2.764457e-01
<VARIANCE> 6
 3.741819e+03 8.368342e+00 1.771630e+00 4.837828e-01 1.494206e-01 2.041753e-02
<GCONST> 1.543247e+01
<TRANSP> 5
 0.000000e+00 1.000000e+00 0.000000e+00 0.000000e+00 0.000000e+00
 0.000000e+00 6.464285e-01 3.535715e-01 0.000000e+00 0.000000e+00
 0.000000e+00 0.000000e+00 4.562772e-01 5.437228e-01 0.000000e+00
 0.000000e+00 0.000000e+00 0.000000e+00 8.636218e-01 1.363783e-01
 0.000000e+00 0.000000e+00 0.000000e+00 0.000000e+00 0.000000e+00
<ENDHMM>
