~o
<STREAMINFO> 1 6
<VECSIZE> 6<NULLD><MFCC><DIAGC>
~h "bg_red_0"
<BEGINHMM>
<NUMSTATES> 5
<STATE> 2
<MEAN> 6
 3.069149e+02 6.084535e+00 4.286962e+00 2.156954e+00 1.483073e+00 6.568407e-01
<VARIANCE> 6
 1.292938e+04 4.089762e+01 3.499725e+01 3.703692e+00 2.748596e+00 5.684814e-01
<GCONST> 2.951649e+01
<STATE> 3
<MEAN> 6
 2.038960e+02 2.369813e+01 9.467631e+00 7.426408e+00 3.567404e+00 3.364588e+00
<VARIANCE> 6
 4.254236e+03 2.936546e+02 1.173675e+02 1.823637e+01 1.153143e+01 1.269808e+01
<GCONST> 3.772059e+01
<STATE> 4
<MEAN> 6
 2.608964e+02 5.355403e+00 3.078657e+00 1.791961e+00 1.213465e+00 5.467575e-01
<VARIANCE> 6
 2.119611e+03 3.053614e+01 1.493213e+01 3.640708e+00 2.201486e+00 7.972302e-01
<GCONST> 2.666338e+01
<TRANSP> 5
 0.000000e+00 1.000000e+00 0.000000e+00 0.000000e+00 0.000000e+00
 0.000000e+00 9.585920e-01 4.140801e-02 0.000000e+00 0.000000e+00
 0.000000e+00 0.000000e+00 7.010753e-01 2.989247e-01 0.000000e+00
 0.000000e+00 0.000000e+00 0.000000e+00 9.764732e-01 2.352679e-02
 0.000000e+00 0.000000e+00 0.000000e+00 0.000000e+00 0.000000e+00
<ENDHMM>
