~o
<STREAMINFO> 1 6
<VECSIZE> 6<NULLD><MFCC><DIAGC>
~h "bg_red_0_4"
<BEGINHMM>
<NUMSTATES> 5
<STATE> 2
<MEAN> 6
 2.661750e+02 4.464357e+00 1.539456e+00 1.107477e+00 5.043385e-01 2.835380e-01
<VARIANCE> 6
 3.362143e+03 1.103743e+01 9.995773e-01 1.024656e+00 1.259364e-01 1.756776e-02
<GCONST> 1.545915e+01
<STATE> 3
<MEAN> 6
 3.264886e+02 3.386416e+00 3.111266e+00 9.631908e-01 7.186983e-01 2.985424e-01
<VARIANCE> 6
 2.935632e+03 6.333718e+00 6.698930e+00 2.316215e-01 1.624352e-01 2.149780e-02
<GCONST> 1.563984e+01
<STATE> 4
<MEAN> 6
 2.130297e+02 8.756846e+00 6.126803e+00 2.102980e+00 1.431934e+00 5.718501e-01
<VARIANCE> 6
 1.685877e+03 4.061372e+01 3.125069e+01 2.257160e+00 1.481385e+00 2.263775e-01
<GCONST> 2.532498e+01
<TRANSP> 5
 0.000000e+00 1.000000e+00 0.000000e+00 0.000000e+00 0.000000e+00
 0.000000e+00 8.169589e-01 1.830411e-01 0.000000e+00 0.000000e+00
 0.000000e+00 0.000000e+00 6.968912e-01 3.031087e-01 0.000000e+00
 0.000000e+00 0.000000e+00 0.000000e+00 7.640173e-01 2.359826e-01
 0.000000e+00 0.000000e+00 0.000000e+00 0.000000e+00 0.000000e+00
<ENDHMM>
