~o
<STREAMINFO> 1 6
<VECSIZE> 6<NULLD><MFCC><DIAGC>
~h "bg_red_0_5"
<BEGINHMM>
<NUMSTATES> 5
<STATE> 2
<MEAN> 6
 2.025218e+02 5.713485e+00 4.206347e+00 1.972287e+00 1.376773e+00 5.823498e-01
<VARIANCE> 6
 3.486667e+03 2.705556e+01 1.315567e+01 2.639884e+00 1.077469e+00 1.797848e-01
<GCONST> 2.438807e+01
<STATE> 3
<MEAN> 6
 2.105815e+02 1.585718e+01 1.596249e+01 6.110573e+00 4.335759e+00 3.177805e+00
<VARIANCE> 6
 4.400882e+03 3.213360e+02 2.345907e+02 2.358902e+01 8.991495e+00 1.114992e+01
<GCONST> 3.841564e+01
<STATE> 4
<MEAN> 6
 2.189183e+02 1.070986e+01 1.059097e+01 4.062190e+00 3.685935e+00 2.587813e+00
<VARIANCE> 6
 3.708115e+03 1.143968e+02 8.285449e+01 9.933832e+00 8.483206e+00 8.735823e+00
<GCONST> 3.500377e+01
<TRANSP> 5
 0.000000e+00 1.000000e+00 0.000000e+00 0.000000e+00 0.000000e+00
 0.000000e+00 8.872222e-01 1.127778e-01 0.000000e+00 0.000000e+00
 0.000000e+00 0.000000e+00 2.109613e-01 7.890387e-01 0.000000e+00
 0.000000e+00 0.000000e+00 0.000000e+00 4.639915e-01 5.360085e-01
 0.000000e+00 0.000000e+00 0.000000e+00 0.000000e+00 0.000000e+00
<ENDHMM>
