~o
<STREAMINFO> 1 6
<VECSIZE> 6<NULLD><MFCC><DIAGC>
~h "bg_white_0_1"
<BEGINHMM>
<NUMSTATES> 5
<STATE> 2
<MEAN> 6
 7.780156e+02 5.998770e+00 2.906423e+00 2.317171e+00 1.948513e+00 1.504987e+00
<VARIANCE> 6
 1.393376e+03 2.668499e+02 4.948550e+01 2.168403e+01 2.038074e+01 8.741809e+00
<GCONST> 3.601440e+01
<STATE> 3
<MEAN> 6
 7.126144e+02 6.161362e+01 1.604282e+01 1.612908e+01 1.431554e+01 9.468752e+00
<VARIANCE> 6
 2.776957e+03 1.443384e+03 2.397457e+02 6.455821e+01 8.737283e+01 3.511777e+01
<GCONST> 4.390716e+01
<STATE> 4
<MEAN> 6
 7.321044e+02 1.861431e+01 6.448233e+00 7.138450e+00 5.881543e+00 4.340360e+00
<VARIANCE> 6
 1.303843e+04 8.498176e+02 5.602173e+01 5.843827e+01 5.140482e+01 1.938699e+01
<GCONST> 4.224599e+01
<TRANSP> 5
 0.000000e+00 1.000000e+00 0.000000e+00 0.000000e+00 0.000000e+00
 0.000000e+00 8.262654e-01 1.737346e-01 0.000000e+00 0.000000e+00
 0.000000e+00 0.000000e+00 7.962348e-01 2.037652e-01 0.000000e+00
 0.000000e+00 0.000000e+00 0.000000e+00 5.720069e-01 4.279931e-01
 0.000000e+00 0.000000e+00 0.000000e+00 0.000000e+00 0.000000e+00
<ENDHMM>
