~o
<STREAMINFO> 1 6
<VECSIZE> 6<NULLD><MFCC><DIAGC>
~h "bg_white_0_0"
<BEGINHMM>
<NUMSTATES> 5
<STATE> 2
<MEAN> 6
 7.873310e+02 2.213747e+00 7.787164e+00 6.800729e-01 2.478537e+00 2.959608e-01
<VARIANCE> 6
 2.367316e+03 1.012692e+02 6.230641e+02 3.107338e+00 5.315306e+01 1.993328e-01
<GCONST> 3.334337e+01
<STATE> 3
<MEAN> 6
 7.291470e+02 4.689564e+01 1.401806e+01 1.301070e+01 9.609470e+00 6.821721e+00
<VARIANCE> 6
 8.925859e+03 2.908519e+03 4.652816e+02 1.298282e+02 9.575388e+01 4.748511e+01
<GCONST> 4.753042e+01
<STATE> 4
<MEAN> 6
 7.703799e+02 1.704583e+01 6.923884e+00 6.345934e+00 4.948717e+00 3.799120e+00
<VARIANCE> 6
 2.959127e+03 7.915093e+02 1.440126e+02 6.170549e+01 5.216165e+01 2.080182e+01
<GCONST> 4.177552e+01
<TRANSP> 5
 0.000000e+00 1.000000e+00 0.000000e+00 0.000000e+00 0.000000e+00
 0.000000e+00 8.784820e-01 1.215180e-01 0.000000e+00 0.000000e+00
 0.000000e+00 0.000000e+00 5.102448e-01 4.897551e-01 0.000000e+00
 0.000000e+00 0.000000e+00 0.000000e+00 4.216062e-01 5.783939e-01
 0.000000e+00 0.000000e+00 0.000000e+00 0.000000e+00 0.000000e+00
<ENDHMM>
