~o
<STREAMINFO> 1 6
<VECSIZE> 6<NULLD><MFCC><DIAGC>
~h "bg_white_0_5"
<BEGINHMM>
<NUMSTATES> 5
<STATE> 2
<MEAN> 6
 7.249070e+02 3.026309e+00 2.819067e+00 1.015755e+00 1.507679e+00 4.954816e-01
<VARIANCE> 6
 3.446752e+03 9.817112e+01 1.189503e+01 9.145891e+00 4.963442e+00 1.603984e+00
<GCONST> 3.052318e+01
<STATE> 3
<MEAN> 6
 3.933575e+02 2.005022e+01 7.012064e+01 5.662371e+00 1.611439e+01 1.228565e+00
<VARIANCE> 6
 2.756676e+04 6.340736e+02 6.329077e+03 4.038852e+01 2.290256e+02 2.010495e+00
<GCONST> 4.628746e+01
<STATE> 4
<MEAN> 6
 2.825622e+02 5.848961e+00 3.714162e+00 2.093532e+00 1.359252e+00 5.598820e-01
<VARIANCE> 6
 1.911445e+03 4.274644e+01 1.729757e+01 4.773413e+00 1.298045e+00 4.108927e-01
<GCONST> 2.612323e+01
<TRANSP> 5
 0.000000e+00 1.000000e+00 0.000000e+00 0.000000e+00 0.000000e+00
 0.000000e+00 6.198553e-01 3.801447e-01 0.000000e+00 0.000000e+00
 0.000000e+00 0.000000e+00 5.180109e-01 4.819891e-01 0.000000e+00
 0.000000e+00 0.000000e+00 0.000000e+00 8.629140e-01 1.370860e-01
 0.000000e+00 0.000000e+00 0.000000e+00 0.000000e+00 0.000000e+00
<ENDHMM>
