~o
<STREAMINFO> 1 6
<VECSIZE> 6<NULLD><MFCC><DIAGC>
~h "bg_white_0_3"
<BEGINHMM>
<NUMSTATES> 5
<STATE> 2
<MEAN> 6
 7.479733e+02 8.074111e+00 2.883365e+00 3.535854e+00 2.189621e+00 1.664213e+00
<VARIANCE> 6
 1.268474e+03 2.062478e+02 3.505936e+01 2.282321e+01 1.966852e+01 9.072350e+00
<GCONST> 3.537098e+01
<STATE> 3
<MEAN> 6
 6.993213e+02 3.835682e+01 1.521253e+01 1.307907e+01 1.124614e+01 7.767019e+00
<VARIANCE> 6
 2.593625e+03 8.959221e+02 2.381286e+02 6.629322e+01 7.413501e+01 3.212331e+01
<GCONST> 4.312830e+01
<STATE> 4
<MEAN> 6
 6.595103e+02 1.721885e+01 4.889282e+00 6.987242e+00 4.463906e+00 3.219672e+00
<VARIANCE> 6
 2.145616e+04 5.857339e+02 6.078526e+01 8.107513e+01 5.260438e+01 2.264660e+01
<GCONST> 4.295943e+01
<TRANSP> 5
 0.000000e+00 1.000000e+00 0.000000e+00 0.000000e+00 0.000000e+00
 0.000000e+00 8.335204e-01 1.664797e-01 0.000000e+00 0.000000e+00
 0.000000e+00 0.000000e+00 7.647985e-01 2.352015e-01 0.000000e+00
 0.000000e+00 0.000000e+00 0.000000e+00 4.258111e-01 5.741889e-01
 0.000000e+00 0.000000e+00 0.000000e+00 0.000000e+00 0.000000e+00
<ENDHMM>
