~o
<STREAMINFO> 1 6
<VECSIZE> 6<NULLD><MFCC><DIAGC>
~h "bg_white_0"
<BEGINHMM>
<NUMSTATES> 5
<STATE> 2
<MEAN> 6
 7.723631e+02 3.328882e+00 3.788164e+00 1.397898e+00 1.623963e+00 7.394555e-01
<VARIANCE> 6
 1.288213e+03 5.171370e+01 2.076808e+02 5.038871e+00 2.090994e+01 3.189352e+00
<GCONST> 3.328722e+01
<STATE> 3
<MEAN> 6
 7.010775e+02 3.283797e+01 1.485670e+01 1.053692e+01 9.655117e+00 6.187085e+00
<VARIANCE> 6
 7.305435e+03 1.367318e+03 7.881494e+02 8.669754e+01 9.703657e+01 3.501358e+01
<GCONST> 4.640718e+01
<STATE> 4
<MEAN> 6
 2.840159e+02 7.745828e+00 3.839662e+00 2.777885e+00 1.444489e+00 6.065763e-01
<VARIANCE> 6
 2.172855e+03 1.041000e+02 1.878632e+01 1.092072e+01 1.722803e+00 4.894150e-01
<GCONST> 2.850961e+01
<TRANSP> 5
 0.000000e+00 1.000000e+00 0.000000e+00 0.000000e+00 0.000000e+00
 0.000000e+00 9.634670e-01 3.653301e-02 0.000000e+00 0.000000e+00
 0.000000e+00 0.000000e+00 9.704840e-01 2.951606e-02 0.000000e+00
 0.000000e+00 0.000000e+00 0.000000e+00 8.856833e-01 1.143167e-01
 0.000000e+00 0.000000e+00 0.000000e+00 0.000000e+00 0.000000e+00
<ENDHMM>
