~o
<STREAMINFO> 1 6
<VECSIZE> 6<NULLD><MFCC><DIAGC>
~h "bg_white_0_4"
<BEGINHMM>
<NUMSTATES> 5
<STATE> 2
<MEAN> 6
 7.290200e+02 1.129175e+01 4.677308e+00 4.642911e+00 4.008844e+00 3.045162e+00
<VARIANCE> 6
 2.856705e+03 3.649594e+02 5.732308e+01 3.985714e+01 4.358598e+01 2.113362e+01
<GCONST> 3.944408e+01
<STATE> 3
<MEAN> 6
 6.735256e+02 3.819119e+01 1.576172e+01 1.398751e+01 1.162455e+01 8.521015e+00
<VARIANCE> 6
 6.992456e+03 8.964487e+02 2.470221e+02 6.913562e+01 6.778698e+01 3.465586e+01
<GCONST> 4.418567e+01
<STATE> 4
<MEAN> 6
 7.163172e+02 3.002295e+00 1.408484e+00 1.315694e+00 8.511842e-01 7.153575e-01
<VARIANCE> 6
 6.847518e+03 4.878918e+01 3.572510e+00 5.775096e+00 2.137608e+00 1.864432e+00
<GCONST> 2.815588e+01
<TRANSP> 5
 0.000000e+00 1.000000e+00 0.000000e+00 0.000000e+00 0.000000e+00
 0.000000e+00 6.365640e-01 3.634360e-01 0.000000e+00 0.000000e+00
 0.000000e+00 0.000000e+00 7.150380e-01 2.849620e-01 0.000000e+00
 0.000000e+00 0.000000e+00 0.000000e+00 8.516154e-01 1.483846e-01
 0.000000e+00 0.000000e+00 0.000000e+00 0.000000e+00 0.000000e+00
<ENDHMM>
