~o
<STREAMINFO> 1 6
<VECSIZE> 6<NULLD><MFCC><DIAGC>
~h "bg_white_0_2"
<BEGINHMM>
<NUMSTATES> 5
<STATE> 2
<MEAN> 6
 7.589564e+02 9.210217e+00 3.247931e+00 3.636118e+00 2.806578e+00 2.209255e+00
<VARIANCE> 6
 1.363696e+03 3.298510e+02 2.668753e+01 2.568863e+01 2.326007e+01 1.328904e+01
<GCONST> 3.630778e+01
<STATE> 3
<MEAN> 6
 6.907026e+02 5.084624e+01 1.663080e+01 1.585100e+01 1.403647e+01 9.345496e+00
<VARIANCE> 6
 3.856565e+03 1.539945e+03 2.743677e+02 7.784882e+01 1.077713e+02 3.744355e+01
<GCONST> 4.489638e+01
<STATE> 4
<MEAN> 6
 6.967578e+02 1.833300e+01 7.359159e+00 7.761697e+00 6.272469e+00 4.821383e+00
<VARIANCE> 6
 1.473796e+04 5.707149e+02 1.058314e+02 5.327905e+01 5.553519e+01 2.115056e+01
<GCONST> 4.267841e+01
<TRANSP> 5
 0.000000e+00 1.000000e+00 0.000000e+00 0.000000e+00 0.000000e+00
 0.000000e+00 8.455023e-01 1.544977e-01 0.000000e+00 0.000000e+00
 0.000000e+00 0.000000e+00 7.730427e-01 2.269573e-01 0.000000e+00
 0.000000e+00 0.000000e+00 0.000000e+00 5.285900e-01 4.714100e-01
 0.000000e+00 0.000000e+00 0.000000e+00 0.000000e+00 0.000000e+00
<ENDHMM>
