~o
<STREAMINFO> 1 6
<VECSIZE> 6<NULLD><MFCC><DIAGC>
~h "fp_key_4"
<BEGINHMM>
<NUMSTATES> 5
<STATE> 2
<MEAN> 6
 2.930968e+02 1.297107e+01 5.437865e+00 3.713625e+00 2.591294e+00 1.440300e+00
<VARIANCE> 6
 7.204074e+03 6.918175e+02 1.091074e+02 2.228484e+01 7.141350e+00 2.519135e+00
<GCONST> 3.713504e+01
<STATE> 3
<MEAN> 6
 4.796393e+02 6.811595e+01 6.875739e+01 1.698139e+01 2.509113e+01 7.423740e+00
<VARIANCE> 6
 2.795182e+04 3.793528e+03 4.752836e+03 2.629702e+02 4.039787e+02 3.875562e+01
<GCONST> 5.320372e+01
<STATE> 4
<MEAN> 6
 4.377492e+02 6.061811e+01 1.680112e+01 1.451574e+01 5.458802e+00 2.856268e+00
<VARIANCE> 6
 2.719024e+04 2.611697e+03 6.339451e+02 1.233830e+02 4.484978e+01 9.758420e+00
<GCONST> 4.645433e+01
<TRANSP> 5
 0.000000e+00 1.000000e+00 0.000000e+00 0.000000e+00 0.000000e+00
 0.000000e+00 8.514305e-01 1.485695e-01 0.000000e+00 0.000000e+00
 0.000000e+00 0.000000e+00 5.432225e-01 4.567775e-01 0.000000e+00
 0.000000e+00 0.000000e+00 0.000000e+00 7.548953e-01 2.451047e-01
 0.000000e+00 0.000000e+00 0.000000e+00 0.000000e+00 0.000000e+00
<ENDHMM>
