~o
<STREAMINFO> 1 6
<VECSIZE> 6<NULLD><MFCC><DIAGC>
~h "fp_key_3"
<BEGINHMM>
<NUMSTATES> 5
<STATE> 2
<MEAN> 6
 2.069893e+02 1.764445e+01 5.039282e+00 5.443074e+00 2.823289e+00 1.450390e+00
<VARIANCE> 6
 9.174743e+03 7.985317e+02 1.958575e+01 7.787128e+01 4.842367e+00 3.740739e+00
<GCONST> 3.706079e+01
<STATE> 3
<MEAN> 6
 4.330460e+02 8.447916e+01 7.182071e+01 2.827539e+01 2.693501e+01 1.153703e+01
<VARIANCE> 6
 2.412433e+04 5.116219e+03 4.830720e+03 3.953315e+02 4.784111e+02 7.869276e+01
<GCONST> 5.465691e+01
<STATE> 4
<MEAN> 6
 3.543867e+02 4.808762e+01 8.837453e+00 1.100552e+01 3.091718e+00 1.973976e+00
<VARIANCE> 6
 2.205589e+04 2.169919e+03 2.038602e+02 8.387219e+01 7.725681e+00 2.871721e+00
<GCONST> 4.155724e+01
<TRANSP> 5
 0.000000e+00 1.000000e+00 0.000000e+00 0.000000e+00 0.000000e+00
 0.000000e+00 7.669096e-01 2.330904e-01 0.000000e+00 0.000000e+00
 0.000000e+00 0.000000e+00 6.296414e-01 3.703586e-01 0.000000e+00
 0.000000e+00 0.000000e+00 0.000000e+00 8.003886e-01 1.996114e-01
 0.000000e+00 0.000000e+00 0.000000e+00 0.000000e+00 0.000000e+00
<ENDHMM>
