~o
<STREAMINFO> 1 6
<VECSIZE> 6<NULLD><MFCC><DIAGC>
~h "fp_key_5"
<BEGINHMM>
<NUMSTATES> 5
<STATE> 2
<MEAN> 6
 4.719686e+02 7.902162e+01 1.347018e+01 1.640358e+01 4.075901e+00 2.458562e+00
<VARIANCE> 6
 3.576811e+04 3.566668e+03 4.678318e+02 1.336067e+02 3.303933e+01 8.443689e+00
<GCONST> 4.636559e+01
<STATE> 3
<MEAN> 6
 5.573391e+02 7.792444e+01 6.446184e+01 2.299815e+01 2.155795e+01 9.364811e+00
<VARIANCE> 6
 3.111492e+04 3.975891e+03 3.315629e+03 2.748357e+02 3.198693e+02 5.863610e+01
<GCONST> 5.322255e+01
<STATE> 4
<MEAN> 6
 3.971943e+02 4.542980e+00 4.586976e+00 1.583216e+00 1.507948e+00 8.523234e-01
<VARIANCE> 6
 2.535432e+03 1.476306e+02 2.509924e+02 4.469543e+00 6.564829e+00 2.180631e+00
<GCONST> 3.354414e+01
<TRANSP> 5
 0.000000e+00 1.000000e+00 0.000000e+00 0.000000e+00 0.000000e+00
 0.000000e+00 7.855561e-01 2.144439e-01 0.000000e+00 0.000000e+00
 0.000000e+00 0.000000e+00 4.768790e-01 5.231211e-01 0.000000e+00
 0.000000e+00 0.000000e+00 0.000000e+00 8.156740e-01 1.843260e-01
 0.000000e+00 0.000000e+00 0.000000e+00 0.000000e+00 0.000000e+00
<ENDHMM>
