~o
<STREAMINFO> 1 6
<VECSIZE> 6<NULLD><MFCC><DIAGC>
~h "fp_key_0"
<BEGINHMM>
<NUMSTATES> 5
<STATE> 2
<MEAN> 6
 3.336584e+02 8.599335e+01 5.773754e+00 1.509627e+01 1.960729e+00 1.089829e+00
<VARIANCE> 6
 3.889657e+04 4.632364e+03 3.959258e+01 1.780436e+02 2.551852e+00 1.166661e+00
<GCONST> 3.998838e+01
<STATE> 3
<MEAN> 6
 2.596836e+02 5.838014e+01 4.088556e+01 1.587811e+01 1.672354e+01 6.236737e+00
<VARIANCE> 6
 2.461001e+04 2.988965e+03 2.215623e+03 1.315109e+02 2.750697e+02 3.236484e+01
<GCONST> 5.081733e+01
<STATE> 4
<MEAN> 6
 1.157415e+02 1.212366e+01 3.290014e+00 3.253499e+00 1.136831e+00 6.380944e-01
<VARIANCE> 6
 7.127424e+03 7.626766e+02 2.666034e+01 3.324905e+01 1.434743e+00 1.187549e+00
<GCONST> 3.385588e+01
<TRANSP> 5
 0.000000e+00 1.000000e+00 0.000000e+00 0.000000e+00 0.000000e+00
 0.000000e+00 7.818804e-01 2.181196e-01 0.000000e+00 0.000000e+00
 0.000000e+00 0.000000e+00 5.334235e-01 4.665765e-01 0.000000e+00
 0.000000e+00 0.000000e+00 0.000000e+00 8.103219e-01 1.896781e-01
 0.000000e+00 0.000000e+00 0.000000e+00 0.000000e+00 0.000000e+00
<ENDHMM>
