~o
<STREAMINFO> 1 6
<VECSIZE> 6<NULLD><MFCC><DIAGC>
~h "fp_key"
<BEGINHMM>
<NUMSTATES> 5
<STATE> 2
<MEAN> 6
 1.269274e+02 1.327617e+01 3.223298e+00 2.890390e+00 1.454258e+00 7.819632e-01
<VARIANCE> 6
 6.580501e+03 7.168658e+02 1.645705e+01 2.376592e+01 1.975659e+00 1.194557e+00
<GCONST> 3.322170e+01
<STATE> 3
<MEAN> 6
 3.500835e+02 5.842957e+01 2.567455e+01 1.460054e+01 9.741888e+00 3.946089e+00
<VARIANCE> 6
 3.410279e+04 3.437450e+03 1.990017e+03 1.982533e+02 2.257204e+02 3.201665e+01
<GCONST> 5.137788e+01
<STATE> 4
<MEAN> 6
 3.290213e+02 4.215106e+00 4.163883e+00 1.787085e+00 1.898656e+00 1.065297e+00
<VARIANCE> 6
 9.583964e+03 8.363293e+01 1.329090e+02 3.359760e+00 4.491984e+00 2.281859e+00
<GCONST> 3.305037e+01
<TRANSP> 5
 0.000000e+00 1.000000e+00 0.000000e+00 0.000000e+00 0.000000e+00
 0.000000e+00 9.364823e-01 6.351769e-02 0.000000e+00 0.000000e+00
 0.000000e+00 0.000000e+00 9.771087e-01 2.289130e-02 0.000000e+00
 0.000000e+00 0.000000e+00 0.000000e+00 9.054072e-01 9.459274e-02
 0.000000e+00 0.000000e+00 0.000000e+00 0.000000e+00 0.000000e+00
<ENDHMM>
