~o
<STREAMINFO> 1 6
<VECSIZE> 6<NULLD><MFCC><DIAGC>
~h "fp_key_2"
<BEGINHMM>
<NUMSTATES> 5
<STATE> 2
<MEAN> 6
 2.997443e+02 6.158264e+01 1.491558e+01 1.372832e+01 6.722355e+00 2.573081e+00
<VARIANCE> 6
 1.936400e+04 2.587312e+03 8.240807e+02 9.240451e+01 1.089423e+02 1.646084e+01
<GCONST> 4.748906e+01
<STATE> 3
<MEAN> 6
 3.190414e+02 6.426934e+01 5.622496e+01 2.081712e+01 2.561572e+01 8.023720e+00
<VARIANCE> 6
 2.834391e+04 4.320761e+03 3.725935e+03 4.695085e+02 4.974769e+02 6.640797e+01
<GCONST> 5.443074e+01
<STATE> 4
<MEAN> 6
 1.536851e+02 9.602265e+00 3.900673e+00 3.264704e+00 2.126091e+00 1.193826e+00
<VARIANCE> 6
 6.235214e+03 4.402665e+02 1.614840e+01 4.764389e+01 3.704244e+00 2.829213e+00
<GCONST> 3.484766e+01
<TRANSP> 5
 0.000000e+00 1.000000e+00 0.000000e+00 0.000000e+00 0.000000e+00
 0.000000e+00 7.336990e-01 2.663011e-01 0.000000e+00 0.000000e+00
 0.000000e+00 0.000000e+00 5.801870e-01 4.198130e-01 0.000000e+00
 0.000000e+00 0.000000e+00 0.000000e+00 8.542877e-01 1.457123e-01
 0.000000e+00 0.000000e+00 0.000000e+00 0.000000e+00 0.000000e+00
<ENDHMM>
