~o
<STREAMINFO> 1 6
<VECSIZE> 6<NULLD><MFCC><DIAGC>
~h "fp_key_1"
<BEGINHMM>
<NUMSTATES> 5
<STATE> 2
<MEAN> 6
 1.100879e+02 8.613264e+00 3.114409e+00 2.318004e+00 1.377124e+00 5.979262e-01
<VARIANCE> 6
 5.559699e+03 5.215082e+02 2.884067e+01 2.210581e+01 1.995338e+00 8.661205e-01
<GCONST> 3.291200e+01
<STATE> 3
<MEAN> 6
 2.883654e+02 4.661923e+01 5.242045e+01 1.713619e+01 1.902723e+01 7.412353e+00
<VARIANCE> 6
 2.929532e+04 2.532720e+03 4.288011e+03 2.890489e+02 3.691812e+02 5.976126e+01
<GCONST> 5.318132e+01
<STATE> 4
<MEAN> 6
 2.928483e+02 6.519914e+01 1.736726e+01 1.375530e+01 6.590974e+00 2.641248e+00
<VARIANCE> 6
 1.930112e+04 2.695435e+03 8.811201e+02 7.816428e+01 9.862821e+01 1.597918e+01
<GCONST> 4.729715e+01
<TRANSP> 5
 0.000000e+00 1.000000e+00 0.000000e+00 0.000000e+00 0.000000e+00
 0.000000e+00 8.529626e-01 1.470374e-01 0.000000e+00 0.000000e+00
 0.000000e+00 0.000000e+00 5.699372e-01 4.300628e-01 0.000000e+00
 0.000000e+00 0.000000e+00 0.000000e+00 7.418534e-01 2.581466e-01
 0.000000e+00 0.000000e+00 0.000000e+00 0.000000e+00 0.000000e+00
<ENDHMM>
