~o
<STREAMINFO> 1 6
<VECSIZE> 6<NULLD><MFCC><DIAGC>
~h "fp_logo_5"
<BEGINHMM>
<NUMSTATES> 5
<STATE> 2
<MEAN> 6
 2.976577e+02 7.993651e+00 4.013642e+00 6.726640e+00 2.305661e+00 9.409326e-01
<VARIANCE> 6
 3.782477e+03 9.418737e+01 9.825063e+00 3.518731e+01 1.098423e+00 3.545118e-01
<GCONST> 2.871317e+01
<STATE> 3
<MEAN> 6
 3.560363e+02 3.719374e+00 2.723360e+00 2.085515e+00 1.981686e+00 8.698698e-01
<VARIANCE> 6
 9.107178e+02 2.638462e+01 3.598219e+00 6.251502e+00 8.989566e-01 4.741212e-01
<GCONST> 2.337473e+01
<STATE> 4
<MEAN> 6
 3.881112e+02 2.526342e+00 2.373605e+00 1.109912e+00 9.826260e-01 2.976591e-01
<VARIANCE> 6
 4.448320e+02 2.005160e+01 4.338230e+00 6.777021e+00 1.535426e+00 3.480539e-02
<GCONST> 2.057510e+01
<TRANSP> 5
 0.000000e+00 1.000000e+00 0.000000e+00 0.000000e+00 0.000000e+00
 0.000000e+00 3.783096e-01 6.216904e-01 0.000000e+00 0.000000e+00
 0.000000e+00 0.000000e+00 8.025100e-01 1.974899e-01 0.000000e+00
 0.000000e+00 0.000000e+00 0.000000e+00 8.123099e-01 1.876901e-01
 0.000000e+00 0.000000e+00 0.000000e+00 0.000000e+00 0.000000e+00
<ENDHMM>
