~o
<STREAMINFO> 1 6
<VECSIZE> 6<NULLD><MFCC><DIAGC>
~h "fp_logo_0"
<BEGINHMM>
<NUMSTATES> 5
<STATE> 2
<MEAN> 6
 1.109952e+02 1.124610e+01 3.588381e+00 4.304151e+00 1.691890e+00 5.356985e-01
<VARIANCE> 6
 9.003416e+02 4.747877e+02 6.403156e+01 3.181849e+01 2.195946e+00 1.840151e-01
<GCONST> 3.070620e+01
<STATE> 3
<MEAN> 6
 1.442593e+02 3.928597e+01 4.439170e+00 1.183753e+01 2.315386e+00 1.138587e+00
<VARIANCE> 6
 3.332059e+03 3.446601e+03 5.961170e+01 1.960408e+02 6.980216e+00 2.630302e+00
<GCONST> 3.956011e+01
<STATE> 4
<MEAN> 6
 1.129981e+02 4.353828e+00 2.931229e+00 1.989647e+00 1.469376e+00 5.571917e-01
<VARIANCE> 6
 3.697566e+02 2.233274e+01 6.796019e+00 3.726632e+00 1.479507e+00 3.108339e-01
<GCONST> 2.250121e+01
<TRANSP> 5
 0.000000e+00 1.000000e+00 0.000000e+00 0.000000e+00 0.000000e+00
 0.000000e+00 4.365990e-01 5.634010e-01 0.000000e+00 0.000000e+00
 0.000000e+00 0.000000e+00 3.259473e-01 6.740527e-01 0.000000e+00
 0.000000e+00 0.000000e+00 0.000000e+00 8.856032e-01 1.143968e-01
 0.000000e+00 0.000000e+00 0.000000e+00 0.000000e+00 0.000000e+00
<ENDHMM>
