~o
<STREAMINFO> 1 6
<VECSIZE> 6<NULLD><MFCC><DIAGC>
~h "fp_logo_4"
<BEGINHMM>
<NUMSTATES> 5
<STATE> 2
<MEAN> 6
 2.396856e+02 6.590312e+00 6.599155e+00 3.035153e+00 3.281785e+00 1.523411e+00
<VARIANCE> 6
 1.048654e+03 6.531187e+01 4.161503e+01 4.606031e+00 2.721289e+00 1.082523e+00
<GCONST> 2.849793e+01
<STATE> 3
<MEAN> 6
 2.690735e+02 2.073435e+01 4.514064e+00 6.744429e+00 2.485045e+00 1.397112e+00
<VARIANCE> 6
 8.176090e+02 5.720674e+02 8.208730e+00 3.056555e+01 1.276817e+00 7.352201e-01
<GCONST> 2.954476e+01
<STATE> 4
<MEAN> 6
 3.091032e+02 3.727371e+00 3.301452e+00 2.000622e+00 2.338348e+00 7.523490e-01
<VARIANCE> 6
 6.372728e+02 1.293991e+01 6.618694e+00 3.023705e+00 1.591670e+00 1.847996e-01
<GCONST> 2.181746e+01
<TRANSP> 5
 0.000000e+00 1.000000e+00 0.000000e+00 0.000000e+00 0.000000e+00
 0.000000e+00 7.608515e-01 2.391485e-01 0.000000e+00 0.000000e+00
 0.000000e+00 0.000000e+00 4.089121e-01 5.910880e-01 0.000000e+00
 0.000000e+00 0.000000e+00 0.000000e+00 8.596826e-01 1.403174e-01
 0.000000e+00 0.000000e+00 0.000000e+00 0.000000e+00 0.000000e+00
<ENDHMM>
