~o
<STREAMINFO> 1 6
<VECSIZE> 6<NULLD><MFCC><DIAGC>
~h "fp_logo_3"
<BEGINHMM>
<NUMSTATES> 5
<STATE> 2
<MEAN> 6
 1.972515e+02 1.713969e+01 2.051802e+01 6.131243e+00 5.758377e+00 2.589462e+00
<VARIANCE> 6
 1.419743e+04 5.590079e+02 2.887874e+03 5.154399e+01 1.075648e+02 1.269893e+01
<GCONST> 4.604456e+01
<STATE> 3
<MEAN> 6
 3.431165e+02 7.447015e+01 6.110785e+01 1.895675e+01 1.734178e+01 9.425384e+00
<VARIANCE> 6
 2.827321e+04 7.577113e+03 6.353517e+03 3.525897e+02 2.986178e+02 6.427740e+01
<GCONST> 5.469426e+01
<STATE> 4
<MEAN> 6
 2.112317e+02 4.892601e+00 3.637833e+00 2.839142e+00 2.709960e+00 1.397102e+00
<VARIANCE> 6
 1.277978e+03 3.930412e+01 7.944395e+00 3.601738e+00 2.950075e+00 2.087735e+00
<GCONST> 2.702342e+01
<TRANSP> 5
 0.000000e+00 1.000000e+00 0.000000e+00 0.000000e+00 0.000000e+00
 0.000000e+00 4.987501e-01 5.012499e-01 0.000000e+00 0.000000e+00
 0.000000e+00 0.000000e+00 6.830443e-01 3.169557e-01 0.000000e+00
 0.000000e+00 0.000000e+00 0.000000e+00 8.540140e-01 1.459860e-01
 0.000000e+00 0.000000e+00 0.000000e+00 0.000000e+00 0.000000e+00
<ENDHMM>
