~o
<STREAMINFO> 1 6
<VECSIZE> 6<NULLD><MFCC><DIAGC>
~h "fp_logo_2"
<BEGINHMM>
<NUMSTATES> 5
<STATE> 2
<MEAN> 6
 1.769164e+02 2.417027e+01 1.444805e+01 1.053507e+01 4.013389e+00 2.905566e+00
<VARIANCE> 6
 3.921337e+03 2.475786e+03 1.020807e+03 1.093935e+02 1.890995e+01 1.430497e+01
<GCONST> 4.433936e+01
<STATE> 3
<MEAN> 6
 3.600122e+02 5.961162e+01 6.917435e+01 1.667611e+01 2.084953e+01 8.065419e+00
<VARIANCE> 6
 4.125253e+04 4.413746e+03 5.520709e+03 2.789948e+02 2.173976e+02 5.671372e+01
<GCONST> 5.371441e+01
<STATE> 4
<MEAN> 6
 1.700257e+02 5.766320e+00 7.961253e+00 2.684145e+00 2.971042e+00 1.249354e+00
<VARIANCE> 6
 4.848906e+03 1.472838e+02 8.316918e+02 1.421571e+01 3.359081e+01 4.561952e+00
<GCONST> 3.891594e+01
<TRANSP> 5
 0.000000e+00 1.000000e+00 0.000000e+00 0.000000e+00 0.000000e+00
 0.000000e+00 4.481207e-01 5.518793e-01 0.000000e+00 0.000000e+00
 0.000000e+00 0.000000e+00 7.300532e-01 2.699468e-01 0.000000e+00
 0.000000e+00 0.000000e+00 0.000000e+00 8.663740e-01 1.336260e-01
 0.000000e+00 0.000000e+00 0.000000e+00 0.000000e+00 0.000000e+00
<ENDHMM>
