~o
<STREAMINFO> 1 6
<VECSIZE> 6<NULLD><MFCC><DIAGC>
~h "fp_logo"
<BEGINHMM>
<NUMSTATES> 5
<STATE> 2
<MEAN> 6
 1.212952e+02 6.152107e+00 3.495719e+00 3.183282e+00 1.990189e+00 9.081760e-01
<VARIANCE> 6
 6.425477e+02 8.949854e+01 1.816533e+01 1.488528e+01 2.833905e+00 1.299605e+00
<GCONST> 2.889053e+01
<STATE> 3
<MEAN> 6
 3.370341e+02 6.911166e+01 5.835763e+01 1.845366e+01 1.697790e+01 7.789584e+00
<VARIANCE> 6
 3.150765e+04 5.171627e+03 5.529429e+03 2.795914e+02 2.430511e+02 5.470232e+01
<GCONST> 5.368254e+01
<STATE> 4
<MEAN> 6
 2.714310e+02 4.115039e+00 3.558807e+00 2.368879e+00 2.132963e+00 9.388288e-01
<VARIANCE> 6
 7.007144e+03 2.029482e+01 1.148730e+01 6.481768e+00 2.161124e+00 1.184088e+00
<GCONST> 2.814215e+01
<TRANSP> 5
 0.000000e+00 1.000000e+00 0.000000e+00 0.000000e+00 0.000000e+00
 0.000000e+00 9.587706e-01 4.122942e-02 0.000000e+00 0.000000e+00
 0.000000e+00 0.000000e+00 8.868970e-01 1.131031e-01 0.000000e+00
 0.000000e+00 0.000000e+00 0.000000e+00 9.729027e-01 2.709734e-02
 0.000000e+00 0.000000e+00 0.000000e+00 0.000000e+00 0.000000e+00
<ENDHMM>
