~o
<STREAMINFO> 1 6
<VECSIZE> 6<NULLD><MFCC><DIAGC>
~h "fp_logo_1"
<BEGINHMM>
<NUMSTATES> 5
<STATE> 2
<MEAN> 6
 1.251945e+02 3.900998e+00 3.224211e+00 2.228284e+00 1.805136e+00 7.152763e-01
<VARIANCE> 6
 7.211589e+02 1.755274e+01 7.836907e+00 3.450344e+00 1.789145e+00 6.065820e-01
<GCONST> 2.385247e+01
<STATE> 3
<MEAN> 6
 1.474605e+02 1.376495e+01 4.619877e+00 5.283145e+00 3.065060e+00 1.691465e+00
<VARIANCE> 6
 6.128594e+02 1.941900e+02 2.791023e+01 1.730234e+01 4.479708e+00 2.583066e+00
<GCONST> 3.134260e+01
<STATE> 4
<MEAN> 6
 2.001483e+02 3.506748e+01 2.366882e+01 1.241406e+01 6.033344e+00 4.067698e+00
<VARIANCE> 6
 1.252409e+04 3.691161e+03 1.369501e+03 2.440239e+02 4.322035e+01 2.585703e+01
<GCONST> 4.841473e+01
<TRANSP> 5
 0.000000e+00 1.000000e+00 0.000000e+00 0.000000e+00 0.000000e+00
 0.000000e+00 8.820480e-01 1.179520e-01 0.000000e+00 0.000000e+00
 0.000000e+00 0.000000e+00 6.952354e-01 3.047647e-01 0.000000e+00
 0.000000e+00 0.000000e+00 0.000000e+00 1.940378e-01 8.059623e-01
 0.000000e+00 0.000000e+00 0.000000e+00 0.000000e+00 0.000000e+00
<ENDHMM>
