~o
<STREAMINFO> 1 6
<VECSIZE> 6<NULLD><MFCC><DIAGC>
~h "fp_screen_5"
<BEGINHMM>
<NUMSTATES> 5
<STATE> 2
<MEAN> 6
 3.596256e+02 5.790213e+00 6.267588e+00 3.153373e+00 2.661273e+00 1.194348e+00
<VARIANCE> 6
 1.961714e+03 3.532796e+01 2.787269e+01 1.247383e+01 2.400225e+00 1.144527e+00
<GCONST> 2.903535e+01
<STATE> 3
<MEAN> 6
 4.352305e+02 4.829876e+01 2.659758e+01 1.318861e+01 1.208811e+01 5.899457e+00
<VARIANCE> 6
 2.254683e+04 3.930359e+03 1.561106e+03 1.457476e+02 1.885072e+02 3.157671e+01
<GCONST> 5.035368e+01
<STATE> 4
<MEAN> 6
 3.148404e+02 5.782810e+00 8.349257e+00 3.277059e+00 3.614734e+00 1.985233e+00
<VARIANCE> 6
 2.556768e+03 2.258330e+01 4.696117e+01 3.731703e+00 3.929555e+00 2.136621e+00
<GCONST> 2.928491e+01
<TRANSP> 5
 0.000000e+00 1.000000e+00 0.000000e+00 0.000000e+00 0.000000e+00
 0.000000e+00 7.642900e-01 2.357100e-01 0.000000e+00 0.000000e+00
 0.000000e+00 0.000000e+00 4.114950e-01 5.885051e-01 0.000000e+00
 0.000000e+00 0.000000e+00 0.000000e+00 8.349366e-01 1.650634e-01
 0.000000e+00 0.000000e+00 0.000000e+00 0.000000e+00 0.000000e+00
<ENDHMM>
