~o
<STREAMINFO> 1 6
<VECSIZE> 6<NULLD><MFCC><DIAGC>
~h "fp_screen_2"
<BEGINHMM>
<NUMSTATES> 5
<STATE> 2
<MEAN> 6
 3.057113e+02 1.287340e+01 3.600281e+00 3.516759e+00 2.085701e+00 1.197153e+00
<VARIANCE> 6
 1.365899e+04 5.711632e+02 3.237446e+01 2.702528e+01 7.603158e+00 2.906715e+00
<GCONST> 3.676682e+01
<STATE> 3
<MEAN> 6
 5.216978e+02 7.156572e+01 3.926147e+01 2.010798e+01 1.714704e+01 7.584895e+00
<VARIANCE> 6
 3.821383e+04 5.153016e+03 2.596248e+03 2.936893e+02 3.881294e+02 7.390951e+01
<GCONST> 5.393408e+01
<STATE> 4
<MEAN> 6
 4.741162e+02 2.324490e+01 3.386989e+01 6.679573e+00 1.071532e+01 2.813336e+00
<VARIANCE> 6
 3.452591e+04 1.449074e+03 2.963663e+03 8.298891e+01 2.158854e+02 1.296619e+01
<GCONST> 4.910539e+01
<TRANSP> 5
 0.000000e+00 1.000000e+00 0.000000e+00 0.000000e+00 0.000000e+00
 0.000000e+00 8.678299e-01 1.321701e-01 0.000000e+00 0.000000e+00
 0.000000e+00 0.000000e+00 6.786761e-01 3.213240e-01 0.000000e+00
 0.000000e+00 0.000000e+00 0.000000e+00 5.693126e-01 4.306875e-01
 0.000000e+00 0.000000e+00 0.000000e+00 0.000000e+00 0.000000e+00
<ENDHMM>
