~o
<STREAMINFO> 1 6
<VECSIZE> 6<NULLD><MFCC><DIAGC>
~h "fp_screen_3"
<BEGINHMM>
<NUMSTATES> 5
<STATE> 2
<MEAN> 6
 3.167711e+02 2.635677e+01 1.531289e+01 6.112146e+00 5.802738e+00 2.852121e+00
<VARIANCE> 6
 2.590973e+04 1.356036e+03 1.312357e+03 5.456933e+01 1.176083e+02 1.103554e+01
<GCONST> 4.674949e+01
<STATE> 3
<MEAN> 6
 5.066392e+02 6.867970e+01 5.314857e+01 1.601340e+01 1.786020e+01 6.737739e+00
<VARIANCE> 6
 4.629591e+04 4.076513e+03 4.462179e+03 1.903869e+02 3.340935e+02 5.038168e+01
<GCONST> 5.346657e+01
<STATE> 4
<MEAN> 6
 3.027453e+02 6.527191e+00 3.662282e+00 2.140091e+00 1.787109e+00 6.382464e-01
<VARIANCE> 6
 3.468942e+03 6.667597e+01 9.018954e+00 4.928209e+00 1.294808e+00 2.643878e-01
<GCONST> 2.610104e+01
<TRANSP> 5
 0.000000e+00 1.000000e+00 0.000000e+00 0.000000e+00 0.000000e+00
 0.000000e+00 6.552005e-01 3.447995e-01 0.000000e+00 0.000000e+00
 0.000000e+00 0.000000e+00 6.906412e-01 3.093588e-01 0.000000e+00
 0.000000e+00 0.000000e+00 0.000000e+00 8.295630e-01 1.704370e-01
 0.000000e+00 0.000000e+00 0.000000e+00 0.000000e+00 0.000000e+00
<ENDHMM>
