~o
<STREAMINFO> 1 6
<VECSIZE> 6<NULLD><MFCC><DIAGC>
~h "fp_screen"
<BEGINHMM>
<NUMSTATES> 5
<STATE> 2
<MEAN> 6
 3.041389e+02 9.129615e+00 7.339648e+00 3.152760e+00 3.104516e+00 1.359135e+00
<VARIANCE> 6
 2.214878e+04 1.317165e+02 2.775052e+02 1.228842e+01 2.280808e+01 3.901619e+00
<GCONST> 3.853645e+01
<STATE> 3
<MEAN> 6
 5.102300e+02 6.307920e+01 4.216251e+01 1.814268e+01 1.621377e+01 6.558420e+00
<VARIANCE> 6
 3.158298e+04 3.734937e+03 2.993274e+03 2.221987e+02 3.146909e+02 5.516312e+01
<GCONST> 5.278270e+01
<STATE> 4
<MEAN> 6
 3.259636e+02 5.793844e+00 5.012603e+00 2.341634e+00 2.287374e+00 1.128005e+00
<VARIANCE> 6
 3.934338e+03 2.513996e+01 3.116899e+01 3.310281e+00 3.366393e+00 1.709608e+00
<GCONST> 2.891578e+01
<TRANSP> 5
 0.000000e+00 1.000000e+00 0.000000e+00 0.000000e+00 0.000000e+00
 0.000000e+00 9.539955e-01 4.600454e-02 0.000000e+00 0.000000e+00
 0.000000e+00 0.000000e+00 9.158510e-01 8.414906e-02 0.000000e+00
 0.000000e+00 0.000000e+00 0.000000e+00 9.725119e-01 2.748813e-02
 0.000000e+00 0.000000e+00 0.000000e+00 0.000000e+00 0.000000e+00
<ENDHMM>
