~o
<STREAMINFO> 1 6
<VECSIZE> 6<NULLD><MFCC><DIAGC>
~h "fp_screen_4"
<BEGINHMM>
<NUMSTATES> 5
<STATE> 2
<MEAN> 6
 3.048317e+02 6.470604e+00 4.026496e+00 2.177014e+00 1.776873e+00 6.715980e-01
<VARIANCE> 6
 3.898811e+03 9.291731e+01 1.206417e+01 7.554314e+00 1.021127e+00 2.216692e-01
<GCONST> 2.685410e+01
<STATE> 3
<MEAN> 6
 3.147110e+02 1.172013e+01 1.285184e+01 6.174268e+00 4.059249e+00 2.103921e+00
<VARIANCE> 6
 8.126064e+03 1.661092e+02 1.777285e+02 6.368464e+01 7.222913e+00 4.969092e+00
<GCONST> 3.805743e+01
<STATE> 4
<MEAN> 6
 3.426026e+02 4.965660e+00 4.127530e+00 2.198933e+00 2.168192e+00 8.233057e-01
<VARIANCE> 6
 1.506476e+03 2.869709e+01 1.357763e+01 7.881660e+00 1.250957e+00 5.540029e-01
<GCONST> 2.600787e+01
<TRANSP> 5
 0.000000e+00 1.000000e+00 0.000000e+00 0.000000e+00 0.000000e+00
 0.000000e+00 7.176428e-01 2.823572e-01 0.000000e+00 0.000000e+00
 0.000000e+00 0.000000e+00 6.352539e-01 3.647461e-01 0.000000e+00
 0.000000e+00 0.000000e+00 0.000000e+00 8.511186e-01 1.488814e-01
 0.000000e+00 0.000000e+00 0.000000e+00 0.000000e+00 0.000000e+00
<ENDHMM>
