~o
<STREAMINFO> 1 6
<VECSIZE> 6<NULLD><MFCC><DIAGC>
~h "fp_screen_0"
<BEGINHMM>
<NUMSTATES> 5
<STATE> 2
<MEAN> 6
 2.035265e+02 6.761670e+00 1.726790e+01 3.853662e+00 7.384980e+00 1.463706e+00
<VARIANCE> 6
 1.625698e+04 4.004047e+01 5.224097e+02 9.368171e+00 6.274421e+01 2.530041e+00
<GCONST> 3.797650e+01
<STATE> 3
<MEAN> 6
 4.228652e+02 2.909066e+01 4.622528e+01 1.133330e+01 1.538665e+01 6.345756e+00
<VARIANCE> 6
 3.550697e+04 1.116673e+03 1.809646e+03 1.460442e+02 2.030056e+02 5.384089e+01
<GCONST> 5.030692e+01
<STATE> 4
<MEAN> 6
 3.456625e+02 5.152882e+00 2.889470e+00 1.634426e+00 1.259787e+00 6.872442e-01
<VARIANCE> 6
 1.820885e+04 3.936774e+01 6.194698e+01 3.805240e+00 9.759397e+00 2.257459e+00
<GCONST> 3.306500e+01
<TRANSP> 5
 0.000000e+00 1.000000e+00 0.000000e+00 0.000000e+00 0.000000e+00
 0.000000e+00 6.061977e-01 3.938023e-01 0.000000e+00 0.000000e+00
 0.000000e+00 0.000000e+00 5.366523e-01 4.633477e-01 0.000000e+00
 0.000000e+00 0.000000e+00 0.000000e+00 8.630596e-01 1.369403e-01
 0.000000e+00 0.000000e+00 0.000000e+00 0.000000e+00 0.000000e+00
<ENDHMM>
