~o
<STREAMINFO> 1 6
<VECSIZE> 6<NULLD><MFCC><DIAGC>
~h "fp_screen_1"
<BEGINHMM>
<NUMSTATES> 5
<STATE> 2
<MEAN> 6
 3.283607e+02 1.114632e+01 4.507062e+00 3.198006e+00 2.172863e+00 1.499727e+00
<VARIANCE> 6
 2.148942e+04 2.410898e+02 1.369778e+02 1.446472e+01 2.246099e+01 6.554307e+00
<GCONST> 3.907118e+01
<STATE> 3
<MEAN> 6
 4.032244e+02 3.531298e+01 1.720790e+01 1.739644e+01 1.026695e+01 5.091607e+00
<VARIANCE> 6
 1.874132e+04 1.388860e+03 7.687200e+02 2.645518e+02 1.721969e+02 3.822668e+01
<GCONST> 4.911693e+01
<STATE> 4
<MEAN> 6
 3.467289e+02 9.759199e+00 2.605515e+00 2.652927e+00 1.472717e+00 7.597326e-01
<VARIANCE> 6
 1.357769e+04 4.251148e+02 2.773534e+01 2.250651e+01 6.124254e+00 1.831028e+00
<GCONST> 3.544945e+01
<TRANSP> 5
 0.000000e+00 1.000000e+00 0.000000e+00 0.000000e+00 0.000000e+00
 0.000000e+00 6.852455e-01 3.147546e-01 0.000000e+00 0.000000e+00
 0.000000e+00 0.000000e+00 4.995930e-01 5.004070e-01 0.000000e+00
 0.000000e+00 0.000000e+00 0.000000e+00 8.721971e-01 1.278029e-01
 0.000000e+00 0.000000e+00 0.000000e+00 0.000000e+00 0.000000e+00
<ENDHMM>
