~o
<STREAMINFO> 1 6
<VECSIZE> 6<NULLD><MFCC><DIAGC>
~h "bg_red_0"
<BEGINHMM>
<NUMSTATES> 5
<STATE> 2
<MEAN> 6
 3.069149e+02 6.084535e+00 4.286962e+00 2.156954e+00 1.483073e+00 6.568407e-01
<VARIANCE> 6
 1.292938e+04 4.089762e+01 3.499725e+01 3.703692e+00 2.748596e+00 5.684814e-01
<GCONST> 2.951649e+01
<STATE> 3
<MEAN> 6
 2.038960e+02 2.369813e+01 9.467631e+00 7.426408e+00 3.567404e+00 3.364588e+00
<VARIANCE> 6
 4.254236e+03 2.936546e+02 1.173675e+02 1.823637e+01 1.153143e+01 1.269808e+01
<GCONST> 3.772059e+01
<STATE> 4
<MEAN> 6
 2.608964e+02 5.355403e+00 3.078657e+00 1.791961e+00 1.213465e+00 5.467575e-01
<VARIANCE> 6
 2.119611e+03 3.053614e+01 1.493213e+01 3.640708e+00 2.201486e+00 7.972302e-01
<GCONST> 2.666338e+01
<TRANSP> 5
 0.000000e+00 1.000000e+00 0.000000e+00 0.000000e+00 0.000000e+00
 0.000000e+00 9.585920e-01 4.140801e-02 0.000000e+00 0.000000e+00
 0.000000e+00 0.000000e+00 7.010753e-01 2.989247e-01 0.000000e+00
 0.000000e+00 0.000000e+00 0.000000e+00 9.764732e-01 2.352679e-02
 0.000000e+00 0.000000e+00 0.000000e+00 0.000000e+00 0.000000e+00
<ENDHMM>
~h "bg_red_0_0"
<BEGINHMM>
<NUMSTATES> 5
<STATE> 2
<MEAN> 6
 2.500034e+02 1.112476e+01 4.867856e+00 2.752476e+00 2.236556e+00 8.036891e-01
<VARIANCE> 6
 9.667883e+03 1.544400e+02 2.424084e+01 3.930965e+00 2.524267e+00 5.238022e-01
<GCONST> 3.007987e+01
<STATE> 3
<MEAN> 6
 2.724190e+02 1.234769e+01 1.217166e+01 6.425311e+00 5.082701e+00 3.453271e+00
<VARIANCE> 6
 6.519299e+03 1.734301e+02 1.593514e+02 1.566143e+01 1.349664e+01 1.253718e+01
<GCONST> 3.791901e+01
<STATE> 4
<MEAN> 6
 2.407197e+02 5.120135e+00 2.858801e+00 1.819526e+00 1.755718e+00 8.261318e-01
<VARIANCE> 6
 2.324926e+03 4.687434e+01 1.222613e+01 4.351535e+00 3.941243e+00 1.299725e+00
<GCONST> 2.823392e+01
<TRANSP> 5
 0.000000e+00 1.000000e+00 0.000000e+00 0.000000e+00 0.000000e+00
 0.000000e+00 8.207740e-01 1.792260e-01 0.000000e+00 0.000000e+00
 0.000000e+00 0.000000e+00 5.035310e-01 4.964690e-01 0.000000e+00
 0.000000e+00 0.000000e+00 0.000000e+00 7.730485e-01 2.269515e-01
 0.000000e+00 0.000000e+00 0.000000e+00 0.000000e+00 0.000000e+00
<ENDHMM>
~h "bg_red_0_1"
<BEGINHMM>
<NUMSTATES> 5
<STATE> 2
<MEAN> 6
 2.740456e+02 6.858520e+00 4.680065e+00 4.085359e+00 2.469934e+00 1.461119e+00
<VARIANCE> 6
 3.827800e+03 6.961633e+01 2.892389e+01 1.169693e+01 4.076591e+00 1.900746e+00
<GCONST> 3.139181e+01
<STATE> 3
<MEAN> 6
 2.799731e+02 1.731204e+01 6.927807e+00 4.006213e+00 2.221534e+00 1.015252e+00
<VARIANCE> 6
 9.431188e+03 1.492542e+02 1.254526e+01 6.497301e+00 6.619569e+00 1.626398e+00
<GCONST> 3.196182e+01
<STATE> 4
<MEAN> 6
 2.952662e+02 3.295765e+00 1.803698e+00 1.553349e+00 6.881499e-01 3.337771e-01
<VARIANCE> 6
 5.829414e+03 1.534082e+01 1.692246e+00 1.956222e+00 4.297808e-01 4.382147e-02
<GCONST> 1.965341e+01
<TRANSP> 5
 0.000000e+00 1.000000e+00 0.000000e+00 0.000000e+00 0.000000e+00
 0.000000e+00 7.653587e-01 2.346413e-01 0.000000e+00 0.000000e+00
 0.000000e+00 0.000000e+00 4.482756e-01 5.517244e-01 0.000000e+00
 0.000000e+00 0.000000e+00 0.000000e+00 8.556098e-01 1.443902e-01
 0.000000e+00 0.000000e+00 0.000000e+00 0.000000e+00 0.000000e+00
<ENDHMM>
~h "bg_red_0_2"
<BEGINHMM>
<NUMSTATES> 5
<STATE> 2
<MEAN> 6
 2.797849e+02 6.335521e+00 2.660529e+00 2.548374e+00 9.335309e-01 4.586254e-01
<VARIANCE> 6
 3.989751e+03 5.061737e+01 7.447241e+00 7.166677e+00 8.132309e-01 1.640385e-01
<GCONST> 2.520593e+01
<STATE> 3
<MEAN> 6
 3.153957e+02 5.410944e+00 1.686831e+00 2.264992e+00 1.772747e+00 5.905215e-01
<VARIANCE> 6
 5.234860e+03 3.404372e+01 8.563714e-01 3.714334e+00 2.043275e+00 1.838371e-01
<GCONST> 2.329600e+01
<STATE> 4
<MEAN> 6
 3.466082e+02 3.864810e+00 1.908042e+00 1.126131e+00 6.167286e-01 2.672569e-01
<VARIANCE> 6
 4.400970e+03 1.147420e+01 2.187597e+00 9.540898e-01 3.923967e-01 1.416905e-02
<GCONST> 1.740058e+01
<TRANSP> 5
 0.000000e+00 1.000000e+00 0.000000e+00 0.000000e+00 0.000000e+00
 0.000000e+00 7.792763e-01 2.207238e-01 0.000000e+00 0.000000e+00
 0.000000e+00 0.000000e+00 1.708585e-01 8.291415e-01 0.000000e+00
 0.000000e+00 0.000000e+00 0.000000e+00 8.623231e-01 1.376769e-01
 0.000000e+00 0.000000e+00 0.000000e+00 0.000000e+00 0.000000e+00
<ENDHMM>
~h "bg_red_0_3"
<BEGINHMM>
<NUMSTATES> 5
<STATE> 2
<MEAN> 6
 3.348914e+02 6.076632e+00 2.209943e+00 2.330817e+00 9.936155e-01 2.933984e-01
<VARIANCE> 6
 7.203789e+03 2.030263e+01 3.190619e+00 2.192094e+00 8.630711e-01 9.576540e-03
<GCONST> 2.006975e+01
<STATE> 3
<MEAN> 6
 3.088437e+02 8.510286e+00 2.829130e+00 3.055457e+00 2.016998e+00 8.687165e-01
<VARIANCE> 6
 5.789851e+03 5.154609e+01 5.488030e+00 6.110125e+00 2.659723e+00 4.080156e-01
<GCONST> 2.722789e+01
<STATE> 4
<MEAN> 6
 3.131699e+02 4.148817e+00 1.663280e+00 8.410901e-01 5.121875e-01 2.764457e-01
<VARIANCE> 6
 3.741819e+03 8.368342e+00 1.771630e+00 4.837828e-01 1.494206e-01 2.041753e-02
<GCONST> 1.543247e+01
<TRANSP> 5
 0.000000e+00 1.000000e+00 0.000000e+00 0.000000e+00 0.000000e+00
 0.000000e+00 6.464285e-01 3.535715e-01 0.000000e+00 0.000000e+00
 0.000000e+00 0.000000e+00 4.562772e-01 5.437228e-01 0.000000e+00
 0.000000e+00 0.000000e+00 0.000000e+00 8.636218e-01 1.363783e-01
 0.000000e+00 0.000000e+00 0.000000e+00 0.000000e+00 0.000000e+00
<ENDHMM>
~h "bg_red_0_4"
<BEGINHMM>
<NUMSTATES> 5
<STATE> 2
<MEAN> 6
 2.661750e+02 4.464357e+00 1.539456e+00 1.107477e+00 5.043385e-01 2.835380e-01
<VARIANCE> 6
 3.362143e+03 1.103743e+01 9.995773e-01 1.024656e+00 1.259364e-01 1.756776e-02
<GCONST> 1.545915e+01
<STATE> 3
<MEAN> 6
 3.264886e+02 3.386416e+00 3.111266e+00 9.631908e-01 7.186983e-01 2.985424e-01
<VARIANCE> 6
 2.935632e+03 6.333718e+00 6.698930e+00 2.316215e-01 1.624352e-01 2.149780e-02
<GCONST> 1.563984e+01
<STATE> 4
<MEAN> 6
 2.130297e+02 8.756846e+00 6.126803e+00 2.102980e+00 1.431934e+00 5.718501e-01
<VARIANCE> 6
 1.685877e+03 4.061372e+01 3.125069e+01 2.257160e+00 1.481385e+00 2.263775e-01
<GCONST> 2.532498e+01
<TRANSP> 5
 0.000000e+00 1.000000e+00 0.000000e+00 0.000000e+00 0.000000e+00
 0.000000e+00 8.169589e-01 1.830411e-01 0.000000e+00 0.000000e+00
 0.000000e+00 0.000000e+00 6.968912e-01 3.031087e-01 0.000000e+00
 0.000000e+00 0.000000e+00 0.000000e+00 7.640173e-01 2.359826e-01
 0.000000e+00 0.000000e+00 0.000000e+00 0.000000e+00 0.000000e+00
<ENDHMM>
~h "bg_red_0_5"
<BEGINHMM>
<NUMSTATES> 5
<STATE> 2
<MEAN> 6
 2.025218e+02 5.713485e+00 4.206347e+00 1.972287e+00 1.376773e+00 5.823498e-01
<VARIANCE> 6
 3.486667e+03 2.705556e+01 1.315567e+01 2.639884e+00 1.077469e+00 1.797848e-01
<GCONST> 2.438807e+01
<STATE> 3
<MEAN> 6
 2.105815e+02 1.585718e+01 1.596249e+01 6.110573e+00 4.335759e+00 3.177805e+00
<VARIANCE> 6
 4.400882e+03 3.213360e+02 2.345907e+02 2.358902e+01 8.991495e+00 1.114992e+01
<GCONST> 3.841564e+01
<STATE> 4
<MEAN> 6
 2.189183e+02 1.070986e+01 1.059097e+01 4.062190e+00 3.685935e+00 2.587813e+00
<VARIANCE> 6
 3.708115e+03 1.143968e+02 8.285449e+01 9.933832e+00 8.483206e+00 8.735823e+00
<GCONST> 3.500377e+01
<TRANSP> 5
 0.000000e+00 1.000000e+00 0.000000e+00 0.000000e+00 0.000000e+00
 0.000000e+00 8.872222e-01 1.127778e-01 0.000000e+00 0.000000e+00
 0.000000e+00 0.000000e+00 2.109613e-01 7.890387e-01 0.000000e+00
 0.000000e+00 0.000000e+00 0.000000e+00 4.639915e-01 5.360085e-01
 0.000000e+00 0.000000e+00 0.000000e+00 0.000000e+00 0.000000e+00
<ENDHMM>
~h "bg_dark_0"
<BEGINHMM>
<NUMSTATES> 5
<STATE> 2
<MEAN> 6
 1.546698e+02 1.364240e+01 7.814237e+00 3.201319e+00 2.386986e+00 8.668309e-01
<VARIANCE> 6
 1.285779e+04 2.426216e+02 7.245968e+01 5.240684e+00 3.471230e+00 6.594701e-01
<GCONST> 3.274815e+01
<STATE> 3
<MEAN> 6
 3.542686e+02 2.895039e+01 1.079787e+01 7.073832e+00 3.915411e+00 2.023034e+00
<VARIANCE> 6
 9.857818e+03 8.762161e+02 1.377806e+02 3.059013e+01 9.402565e+00 3.109538e+00
<GCONST> 3.872069e+01
<STATE> 4
<MEAN> 6
 1.283756e+02 3.687057e+00 2.812677e+00 1.067678e+00 8.452858e-01 3.788587e-01
<VARIANCE> 6
 2.895030e+03 2.190497e+01 9.022524e+00 1.101262e+00 7.310399e-01 1.099398e-01
<GCONST> 2.185980e+01
<TRANSP> 5
 0.000000e+00 1.000000e+00 0.000000e+00 0.000000e+00 0.000000e+00
 0.000000e+00 9.708467e-01 2.915326e-02 0.000000e+00 0.000000e+00
 0.000000e+00 0.000000e+00 9.522478e-01 4.775218e-02 0.000000e+00
 0.000000e+00 0.000000e+00 0.000000e+00 9.322359e-01 6.776416e-02
 0.000000e+00 0.000000e+00 0.000000e+00 0.000000e+00 0.000000e+00
<ENDHMM>
~h "bg_dark_0_0"
<BEGINHMM>
<NUMSTATES> 5
<STATE> 2
<MEAN> 6
 3.032761e+02 1.117842e+01 8.058549e+00 4.661576e+00 3.447952e+00 2.272845e+00
<VARIANCE> 6
 9.831262e+03 1.267282e+02 5.460781e+01 5.589565e+00 3.575169e+00 2.770487e+00
<GCONST> 3.307674e+01
<STATE> 3
<MEAN> 6
 2.759694e+02 3.198443e+01 8.905769e+00 7.079868e+00 4.172582e+00 2.308656e+00
<VARIANCE> 6
 1.322824e+04 6.205420e+02 5.204888e+01 2.211656e+01 7.820819e+00 3.204124e+00
<GCONST> 3.721770e+01
<STATE> 4
<MEAN> 6
 1.151388e+02 1.349072e+01 8.618744e+00 3.684827e+00 2.806458e+00 7.751809e-01
<VARIANCE> 6
 6.429688e+03 2.926259e+02 8.084483e+01 9.168614e+00 3.323339e+00 3.253556e-01
<GCONST> 3.216129e+01
<TRANSP> 5
 0.000000e+00 1.000000e+00 0.000000e+00 0.000000e+00 0.000000e+00
 0.000000e+00 7.394142e-01 2.605858e-01 0.000000e+00 0.000000e+00
 0.000000e+00 0.000000e+00 5.907500e-01 4.092500e-01 0.000000e+00
 0.000000e+00 0.000000e+00 0.000000e+00 8.251442e-01 1.748558e-01
 0.000000e+00 0.000000e+00 0.000000e+00 0.000000e+00 0.000000e+00
<ENDHMM>
~h "bg_dark_0_1"
<BEGINHMM>
<NUMSTATES> 5
<STATE> 2
<MEAN> 6
 1.426185e+02 2.170900e+01 8.855838e+00 4.517987e+00 2.713155e+00 8.782433e-01
<VARIANCE> 6
 8.977193e+03 4.908410e+02 6.442715e+01 1.061163e+01 3.869823e+00 3.364051e-01
<GCONST> 3.311708e+01
<STATE> 3
<MEAN> 6
 2.924995e+02 2.615954e+01 1.381217e+01 9.692774e+00 4.575061e+00 2.324306e+00
<VARIANCE> 6
 1.066232e+04 4.205134e+02 1.936384e+02 3.089870e+01 5.559521e+00 1.030367e+00
<GCONST> 3.678535e+01
<STATE> 4
<MEAN> 6
 2.853143e+02 1.081883e+01 8.883859e+00 3.247784e+00 2.889687e+00 1.075781e+00
<VARIANCE> 6
 1.464492e+04 1.362872e+02 6.670036e+01 2.740352e+00 2.495528e+00 6.504365e-01
<GCONST> 3.122656e+01
<TRANSP> 5
 0.000000e+00 1.000000e+00 0.000000e+00 0.000000e+00 0.000000e+00
 0.000000e+00 7.848498e-01 2.151502e-01 0.000000e+00 0.000000e+00
 0.000000e+00 0.000000e+00 6.097775e-01 3.902226e-01 0.000000e+00
 0.000000e+00 0.000000e+00 0.000000e+00 8.272719e-01 1.727282e-01
 0.000000e+00 0.000000e+00 0.000000e+00 0.000000e+00 0.000000e+00
<ENDHMM>
~h "bg_dark_0_2"
<BEGINHMM>
<NUMSTATES> 5
<STATE> 2
<MEAN> 6
 1.767853e+02 1.610697e+01 9.051299e+00 3.256296e+00 2.159667e+00 7.921885e-01
<VARIANCE> 6
 1.909968e+04 3.114420e+02 5.081042e+01 3.669039e+00 2.464121e+00 2.795926e-01
<GCONST> 3.148135e+01
<STATE> 3
<MEAN> 6
 2.785101e+02 3.990876e+01 1.301193e+01 8.494186e+00 4.265899e+00 2.162520e+00
<VARIANCE> 6
 1.297722e+04 8.857175e+02 7.982529e+01 3.683417e+01 1.633076e+01 2.274128e+00
<GCONST> 3.888552e+01
<STATE> 4
<MEAN> 6
 3.039826e+02 1.113209e+01 3.561950e+00 2.589171e+00 1.440967e+00 6.022337e-01
<VARIANCE> 6
 2.080863e+04 1.891784e+02 1.793365e+01 9.550319e+00 2.393847e+00 7.079184e-01
<GCONST> 3.188381e+01
<TRANSP> 5
 0.000000e+00 1.000000e+00 0.000000e+00 0.000000e+00 0.000000e+00
 0.000000e+00 7.877443e-01 2.122557e-01 0.000000e+00 0.000000e+00
 0.000000e+00 0.000000e+00 6.599103e-01 3.400896e-01 0.000000e+00
 0.000000e+00 0.000000e+00 0.000000e+00 8.130247e-01 1.869753e-01
 0.000000e+00 0.000000e+00 0.000000e+00 0.000000e+00 0.000000e+00
<ENDHMM>
~h "bg_dark_0_3"
<BEGINHMM>
<NUMSTATES> 5
<STATE> 2
<MEAN> 6
 1.880434e+02 1.665994e+01 5.148682e+00 3.364142e+00 1.915029e+00 8.104834e-01
<VARIANCE> 6
 2.451079e+04 2.613499e+02 3.106330e+01 1.056423e+01 2.887911e+00 1.038791e+00
<GCONST> 3.359209e+01
<STATE> 3
<MEAN> 6
 2.858698e+02 5.545743e+01 1.392462e+01 9.876510e+00 3.756133e+00 2.029738e+00
<VARIANCE> 6
 1.342795e+04 2.199032e+03 1.356705e+02 5.358895e+01 8.717199e+00 4.486832e+00
<GCONST> 4.078615e+01
<STATE> 4
<MEAN> 6
 3.036411e+02 8.308828e+00 4.973575e+00 2.464693e+00 1.922991e+00 7.146325e-01
<VARIANCE> 6
 2.133150e+04 1.441555e+02 3.290057e+01 1.171852e+01 3.129299e+00 7.770215e-01
<GCONST> 3.280928e+01
<TRANSP> 5
 0.000000e+00 1.000000e+00 0.000000e+00 0.000000e+00 0.000000e+00
 0.000000e+00 7.605480e-01 2.394520e-01 0.000000e+00 0.000000e+00
 0.000000e+00 0.000000e+00 5.991149e-01 4.008851e-01 0.000000e+00
 0.000000e+00 0.000000e+00 0.000000e+00 8.123587e-01 1.876413e-01
 0.000000e+00 0.000000e+00 0.000000e+00 0.000000e+00 0.000000e+00
<ENDHMM>
~h "bg_dark_0_4"
<BEGINHMM>
<NUMSTATES> 5
<STATE> 2
<MEAN> 6
 2.437999e+02 1.315421e+01 8.219574e+00 3.989231e+00 3.117991e+00 1.451839e+00
<VARIANCE> 6
 2.068703e+04 1.844868e+02 6.721009e+01 1.239744e+01 4.594471e+00 1.883236e+00
<GCONST> 3.506526e+01
<STATE> 3
<MEAN> 6
 2.460247e+02 4.170871e+01 2.366800e+01 8.003648e+00 6.176576e+00 2.998904e+00
<VARIANCE> 6
 1.594997e+04 7.136309e+02 5.456420e+02 2.437083e+01 2.542504e+01 5.527477e+00
<GCONST> 4.171566e+01
<STATE> 4
<MEAN> 6
 7.907587e+01 7.322616e+00 4.430047e+00 1.549543e+00 1.564880e+00 4.397181e-01
<VARIANCE> 6
 1.465188e+03 1.123468e+02 2.081281e+01 2.209906e+00 1.602912e+00 1.188597e-01
<GCONST> 2.520912e+01
<TRANSP> 5
 0.000000e+00 1.000000e+00 0.000000e+00 0.000000e+00 0.000000e+00
 0.000000e+00 8.266507e-01 1.733493e-01 0.000000e+00 0.000000e+00
 0.000000e+00 0.000000e+00 5.566163e-01 4.433837e-01 0.000000e+00
 0.000000e+00 0.000000e+00 0.000000e+00 7.990321e-01 2.009679e-01
 0.000000e+00 0.000000e+00 0.000000e+00 0.000000e+00 0.000000e+00
<ENDHMM>
~h "bg_dark_0_5"
<BEGINHMM>
<NUMSTATES> 5
<STATE> 2
<MEAN> 6
 7.535985e+01 9.370803e+00 5.181699e+00 2.114427e+00 1.266312e+00 4.478591e-01
<VARIANCE> 6
 1.456624e+03 1.628858e+02 2.624562e+01 2.247197e+00 6.486558e-01 1.071460e-01
<GCONST> 2.481495e+01
<STATE> 3
<MEAN> 6
 1.230010e+02 1.214761e+01 4.922667e+00 3.134936e+00 1.798206e+00 7.002252e-01
<VARIANCE> 6
 2.111275e+03 3.003597e+02 1.390062e+01 9.005796e+00 2.784637e+00 2.265449e-01
<GCONST> 2.875640e+01
<STATE> 4
<MEAN> 6
 1.397321e+02 2.127552e+00 1.798431e+00 4.747707e-01 3.905810e-01 2.640858e-01
<VARIANCE> 6
 1.145023e+03 8.396907e+00 4.517825e+00 1.480964e-01 1.250400e-01 2.363960e-02
<GCONST> 1.397249e+01
<TRANSP> 5
 0.000000e+00 1.000000e+00 0.000000e+00 0.000000e+00 0.000000e+00
 0.000000e+00 7.158030e-01 2.841971e-01 0.000000e+00 0.000000e+00
 0.000000e+00 0.000000e+00 6.165830e-01 3.834170e-01 0.000000e+00
 0.000000e+00 0.000000e+00 0.000000e+00 8.297347e-01 1.702653e-01
 0.000000e+00 0.000000e+00 0.000000e+00 0.000000e+00 0.000000e+00
<ENDHMM>
~h "bg_white_0"
<BEGINHMM>
<NUMSTATES> 5
<STATE> 2
<MEAN> 6
 7.723631e+02 3.328882e+00 3.788164e+00 1.397898e+00 1.623963e+00 7.394555e-01
<VARIANCE> 6
 1.288213e+03 5.171370e+01 2.076808e+02 5.038871e+00 2.090994e+01 3.189352e+00
<GCONST> 3.328722e+01
<STATE> 3
<MEAN> 6
 7.010775e+02 3.283797e+01 1.485670e+01 1.053692e+01 9.655117e+00 6.187085e+00
<VARIANCE> 6
 7.305435e+03 1.367318e+03 7.881494e+02 8.669754e+01 9.703657e+01 3.501358e+01
<GCONST> 4.640718e+01
<STATE> 4
<MEAN> 6
 2.840159e+02 7.745828e+00 3.839662e+00 2.777885e+00 1.444489e+00 6.065763e-01
<VARIANCE> 6
 2.172855e+03 1.041000e+02 1.878632e+01 1.092072e+01 1.722803e+00 4.894150e-01
<GCONST> 2.850961e+01
<TRANSP> 5
 0.000000e+00 1.000000e+00 0.000000e+00 0.000000e+00 0.000000e+00
 0.000000e+00 9.634670e-01 3.653301e-02 0.000000e+00 0.000000e+00
 0.000000e+00 0.000000e+00 9.704840e-01 2.951606e-02 0.000000e+00
 0.000000e+00 0.000000e+00 0.000000e+00 8.856833e-01 1.143167e-01
 0.000000e+00 0.000000e+00 0.000000e+00 0.000000e+00 0.000000e+00
<ENDHMM>
~h "bg_white_0_0"
<BEGINHMM>
<NUMSTATES> 5
<STATE> 2
<MEAN> 6
 7.873310e+02 2.213747e+00 7.787164e+00 6.800729e-01 2.478537e+00 2.959608e-01
<VARIANCE> 6
 2.367316e+03 1.012692e+02 6.230641e+02 3.107338e+00 5.315306e+01 1.993328e-01
<GCONST> 3.334337e+01
<STATE> 3
<MEAN> 6
 7.291470e+02 4.689564e+01 1.401806e+01 1.301070e+01 9.609470e+00 6.821721e+00
<VARIANCE> 6
 8.925859e+03 2.908519e+03 4.652816e+02 1.298282e+02 9.575388e+01 4.748511e+01
<GCONST> 4.753042e+01
<STATE> 4
<MEAN> 6
 7.703799e+02 1.704583e+01 6.923884e+00 6.345934e+00 4.948717e+00 3.799120e+00
<VARIANCE> 6
 2.959127e+03 7.915093e+02 1.440126e+02 6.170549e+01 5.216165e+01 2.080182e+01
<GCONST> 4.177552e+01
<TRANSP> 5
 0.000000e+00 1.000000e+00 0.000000e+00 0.000000e+00 0.000000e+00
 0.000000e+00 8.784820e-01 1.215180e-01 0.000000e+00 0.000000e+00
 0.000000e+00 0.000000e+00 5.102448e-01 4.897551e-01 0.000000e+00
 0.000000e+00 0.000000e+00 0.000000e+00 4.216062e-01 5.783939e-01
 0.000000e+00 0.000000e+00 0.000000e+00 0.000000e+00 0.000000e+00
<ENDHMM>
~h "bg_white_0_1"
<BEGINHMM>
<NUMSTATES> 5
<STATE> 2
<MEAN> 6
 7.780156e+02 5.998770e+00 2.906423e+00 2.317171e+00 1.948513e+00 1.504987e+00
<VARIANCE> 6
 1.393376e+03 2.668499e+02 4.948550e+01 2.168403e+01 2.038074e+01 8.741809e+00
<GCONST> 3.601440e+01
<STATE> 3
<MEAN> 6
 7.126144e+02 6.161362e+01 1.604282e+01 1.612908e+01 1.431554e+01 9.468752e+00
<VARIANCE> 6
 2.776957e+03 1.443384e+03 2.397457e+02 6.455821e+01 8.737283e+01 3.511777e+01
<GCONST> 4.390716e+01
<STATE> 4
<MEAN> 6
 7.321044e+02 1.861431e+01 6.448233e+00 7.138450e+00 5.881543e+00 4.340360e+00
<VARIANCE> 6
 1.303843e+04 8.498176e+02 5.602173e+01 5.843827e+01 5.140482e+01 1.938699e+01
<GCONST> 4.224599e+01
<TRANSP> 5
 0.000000e+00 1.000000e+00 0.000000e+00 0.000000e+00 0.000000e+00
 0.000000e+00 8.262654e-01 1.737346e-01 0.000000e+00 0.000000e+00
 0.000000e+00 0.000000e+00 7.962348e-01 2.037652e-01 0.000000e+00
 0.000000e+00 0.000000e+00 0.000000e+00 5.720069e-01 4.279931e-01
 0.000000e+00 0.000000e+00 0.000000e+00 0.000000e+00 0.000000e+00
<ENDHMM>
~h "bg_white_0_2"
<BEGINHMM>
<NUMSTATES> 5
<STATE> 2
<MEAN> 6
 7.589564e+02 9.210217e+00 3.247931e+00 3.636118e+00 2.806578e+00 2.209255e+00
<VARIANCE> 6
 1.363696e+03 3.298510e+02 2.668753e+01 2.568863e+01 2.326007e+01 1.328904e+01
<GCONST> 3.630778e+01
<STATE> 3
<MEAN> 6
 6.907026e+02 5.084624e+01 1.663080e+01 1.585100e+01 1.403647e+01 9.345496e+00
<VARIANCE> 6
 3.856565e+03 1.539945e+03 2.743677e+02 7.784882e+01 1.077713e+02 3.744355e+01
<GCONST> 4.489638e+01
<STATE> 4
<MEAN> 6
 6.967578e+02 1.833300e+01 7.359159e+00 7.761697e+00 6.272469e+00 4.821383e+00
<VARIANCE> 6
 1.473796e+04 5.707149e+02 1.058314e+02 5.327905e+01 5.553519e+01 2.115056e+01
<GCONST> 4.267841e+01
<TRANSP> 5
 0.000000e+00 1.000000e+00 0.000000e+00 0.000000e+00 0.000000e+00
 0.000000e+00 8.455023e-01 1.544977e-01 0.000000e+00 0.000000e+00
 0.000000e+00 0.000000e+00 7.730427e-01 2.269573e-01 0.000000e+00
 0.000000e+00 0.000000e+00 0.000000e+00 5.285900e-01 4.714100e-01
 0.000000e+00 0.000000e+00 0.000000e+00 0.000000e+00 0.000000e+00
<ENDHMM>
~h "bg_white_0_3"
<BEGINHMM>
<NUMSTATES> 5
<STATE> 2
<MEAN> 6
 7.479733e+02 8.074111e+00 2.883365e+00 3.535854e+00 2.189621e+00 1.664213e+00
<VARIANCE> 6
 1.268474e+03 2.062478e+02 3.505936e+01 2.282321e+01 1.966852e+01 9.072350e+00
<GCONST> 3.537098e+01
<STATE> 3
<MEAN> 6
 6.993213e+02 3.835682e+01 1.521253e+01 1.307907e+01 1.124614e+01 7.767019e+00
<VARIANCE> 6
 2.593625e+03 8.959221e+02 2.381286e+02 6.629322e+01 7.413501e+01 3.212331e+01
<GCONST> 4.312830e+01
<STATE> 4
<MEAN> 6
 6.595103e+02 1.721885e+01 4.889282e+00 6.987242e+00 4.463906e+00 3.219672e+00
<VARIANCE> 6
 2.145616e+04 5.857339e+02 6.078526e+01 8.107513e+01 5.260438e+01 2.264660e+01
<GCONST> 4.295943e+01
<TRANSP> 5
 0.000000e+00 1.000000e+00 0.000000e+00 0.000000e+00 0.000000e+00
 0.000000e+00 8.335204e-01 1.664797e-01 0.000000e+00 0.000000e+00
 0.000000e+00 0.000000e+00 7.647985e-01 2.352015e-01 0.000000e+00
 0.000000e+00 0.000000e+00 0.000000e+00 4.258111e-01 5.741889e-01
 0.000000e+00 0.000000e+00 0.000000e+00 0.000000e+00 0.000000e+00
<ENDHMM>
~h "bg_white_0_4"
<BEGINHMM>
<NUMSTATES> 5
<STATE> 2
<MEAN> 6
 7.290200e+02 1.129175e+01 4.677308e+00 4.642911e+00 4.008844e+00 3.045162e+00
<VARIANCE> 6
 2.856705e+03 3.649594e+02 5.732308e+01 3.985714e+01 4.358598e+01 2.113362e+01
<GCONST> 3.944408e+01
<STATE> 3
<MEAN> 6
 6.735256e+02 3.819119e+01 1.576172e+01 1.398751e+01 1.162455e+01 8.521015e+00
<VARIANCE> 6
 6.992456e+03 8.964487e+02 2.470221e+02 6.913562e+01 6.778698e+01 3.465586e+01
<GCONST> 4.418567e+01
<STATE> 4
<MEAN> 6
 7.163172e+02 3.002295e+00 1.408484e+00 1.315694e+00 8.511842e-01 7.153575e-01
<VARIANCE> 6
 6.847518e+03 4.878918e+01 3.572510e+00 5.775096e+00 2.137608e+00 1.864432e+00
<GCONST> 2.815588e+01
<TRANSP> 5
 0.000000e+00 1.000000e+00 0.000000e+00 0.000000e+00 0.000000e+00
 0.000000e+00 6.365640e-01 3.634360e-01 0.000000e+00 0.000000e+00
 0.000000e+00 0.000000e+00 7.150380e-01 2.849620e-01 0.000000e+00
 0.000000e+00 0.000000e+00 0.000000e+00 8.516154e-01 1.483846e-01
 0.000000e+00 0.000000e+00 0.000000e+00 0.000000e+00 0.000000e+00
<ENDHMM>
~h "bg_white_0_5"
<BEGINHMM>
<NUMSTATES> 5
<STATE> 2
<MEAN> 6
 7.249070e+02 3.026309e+00 2.819067e+00 1.015755e+00 1.507679e+00 4.954816e-01
<VARIANCE> 6
 3.446752e+03 9.817112e+01 1.189503e+01 9.145891e+00 4.963442e+00 1.603984e+00
<GCONST> 3.052318e+01
<STATE> 3
<MEAN> 6
 3.933575e+02 2.005022e+01 7.012064e+01 5.662371e+00 1.611439e+01 1.228565e+00
<VARIANCE> 6
 2.756676e+04 6.340736e+02 6.329077e+03 4.038852e+01 2.290256e+02 2.010495e+00
<GCONST> 4.628746e+01
<STATE> 4
<MEAN> 6
 2.825622e+02 5.848961e+00 3.714162e+00 2.093532e+00 1.359252e+00 5.598820e-01
<VARIANCE> 6
 1.911445e+03 4.274644e+01 1.729757e+01 4.773413e+00 1.298045e+00 4.108927e-01
<GCONST> 2.612323e+01
<TRANSP> 5
 0.000000e+00 1.000000e+00 0.000000e+00 0.000000e+00 0.000000e+00
 0.000000e+00 6.198553e-01 3.801447e-01 0.000000e+00 0.000000e+00
 0.000000e+00 0.000000e+00 5.180109e-01 4.819891e-01 0.000000e+00
 0.000000e+00 0.000000e+00 0.000000e+00 8.629140e-01 1.370860e-01
 0.000000e+00 0.000000e+00 0.000000e+00 0.000000e+00 0.000000e+00
<ENDHMM>
~h "bg_board"
<BEGINHMM>
<NUMSTATES> 5
<STATE> 2
<MEAN> 6
 1.317691e+02 1.370767e+01 7.673383e+00 5.306481e+00 2.296633e+00 1.060699e+00
<VARIANCE> 6
 2.039368e+03 1.555407e+02 5.284598e+01 1.394275e+01 3.243167e+00 8.203092e-01
<GCONST> 3.127538e+01
<STATE> 3
<MEAN> 6
 2.163020e+02 3.535027e+01 1.600759e+01 1.050369e+01 4.201986e+00 2.678497e+00
<VARIANCE> 6
 3.632219e+03 7.300026e+02 3.265024e+02 3.636521e+01 6.524332e+00 4.992486e+00
<GCONST> 3.868343e+01
<STATE> 4
<MEAN> 6
 2.275530e+02 1.662550e+01 1.035566e+01 6.333697e+00 3.388277e+00 1.929891e+00
<VARIANCE> 6
 6.139390e+03 2.176303e+02 6.546338e+01 1.030171e+01 3.259367e+00 1.989758e+00
<GCONST> 3.351589e+01
<TRANSP> 5
 0.000000e+00 1.000000e+00 0.000000e+00 0.000000e+00 0.000000e+00
 0.000000e+00 9.690043e-01 3.099572e-02 0.000000e+00 0.000000e+00
 0.000000e+00 0.000000e+00 9.438298e-01 5.617020e-02 0.000000e+00
 0.000000e+00 0.000000e+00 0.000000e+00 9.498355e-01 5.016445e-02
 0.000000e+00 0.000000e+00 0.000000e+00 0.000000e+00 0.000000e+00
<ENDHMM>
~h "bg_board_0"
<BEGINHMM>
<NUMSTATES> 5
<STATE> 2
<MEAN> 6
 1.112828e+02 7.610337e+00 4.412569e+00 3.184329e+00 1.158052e+00 6.572723e-01
<VARIANCE> 6
 1.796719e+03 4.839284e+01 1.486378e+01 5.129994e+00 6.564164e-01 2.675312e-01
<GCONST> 2.499489e+01
<STATE> 3
<MEAN> 6
 1.596395e+02 1.885309e+01 1.623018e+01 1.038228e+01 4.009885e+00 2.258219e+00
<VARIANCE> 6
 2.375581e+03 4.594106e+02 1.928819e+02 5.461620e+01 1.117467e+01 1.607413e+00
<GCONST> 3.708089e+01
<STATE> 4
<MEAN> 6
 1.238305e+02 1.596910e+01 7.983878e+00 5.581936e+00 2.568783e+00 1.010982e+00
<VARIANCE> 6
 1.559386e+03 1.424254e+02 4.513148e+01 7.804954e+00 3.414239e+00 5.345447e-01
<GCONST> 2.980408e+01
<TRANSP> 5
 0.000000e+00 1.000000e+00 0.000000e+00 0.000000e+00 0.000000e+00
 0.000000e+00 7.816951e-01 2.183048e-01 0.000000e+00 0.000000e+00
 0.000000e+00 0.000000e+00 5.613641e-01 4.386360e-01 0.000000e+00
 0.000000e+00 0.000000e+00 0.000000e+00 8.054269e-01 1.945732e-01
 0.000000e+00 0.000000e+00 0.000000e+00 0.000000e+00 0.000000e+00
<ENDHMM>
~h "bg_board_1"
<BEGINHMM>
<NUMSTATES> 5
<STATE> 2
<MEAN> 6
 1.288489e+02 1.513655e+01 7.826812e+00 5.056848e+00 2.373217e+00 1.019488e+00
<VARIANCE> 6
 1.865539e+03 1.405407e+02 5.195818e+01 7.359807e+00 3.123184e+00 4.825413e-01
<GCONST> 2.986070e+01
<STATE> 3
<MEAN> 6
 1.638584e+02 3.904780e+01 1.132049e+01 9.343703e+00 4.034738e+00 1.826838e+00
<VARIANCE> 6
 2.120438e+03 2.889837e+02 7.992877e+01 3.229787e+01 6.690053e+00 1.856479e+00
<GCONST> 3.472845e+01
<STATE> 4
<MEAN> 6
 1.167486e+02 1.205120e+01 7.906936e+00 4.620879e+00 1.968974e+00 9.227590e-01
<VARIANCE> 6
 3.283260e+03 1.219165e+02 9.722273e+01 9.978649e+00 1.431466e+00 4.301345e-01
<GCONST> 3.031969e+01
<TRANSP> 5
 0.000000e+00 1.000000e+00 0.000000e+00 0.000000e+00 0.000000e+00
 0.000000e+00 8.417187e-01 1.582813e-01 0.000000e+00 0.000000e+00
 0.000000e+00 0.000000e+00 5.506285e-01 4.493715e-01 0.000000e+00
 0.000000e+00 0.000000e+00 0.000000e+00 7.756240e-01 2.243760e-01
 0.000000e+00 0.000000e+00 0.000000e+00 0.000000e+00 0.000000e+00
<ENDHMM>
~h "bg_board_2"
<BEGINHMM>
<NUMSTATES> 5
<STATE> 2
<MEAN> 6
 1.661094e+02 1.473062e+01 1.402739e+01 6.249698e+00 2.981819e+00 1.801997e+00
<VARIANCE> 6
 5.012232e+03 1.269851e+02 1.648152e+02 1.417234e+01 2.798384e+00 1.248167e+00
<GCONST> 3.339780e+01
<STATE> 3
<MEAN> 6
 2.105576e+02 3.561252e+01 2.607829e+01 1.246086e+01 4.924194e+00 3.104861e+00
<VARIANCE> 6
 4.922485e+03 8.080955e+02 1.026871e+03 4.385785e+01 1.668998e+01 8.014175e+00
<GCONST> 4.183475e+01
<STATE> 4
<MEAN> 6
 1.387056e+02 1.329028e+01 7.385185e+00 5.179489e+00 2.122309e+00 9.610186e-01
<VARIANCE> 6
 1.402286e+03 1.180472e+02 4.393351e+01 9.827361e+00 1.335918e+00 6.938569e-01
<GCONST> 2.903618e+01
<TRANSP> 5
 0.000000e+00 1.000000e+00 0.000000e+00 0.000000e+00 0.000000e+00
 0.000000e+00 5.727436e-01 4.272564e-01 0.000000e+00 0.000000e+00
 0.000000e+00 0.000000e+00 6.636317e-01 3.363684e-01 0.000000e+00
 0.000000e+00 0.000000e+00 0.000000e+00 8.699027e-01 1.300973e-01
 0.000000e+00 0.000000e+00 0.000000e+00 0.000000e+00 0.000000e+00
<ENDHMM>
~h "bg_board_3"
<BEGINHMM>
<NUMSTATES> 5
<STATE> 2
<MEAN> 6
 1.545082e+02 1.251533e+01 6.120059e+00 4.887788e+00 2.714638e+00 1.215812e+00
<VARIANCE> 6
 8.974520e+02 7.645200e+01 1.783493e+01 6.572555e+00 1.617200e+00 9.647443e-01
<GCONST> 2.737235e+01
<STATE> 3
<MEAN> 6
 2.129892e+02 3.189204e+01 1.007814e+01 1.013007e+01 3.703788e+00 1.706546e+00
<VARIANCE> 6
 1.256173e+03 7.340919e+02 9.211974e+01 2.436925e+01 3.616745e+00 1.256430e+00
<GCONST> 3.399199e+01
<STATE> 4
<MEAN> 6
 2.214383e+02 1.922437e+01 9.887472e+00 7.075920e+00 2.589844e+00 1.350870e+00
<VARIANCE> 6
 2.233161e+03 2.455838e+02 6.759830e+01 1.419493e+01 1.483853e+00 6.099157e-01
<GCONST> 3.100875e+01
<TRANSP> 5
 0.000000e+00 1.000000e+00 0.000000e+00 0.000000e+00 0.000000e+00
 0.000000e+00 7.706473e-01 2.293527e-01 0.000000e+00 0.000000e+00
 0.000000e+00 0.000000e+00 7.004224e-01 2.995777e-01 0.000000e+00
 0.000000e+00 0.000000e+00 0.000000e+00 7.675430e-01 2.324571e-01
 0.000000e+00 0.000000e+00 0.000000e+00 0.000000e+00 0.000000e+00
<ENDHMM>
~h "bg_board_4"
<BEGINHMM>
<NUMSTATES> 5
<STATE> 2
<MEAN> 6
 1.762328e+02 1.482028e+01 9.697914e+00 6.577176e+00 3.342068e+00 1.512437e+00
<VARIANCE> 6
 2.687859e+03 2.068853e+02 6.570134e+01 1.434988e+01 2.596572e+00 6.606111e-01
<GCONST> 3.164439e+01
<STATE> 3
<MEAN> 6
 2.450671e+02 4.106665e+01 2.010935e+01 1.412871e+01 4.562485e+00 2.976167e+00
<VARIANCE> 6
 2.987792e+03 9.405664e+02 2.535271e+02 4.712548e+01 5.377841e+00 1.834453e+00
<GCONST> 3.755335e+01
<STATE> 4
<MEAN> 6
 2.150803e+02 2.176312e+01 1.195364e+01 7.984644e+00 4.224827e+00 3.184253e+00
<VARIANCE> 6
 1.626329e+03 3.070399e+02 7.854676e+01 1.508137e+01 3.978880e+00 6.283979e+00
<GCONST> 3.444448e+01
<TRANSP> 5
 0.000000e+00 1.000000e+00 0.000000e+00 0.000000e+00 0.000000e+00
 0.000000e+00 8.421401e-01 1.578600e-01 0.000000e+00 0.000000e+00
 0.000000e+00 0.000000e+00 6.504212e-01 3.495789e-01 0.000000e+00
 0.000000e+00 0.000000e+00 0.000000e+00 7.371663e-01 2.628337e-01
 0.000000e+00 0.000000e+00 0.000000e+00 0.000000e+00 0.000000e+00
<ENDHMM>
~h "bg_board_5"
<BEGINHMM>
<NUMSTATES> 5
<STATE> 2
<MEAN> 6
 2.051568e+02 2.751366e+01 1.111292e+01 7.506516e+00 4.105214e+00 3.159833e+00
<VARIANCE> 6
 2.033114e+03 3.122446e+02 7.075168e+01 9.390325e+00 3.638368e+00 3.676276e+00
<GCONST> 3.348066e+01
<STATE> 3
<MEAN> 6
 2.674144e+02 4.284565e+01 1.974046e+01 1.031221e+01 5.102192e+00 4.088245e+00
<VARIANCE> 6
 3.171475e+03 8.832891e+02 1.253290e+02 1.883323e+01 6.561749e+00 7.127663e+00
<GCONST> 3.748467e+01
<STATE> 4
<MEAN> 6
 3.270860e+02 1.711291e+01 9.080472e+00 5.836049e+00 3.443930e+00 1.885915e+00
<VARIANCE> 6
 1.687330e+03 3.284195e+02 3.997015e+01 8.701824e+00 2.049211e+00 1.906617e+00
<GCONST> 3.146691e+01
<TRANSP> 5
 0.000000e+00 1.000000e+00 0.000000e+00 0.000000e+00 0.000000e+00
 0.000000e+00 7.407625e-01 2.592374e-01 0.000000e+00 0.000000e+00
 0.000000e+00 0.000000e+00 6.864911e-01 3.135089e-01 0.000000e+00
 0.000000e+00 0.000000e+00 0.000000e+00 7.980953e-01 2.019047e-01
 0.000000e+00 0.000000e+00 0.000000e+00 0.000000e+00 0.000000e+00
<ENDHMM>
~h "fp_logo"
<BEGINHMM>
<NUMSTATES> 5
<STATE> 2
<MEAN> 6
 1.212952e+02 6.152107e+00 3.495719e+00 3.183282e+00 1.990189e+00 9.081760e-01
<VARIANCE> 6
 6.425477e+02 8.949854e+01 1.816533e+01 1.488528e+01 2.833905e+00 1.299605e+00
<GCONST> 2.889053e+01
<STATE> 3
<MEAN> 6
 3.370341e+02 6.911166e+01 5.835763e+01 1.845366e+01 1.697790e+01 7.789584e+00
<VARIANCE> 6
 3.150765e+04 5.171627e+03 5.529429e+03 2.795914e+02 2.430511e+02 5.470232e+01
<GCONST> 5.368254e+01
<STATE> 4
<MEAN> 6
 2.714310e+02 4.115039e+00 3.558807e+00 2.368879e+00 2.132963e+00 9.388288e-01
<VARIANCE> 6
 7.007144e+03 2.029482e+01 1.148730e+01 6.481768e+00 2.161124e+00 1.184088e+00
<GCONST> 2.814215e+01
<TRANSP> 5
 0.000000e+00 1.000000e+00 0.000000e+00 0.000000e+00 0.000000e+00
 0.000000e+00 9.587706e-01 4.122942e-02 0.000000e+00 0.000000e+00
 0.000000e+00 0.000000e+00 8.868970e-01 1.131031e-01 0.000000e+00
 0.000000e+00 0.000000e+00 0.000000e+00 9.729027e-01 2.709734e-02
 0.000000e+00 0.000000e+00 0.000000e+00 0.000000e+00 0.000000e+00
<ENDHMM>
~h "fp_logo_0"
<BEGINHMM>
<NUMSTATES> 5
<STATE> 2
<MEAN> 6
 1.109952e+02 1.124610e+01 3.588381e+00 4.304151e+00 1.691890e+00 5.356985e-01
<VARIANCE> 6
 9.003416e+02 4.747877e+02 6.403156e+01 3.181849e+01 2.195946e+00 1.840151e-01
<GCONST> 3.070620e+01
<STATE> 3
<MEAN> 6
 1.442593e+02 3.928597e+01 4.439170e+00 1.183753e+01 2.315386e+00 1.138587e+00
<VARIANCE> 6
 3.332059e+03 3.446601e+03 5.961170e+01 1.960408e+02 6.980216e+00 2.630302e+00
<GCONST> 3.956011e+01
<STATE> 4
<MEAN> 6
 1.129981e+02 4.353828e+00 2.931229e+00 1.989647e+00 1.469376e+00 5.571917e-01
<VARIANCE> 6
 3.697566e+02 2.233274e+01 6.796019e+00 3.726632e+00 1.479507e+00 3.108339e-01
<GCONST> 2.250121e+01
<TRANSP> 5
 0.000000e+00 1.000000e+00 0.000000e+00 0.000000e+00 0.000000e+00
 0.000000e+00 4.365990e-01 5.634010e-01 0.000000e+00 0.000000e+00
 0.000000e+00 0.000000e+00 3.259473e-01 6.740527e-01 0.000000e+00
 0.000000e+00 0.000000e+00 0.000000e+00 8.856032e-01 1.143968e-01
 0.000000e+00 0.000000e+00 0.000000e+00 0.000000e+00 0.000000e+00
<ENDHMM>
~h "fp_logo_1"
<BEGINHMM>
<NUMSTATES> 5
<STATE> 2
<MEAN> 6
 1.251945e+02 3.900998e+00 3.224211e+00 2.228284e+00 1.805136e+00 7.152763e-01
<VARIANCE> 6
 7.211589e+02 1.755274e+01 7.836907e+00 3.450344e+00 1.789145e+00 6.065820e-01
<GCONST> 2.385247e+01
<STATE> 3
<MEAN> 6
 1.474605e+02 1.376495e+01 4.619877e+00 5.283145e+00 3.065060e+00 1.691465e+00
<VARIANCE> 6
 6.128594e+02 1.941900e+02 2.791023e+01 1.730234e+01 4.479708e+00 2.583066e+00
<GCONST> 3.134260e+01
<STATE> 4
<MEAN> 6
 2.001483e+02 3.506748e+01 2.366882e+01 1.241406e+01 6.033344e+00 4.067698e+00
<VARIANCE> 6
 1.252409e+04 3.691161e+03 1.369501e+03 2.440239e+02 4.322035e+01 2.585703e+01
<GCONST> 4.841473e+01
<TRANSP> 5
 0.000000e+00 1.000000e+00 0.000000e+00 0.000000e+00 0.000000e+00
 0.000000e+00 8.820480e-01 1.179520e-01 0.000000e+00 0.000000e+00
 0.000000e+00 0.000000e+00 6.952354e-01 3.047647e-01 0.000000e+00
 0.000000e+00 0.000000e+00 0.000000e+00 1.940378e-01 8.059623e-01
 0.000000e+00 0.000000e+00 0.000000e+00 0.000000e+00 0.000000e+00
<ENDHMM>
~h "fp_logo_2"
<BEGINHMM>
<NUMSTATES> 5
<STATE> 2
<MEAN> 6
 1.769164e+02 2.417027e+01 1.444805e+01 1.053507e+01 4.013389e+00 2.905566e+00
<VARIANCE> 6
 3.921337e+03 2.475786e+03 1.020807e+03 1.093935e+02 1.890995e+01 1.430497e+01
<GCONST> 4.433936e+01
<STATE> 3
<MEAN> 6
 3.600122e+02 5.961162e+01 6.917435e+01 1.667611e+01 2.084953e+01 8.065419e+00
<VARIANCE> 6
 4.125253e+04 4.413746e+03 5.520709e+03 2.789948e+02 2.173976e+02 5.671372e+01
<GCONST> 5.371441e+01
<STATE> 4
<MEAN> 6
 1.700257e+02 5.766320e+00 7.961253e+00 2.684145e+00 2.971042e+00 1.249354e+00
<VARIANCE> 6
 4.848906e+03 1.472838e+02 8.316918e+02 1.421571e+01 3.359081e+01 4.561952e+00
<GCONST> 3.891594e+01
<TRANSP> 5
 0.000000e+00 1.000000e+00 0.000000e+00 0.000000e+00 0.000000e+00
 0.000000e+00 4.481207e-01 5.518793e-01 0.000000e+00 0.000000e+00
 0.000000e+00 0.000000e+00 7.300532e-01 2.699468e-01 0.000000e+00
 0.000000e+00 0.000000e+00 0.000000e+00 8.663740e-01 1.336260e-01
 0.000000e+00 0.000000e+00 0.000000e+00 0.000000e+00 0.000000e+00
<ENDHMM>
~h "fp_logo_3"
<BEGINHMM>
<NUMSTATES> 5
<STATE> 2
<MEAN> 6
 1.972515e+02 1.713969e+01 2.051802e+01 6.131243e+00 5.758377e+00 2.589462e+00
<VARIANCE> 6
 1.419743e+04 5.590079e+02 2.887874e+03 5.154399e+01 1.075648e+02 1.269893e+01
<GCONST> 4.604456e+01
<STATE> 3
<MEAN> 6
 3.431165e+02 7.447015e+01 6.110785e+01 1.895675e+01 1.734178e+01 9.425384e+00
<VARIANCE> 6
 2.827321e+04 7.577113e+03 6.353517e+03 3.525897e+02 2.986178e+02 6.427740e+01
<GCONST> 5.469426e+01
<STATE> 4
<MEAN> 6
 2.112317e+02 4.892601e+00 3.637833e+00 2.839142e+00 2.709960e+00 1.397102e+00
<VARIANCE> 6
 1.277978e+03 3.930412e+01 7.944395e+00 3.601738e+00 2.950075e+00 2.087735e+00
<GCONST> 2.702342e+01
<TRANSP> 5
 0.000000e+00 1.000000e+00 0.000000e+00 0.000000e+00 0.000000e+00
 0.000000e+00 4.987501e-01 5.012499e-01 0.000000e+00 0.000000e+00
 0.000000e+00 0.000000e+00 6.830443e-01 3.169557e-01 0.000000e+00
 0.000000e+00 0.000000e+00 0.000000e+00 8.540140e-01 1.459860e-01
 0.000000e+00 0.000000e+00 0.000000e+00 0.000000e+00 0.000000e+00
<ENDHMM>
~h "fp_logo_4"
<BEGINHMM>
<NUMSTATES> 5
<STATE> 2
<MEAN> 6
 2.396856e+02 6.590312e+00 6.599155e+00 3.035153e+00 3.281785e+00 1.523411e+00
<VARIANCE> 6
 1.048654e+03 6.531187e+01 4.161503e+01 4.606031e+00 2.721289e+00 1.082523e+00
<GCONST> 2.849793e+01
<STATE> 3
<MEAN> 6
 2.690735e+02 2.073435e+01 4.514064e+00 6.744429e+00 2.485045e+00 1.397112e+00
<VARIANCE> 6
 8.176090e+02 5.720674e+02 8.208730e+00 3.056555e+01 1.276817e+00 7.352201e-01
<GCONST> 2.954476e+01
<STATE> 4
<MEAN> 6
 3.091032e+02 3.727371e+00 3.301452e+00 2.000622e+00 2.338348e+00 7.523490e-01
<VARIANCE> 6
 6.372728e+02 1.293991e+01 6.618694e+00 3.023705e+00 1.591670e+00 1.847996e-01
<GCONST> 2.181746e+01
<TRANSP> 5
 0.000000e+00 1.000000e+00 0.000000e+00 0.000000e+00 0.000000e+00
 0.000000e+00 7.608515e-01 2.391485e-01 0.000000e+00 0.000000e+00
 0.000000e+00 0.000000e+00 4.089121e-01 5.910880e-01 0.000000e+00
 0.000000e+00 0.000000e+00 0.000000e+00 8.596826e-01 1.403174e-01
 0.000000e+00 0.000000e+00 0.000000e+00 0.000000e+00 0.000000e+00
<ENDHMM>
~h "fp_logo_5"
<BEGINHMM>
<NUMSTATES> 5
<STATE> 2
<MEAN> 6
 2.976577e+02 7.993651e+00 4.013642e+00 6.726640e+00 2.305661e+00 9.409326e-01
<VARIANCE> 6
 3.782477e+03 9.418737e+01 9.825063e+00 3.518731e+01 1.098423e+00 3.545118e-01
<GCONST> 2.871317e+01
<STATE> 3
<MEAN> 6
 3.560363e+02 3.719374e+00 2.723360e+00 2.085515e+00 1.981686e+00 8.698698e-01
<VARIANCE> 6
 9.107178e+02 2.638462e+01 3.598219e+00 6.251502e+00 8.989566e-01 4.741212e-01
<GCONST> 2.337473e+01
<STATE> 4
<MEAN> 6
 3.881112e+02 2.526342e+00 2.373605e+00 1.109912e+00 9.826260e-01 2.976591e-01
<VARIANCE> 6
 4.448320e+02 2.005160e+01 4.338230e+00 6.777021e+00 1.535426e+00 3.480539e-02
<GCONST> 2.057510e+01
<TRANSP> 5
 0.000000e+00 1.000000e+00 0.000000e+00 0.000000e+00 0.000000e+00
 0.000000e+00 3.783096e-01 6.216904e-01 0.000000e+00 0.000000e+00
 0.000000e+00 0.000000e+00 8.025100e-01 1.974899e-01 0.000000e+00
 0.000000e+00 0.000000e+00 0.000000e+00 8.123099e-01 1.876901e-01
 0.000000e+00 0.000000e+00 0.000000e+00 0.000000e+00 0.000000e+00
<ENDHMM>
~h "fp_screen"
<BEGINHMM>
<NUMSTATES> 5
<STATE> 2
<MEAN> 6
 3.041389e+02 9.129615e+00 7.339648e+00 3.152760e+00 3.104516e+00 1.359135e+00
<VARIANCE> 6
 2.214878e+04 1.317165e+02 2.775052e+02 1.228842e+01 2.280808e+01 3.901619e+00
<GCONST> 3.853645e+01
<STATE> 3
<MEAN> 6
 5.102300e+02 6.307920e+01 4.216251e+01 1.814268e+01 1.621377e+01 6.558420e+00
<VARIANCE> 6
 3.158298e+04 3.734937e+03 2.993274e+03 2.221987e+02 3.146909e+02 5.516312e+01
<GCONST> 5.278270e+01
<STATE> 4
<MEAN> 6
 3.259636e+02 5.793844e+00 5.012603e+00 2.341634e+00 2.287374e+00 1.128005e+00
<VARIANCE> 6
 3.934338e+03 2.513996e+01 3.116899e+01 3.310281e+00 3.366393e+00 1.709608e+00
<GCONST> 2.891578e+01
<TRANSP> 5
 0.000000e+00 1.000000e+00 0.000000e+00 0.000000e+00 0.000000e+00
 0.000000e+00 9.539955e-01 4.600454e-02 0.000000e+00 0.000000e+00
 0.000000e+00 0.000000e+00 9.158510e-01 8.414906e-02 0.000000e+00
 0.000000e+00 0.000000e+00 0.000000e+00 9.725119e-01 2.748813e-02
 0.000000e+00 0.000000e+00 0.000000e+00 0.000000e+00 0.000000e+00
<ENDHMM>
~h "fp_screen_0"
<BEGINHMM>
<NUMSTATES> 5
<STATE> 2
<MEAN> 6
 2.035265e+02 6.761670e+00 1.726790e+01 3.853662e+00 7.384980e+00 1.463706e+00
<VARIANCE> 6
 1.625698e+04 4.004047e+01 5.224097e+02 9.368171e+00 6.274421e+01 2.530041e+00
<GCONST> 3.797650e+01
<STATE> 3
<MEAN> 6
 4.228652e+02 2.909066e+01 4.622528e+01 1.133330e+01 1.538665e+01 6.345756e+00
<VARIANCE> 6
 3.550697e+04 1.116673e+03 1.809646e+03 1.460442e+02 2.030056e+02 5.384089e+01
<GCONST> 5.030692e+01
<STATE> 4
<MEAN> 6
 3.456625e+02 5.152882e+00 2.889470e+00 1.634426e+00 1.259787e+00 6.872442e-01
<VARIANCE> 6
 1.820885e+04 3.936774e+01 6.194698e+01 3.805240e+00 9.759397e+00 2.257459e+00
<GCONST> 3.306500e+01
<TRANSP> 5
 0.000000e+00 1.000000e+00 0.000000e+00 0.000000e+00 0.000000e+00
 0.000000e+00 6.061977e-01 3.938023e-01 0.000000e+00 0.000000e+00
 0.000000e+00 0.000000e+00 5.366523e-01 4.633477e-01 0.000000e+00
 0.000000e+00 0.000000e+00 0.000000e+00 8.630596e-01 1.369403e-01
 0.000000e+00 0.000000e+00 0.000000e+00 0.000000e+00 0.000000e+00
<ENDHMM>
~h "fp_screen_1"
<BEGINHMM>
<NUMSTATES> 5
<STATE> 2
<MEAN> 6
 3.283607e+02 1.114632e+01 4.507062e+00 3.198006e+00 2.172863e+00 1.499727e+00
<VARIANCE> 6
 2.148942e+04 2.410898e+02 1.369778e+02 1.446472e+01 2.246099e+01 6.554307e+00
<GCONST> 3.907118e+01
<STATE> 3
<MEAN> 6
 4.032244e+02 3.531298e+01 1.720790e+01 1.739644e+01 1.026695e+01 5.091607e+00
<VARIANCE> 6
 1.874132e+04 1.388860e+03 7.687200e+02 2.645518e+02 1.721969e+02 3.822668e+01
<GCONST> 4.911693e+01
<STATE> 4
<MEAN> 6
 3.467289e+02 9.759199e+00 2.605515e+00 2.652927e+00 1.472717e+00 7.597326e-01
<VARIANCE> 6
 1.357769e+04 4.251148e+02 2.773534e+01 2.250651e+01 6.124254e+00 1.831028e+00
<GCONST> 3.544945e+01
<TRANSP> 5
 0.000000e+00 1.000000e+00 0.000000e+00 0.000000e+00 0.000000e+00
 0.000000e+00 6.852455e-01 3.147546e-01 0.000000e+00 0.000000e+00
 0.000000e+00 0.000000e+00 4.995930e-01 5.004070e-01 0.000000e+00
 0.000000e+00 0.000000e+00 0.000000e+00 8.721971e-01 1.278029e-01
 0.000000e+00 0.000000e+00 0.000000e+00 0.000000e+00 0.000000e+00
<ENDHMM>
~h "fp_screen_2"
<BEGINHMM>
<NUMSTATES> 5
<STATE> 2
<MEAN> 6
 3.057113e+02 1.287340e+01 3.600281e+00 3.516759e+00 2.085701e+00 1.197153e+00
<VARIANCE> 6
 1.365899e+04 5.711632e+02 3.237446e+01 2.702528e+01 7.603158e+00 2.906715e+00
<GCONST> 3.676682e+01
<STATE> 3
<MEAN> 6
 5.216978e+02 7.156572e+01 3.926147e+01 2.010798e+01 1.714704e+01 7.584895e+00
<VARIANCE> 6
 3.821383e+04 5.153016e+03 2.596248e+03 2.936893e+02 3.881294e+02 7.390951e+01
<GCONST> 5.393408e+01
<STATE> 4
<MEAN> 6
 4.741162e+02 2.324490e+01 3.386989e+01 6.679573e+00 1.071532e+01 2.813336e+00
<VARIANCE> 6
 3.452591e+04 1.449074e+03 2.963663e+03 8.298891e+01 2.158854e+02 1.296619e+01
<GCONST> 4.910539e+01
<TRANSP> 5
 0.000000e+00 1.000000e+00 0.000000e+00 0.000000e+00 0.000000e+00
 0.000000e+00 8.678299e-01 1.321701e-01 0.000000e+00 0.000000e+00
 0.000000e+00 0.000000e+00 6.786761e-01 3.213240e-01 0.000000e+00
 0.000000e+00 0.000000e+00 0.000000e+00 5.693126e-01 4.306875e-01
 0.000000e+00 0.000000e+00 0.000000e+00 0.000000e+00 0.000000e+00
<ENDHMM>
~h "fp_screen_3"
<BEGINHMM>
<NUMSTATES> 5
<STATE> 2
<MEAN> 6
 3.167711e+02 2.635677e+01 1.531289e+01 6.112146e+00 5.802738e+00 2.852121e+00
<VARIANCE> 6
 2.590973e+04 1.356036e+03 1.312357e+03 5.456933e+01 1.176083e+02 1.103554e+01
<GCONST> 4.674949e+01
<STATE> 3
<MEAN> 6
 5.066392e+02 6.867970e+01 5.314857e+01 1.601340e+01 1.786020e+01 6.737739e+00
<VARIANCE> 6
 4.629591e+04 4.076513e+03 4.462179e+03 1.903869e+02 3.340935e+02 5.038168e+01
<GCONST> 5.346657e+01
<STATE> 4
<MEAN> 6
 3.027453e+02 6.527191e+00 3.662282e+00 2.140091e+00 1.787109e+00 6.382464e-01
<VARIANCE> 6
 3.468942e+03 6.667597e+01 9.018954e+00 4.928209e+00 1.294808e+00 2.643878e-01
<GCONST> 2.610104e+01
<TRANSP> 5
 0.000000e+00 1.000000e+00 0.000000e+00 0.000000e+00 0.000000e+00
 0.000000e+00 6.552005e-01 3.447995e-01 0.000000e+00 0.000000e+00
 0.000000e+00 0.000000e+00 6.906412e-01 3.093588e-01 0.000000e+00
 0.000000e+00 0.000000e+00 0.000000e+00 8.295630e-01 1.704370e-01
 0.000000e+00 0.000000e+00 0.000000e+00 0.000000e+00 0.000000e+00
<ENDHMM>
~h "fp_screen_4"
<BEGINHMM>
<NUMSTATES> 5
<STATE> 2
<MEAN> 6
 3.048317e+02 6.470604e+00 4.026496e+00 2.177014e+00 1.776873e+00 6.715980e-01
<VARIANCE> 6
 3.898811e+03 9.291731e+01 1.206417e+01 7.554314e+00 1.021127e+00 2.216692e-01
<GCONST> 2.685410e+01
<STATE> 3
<MEAN> 6
 3.147110e+02 1.172013e+01 1.285184e+01 6.174268e+00 4.059249e+00 2.103921e+00
<VARIANCE> 6
 8.126064e+03 1.661092e+02 1.777285e+02 6.368464e+01 7.222913e+00 4.969092e+00
<GCONST> 3.805743e+01
<STATE> 4
<MEAN> 6
 3.426026e+02 4.965660e+00 4.127530e+00 2.198933e+00 2.168192e+00 8.233057e-01
<VARIANCE> 6
 1.506476e+03 2.869709e+01 1.357763e+01 7.881660e+00 1.250957e+00 5.540029e-01
<GCONST> 2.600787e+01
<TRANSP> 5
 0.000000e+00 1.000000e+00 0.000000e+00 0.000000e+00 0.000000e+00
 0.000000e+00 7.176428e-01 2.823572e-01 0.000000e+00 0.000000e+00
 0.000000e+00 0.000000e+00 6.352539e-01 3.647461e-01 0.000000e+00
 0.000000e+00 0.000000e+00 0.000000e+00 8.511186e-01 1.488814e-01
 0.000000e+00 0.000000e+00 0.000000e+00 0.000000e+00 0.000000e+00
<ENDHMM>
~h "fp_screen_5"
<BEGINHMM>
<NUMSTATES> 5
<STATE> 2
<MEAN> 6
 3.596256e+02 5.790213e+00 6.267588e+00 3.153373e+00 2.661273e+00 1.194348e+00
<VARIANCE> 6
 1.961714e+03 3.532796e+01 2.787269e+01 1.247383e+01 2.400225e+00 1.144527e+00
<GCONST> 2.903535e+01
<STATE> 3
<MEAN> 6
 4.352305e+02 4.829876e+01 2.659758e+01 1.318861e+01 1.208811e+01 5.899457e+00
<VARIANCE> 6
 2.254683e+04 3.930359e+03 1.561106e+03 1.457476e+02 1.885072e+02 3.157671e+01
<GCONST> 5.035368e+01
<STATE> 4
<MEAN> 6
 3.148404e+02 5.782810e+00 8.349257e+00 3.277059e+00 3.614734e+00 1.985233e+00
<VARIANCE> 6
 2.556768e+03 2.258330e+01 4.696117e+01 3.731703e+00 3.929555e+00 2.136621e+00
<GCONST> 2.928491e+01
<TRANSP> 5
 0.000000e+00 1.000000e+00 0.000000e+00 0.000000e+00 0.000000e+00
 0.000000e+00 7.642900e-01 2.357100e-01 0.000000e+00 0.000000e+00
 0.000000e+00 0.000000e+00 4.114950e-01 5.885051e-01 0.000000e+00
 0.000000e+00 0.000000e+00 0.000000e+00 8.349366e-01 1.650634e-01
 0.000000e+00 0.000000e+00 0.000000e+00 0.000000e+00 0.000000e+00
<ENDHMM>
~h "fp_key"
<BEGINHMM>
<NUMSTATES> 5
<STATE> 2
<MEAN> 6
 1.269274e+02 1.327617e+01 3.223298e+00 2.890390e+00 1.454258e+00 7.819632e-01
<VARIANCE> 6
 6.580501e+03 7.168658e+02 1.645705e+01 2.376592e+01 1.975659e+00 1.194557e+00
<GCONST> 3.322170e+01
<STATE> 3
<MEAN> 6
 3.500835e+02 5.842957e+01 2.567455e+01 1.460054e+01 9.741888e+00 3.946089e+00
<VARIANCE> 6
 3.410279e+04 3.437450e+03 1.990017e+03 1.982533e+02 2.257204e+02 3.201665e+01
<GCONST> 5.137788e+01
<STATE> 4
<MEAN> 6
 3.290213e+02 4.215106e+00 4.163883e+00 1.787085e+00 1.898656e+00 1.065297e+00
<VARIANCE> 6
 9.583964e+03 8.363293e+01 1.329090e+02 3.359760e+00 4.491984e+00 2.281859e+00
<GCONST> 3.305037e+01
<TRANSP> 5
 0.000000e+00 1.000000e+00 0.000000e+00 0.000000e+00 0.000000e+00
 0.000000e+00 9.364823e-01 6.351769e-02 0.000000e+00 0.000000e+00
 0.000000e+00 0.000000e+00 9.771087e-01 2.289130e-02 0.000000e+00
 0.000000e+00 0.000000e+00 0.000000e+00 9.054072e-01 9.459274e-02
 0.000000e+00 0.000000e+00 0.000000e+00 0.000000e+00 0.000000e+00
<ENDHMM>
~h "fp_key_0"
<BEGINHMM>
<NUMSTATES> 5
<STATE> 2
<MEAN> 6
 3.336584e+02 8.599335e+01 5.773754e+00 1.509627e+01 1.960729e+00 1.089829e+00
<VARIANCE> 6
 3.889657e+04 4.632364e+03 3.959258e+01 1.780436e+02 2.551852e+00 1.166661e+00
<GCONST> 3.998838e+01
<STATE> 3
<MEAN> 6
 2.596836e+02 5.838014e+01 4.088556e+01 1.587811e+01 1.672354e+01 6.236737e+00
<VARIANCE> 6
 2.461001e+04 2.988965e+03 2.215623e+03 1.315109e+02 2.750697e+02 3.236484e+01
<GCONST> 5.081733e+01
<STATE> 4
<MEAN> 6
 1.157415e+02 1.212366e+01 3.290014e+00 3.253499e+00 1.136831e+00 6.380944e-01
<VARIANCE> 6
 7.127424e+03 7.626766e+02 2.666034e+01 3.324905e+01 1.434743e+00 1.187549e+00
<GCONST> 3.385588e+01
<TRANSP> 5
 0.000000e+00 1.000000e+00 0.000000e+00 0.000000e+00 0.000000e+00
 0.000000e+00 7.818804e-01 2.181196e-01 0.000000e+00 0.000000e+00
 0.000000e+00 0.000000e+00 5.334235e-01 4.665765e-01 0.000000e+00
 0.000000e+00 0.000000e+00 0.000000e+00 8.103219e-01 1.896781e-01
 0.000000e+00 0.000000e+00 0.000000e+00 0.000000e+00 0.000000e+00
<ENDHMM>
~h "fp_key_1"
<BEGINHMM>
<NUMSTATES> 5
<STATE> 2
<MEAN> 6
 1.100879e+02 8.613264e+00 3.114409e+00 2.318004e+00 1.377124e+00 5.979262e-01
<VARIANCE> 6
 5.559699e+03 5.215082e+02 2.884067e+01 2.210581e+01 1.995338e+00 8.661205e-01
<GCONST> 3.291200e+01
<STATE> 3
<MEAN> 6
 2.883654e+02 4.661923e+01 5.242045e+01 1.713619e+01 1.902723e+01 7.412353e+00
<VARIANCE> 6
 2.929532e+04 2.532720e+03 4.288011e+03 2.890489e+02 3.691812e+02 5.976126e+01
<GCONST> 5.318132e+01
<STATE> 4
<MEAN> 6
 2.928483e+02 6.519914e+01 1.736726e+01 1.375530e+01 6.590974e+00 2.641248e+00
<VARIANCE> 6
 1.930112e+04 2.695435e+03 8.811201e+02 7.816428e+01 9.862821e+01 1.597918e+01
<GCONST> 4.729715e+01
<TRANSP> 5
 0.000000e+00 1.000000e+00 0.000000e+00 0.000000e+00 0.000000e+00
 0.000000e+00 8.529626e-01 1.470374e-01 0.000000e+00 0.000000e+00
 0.000000e+00 0.000000e+00 5.699372e-01 4.300628e-01 0.000000e+00
 0.000000e+00 0.000000e+00 0.000000e+00 7.418534e-01 2.581466e-01
 0.000000e+00 0.000000e+00 0.000000e+00 0.000000e+00 0.000000e+00
<ENDHMM>
~h "fp_key_2"
<BEGINHMM>
<NUMSTATES> 5
<STATE> 2
<MEAN> 6
 2.997443e+02 6.158264e+01 1.491558e+01 1.372832e+01 6.722355e+00 2.573081e+00
<VARIANCE> 6
 1.936400e+04 2.587312e+03 8.240807e+02 9.240451e+01 1.089423e+02 1.646084e+01
<GCONST> 4.748906e+01
<STATE> 3
<MEAN> 6
 3.190414e+02 6.426934e+01 5.622496e+01 2.081712e+01 2.561572e+01 8.023720e+00
<VARIANCE> 6
 2.834391e+04 4.320761e+03 3.725935e+03 4.695085e+02 4.974769e+02 6.640797e+01
<GCONST> 5.443074e+01
<STATE> 4
<MEAN> 6
 1.536851e+02 9.602265e+00 3.900673e+00 3.264704e+00 2.126091e+00 1.193826e+00
<VARIANCE> 6
 6.235214e+03 4.402665e+02 1.614840e+01 4.764389e+01 3.704244e+00 2.829213e+00
<GCONST> 3.484766e+01
<TRANSP> 5
 0.000000e+00 1.000000e+00 0.000000e+00 0.000000e+00 0.000000e+00
 0.000000e+00 7.336990e-01 2.663011e-01 0.000000e+00 0.000000e+00
 0.000000e+00 0.000000e+00 5.801870e-01 4.198130e-01 0.000000e+00
 0.000000e+00 0.000000e+00 0.000000e+00 8.542877e-01 1.457123e-01
 0.000000e+00 0.000000e+00 0.000000e+00 0.000000e+00 0.000000e+00
<ENDHMM>
~h "fp_key_3"
<BEGINHMM>
<NUMSTATES> 5
<STATE> 2
<MEAN> 6
 2.069893e+02 1.764445e+01 5.039282e+00 5.443074e+00 2.823289e+00 1.450390e+00
<VARIANCE> 6
 9.174743e+03 7.985317e+02 1.958575e+01 7.787128e+01 4.842367e+00 3.740739e+00
<GCONST> 3.706079e+01
<STATE> 3
<MEAN> 6
 4.330460e+02 8.447916e+01 7.182071e+01 2.827539e+01 2.693501e+01 1.153703e+01
<VARIANCE> 6
 2.412433e+04 5.116219e+03 4.830720e+03 3.953315e+02 4.784111e+02 7.869276e+01
<GCONST> 5.465691e+01
<STATE> 4
<MEAN> 6
 3.543867e+02 4.808762e+01 8.837453e+00 1.100552e+01 3.091718e+00 1.973976e+00
<VARIANCE> 6
 2.205589e+04 2.169919e+03 2.038602e+02 8.387219e+01 7.725681e+00 2.871721e+00
<GCONST> 4.155724e+01
<TRANSP> 5
 0.000000e+00 1.000000e+00 0.000000e+00 0.000000e+00 0.000000e+00
 0.000000e+00 7.669096e-01 2.330904e-01 0.000000e+00 0.000000e+00
 0.000000e+00 0.000000e+00 6.296414e-01 3.703586e-01 0.000000e+00
 0.000000e+00 0.000000e+00 0.000000e+00 8.003886e-01 1.996114e-01
 0.000000e+00 0.000000e+00 0.000000e+00 0.000000e+00 0.000000e+00
<ENDHMM>
~h "fp_key_4"
<BEGINHMM>
<NUMSTATES> 5
<STATE> 2
<MEAN> 6
 2.930968e+02 1.297107e+01 5.437865e+00 3.713625e+00 2.591294e+00 1.440300e+00
<VARIANCE> 6
 7.204074e+03 6.918175e+02 1.091074e+02 2.228484e+01 7.141350e+00 2.519135e+00
<GCONST> 3.713504e+01
<STATE> 3
<MEAN> 6
 4.796393e+02 6.811595e+01 6.875739e+01 1.698139e+01 2.509113e+01 7.423740e+00
<VARIANCE> 6
 2.795182e+04 3.793528e+03 4.752836e+03 2.629702e+02 4.039787e+02 3.875562e+01
<GCONST> 5.320372e+01
<STATE> 4
<MEAN> 6
 4.377492e+02 6.061811e+01 1.680112e+01 1.451574e+01 5.458802e+00 2.856268e+00
<VARIANCE> 6
 2.719024e+04 2.611697e+03 6.339451e+02 1.233830e+02 4.484978e+01 9.758420e+00
<GCONST> 4.645433e+01
<TRANSP> 5
 0.000000e+00 1.000000e+00 0.000000e+00 0.000000e+00 0.000000e+00
 0.000000e+00 8.514305e-01 1.485695e-01 0.000000e+00 0.000000e+00
 0.000000e+00 0.000000e+00 5.432225e-01 4.567775e-01 0.000000e+00
 0.000000e+00 0.000000e+00 0.000000e+00 7.548953e-01 2.451047e-01
 0.000000e+00 0.000000e+00 0.000000e+00 0.000000e+00 0.000000e+00
<ENDHMM>
~h "fp_key_5"
<BEGINHMM>
<NUMSTATES> 5
<STATE> 2
<MEAN> 6
 4.719686e+02 7.902162e+01 1.347018e+01 1.640358e+01 4.075901e+00 2.458562e+00
<VARIANCE> 6
 3.576811e+04 3.566668e+03 4.678318e+02 1.336067e+02 3.303933e+01 8.443689e+00
<GCONST> 4.636559e+01
<STATE> 3
<MEAN> 6
 5.573391e+02 7.792444e+01 6.446184e+01 2.299815e+01 2.155795e+01 9.364811e+00
<VARIANCE> 6
 3.111492e+04 3.975891e+03 3.315629e+03 2.748357e+02 3.198693e+02 5.863610e+01
<GCONST> 5.322255e+01
<STATE> 4
<MEAN> 6
 3.971943e+02 4.542980e+00 4.586976e+00 1.583216e+00 1.507948e+00 8.523234e-01
<VARIANCE> 6
 2.535432e+03 1.476306e+02 2.509924e+02 4.469543e+00 6.564829e+00 2.180631e+00
<GCONST> 3.354414e+01
<TRANSP> 5
 0.000000e+00 1.000000e+00 0.000000e+00 0.000000e+00 0.000000e+00
 0.000000e+00 7.855561e-01 2.144439e-01 0.000000e+00 0.000000e+00
 0.000000e+00 0.000000e+00 4.768790e-01 5.231211e-01 0.000000e+00
 0.000000e+00 0.000000e+00 0.000000e+00 8.156740e-01 1.843260e-01
 0.000000e+00 0.000000e+00 0.000000e+00 0.000000e+00 0.000000e+00
<ENDHMM>
