~o
<STREAMINFO> 1 6
<VECSIZE> 6<NULLD><MFCC><DIAGC>
~h "fp_key_0"
<BEGINHMM>
<NUMSTATES> 5
<STATE> 2
<MEAN> 6
 4.562723e+02 9.471185e+00 5.577187e+00 3.148378e+00 2.236810e+00 1.093967e+00
<VARIANCE> 6
 8.824948e+04 2.439468e+02 1.512099e+02 1.600290e+01 1.399052e+01 3.049316e+00
<GCONST> 3.945687e+01
<STATE> 3
<MEAN> 6
 5.213544e+02 4.721669e+01 2.287453e+01 1.317326e+01 1.044448e+01 5.431445e+00
<VARIANCE> 6
 4.933576e+04 2.566156e+03 1.641589e+03 1.459685e+02 1.681288e+02 3.703543e+01
<GCONST> 5.080725e+01
<STATE> 4
<MEAN> 6
 2.727925e+02 5.608878e+00 4.240203e+00 2.160810e+00 1.822943e+00 8.592511e-01
<VARIANCE> 6
 1.143859e+04 4.536752e+01 3.493408e+01 4.523660e+00 3.004405e+00 1.265070e+00
<GCONST> 3.058479e+01
<TRANSP> 5
 0.000000e+00 1.000000e+00 0.000000e+00 0.000000e+00 0.000000e+00
 0.000000e+00 9.587255e-01 4.127456e-02 0.000000e+00 0.000000e+00
 0.000000e+00 0.000000e+00 9.572576e-01 4.274235e-02 0.000000e+00
 0.000000e+00 0.000000e+00 0.000000e+00 9.553093e-01 4.469074e-02
 0.000000e+00 0.000000e+00 0.000000e+00 0.000000e+00 0.000000e+00
<ENDHMM>
