~o <VecSize> 18 <MFCC>
~h "initial_0_D_A_st3"
<BeginHMM>
<NumStates> 4
<State> 2
<Mean> 18
0.0 0.0 0.0 0.0 0.0 0.0 0.0 0.0 0.0 0.0 0.0 0.0 0.0 0.0 0.0 0.0 0.0 0.0
<Variance> 18
1.0 1.0 1.0 1.0 1.0 1.0 1.0 1.0 1.0 1.0 1.0 1.0 1.0 1.0 1.0 1.0 1.0 1.0
<State> 3
<Mean> 18
0.0 0.0 0.0 0.0 0.0 0.0 0.0 0.0 0.0 0.0 0.0 0.0 0.0 0.0 0.0 0.0 0.0 0.0
<Variance> 18
1.0 1.0 1.0 1.0 1.0 1.0 1.0 1.0 1.0 1.0 1.0 1.0 1.0 1.0 1.0 1.0 1.0 1.0
<TransP> 4
0.0 1.0 0.0 0.0
0.0 0.3 0.5 0.2
0.0 0.3 0.5 0.2
0.0 0.2 0.2 0.2
<EndHMM>
