~o
<STREAMINFO> 1 6
<VECSIZE> 6<NULLD><MFCC><DIAGC>
~h "bg_board_5"
<BEGINHMM>
<NUMSTATES> 5
<STATE> 2
<MEAN> 6
 2.605994e+02 2.037465e+01 7.402213e+00 7.279119e+00 3.773491e+00 2.275048e+00
<VARIANCE> 6
 4.588107e+03 5.017863e+02 4.315067e+01 2.084101e+01 5.210354e+00 2.995836e+00
<GCONST> 3.522615e+01
<STATE> 3
<MEAN> 6
 2.839610e+02 3.974048e+01 1.136656e+01 9.588821e+00 3.963848e+00 2.032025e+00
<VARIANCE> 6
 5.886082e+03 4.018834e+03 1.783751e+02 6.042085e+01 1.687015e+01 5.651167e+00
<GCONST> 4.184898e+01
<STATE> 4
<MEAN> 6
 3.811469e+02 8.918617e+00 4.749358e+00 2.392143e+00 1.403152e+00 5.495682e-01
<VARIANCE> 6
 1.121737e+04 2.500571e+02 1.918629e+01 7.261703e+00 1.551841e+00 4.515695e-01
<GCONST> 3.045540e+01
<TRANSP> 5
 0.000000e+00 1.000000e+00 0.000000e+00 0.000000e+00 0.000000e+00
 0.000000e+00 7.453600e-01 2.546401e-01 0.000000e+00 0.000000e+00
 0.000000e+00 0.000000e+00 4.951919e-01 5.048081e-01 0.000000e+00
 0.000000e+00 0.000000e+00 0.000000e+00 8.358486e-01 1.641514e-01
 0.000000e+00 0.000000e+00 0.000000e+00 0.000000e+00 0.000000e+00
<ENDHMM>
