~o
<STREAMINFO> 1 6
<VECSIZE> 6<NULLD><MFCC><DIAGC>
~h "bg_board"
<BEGINHMM>
<NUMSTATES> 5
<STATE> 2
<MEAN> 6
 2.635236e+02 2.206842e+01 1.204218e+01 1.008811e+01 5.439513e+00 3.282782e+00
<VARIANCE> 6
 5.338532e+03 3.660592e+02 1.333534e+02 3.427820e+01 1.224791e+01 5.340659e+00
<GCONST> 3.812098e+01
<STATE> 3
<MEAN> 6
 3.526610e+02 7.619239e+01 1.140746e+01 1.599708e+01 4.345171e+00 2.993474e+00
<VARIANCE> 6
 1.588275e+04 6.071789e+03 2.620288e+02 1.064963e+02 1.610353e+01 9.935983e+00
<GCONST> 4.472342e+01
<STATE> 4
<MEAN> 6
 3.997811e+02 7.537890e+00 4.203906e+00 1.544471e+00 1.007874e+00 3.727936e-01
<VARIANCE> 6
 9.554899e+03 1.161021e+02 1.706990e+01 3.465930e+00 8.065486e-01 1.304309e-01
<GCONST> 2.677494e+01
<TRANSP> 5
 0.000000e+00 1.000000e+00 0.000000e+00 0.000000e+00 0.000000e+00
 0.000000e+00 9.652277e-01 3.477231e-02 0.000000e+00 0.000000e+00
 0.000000e+00 0.000000e+00 8.365035e-01 1.634965e-01 0.000000e+00
 0.000000e+00 0.000000e+00 0.000000e+00 9.715304e-01 2.846964e-02
 0.000000e+00 0.000000e+00 0.000000e+00 0.000000e+00 0.000000e+00
<ENDHMM>
