~o
<STREAMINFO> 1 6
<VECSIZE> 6<NULLD><MFCC><DIAGC>
~h "bg_board_3"
<BEGINHMM>
<NUMSTATES> 5
<STATE> 2
<MEAN> 6
 2.691065e+02 2.431643e+01 7.124215e+00 5.940969e+00 3.480426e+00 1.563897e+00
<VARIANCE> 6
 1.561478e+04 6.260940e+02 5.163635e+01 1.795009e+01 1.024066e+01 2.171133e+00
<GCONST> 3.705617e+01
<STATE> 3
<MEAN> 6
 2.715687e+02 3.179279e+01 1.272348e+01 1.089246e+01 5.158442e+00 3.355227e+00
<VARIANCE> 6
 8.786222e+03 2.560861e+03 1.266024e+02 5.527016e+01 1.145587e+01 6.381747e+00
<GCONST> 4.110154e+01
<STATE> 4
<MEAN> 6
 3.964622e+02 1.163181e+01 6.710616e+00 2.911871e+00 1.633877e+00 6.577585e-01
<VARIANCE> 6
 1.745898e+04 3.128185e+02 5.583505e+01 1.570958e+01 2.796123e+00 1.097509e+00
<GCONST> 3.443845e+01
<TRANSP> 5
 0.000000e+00 1.000000e+00 0.000000e+00 0.000000e+00 0.000000e+00
 0.000000e+00 5.364018e-01 4.635982e-01 0.000000e+00 0.000000e+00
 0.000000e+00 0.000000e+00 7.490028e-01 2.509972e-01 0.000000e+00
 0.000000e+00 0.000000e+00 0.000000e+00 8.293180e-01 1.706820e-01
 0.000000e+00 0.000000e+00 0.000000e+00 0.000000e+00 0.000000e+00
<ENDHMM>
