~o
<STREAMINFO> 1 6
<VECSIZE> 6<NULLD><MFCC><DIAGC>
~h "bg_board_1"
<BEGINHMM>
<NUMSTATES> 5
<STATE> 2
<MEAN> 6
 3.068181e+02 2.144658e+01 1.158734e+01 1.061730e+01 5.615716e+00 3.596955e+00
<VARIANCE> 6
 5.602052e+03 5.685308e+02 9.384932e+01 3.654303e+01 1.266310e+01 6.015366e+00
<GCONST> 3.847440e+01
<STATE> 3
<MEAN> 6
 3.972242e+02 5.153603e+01 1.460522e+01 1.567418e+01 5.421299e+00 3.483856e+00
<VARIANCE> 6
 2.386990e+04 4.064098e+03 4.620624e+02 1.888173e+02 2.669506e+01 1.203607e+01
<GCONST> 4.656645e+01
<STATE> 4
<MEAN> 6
 3.838342e+02 6.003929e+00 4.360656e+00 2.283669e+00 1.287343e+00 7.331284e-01
<VARIANCE> 6
 4.363636e+03 1.555561e+02 2.904174e+01 2.057209e+01 3.864600e+00 2.279159e+00
<GCONST> 3.302367e+01
<TRANSP> 5
 0.000000e+00 1.000000e+00 0.000000e+00 0.000000e+00 0.000000e+00
 0.000000e+00 7.935159e-01 2.064842e-01 0.000000e+00 0.000000e+00
 0.000000e+00 0.000000e+00 4.625640e-01 5.374360e-01 0.000000e+00
 0.000000e+00 0.000000e+00 0.000000e+00 8.411773e-01 1.588227e-01
 0.000000e+00 0.000000e+00 0.000000e+00 0.000000e+00 0.000000e+00
<ENDHMM>
