~o
<STREAMINFO> 1 6
<VECSIZE> 6<NULLD><MFCC><DIAGC>
~h "bg_board_2"
<BEGINHMM>
<NUMSTATES> 5
<STATE> 2
<MEAN> 6
 2.736447e+02 2.252878e+01 1.162321e+01 1.024131e+01 5.172131e+00 3.524816e+00
<VARIANCE> 6
 5.351136e+03 3.918772e+02 1.029888e+02 4.734226e+01 1.212652e+01 6.073220e+00
<GCONST> 3.837459e+01
<STATE> 3
<MEAN> 6
 3.180079e+02 4.191888e+01 1.658680e+01 1.212462e+01 5.238537e+00 3.224393e+00
<VARIANCE> 6
 1.214129e+04 2.187019e+03 4.384341e+02 9.834600e+01 2.356018e+01 1.257270e+01
<GCONST> 4.448471e+01
<STATE> 4
<MEAN> 6
 3.742139e+02 1.147166e+01 5.195841e+00 2.178393e+00 1.475531e+00 5.256680e-01
<VARIANCE> 6
 1.512997e+04 2.475843e+02 2.690900e+01 7.898833e+00 3.960469e+00 5.483047e-01
<GCONST> 3.229806e+01
<TRANSP> 5
 0.000000e+00 1.000000e+00 0.000000e+00 0.000000e+00 0.000000e+00
 0.000000e+00 7.620153e-01 2.379847e-01 0.000000e+00 0.000000e+00
 0.000000e+00 0.000000e+00 5.123298e-01 4.876702e-01 0.000000e+00
 0.000000e+00 0.000000e+00 0.000000e+00 8.517966e-01 1.482034e-01
 0.000000e+00 0.000000e+00 0.000000e+00 0.000000e+00 0.000000e+00
<ENDHMM>
