~o
<STREAMINFO> 1 6
<VECSIZE> 6<NULLD><MFCC><DIAGC>
~h "bg_board_4"
<BEGINHMM>
<NUMSTATES> 5
<STATE> 2
<MEAN> 6
 2.438669e+02 2.180795e+01 1.001837e+01 9.091262e+00 4.622793e+00 2.891342e+00
<VARIANCE> 6
 8.124290e+03 4.909682e+02 9.182018e+01 2.913158e+01 9.771289e+00 4.558187e+00
<GCONST> 3.791429e+01
<STATE> 3
<MEAN> 6
 2.999414e+02 5.334396e+01 7.247167e+00 8.689597e+00 2.290682e+00 1.019946e+00
<VARIANCE> 6
 1.148626e+04 5.483675e+03 5.186421e+01 5.979430e+01 5.268570e+00 1.341129e+00
<GCONST> 3.898051e+01
<STATE> 4
<MEAN> 6
 3.490703e+02 1.070829e+01 4.754758e+00 2.268613e+00 1.367340e+00 5.864115e-01
<VARIANCE> 6
 1.010363e+04 2.854193e+02 2.166746e+01 9.494479e+00 2.009345e+00 6.500413e-01
<GCONST> 3.149548e+01
<TRANSP> 5
 0.000000e+00 1.000000e+00 0.000000e+00 0.000000e+00 0.000000e+00
 0.000000e+00 8.133333e-01 1.866668e-01 0.000000e+00 0.000000e+00
 0.000000e+00 0.000000e+00 2.096746e-01 7.903253e-01 0.000000e+00
 0.000000e+00 0.000000e+00 0.000000e+00 8.432001e-01 1.567999e-01
 0.000000e+00 0.000000e+00 0.000000e+00 0.000000e+00 0.000000e+00
<ENDHMM>
