~o
<STREAMINFO> 1 6
<VECSIZE> 6<NULLD><MFCC><DIAGC>
~h "bg_board_0"
<BEGINHMM>
<NUMSTATES> 5
<STATE> 2
<MEAN> 6
 3.944110e+02 1.682800e+01 8.678032e+00 7.418105e+00 4.076509e+00 2.191996e+00
<VARIANCE> 6
 8.001591e+03 1.230515e+03 1.835542e+02 5.807779e+01 2.718991e+01 6.729091e+00
<GCONST> 4.161343e+01
<STATE> 3
<MEAN> 6
 3.492535e+02 3.849026e+01 1.299992e+01 1.258203e+01 5.648680e+00 3.348750e+00
<VARIANCE> 6
 7.807339e+03 2.241839e+03 1.735139e+02 5.640281e+01 1.613923e+01 7.156731e+00
<GCONST> 4.164322e+01
<STATE> 4
<MEAN> 6
 4.245247e+02 7.154592e+00 3.551656e+00 2.269518e+00 1.274469e+00 6.840453e-01
<VARIANCE> 6
 3.903858e+03 3.865568e+02 2.734018e+01 1.786143e+01 3.398291e+00 1.514202e+00
<GCONST> 3.308343e+01
<TRANSP> 5
 0.000000e+00 1.000000e+00 0.000000e+00 0.000000e+00 0.000000e+00
 0.000000e+00 3.982131e-05 9.999602e-01 0.000000e+00 0.000000e+00
 0.000000e+00 0.000000e+00 8.115099e-01 1.884901e-01 0.000000e+00
 0.000000e+00 0.000000e+00 0.000000e+00 8.243964e-01 1.756037e-01
 0.000000e+00 0.000000e+00 0.000000e+00 0.000000e+00 0.000000e+00
<ENDHMM>
