~o
<STREAMINFO> 1 6
<VECSIZE> 6<NULLD><MFCC><DIAGC>
~h "bg_dark_0_2"
<BEGINHMM>
<NUMSTATES> 5
<STATE> 2
<MEAN> 6
 4.210135e+02 1.487918e+01 6.400506e+00 4.253447e+00 2.883732e+00 1.279455e+00
<VARIANCE> 6
 6.287350e+03 4.537935e+02 2.370064e+01 7.645435e+00 2.390685e+00 8.297522e-01
<GCONST> 3.177576e+01
<STATE> 3
<MEAN> 6
 3.188337e+02 6.218683e+01 1.391211e+01 1.251880e+01 6.131511e+00 3.425729e+00
<VARIANCE> 6
 1.110530e+04 1.955525e+03 1.170166e+02 7.350600e+01 1.825768e+01 6.314859e+00
<GCONST> 4.172803e+01
<STATE> 4
<MEAN> 6
 2.300565e+02 2.513956e+01 8.797408e+00 5.028753e+00 2.677928e+00 1.356123e+00
<VARIANCE> 6
 3.022559e+04 5.982051e+02 4.185303e+01 1.059763e+01 4.399605e+00 1.402146e+00
<GCONST> 3.565195e+01
<TRANSP> 5
 0.000000e+00 1.000000e+00 0.000000e+00 0.000000e+00 0.000000e+00
 0.000000e+00 8.082498e-01 1.917502e-01 0.000000e+00 0.000000e+00
 0.000000e+00 0.000000e+00 6.397231e-01 3.602769e-01 0.000000e+00
 0.000000e+00 0.000000e+00 0.000000e+00 8.003689e-01 1.996311e-01
 0.000000e+00 0.000000e+00 0.000000e+00 0.000000e+00 0.000000e+00
<ENDHMM>
