~o
<STREAMINFO> 1 6
<VECSIZE> 6<NULLD><MFCC><DIAGC>
~h "bg_dark_0_0"
<BEGINHMM>
<NUMSTATES> 5
<STATE> 2
<MEAN> 6
 3.768338e+02 1.355256e+01 6.041641e+00 4.524566e+00 3.040098e+00 1.471886e+00
<VARIANCE> 6
 1.683062e+04 3.095491e+02 2.146267e+01 1.132306e+01 2.377709e+00 1.256887e+00
<GCONST> 3.308126e+01
<STATE> 3
<MEAN> 6
 3.260654e+02 3.144271e+01 1.185994e+01 9.212906e+00 5.339818e+00 3.036043e+00
<VARIANCE> 6
 1.176464e+04 7.951307e+02 9.999086e+01 3.465605e+01 5.716451e+00 4.152054e+00
<GCONST> 3.839612e+01
<STATE> 4
<MEAN> 6
 2.128839e+02 1.544046e+01 6.126530e+00 4.112784e+00 2.492014e+00 1.248799e+00
<VARIANCE> 6
 3.034026e+04 2.977889e+02 4.153645e+01 1.588294e+01 3.179364e+00 1.912581e+00
<GCONST> 3.534083e+01
<TRANSP> 5
 0.000000e+00 1.000000e+00 0.000000e+00 0.000000e+00 0.000000e+00
 0.000000e+00 7.690877e-01 2.309123e-01 0.000000e+00 0.000000e+00
 0.000000e+00 0.000000e+00 7.271637e-01 2.728364e-01 0.000000e+00
 0.000000e+00 0.000000e+00 0.000000e+00 7.502591e-01 2.497409e-01
 0.000000e+00 0.000000e+00 0.000000e+00 0.000000e+00 0.000000e+00
<ENDHMM>
