~o
<STREAMINFO> 1 6
<VECSIZE> 6<NULLD><MFCC><DIAGC>
~h "bg_dark_0_5"
<BEGINHMM>
<NUMSTATES> 5
<STATE> 2
<MEAN> 6
 1.371243e+02 1.602604e+00 1.440679e+00 4.787550e-01 3.964205e-01 2.698807e-01
<VARIANCE> 6
 2.731751e+02 4.696752e+00 2.347324e+00 4.312308e-01 4.024462e-01 8.262327e-02
<GCONST> 1.479275e+01
<STATE> 3
<MEAN> 6
 1.345463e+02 1.217632e+01 1.776316e+01 2.227013e+00 3.042862e+00 2.750549e+00
<VARIANCE> 6
 2.226299e+03 5.058909e+02 8.063673e+02 7.735618e+00 1.755623e+01 3.415327e+01
<GCONST> 4.009632e+01
<STATE> 4
<MEAN> 6
 9.360127e+01 1.030963e+01 5.869698e+00 2.513840e+00 2.391133e+00 9.725265e-01
<VARIANCE> 6
 7.087558e+03 2.592405e+02 1.745834e+02 7.584466e+00 9.176127e+00 5.558001e+00
<GCONST> 3.657146e+01
<TRANSP> 5
 0.000000e+00 1.000000e+00 0.000000e+00 0.000000e+00 0.000000e+00
 0.000000e+00 8.678366e-01 1.321634e-01 0.000000e+00 0.000000e+00
 0.000000e+00 0.000000e+00 7.960505e-02 9.203950e-01 0.000000e+00
 0.000000e+00 0.000000e+00 0.000000e+00 7.012354e-01 2.987646e-01
 0.000000e+00 0.000000e+00 0.000000e+00 0.000000e+00 0.000000e+00
<ENDHMM>
