~o
<STREAMINFO> 1 6
<VECSIZE> 6<NULLD><MFCC><DIAGC>
~h "bg_dark_0"
<BEGINHMM>
<NUMSTATES> 5
<STATE> 2
<MEAN> 6
 4.061249e+02 1.431044e+01 7.467938e+00 4.965230e+00 3.628991e+00 1.851691e+00
<VARIANCE> 6
 1.491609e+04 2.814922e+02 4.492279e+01 1.331195e+01 4.433290e+00 2.376860e+00
<GCONST> 3.502609e+01
<STATE> 3
<MEAN> 6
 3.311181e+02 4.237025e+01 1.478073e+01 1.016017e+01 5.422125e+00 2.856408e+00
<VARIANCE> 6
 1.751908e+04 1.312025e+03 3.840078e+02 5.803791e+01 1.960934e+01 8.818459e+00
<GCONST> 4.314225e+01
<STATE> 4
<MEAN> 6
 1.052994e+02 9.016742e+00 5.679084e+00 2.031541e+00 1.806068e+00 7.393084e-01
<VARIANCE> 6
 2.288657e+03 1.786860e+02 7.385763e+01 4.437430e+00 4.211616e+00 1.312584e+00
<GCONST> 3.145067e+01
<TRANSP> 5
 0.000000e+00 1.000000e+00 0.000000e+00 0.000000e+00 0.000000e+00
 0.000000e+00 9.661723e-01 3.382763e-02 0.000000e+00 0.000000e+00
 0.000000e+00 0.000000e+00 9.297074e-01 7.029261e-02 0.000000e+00
 0.000000e+00 0.000000e+00 0.000000e+00 9.618497e-01 3.815029e-02
 0.000000e+00 0.000000e+00 0.000000e+00 0.000000e+00 0.000000e+00
<ENDHMM>
