~o
<STREAMINFO> 1 6
<VECSIZE> 6<NULLD><MFCC><DIAGC>
~h "bg_dark_0_1"
<BEGINHMM>
<NUMSTATES> 5
<STATE> 2
<MEAN> 6
 2.309375e+02 1.071700e+01 7.251997e+00 3.660334e+00 3.066370e+00 1.337225e+00
<VARIANCE> 6
 2.968517e+04 1.719613e+02 4.901469e+01 1.293900e+01 4.201997e+00 1.785774e+00
<GCONST> 3.494071e+01
<STATE> 3
<MEAN> 6
 3.359570e+02 4.581708e+01 1.230592e+01 1.162720e+01 5.143880e+00 2.475895e+00
<VARIANCE> 6
 1.211114e+04 1.251815e+03 8.138838e+01 4.574133e+01 7.441702e+00 3.760278e+00
<GCONST> 3.911532e+01
<STATE> 4
<MEAN> 6
 4.375550e+02 1.433671e+01 6.614484e+00 4.301439e+00 4.021096e+00 1.715281e+00
<VARIANCE> 6
 8.839297e+03 4.831588e+02 2.542656e+01 6.914250e+00 3.714947e+00 1.376068e+00
<GCONST> 3.309554e+01
<TRANSP> 5
 0.000000e+00 1.000000e+00 0.000000e+00 0.000000e+00 0.000000e+00
 0.000000e+00 7.976701e-01 2.023299e-01 0.000000e+00 0.000000e+00
 0.000000e+00 0.000000e+00 6.862146e-01 3.137854e-01 0.000000e+00
 0.000000e+00 0.000000e+00 0.000000e+00 7.946900e-01 2.053099e-01
 0.000000e+00 0.000000e+00 0.000000e+00 0.000000e+00 0.000000e+00
<ENDHMM>
