~o
<STREAMINFO> 1 6
<VECSIZE> 6<NULLD><MFCC><DIAGC>
~h "bg_dark_0_4"
<BEGINHMM>
<NUMSTATES> 5
<STATE> 2
<MEAN> 6
 2.919712e+02 1.495016e+01 8.494924e+00 4.599509e+00 3.938367e+00 1.897248e+00
<VARIANCE> 6
 4.280977e+04 2.083767e+02 6.827857e+01 9.826942e+00 5.009854e+00 3.161867e+00
<GCONST> 3.630243e+01
<STATE> 3
<MEAN> 6
 2.943683e+02 3.256495e+01 3.147609e+01 8.146487e+00 8.645364e+00 4.843112e+00
<VARIANCE> 6
 2.026005e+04 6.563107e+02 1.069360e+03 2.910946e+01 3.816191e+01 9.977645e+00
<GCONST> 4.371836e+01
<STATE> 4
<MEAN> 6
 1.042559e+02 2.774570e+00 2.601073e+00 7.956470e-01 8.345351e-01 5.163921e-01
<VARIANCE> 6
 7.029295e+02 9.059719e+00 9.779474e+00 7.839451e-01 8.276230e-01 2.505972e-01
<GCONST> 2.025012e+01
<TRANSP> 5
 0.000000e+00 1.000000e+00 0.000000e+00 0.000000e+00 0.000000e+00
 0.000000e+00 8.262652e-01 1.737348e-01 0.000000e+00 0.000000e+00
 0.000000e+00 0.000000e+00 6.042100e-01 3.957901e-01 0.000000e+00
 0.000000e+00 0.000000e+00 0.000000e+00 7.880237e-01 2.119764e-01
 0.000000e+00 0.000000e+00 0.000000e+00 0.000000e+00 0.000000e+00
<ENDHMM>
