~o
<STREAMINFO> 1 6
<VECSIZE> 6<NULLD><MFCC><DIAGC>
~h "bg_dark_0_3"
<BEGINHMM>
<NUMSTATES> 5
<STATE> 2
<MEAN> 6
 4.218809e+02 2.139079e+01 8.734419e+00 5.499819e+00 3.602991e+00 1.923256e+00
<VARIANCE> 6
 1.408622e+04 5.665711e+02 4.535217e+01 8.195469e+00 5.431910e+00 2.410124e+00
<GCONST> 3.540982e+01
<STATE> 3
<MEAN> 6
 3.317608e+02 3.455478e+01 1.475548e+01 1.326663e+01 5.178786e+00 2.574970e+00
<VARIANCE> 6
 1.746829e+04 8.019265e+02 1.888842e+02 7.135618e+01 1.078234e+01 5.041013e+00
<GCONST> 4.098676e+01
<STATE> 4
<MEAN> 6
 3.413979e+02 1.488645e+01 6.774008e+00 4.054645e+00 3.256828e+00 1.282903e+00
<VARIANCE> 6
 3.761227e+04 2.022504e+02 3.400452e+01 6.620367e+00 4.067894e+00 1.582407e+00
<GCONST> 3.415057e+01
<TRANSP> 5
 0.000000e+00 1.000000e+00 0.000000e+00 0.000000e+00 0.000000e+00
 0.000000e+00 6.340351e-01 3.659649e-01 0.000000e+00 0.000000e+00
 0.000000e+00 0.000000e+00 6.061834e-01 3.938166e-01 0.000000e+00
 0.000000e+00 0.000000e+00 0.000000e+00 8.513729e-01 1.486272e-01
 0.000000e+00 0.000000e+00 0.000000e+00 0.000000e+00 0.000000e+00
<ENDHMM>
