~o
<STREAMINFO> 1 6
<VECSIZE> 6<NULLD><MFCC><DIAGC>
~h "bg_red_0"
<BEGINHMM>
<NUMSTATES> 5
<STATE> 2
<MEAN> 6
 2.601948e+02 9.462221e+00 5.218236e+00 2.779210e+00 1.855523e+00 8.703954e-01
<VARIANCE> 6
 1.610886e+04 1.240055e+02 3.565638e+01 5.965039e+00 3.067776e+00 8.694756e-01
<GCONST> 3.187564e+01
<STATE> 3
<MEAN> 6
 3.448999e+02 2.688206e+01 1.049123e+01 7.108428e+00 2.651134e+00 1.745773e+00
<VARIANCE> 6
 3.902921e+04 1.834675e+03 4.553055e+02 8.297964e+01 1.523750e+01 7.502013e+00
<GCONST> 4.439244e+01
<STATE> 4
<MEAN> 6
 2.775341e+02 6.182908e+00 3.289514e+00 2.405023e+00 1.261561e+00 6.056864e-01
<VARIANCE> 6
 2.153290e+03 4.713433e+01 1.671731e+01 7.716854e+00 2.292818e+00 7.682678e-01
<GCONST> 2.798103e+01
<TRANSP> 5
 0.000000e+00 1.000000e+00 0.000000e+00 0.000000e+00 0.000000e+00
 0.000000e+00 9.635931e-01 3.640686e-02 0.000000e+00 0.000000e+00
 0.000000e+00 0.000000e+00 9.060267e-01 9.397337e-02 0.000000e+00
 0.000000e+00 0.000000e+00 0.000000e+00 9.686435e-01 3.135647e-02
 0.000000e+00 0.000000e+00 0.000000e+00 0.000000e+00 0.000000e+00
<ENDHMM>
