~o
<STREAMINFO> 1 6
<VECSIZE> 6<NULLD><MFCC><DIAGC>
~h "bg_red_0_2"
<BEGINHMM>
<NUMSTATES> 5
<STATE> 2
<MEAN> 6
 3.160450e+02 7.090223e+00 2.692778e+00 3.072639e+00 1.194066e+00 6.156707e-01
<VARIANCE> 6
 7.190997e+03 6.094597e+01 5.116102e+00 9.887481e+00 1.580607e+00 5.486055e-01
<GCONST> 2.779893e+01
<STATE> 3
<MEAN> 6
 3.045363e+02 1.827503e+01 4.927773e+00 4.562673e+00 1.509030e+00 6.128897e-01
<VARIANCE> 6
 8.592761e+03 2.455513e+02 1.363410e+01 9.129570e+00 1.985905e+00 1.727943e-01
<GCONST> 2.934396e+01
<STATE> 4
<MEAN> 6
 3.470973e+02 3.937781e+00 1.771853e+00 1.526149e+00 6.475339e-01 3.438397e-01
<VARIANCE> 6
 6.193449e+03 1.157414e+01 2.538945e+00 1.839872e+00 2.937498e-01 5.335344e-02
<GCONST> 1.959288e+01
<TRANSP> 5
 0.000000e+00 1.000000e+00 0.000000e+00 0.000000e+00 0.000000e+00
 0.000000e+00 5.322537e-01 4.677463e-01 0.000000e+00 0.000000e+00
 0.000000e+00 0.000000e+00 6.446779e-01 3.553222e-01 0.000000e+00
 0.000000e+00 0.000000e+00 0.000000e+00 8.757415e-01 1.242585e-01
 0.000000e+00 0.000000e+00 0.000000e+00 0.000000e+00 0.000000e+00
<ENDHMM>
