~o
<STREAMINFO> 1 6
<VECSIZE> 6<NULLD><MFCC><DIAGC>
~h "bg_red_0_3"
<BEGINHMM>
<NUMSTATES> 5
<STATE> 2
<MEAN> 6
 3.333561e+02 3.664150e+00 1.600923e+00 1.001499e+00 5.818501e-01 2.566927e-01
<VARIANCE> 6
 5.604486e+03 9.352301e+00 2.049682e+00 1.208815e+00 2.558373e-01 1.329216e-02
<GCONST> 1.711774e+01
<STATE> 3
<MEAN> 6
 3.399530e+02 9.870963e+00 3.321307e+00 4.204589e+00 1.635701e+00 5.442107e-01
<VARIANCE> 6
 7.339892e+03 2.292835e+02 1.045271e+01 1.684935e+01 2.179109e+00 2.000194e-01
<GCONST> 2.970405e+01
<STATE> 4
<MEAN> 6
 3.517970e+02 6.866197e+00 3.375327e+00 1.777856e+00 8.211346e-01 4.448825e-01
<VARIANCE> 6
 6.321517e+03 2.317402e+02 2.525216e+01 5.125460e+00 1.064901e+00 3.381222e-01
<GCONST> 2.906626e+01
<TRANSP> 5
 0.000000e+00 1.000000e+00 0.000000e+00 0.000000e+00 0.000000e+00
 0.000000e+00 8.615405e-01 1.384595e-01 0.000000e+00 0.000000e+00
 0.000000e+00 0.000000e+00 5.618088e-01 4.381911e-01 0.000000e+00
 0.000000e+00 0.000000e+00 0.000000e+00 5.992891e-01 4.007109e-01
 0.000000e+00 0.000000e+00 0.000000e+00 0.000000e+00 0.000000e+00
<ENDHMM>
