~o
<STREAMINFO> 1 6
<VECSIZE> 6<NULLD><MFCC><DIAGC>
~h "bg_red_0_5"
<BEGINHMM>
<NUMSTATES> 5
<STATE> 2
<MEAN> 6
 1.796489e+02 6.848539e+00 4.537369e+00 2.261340e+00 1.426031e+00 6.567605e-01
<VARIANCE> 6
 7.000834e+03 7.750203e+01 1.556485e+01 5.131095e+00 1.257902e+00 4.827897e-01
<GCONST> 2.811296e+01
<STATE> 3
<MEAN> 6
 2.075512e+02 3.090111e+01 2.151042e+01 8.437240e+00 6.765642e+00 4.941654e+00
<VARIANCE> 6
 8.441813e+03 4.528919e+02 3.254272e+02 2.195698e+01 2.366660e+01 1.673520e+01
<GCONST> 4.103967e+01
<STATE> 4
<MEAN> 6
 2.475281e+02 1.123475e+01 8.835799e+00 4.987315e+00 2.916047e+00 1.703152e+00
<VARIANCE> 6
 9.791160e+03 1.369104e+02 6.019164e+01 8.868540e+00 3.294537e+00 2.329831e+00
<GCONST> 3.345393e+01
<TRANSP> 5
 0.000000e+00 1.000000e+00 0.000000e+00 0.000000e+00 0.000000e+00
 0.000000e+00 8.380372e-01 1.619628e-01 0.000000e+00 0.000000e+00
 0.000000e+00 0.000000e+00 4.056366e-01 5.943635e-01 0.000000e+00
 0.000000e+00 0.000000e+00 0.000000e+00 7.586448e-01 2.413553e-01
 0.000000e+00 0.000000e+00 0.000000e+00 0.000000e+00 0.000000e+00
<ENDHMM>
