~o
<STREAMINFO> 1 6
<VECSIZE> 6<NULLD><MFCC><DIAGC>
~h "bg_red_0_4"
<BEGINHMM>
<NUMSTATES> 5
<STATE> 2
<MEAN> 6
 2.509361e+02 1.233965e+01 7.034133e+00 3.127328e+00 1.588349e+00 7.352555e-01
<VARIANCE> 6
 8.835322e+03 3.240676e+02 4.785456e+01 6.277339e+00 1.784953e+00 5.205047e-01
<GCONST> 3.152628e+01
<STATE> 3
<MEAN> 6
 2.604135e+02 4.081896e+00 1.509448e+00 8.091394e-01 4.544015e-01 2.671935e-01
<VARIANCE> 6
 4.334134e+03 1.285747e+01 1.782286e+00 2.997505e-01 9.136704e-02 1.613668e-02
<GCONST> 1.480902e+01
<STATE> 4
<MEAN> 6
 1.873985e+02 1.433853e+01 6.462975e+00 3.283112e+00 1.694016e+00 7.318535e-01
<VARIANCE> 6
 5.019443e+03 1.656228e+02 2.304230e+01 9.012254e+00 2.117610e+00 2.906297e-01
<GCONST> 2.950855e+01
<TRANSP> 5
 0.000000e+00 1.000000e+00 0.000000e+00 0.000000e+00 0.000000e+00
 0.000000e+00 7.245587e-01 2.754413e-01 0.000000e+00 0.000000e+00
 0.000000e+00 0.000000e+00 8.168410e-01 1.831590e-01 0.000000e+00
 0.000000e+00 0.000000e+00 0.000000e+00 7.442276e-01 2.557724e-01
 0.000000e+00 0.000000e+00 0.000000e+00 0.000000e+00 0.000000e+00
<ENDHMM>
