~o
<STREAMINFO> 1 6
<VECSIZE> 6<NULLD><MFCC><DIAGC>
~h "bg_red_0_1"
<BEGINHMM>
<NUMSTATES> 5
<STATE> 2
<MEAN> 6
 2.553991e+02 1.185725e+01 6.555713e+00 4.241282e+00 2.248144e+00 1.304657e+00
<VARIANCE> 6
 1.518417e+04 3.053592e+02 4.170184e+01 2.179092e+01 2.828271e+00 1.837370e+00
<GCONST> 3.483680e+01
<STATE> 3
<MEAN> 6
 3.975986e+02 4.449157e+01 7.976431e+00 1.215992e+01 1.919272e+00 1.814323e+00
<VARIANCE> 6
 4.033591e+04 2.326469e+03 2.494376e+01 1.106330e+02 2.640622e+00 5.130207e+00
<GCONST> 3.991337e+01
<STATE> 4
<MEAN> 6
 2.872039e+02 5.698245e+00 2.589807e+00 2.529662e+00 1.456449e+00 4.929606e-01
<VARIANCE> 6
 5.020306e+03 4.219126e+01 4.530104e+00 7.276329e+00 1.905121e+00 9.164628e-02
<GCONST> 2.504082e+01
<TRANSP> 5
 0.000000e+00 1.000000e+00 0.000000e+00 0.000000e+00 0.000000e+00
 0.000000e+00 8.146599e-01 1.853401e-01 0.000000e+00 0.000000e+00
 0.000000e+00 0.000000e+00 5.237506e-01 4.762494e-01 0.000000e+00
 0.000000e+00 0.000000e+00 0.000000e+00 8.183395e-01 1.816606e-01
 0.000000e+00 0.000000e+00 0.000000e+00 0.000000e+00 0.000000e+00
<ENDHMM>
