~o
<STREAMINFO> 1 6
<VECSIZE> 6<NULLD><MFCC><DIAGC>
~h "bg_red_0_0"
<BEGINHMM>
<NUMSTATES> 5
<STATE> 2
<MEAN> 6
 2.967474e+02 7.989387e+00 6.809723e+00 3.620104e+00 3.225673e+00 1.661678e+00
<VARIANCE> 6
 4.198181e+03 5.244576e+01 5.384051e+01 6.633614e+00 3.850661e+00 1.632939e+00
<GCONST> 3.104625e+01
<STATE> 3
<MEAN> 6
 3.814573e+02 5.788872e+01 2.665881e+01 1.367490e+01 6.233989e+00 2.566859e+00
<VARIANCE> 6
 4.644718e+04 5.115113e+03 2.188955e+03 1.909172e+02 4.226981e+01 7.860491e+00
<GCONST> 4.906223e+01
<STATE> 4
<MEAN> 6
 2.414163e+02 8.839363e+00 3.332712e+00 2.624161e+00 1.421537e+00 7.257461e-01
<VARIANCE> 6
 3.183083e+04 2.596014e+02 1.784750e+01 1.821603e+01 2.384720e+00 1.124306e+00
<GCONST> 3.372501e+01
<TRANSP> 5
 0.000000e+00 1.000000e+00 0.000000e+00 0.000000e+00 0.000000e+00
 0.000000e+00 7.939763e-01 2.060237e-01 0.000000e+00 0.000000e+00
 0.000000e+00 0.000000e+00 3.389871e-01 6.610129e-01 0.000000e+00
 0.000000e+00 0.000000e+00 0.000000e+00 8.224860e-01 1.775140e-01
 0.000000e+00 0.000000e+00 0.000000e+00 0.000000e+00 0.000000e+00
<ENDHMM>
