~o
<STREAMINFO> 1 6
<VECSIZE> 6<NULLD><MFCC><DIAGC>
~h "bg_white_0_3"
<BEGINHMM>
<NUMSTATES> 5
<STATE> 2
<MEAN> 6
 7.693624e+02 9.232334e+00 3.083890e+00 3.101293e+00 2.506071e+00 1.624226e+00
<VARIANCE> 6
 1.516126e+03 4.615187e+02 3.381626e+01 3.141662e+01 2.657774e+01 8.050155e+00
<GCONST> 3.681974e+01
<STATE> 3
<MEAN> 6
 6.974927e+02 5.250531e+01 1.502236e+01 1.535699e+01 1.200650e+01 8.154587e+00
<VARIANCE> 6
 5.673311e+03 1.805231e+03 3.166609e+02 1.158383e+02 9.584856e+01 3.587486e+01
<GCONST> 4.582207e+01
<STATE> 4
<MEAN> 6
 6.937458e+02 1.202562e+01 5.424223e+00 5.348759e+00 4.346370e+00 3.214341e+00
<VARIANCE> 6
 1.845533e+04 4.663392e+02 8.951430e+01 5.019449e+01 4.315778e+01 2.016495e+01
<GCONST> 4.217440e+01
<TRANSP> 5
 0.000000e+00 1.000000e+00 0.000000e+00 0.000000e+00 0.000000e+00
 0.000000e+00 8.333626e-01 1.666373e-01 0.000000e+00 0.000000e+00
 0.000000e+00 0.000000e+00 7.307674e-01 2.692327e-01 0.000000e+00
 0.000000e+00 0.000000e+00 0.000000e+00 5.623025e-01 4.376975e-01
 0.000000e+00 0.000000e+00 0.000000e+00 0.000000e+00 0.000000e+00
<ENDHMM>
