~o
<STREAMINFO> 1 6
<VECSIZE> 6<NULLD><MFCC><DIAGC>
~h "bg_white_0"
<BEGINHMM>
<NUMSTATES> 5
<STATE> 2
<MEAN> 6
 7.780464e+02 3.030683e+00 5.870295e+00 1.306711e+00 1.961812e+00 8.647052e-01
<VARIANCE> 6
 6.086629e+03 2.482388e+01 5.649633e+02 6.209011e+00 2.886138e+01 3.132628e+00
<GCONST> 3.562006e+01
<STATE> 3
<MEAN> 6
 7.205538e+02 3.608886e+01 1.486617e+01 1.104006e+01 9.097222e+00 5.685409e+00
<VARIANCE> 6
 6.789794e+03 1.665289e+03 8.036715e+02 1.124168e+02 1.043481e+02 3.534112e+01
<GCONST> 4.689238e+01
<STATE> 4
<MEAN> 6
 4.150123e+02 6.494968e+00 4.233935e+00 2.418348e+00 1.664179e+00 6.155015e-01
<VARIANCE> 6
 3.670395e+04 7.505908e+01 3.522681e+01 1.079755e+01 6.437972e+00 5.182727e-01
<GCONST> 3.300227e+01
<TRANSP> 5
 0.000000e+00 1.000000e+00 0.000000e+00 0.000000e+00 0.000000e+00
 0.000000e+00 9.640461e-01 3.595396e-02 0.000000e+00 0.000000e+00
 0.000000e+00 0.000000e+00 9.678414e-01 3.215858e-02 0.000000e+00
 0.000000e+00 0.000000e+00 0.000000e+00 9.098349e-01 9.016516e-02
 0.000000e+00 0.000000e+00 0.000000e+00 0.000000e+00 0.000000e+00
<ENDHMM>
