~o
<STREAMINFO> 1 6
<VECSIZE> 6<NULLD><MFCC><DIAGC>
~h "bg_white_0_4"
<BEGINHMM>
<NUMSTATES> 5
<STATE> 2
<MEAN> 6
 7.460035e+02 9.842214e+00 3.592246e+00 4.119975e+00 2.957355e+00 2.463350e+00
<VARIANCE> 6
 2.554855e+03 3.871858e+02 5.611133e+01 3.462202e+01 2.737924e+01 1.395374e+01
<GCONST> 3.834927e+01
<STATE> 3
<MEAN> 6
 6.675483e+02 4.206954e+01 1.427744e+01 1.408293e+01 9.554564e+00 6.270700e+00
<VARIANCE> 6
 1.338239e+04 1.690058e+03 3.110505e+02 1.457411e+02 8.025745e+01 3.457128e+01
<GCONST> 4.661152e+01
<STATE> 4
<MEAN> 6
 7.391823e+02 2.560158e+00 1.164989e+00 6.288062e-01 3.241346e-01 2.019585e-01
<VARIANCE> 6
 8.252475e+03 7.455764e+01 1.032712e+00 6.544176e+00 7.150348e-02 1.369653e-02
<GCONST> 1.933925e+01
<TRANSP> 5
 0.000000e+00 1.000000e+00 0.000000e+00 0.000000e+00 0.000000e+00
 0.000000e+00 7.340329e-01 2.659672e-01 0.000000e+00 0.000000e+00
 0.000000e+00 0.000000e+00 6.667346e-01 3.332654e-01 0.000000e+00
 0.000000e+00 0.000000e+00 0.000000e+00 8.397314e-01 1.602686e-01
 0.000000e+00 0.000000e+00 0.000000e+00 0.000000e+00 0.000000e+00
<ENDHMM>
