~o
<STREAMINFO> 1 6
<VECSIZE> 6<NULLD><MFCC><DIAGC>
~h "bg_white_0_0"
<BEGINHMM>
<NUMSTATES> 5
<STATE> 2
<MEAN> 6
 6.652322e+02 4.494393e+00 1.940352e+01 1.874612e+00 5.839960e+00 8.357486e-01
<VARIANCE> 6
 3.910534e+04 9.521461e+01 1.914286e+03 1.336098e+01 1.027096e+02 1.714051e+00
<GCONST> 4.147761e+01
<STATE> 3
<MEAN> 6
 6.746871e+02 3.261905e+01 5.288031e+01 1.080285e+01 1.537262e+01 4.579920e+00
<VARIANCE> 6
 1.981849e+04 2.154556e+03 4.403437e+03 1.396283e+02 1.795094e+02 3.950640e+01
<GCONST> 5.079279e+01
<STATE> 4
<MEAN> 6
 8.060364e+02 3.780007e+00 1.983723e+00 1.634677e+00 1.065361e+00 7.933765e-01
<VARIANCE> 6
 1.101785e+03 1.604121e+02 1.100532e+01 1.971553e+01 5.529197e+00 4.103240e+00
<GCONST> 3.161130e+01
<TRANSP> 5
 0.000000e+00 1.000000e+00 0.000000e+00 0.000000e+00 0.000000e+00
 0.000000e+00 5.964147e-01 4.035853e-01 0.000000e+00 0.000000e+00
 0.000000e+00 0.000000e+00 4.006835e-01 5.993166e-01 0.000000e+00
 0.000000e+00 0.000000e+00 0.000000e+00 8.726705e-01 1.273295e-01
 0.000000e+00 0.000000e+00 0.000000e+00 0.000000e+00 0.000000e+00
<ENDHMM>
