~o
<STREAMINFO> 1 6
<VECSIZE> 6<NULLD><MFCC><DIAGC>
~h "bg_white_0_1"
<BEGINHMM>
<NUMSTATES> 5
<STATE> 2
<MEAN> 6
 7.951962e+02 5.935074e+00 1.872048e+00 2.549191e+00 1.307728e+00 1.274581e+00
<VARIANCE> 6
 1.348341e+03 1.974602e+02 8.432270e+00 2.302926e+01 5.575974e+00 5.070211e+00
<GCONST> 3.213011e+01
<STATE> 3
<MEAN> 6
 7.234619e+02 5.757787e+01 1.894746e+01 1.674383e+01 1.408391e+01 9.530437e+00
<VARIANCE> 6
 3.482652e+03 1.439371e+03 4.123914e+02 8.214580e+01 9.830949e+01 3.508675e+01
<GCONST> 4.503119e+01
<STATE> 4
<MEAN> 6
 7.434000e+02 2.336974e+01 7.778272e+00 7.921189e+00 5.330972e+00 4.021970e+00
<VARIANCE> 6
 1.650727e+04 1.193469e+03 1.445664e+02 6.607072e+01 3.863550e+01 1.998376e+01
<GCONST> 4.363699e+01
<TRANSP> 5
 0.000000e+00 1.000000e+00 0.000000e+00 0.000000e+00 0.000000e+00
 0.000000e+00 8.427966e-01 1.572034e-01 0.000000e+00 0.000000e+00
 0.000000e+00 0.000000e+00 7.714510e-01 2.285490e-01 0.000000e+00
 0.000000e+00 0.000000e+00 0.000000e+00 5.581838e-01 4.418162e-01
 0.000000e+00 0.000000e+00 0.000000e+00 0.000000e+00 0.000000e+00
<ENDHMM>
