~o
<STREAMINFO> 1 6
<VECSIZE> 6<NULLD><MFCC><DIAGC>
~h "bg_white_0_2"
<BEGINHMM>
<NUMSTATES> 5
<STATE> 2
<MEAN> 6
 7.823088e+02 9.510982e+00 4.185199e+00 3.452604e+00 2.876596e+00 2.452101e+00
<VARIANCE> 6
 1.416774e+03 3.497168e+02 7.905942e+01 2.986311e+01 2.401037e+01 1.443392e+01
<GCONST> 3.775541e+01
<STATE> 3
<MEAN> 6
 7.201341e+02 5.380997e+01 1.617967e+01 1.540275e+01 1.329661e+01 9.195551e+00
<VARIANCE> 6
 3.251517e+03 1.350439e+03 3.088985e+02 8.230698e+01 1.060667e+02 3.755947e+01
<GCONST> 4.475578e+01
<STATE> 4
<MEAN> 6
 6.657218e+02 4.077595e+01 7.260154e+00 1.004006e+01 5.438800e+00 2.929118e+00
<VARIANCE> 6
 2.238007e+04 3.081684e+03 9.243970e+01 1.233338e+02 7.018879e+01 1.888690e+01
<GCONST> 4.560753e+01
<TRANSP> 5
 0.000000e+00 1.000000e+00 0.000000e+00 0.000000e+00 0.000000e+00
 0.000000e+00 8.513060e-01 1.486939e-01 0.000000e+00 0.000000e+00
 0.000000e+00 0.000000e+00 7.832540e-01 2.167460e-01 0.000000e+00
 0.000000e+00 0.000000e+00 0.000000e+00 3.979841e-01 6.020159e-01
 0.000000e+00 0.000000e+00 0.000000e+00 0.000000e+00 0.000000e+00
<ENDHMM>
