~o
<STREAMINFO> 1 6
<VECSIZE> 6<NULLD><MFCC><DIAGC>
~h "bg_white_0_5"
<BEGINHMM>
<NUMSTATES> 5
<STATE> 2
<MEAN> 6
 7.426266e+02 3.598221e+00 1.957165e+00 9.271299e-01 6.466848e-01 2.530776e-01
<VARIANCE> 6
 4.340565e+03 1.684847e+02 5.666412e+00 1.498794e+01 4.898530e-01 2.183449e-02
<GCONST> 2.443375e+01
<STATE> 3
<MEAN> 6
 4.787218e+02 1.960652e+01 5.182190e+01 6.158979e+00 1.329714e+01 1.287013e+00
<VARIANCE> 6
 3.942650e+04 8.286705e+02 4.641795e+03 8.229715e+01 2.092790e+02 1.760296e+00
<GCONST> 4.709162e+01
<STATE> 4
<MEAN> 6
 3.121942e+02 6.007706e+00 4.096142e+00 2.195373e+00 1.523457e+00 6.037891e-01
<VARIANCE> 6
 2.369365e+03 5.004852e+01 1.755649e+01 5.462284e+00 1.548871e+00 3.960037e-01
<GCONST> 2.678512e+01
<TRANSP> 5
 0.000000e+00 1.000000e+00 0.000000e+00 0.000000e+00 0.000000e+00
 0.000000e+00 6.582476e-01 3.417524e-01 0.000000e+00 0.000000e+00
 0.000000e+00 0.000000e+00 6.357927e-01 3.642073e-01 0.000000e+00
 0.000000e+00 0.000000e+00 0.000000e+00 8.419777e-01 1.580224e-01
 0.000000e+00 0.000000e+00 0.000000e+00 0.000000e+00 0.000000e+00
<ENDHMM>
