~o
<STREAMINFO> 1 6
<VECSIZE> 6<NULLD><MFCC><DIAGC>
~h "fp_key_5"
<BEGINHMM>
<NUMSTATES> 5
<STATE> 2
<MEAN> 6
 4.502571e+02 5.211417e+01 1.077769e+01 1.067262e+01 2.775740e+00 1.349776e+00
<VARIANCE> 6
 4.129031e+04 3.318810e+03 6.417262e+02 8.973553e+01 1.737749e+01 3.111907e+00
<GCONST> 4.471445e+01
<STATE> 3
<MEAN> 6
 4.551132e+02 2.341855e+01 2.689037e+01 8.703713e+00 5.981233e+00 3.271172e+00
<VARIANCE> 6
 3.054084e+04 1.170211e+03 1.986658e+03 1.210546e+02 6.181306e+01 1.101348e+01
<GCONST> 4.733271e+01
<STATE> 4
<MEAN> 6
 3.930826e+02 3.868458e+00 6.101246e+00 7.059776e-01 1.519219e+00 3.728096e-01
<VARIANCE> 6
 1.560903e+04 1.183986e+01 1.047869e+02 1.595364e-01 6.539344e+00 3.408504e-02
<GCONST> 2.446972e+01
<TRANSP> 5
 0.000000e+00 1.000000e+00 0.000000e+00 0.000000e+00 0.000000e+00
 0.000000e+00 3.954346e-01 6.045653e-01 0.000000e+00 0.000000e+00
 0.000000e+00 0.000000e+00 2.706866e-01 7.293134e-01 0.000000e+00
 0.000000e+00 0.000000e+00 0.000000e+00 8.885765e-01 1.114235e-01
 0.000000e+00 0.000000e+00 0.000000e+00 0.000000e+00 0.000000e+00
<ENDHMM>
