~o
<STREAMINFO> 1 6
<VECSIZE> 6<NULLD><MFCC><DIAGC>
~h "fp_key_1"
<BEGINHMM>
<NUMSTATES> 5
<STATE> 2
<MEAN> 6
 3.147533e+02 1.139350e+01 7.557990e+00 4.041781e+00 2.290633e+00 1.271887e+00
<VARIANCE> 6
 2.899486e+03 2.407303e+02 3.838310e+02 2.004471e+01 2.282626e+01 3.070102e+00
<GCONST> 3.768102e+01
<STATE> 3
<MEAN> 6
 6.352818e+02 8.972929e+01 2.667682e+01 2.249494e+01 9.209394e+00 3.946991e+00
<VARIANCE> 6
 4.052332e+04 3.021369e+03 1.787866e+03 1.512580e+02 1.617667e+02 2.291409e+01
<GCONST> 5.037603e+01
<STATE> 4
<MEAN> 6
 3.092718e+02 9.578125e+00 6.791661e+00 2.738110e+00 1.885355e+00 7.883317e-01
<VARIANCE> 6
 3.014084e+03 2.697529e+02 4.460765e+02 9.953023e+00 1.704635e+01 8.403028e-01
<GCONST> 3.569613e+01
<TRANSP> 5
 0.000000e+00 1.000000e+00 0.000000e+00 0.000000e+00 0.000000e+00
 0.000000e+00 6.630388e-01 3.369612e-01 0.000000e+00 0.000000e+00
 0.000000e+00 0.000000e+00 8.118731e-01 1.881269e-01 0.000000e+00
 0.000000e+00 0.000000e+00 0.000000e+00 7.879891e-01 2.120109e-01
 0.000000e+00 0.000000e+00 0.000000e+00 0.000000e+00 0.000000e+00
<ENDHMM>
