~o
<STREAMINFO> 1 6
<VECSIZE> 6<NULLD><MFCC><DIAGC>
~h "fp_key_0"
<BEGINHMM>
<NUMSTATES> 5
<STATE> 2
<MEAN> 6
 2.049271e+02 6.836626e+00 1.207377e+01 1.863213e+00 4.320730e+00 8.842470e-01
<VARIANCE> 6
 7.468929e+03 1.273964e+02 1.820938e+02 5.163420e+00 1.576625e+01 7.282227e-01
<GCONST> 3.407992e+01
<STATE> 3
<MEAN> 6
 3.796689e+02 3.586386e+01 4.302200e+01 9.050320e+00 1.045840e+01 3.072773e+00
<VARIANCE> 6
 2.556688e+04 1.446807e+03 2.200790e+03 7.020808e+01 4.443540e+01 6.705902e+00
<GCONST> 4.609849e+01
<STATE> 4
<MEAN> 6
 2.987111e+02 3.689800e+00 4.491545e+00 1.077956e+00 2.247548e+00 5.972322e-01
<VARIANCE> 6
 1.548872e+03 6.309835e+01 1.647912e+02 3.173013e+00 2.222689e+01 1.204545e+00
<GCONST> 3.206401e+01
<TRANSP> 5
 0.000000e+00 1.000000e+00 0.000000e+00 0.000000e+00 0.000000e+00
 0.000000e+00 4.484582e-01 5.515419e-01 0.000000e+00 0.000000e+00
 0.000000e+00 0.000000e+00 5.996748e-01 4.003252e-01 0.000000e+00
 0.000000e+00 0.000000e+00 0.000000e+00 8.699429e-01 1.300571e-01
 0.000000e+00 0.000000e+00 0.000000e+00 0.000000e+00 0.000000e+00
<ENDHMM>
