~o
<STREAMINFO> 1 6
<VECSIZE> 6<NULLD><MFCC><DIAGC>
~h "fp_key_2"
<BEGINHMM>
<NUMSTATES> 5
<STATE> 2
<MEAN> 6
 2.754929e+02 8.122149e+00 6.185051e+00 2.338666e+00 2.017951e+00 8.547693e-01
<VARIANCE> 6
 5.396917e+03 2.154241e+02 4.083391e+02 5.452274e+00 1.693532e+01 1.055943e+00
<GCONST> 3.558542e+01
<STATE> 3
<MEAN> 6
 5.777258e+02 1.075273e+02 2.747524e+01 2.303141e+01 1.169722e+01 5.099000e+00
<VARIANCE> 6
 2.950217e+04 4.003292e+03 1.902868e+03 1.644283e+02 2.392528e+02 4.047750e+01
<GCONST> 5.144621e+01
<STATE> 4
<MEAN> 6
 2.938637e+02 1.819530e+01 2.223516e+01 4.095589e+00 6.929063e+00 1.983651e+00
<VARIANCE> 6
 7.099214e+03 1.035836e+03 2.311237e+03 2.991913e+01 1.653107e+02 1.215304e+01
<GCONST> 4.558741e+01
<TRANSP> 5
 0.000000e+00 1.000000e+00 0.000000e+00 0.000000e+00 0.000000e+00
 0.000000e+00 8.051467e-01 1.948533e-01 0.000000e+00 0.000000e+00
 0.000000e+00 0.000000e+00 8.124000e-01 1.876000e-01 0.000000e+00
 0.000000e+00 0.000000e+00 0.000000e+00 6.059030e-01 3.940970e-01
 0.000000e+00 0.000000e+00 0.000000e+00 0.000000e+00 0.000000e+00
<ENDHMM>
