~o
<STREAMINFO> 1 6
<VECSIZE> 6<NULLD><MFCC><DIAGC>
~h "fp_key_4"
<BEGINHMM>
<NUMSTATES> 5
<STATE> 2
<MEAN> 6
 3.115871e+02 1.435044e+01 4.728239e+00 4.933903e+00 1.923147e+00 1.231733e+00
<VARIANCE> 6
 1.623120e+04 8.550342e+02 6.468387e+01 7.540244e+01 1.311424e+01 3.416599e+00
<GCONST> 3.976779e+01
<STATE> 3
<MEAN> 6
 5.398649e+02 6.762487e+01 5.613081e+01 2.204964e+01 2.311553e+01 8.607488e+00
<VARIANCE> 6
 3.045036e+04 3.090411e+03 3.764250e+03 2.299880e+02 2.927639e+02 5.141549e+01
<GCONST> 5.267781e+01
<STATE> 4
<MEAN> 6
 5.502631e+02 5.254371e+01 9.243381e+00 1.264079e+01 2.543205e+00 1.732209e+00
<VARIANCE> 6
 3.252938e+04 2.242436e+03 3.067144e+02 7.946686e+01 8.874312e+00 3.300786e+00
<GCONST> 4.261106e+01
<TRANSP> 5
 0.000000e+00 1.000000e+00 0.000000e+00 0.000000e+00 0.000000e+00
 0.000000e+00 8.410444e-01 1.589557e-01 0.000000e+00 0.000000e+00
 0.000000e+00 0.000000e+00 6.528972e-01 3.471028e-01 0.000000e+00
 0.000000e+00 0.000000e+00 0.000000e+00 7.387634e-01 2.612366e-01
 0.000000e+00 0.000000e+00 0.000000e+00 0.000000e+00 0.000000e+00
<ENDHMM>
