~o
<STREAMINFO> 1 6
<VECSIZE> 6<NULLD><MFCC><DIAGC>
~h "fp_key"
<BEGINHMM>
<NUMSTATES> 5
<STATE> 2
<MEAN> 6
 2.800829e+02 4.139779e+00 7.085292e+00 1.059761e+00 2.764737e+00 5.669503e-01
<VARIANCE> 6
 3.698899e+03 4.300090e+01 2.109842e+02 1.736752e+00 1.964065e+01 4.749294e-01
<GCONST> 3.114109e+01
<STATE> 3
<MEAN> 6
 4.881127e+02 6.074107e+01 2.377642e+01 1.602553e+01 9.004091e+00 3.829818e+00
<VARIANCE> 6
 3.602545e+04 3.754312e+03 1.739361e+03 2.108866e+02 1.798131e+02 2.737914e+01
<GCONST> 5.106420e+01
<STATE> 4
<MEAN> 6
 3.083967e+02 5.496834e+00 4.011955e+00 1.208398e+00 1.046638e+00 3.883167e-01
<VARIANCE> 6
 1.751218e+04 6.401768e+01 5.170557e+01 1.622128e+00 3.230076e+00 1.256187e-01
<GCONST> 2.848438e+01
<TRANSP> 5
 0.000000e+00 1.000000e+00 0.000000e+00 0.000000e+00 0.000000e+00
 0.000000e+00 9.072567e-01 9.274325e-02 0.000000e+00 0.000000e+00
 0.000000e+00 0.000000e+00 9.736952e-01 2.630481e-02 0.000000e+00
 0.000000e+00 0.000000e+00 0.000000e+00 9.528340e-01 4.716609e-02
 0.000000e+00 0.000000e+00 0.000000e+00 0.000000e+00 0.000000e+00
<ENDHMM>
