~o
<STREAMINFO> 1 6
<VECSIZE> 6<NULLD><MFCC><DIAGC>
~h "fp_key_3"
<BEGINHMM>
<NUMSTATES> 5
<STATE> 2
<MEAN> 6
 3.053130e+02 1.637627e+01 1.975807e+01 3.927496e+00 7.219525e+00 2.166565e+00
<VARIANCE> 6
 4.813003e+03 9.115336e+02 2.041658e+03 2.782766e+01 1.500047e+02 1.132525e+01
<GCONST> 4.470672e+01
<STATE> 3
<MEAN> 6
 5.796732e+02 1.081435e+02 3.362328e+01 3.140274e+01 1.563491e+01 6.430983e+00
<VARIANCE> 6
 2.271942e+04 4.029819e+03 2.120399e+03 2.679715e+02 3.538156e+02 6.003921e+01
<GCONST> 5.257373e+01
<STATE> 4
<MEAN> 6
 2.767777e+02 1.552037e+01 3.661545e+00 4.762227e+00 1.594294e+00 9.997488e-01
<VARIANCE> 6
 1.997112e+04 9.577264e+02 5.492379e+01 8.211350e+01 1.470733e+01 2.656215e+00
<GCONST> 3.987317e+01
<TRANSP> 5
 0.000000e+00 1.000000e+00 0.000000e+00 0.000000e+00 0.000000e+00
 0.000000e+00 6.686488e-01 3.313512e-01 0.000000e+00 0.000000e+00
 0.000000e+00 0.000000e+00 7.832496e-01 2.167505e-01 0.000000e+00
 0.000000e+00 0.000000e+00 0.000000e+00 7.710860e-01 2.289140e-01
 0.000000e+00 0.000000e+00 0.000000e+00 0.000000e+00 0.000000e+00
<ENDHMM>
