~o
<STREAMINFO> 1 6
<VECSIZE> 6<NULLD><MFCC><DIAGC>
~h "fp_logo_5"
<BEGINHMM>
<NUMSTATES> 5
<STATE> 2
<MEAN> 6
 2.148309e+02 4.003466e+00 1.020866e+00 4.281172e-01 5.008743e-01 2.037873e-01
<VARIANCE> 6
 4.234722e+02 3.718645e+01 5.292605e-01 5.090804e-02 3.666639e-02 5.030904e-03
<GCONST> 8.479636e+00
<STATE> 3
<MEAN> 6
 2.172023e+02 3.607399e+00 1.519404e+00 3.527953e-01 5.566031e-01 3.357109e-01
<VARIANCE> 6
 3.556415e+02 2.856071e+01 1.399240e+00 2.346713e-02 8.165275e-02 8.910025e-03
<GCONST> 9.611136e+00
<STATE> 4
<MEAN> 6
 2.287890e+02 3.985558e+00 1.631492e+00 3.828851e-01 3.930746e-01 2.036589e-01
<VARIANCE> 6
 4.647487e+02 2.375937e+01 2.105743e+00 3.901074e-02 7.221708e-02 1.004212e-02
<GCONST> 1.060844e+01
<TRANSP> 5
 0.000000e+00 1.000000e+00 0.000000e+00 0.000000e+00 0.000000e+00
 0.000000e+00 8.804048e-02 9.119595e-01 0.000000e+00 0.000000e+00
 0.000000e+00 0.000000e+00 1.660206e-06 9.999983e-01 0.000000e+00
 0.000000e+00 0.000000e+00 0.000000e+00 8.990252e-01 1.009748e-01
 0.000000e+00 0.000000e+00 0.000000e+00 0.000000e+00 0.000000e+00
<ENDHMM>
