~o
<STREAMINFO> 1 6
<VECSIZE> 6<NULLD><MFCC><DIAGC>
~h "fp_logo_4"
<BEGINHMM>
<NUMSTATES> 5
<STATE> 2
<MEAN> 6
 1.699538e+02 3.131860e+00 1.445197e+00 5.550314e-01 5.045075e-01 2.449245e-01
<VARIANCE> 6
 3.781146e+02 1.018624e+01 1.293719e+00 1.436849e-01 9.849805e-02 1.082355e-02
<GCONST> 1.075714e+01
<STATE> 3
<MEAN> 6
 2.048350e+02 2.488154e+00 1.733981e+00 5.466204e-01 5.020012e-01 2.247253e-01
<VARIANCE> 6
 1.909260e+02 1.550727e+01 2.330145e+00 8.936623e-02 4.898324e-02 7.158915e-03
<GCONST> 9.495702e+00
<STATE> 4
<MEAN> 6
 2.331743e+02 1.327045e+01 1.032919e+00 5.417471e-01 5.598844e-01 2.158417e-01
<VARIANCE> 6
 6.377200e+02 1.138063e+02 6.438702e-01 1.296088e-01 1.244079e-01 5.038061e-03
<GCONST> 1.236124e+01
<TRANSP> 5
 0.000000e+00 1.000000e+00 0.000000e+00 0.000000e+00 0.000000e+00
 0.000000e+00 8.272374e-01 1.727626e-01 0.000000e+00 0.000000e+00
 0.000000e+00 0.000000e+00 8.056996e-01 1.943004e-01 0.000000e+00
 0.000000e+00 0.000000e+00 0.000000e+00 5.157481e-01 4.842519e-01
 0.000000e+00 0.000000e+00 0.000000e+00 0.000000e+00 0.000000e+00
<ENDHMM>
