~o
<STREAMINFO> 1 6
<VECSIZE> 6<NULLD><MFCC><DIAGC>
~h "fp_logo_3"
<BEGINHMM>
<NUMSTATES> 5
<STATE> 2
<MEAN> 6
 2.568754e+02 2.374120e+01 4.079065e+01 1.271863e+01 1.218852e+01 5.435154e+00
<VARIANCE> 6
 2.399914e+04 8.125563e+02 7.419159e+03 5.557496e+02 3.340471e+02 7.901833e+01
<GCONST> 5.322632e+01
<STATE> 3
<MEAN> 6
 3.181789e+02 5.372275e+01 8.143803e+01 2.188561e+01 2.730647e+01 1.129499e+01
<VARIANCE> 6
 2.015240e+04 2.436966e+03 6.093134e+03 4.550835e+02 5.272684e+02 1.134308e+02
<GCONST> 5.457115e+01
<STATE> 4
<MEAN> 6
 1.654200e+02 5.856987e+00 1.944856e+00 1.026553e+00 7.942482e-01 5.492934e-01
<VARIANCE> 6
 1.032831e+03 7.031445e+01 3.446609e+00 1.020086e+00 4.642277e-01 7.503879e-01
<GCONST> 2.242303e+01
<TRANSP> 5
 0.000000e+00 1.000000e+00 0.000000e+00 0.000000e+00 0.000000e+00
 0.000000e+00 2.466127e-06 9.999976e-01 0.000000e+00 0.000000e+00
 0.000000e+00 0.000000e+00 7.142863e-01 2.857138e-01 0.000000e+00
 0.000000e+00 0.000000e+00 0.000000e+00 8.666664e-01 1.333335e-01
 0.000000e+00 0.000000e+00 0.000000e+00 0.000000e+00 0.000000e+00
<ENDHMM>
