~o
<STREAMINFO> 1 6
<VECSIZE> 6<NULLD><MFCC><DIAGC>
~h "fp_logo"
<BEGINHMM>
<NUMSTATES> 5
<STATE> 2
<MEAN> 6
 1.449787e+02 2.773734e+00 3.061781e+00 8.078966e-01 1.106452e+00 3.002774e-01
<VARIANCE> 6
 2.205169e+02 2.707426e+01 4.011381e+01 3.405405e+00 5.838456e+00 6.171352e-02
<GCONST> 2.361812e+01
<STATE> 3
<MEAN> 6
 2.827426e+02 4.358721e+01 6.070803e+01 1.978955e+01 2.189058e+01 8.990523e+00
<VARIANCE> 6
 2.388527e+04 2.466490e+03 6.153667e+03 4.511853e+02 5.075504e+02 8.884721e+01
<GCONST> 5.447203e+01
<STATE> 4
<MEAN> 6
 1.831199e+02 5.667210e+00 1.638144e+00 6.721738e-01 5.566670e-01 2.511178e-01
<VARIANCE> 6
 1.830281e+03 6.119016e+01 2.183531e+00 2.891254e-01 1.554499e-01 1.486975e-02
<GCONST> 1.612366e+01
<TRANSP> 5
 0.000000e+00 1.000000e+00 0.000000e+00 0.000000e+00 0.000000e+00
 0.000000e+00 9.265718e-01 7.342823e-02 0.000000e+00 0.000000e+00
 0.000000e+00 0.000000e+00 8.809526e-01 1.190474e-01 0.000000e+00
 0.000000e+00 0.000000e+00 0.000000e+00 9.791585e-01 2.084148e-02
 0.000000e+00 0.000000e+00 0.000000e+00 0.000000e+00 0.000000e+00
<ENDHMM>
