~o
<STREAMINFO> 1 6
<VECSIZE> 6<NULLD><MFCC><DIAGC>
~h "fp_logo_0"
<BEGINHMM>
<NUMSTATES> 5
<STATE> 2
<MEAN> 6
 1.330005e+02 1.020313e+01 2.231140e+01 2.804962e+00 7.667500e+00 4.796947e-01
<VARIANCE> 6
 6.510430e+02 2.765174e+02 1.255602e+02 3.807521e+01 3.056575e+01 3.255367e-01
<GCONST> 3.389806e+01
<STATE> 3
<MEAN> 6
 1.287877e+02 1.238505e+01 2.691536e+00 4.380672e+00 1.659872e+00 4.491602e-01
<VARIANCE> 6
 4.309673e+02 1.635700e+02 3.020173e+00 2.673256e+01 1.024764e+00 1.400446e-01
<GCONST> 2.464040e+01
<STATE> 4
<MEAN> 6
 1.488667e+02 5.264084e+00 1.214491e+00 6.400866e-01 5.269247e-01 2.446623e-01
<VARIANCE> 6
 6.852419e+02 6.076734e+01 9.018309e-01 2.793172e-01 1.031820e-01 1.280336e-02
<GCONST> 1.365604e+01
<TRANSP> 5
 0.000000e+00 1.000000e+00 0.000000e+00 0.000000e+00 0.000000e+00
 0.000000e+00 1.468771e-04 9.998531e-01 0.000000e+00 0.000000e+00
 0.000000e+00 0.000000e+00 5.287439e-01 4.712561e-01 0.000000e+00
 0.000000e+00 0.000000e+00 0.000000e+00 8.873603e-01 1.126397e-01
 0.000000e+00 0.000000e+00 0.000000e+00 0.000000e+00 0.000000e+00
<ENDHMM>
