~o
<STREAMINFO> 1 6
<VECSIZE> 6<NULLD><MFCC><DIAGC>
~h "fp_logo_1"
<BEGINHMM>
<NUMSTATES> 5
<STATE> 2
<MEAN> 6
 1.500593e+02 2.770265e+00 1.212736e+00 6.166859e-01 4.508035e-01 2.661246e-01
<VARIANCE> 6
 2.056521e+02 1.578438e+01 7.492550e-01 2.874447e-01 5.024503e-02 1.132382e-02
<GCONST> 1.010538e+01
<STATE> 3
<MEAN> 6
 1.355927e+02 5.030925e+00 3.699329e+00 2.021979e+00 1.640862e+00 9.335069e-01
<VARIANCE> 6
 8.448678e+02 2.901612e+01 9.928910e+00 3.762133e+00 2.193248e+00 9.037414e-01
<GCONST> 2.543890e+01
<STATE> 4
<MEAN> 6
 1.564187e+02 1.023205e+01 1.598577e+00 9.663257e-01 7.159703e-01 3.001916e-01
<VARIANCE> 6
 2.180422e+03 1.011758e+02 1.680694e+00 2.653223e-01 1.021755e-01 1.951224e-02
<GCONST> 1.630602e+01
<TRANSP> 5
 0.000000e+00 1.000000e+00 0.000000e+00 0.000000e+00 0.000000e+00
 0.000000e+00 8.660536e-01 1.339464e-01 0.000000e+00 0.000000e+00
 0.000000e+00 0.000000e+00 4.456059e-01 5.543941e-01 0.000000e+00
 0.000000e+00 0.000000e+00 0.000000e+00 7.319435e-01 2.680565e-01
 0.000000e+00 0.000000e+00 0.000000e+00 0.000000e+00 0.000000e+00
<ENDHMM>
