~o
<STREAMINFO> 1 6
<VECSIZE> 6<NULLD><MFCC><DIAGC>
~h "fp_logo_2"
<BEGINHMM>
<NUMSTATES> 5
<STATE> 2
<MEAN> 6
 1.430243e+02 2.729556e+00 1.678251e+00 7.300361e-01 6.357635e-01 2.799592e-01
<VARIANCE> 6
 3.185211e+02 1.135542e+01 2.382742e+00 2.314893e-01 2.317086e-01 2.453000e-02
<GCONST> 1.345554e+01
<STATE> 3
<MEAN> 6
 3.123662e+02 4.524589e+01 6.018358e+01 2.165655e+01 2.408044e+01 8.884839e+00
<VARIANCE> 6
 2.306459e+04 3.476689e+03 6.265789e+03 5.389660e+02 5.573730e+02 7.760580e+01
<GCONST> 5.493454e+01
<STATE> 4
<MEAN> 6
 2.366338e+02 2.477240e+01 2.226716e+01 8.048960e+00 6.886196e+00 3.236755e+00
<VARIANCE> 6
 1.154931e+04 3.929249e+02 3.798409e+03 2.910448e+02 1.924675e+02 4.327103e+01
<GCONST> 4.929849e+01
<TRANSP> 5
 0.000000e+00 1.000000e+00 0.000000e+00 0.000000e+00 0.000000e+00
 0.000000e+00 8.733801e-01 1.266198e-01 0.000000e+00 0.000000e+00
 0.000000e+00 0.000000e+00 6.542361e-01 3.457639e-01 0.000000e+00
 0.000000e+00 0.000000e+00 0.000000e+00 5.475516e-01 4.524483e-01
 0.000000e+00 0.000000e+00 0.000000e+00 0.000000e+00 0.000000e+00
<ENDHMM>
