~o
<STREAMINFO> 1 6
<VECSIZE> 6<NULLD><MFCC><DIAGC>
~h "fp_screen_3"
<BEGINHMM>
<NUMSTATES> 5
<STATE> 2
<MEAN> 6
 4.747457e+02 3.100744e+01 1.866055e+01 8.872241e+00 6.390643e+00 2.922113e+00
<VARIANCE> 6
 6.484605e+03 1.318252e+03 6.761495e+02 8.929242e+01 2.545922e+01 6.322462e+00
<GCONST> 4.307803e+01
<STATE> 3
<MEAN> 6
 6.102586e+02 7.444842e+01 2.247850e+01 1.926081e+01 9.777191e+00 3.588010e+00
<VARIANCE> 6
 4.617705e+04 3.489419e+03 1.489911e+03 1.699446e+02 1.490863e+02 1.558869e+01
<GCONST> 5.011800e+01
<STATE> 4
<MEAN> 6
 3.897255e+02 1.999273e+01 5.798772e+00 5.187294e+00 2.173103e+00 7.066943e-01
<VARIANCE> 6
 1.418452e+04 7.963921e+02 1.279170e+02 4.508482e+01 1.185959e+01 4.844450e-01
<GCONST> 3.767558e+01
<TRANSP> 5
 0.000000e+00 1.000000e+00 0.000000e+00 0.000000e+00 0.000000e+00
 0.000000e+00 6.820648e-01 3.179353e-01 0.000000e+00 0.000000e+00
 0.000000e+00 0.000000e+00 6.885105e-01 3.114896e-01 0.000000e+00
 0.000000e+00 0.000000e+00 0.000000e+00 8.228309e-01 1.771691e-01
 0.000000e+00 0.000000e+00 0.000000e+00 0.000000e+00 0.000000e+00
<ENDHMM>
