~o
<STREAMINFO> 1 6
<VECSIZE> 6<NULLD><MFCC><DIAGC>
~h "fp_screen_0"
<BEGINHMM>
<NUMSTATES> 5
<STATE> 2
<MEAN> 6
 2.296450e+02 1.853612e+00 2.893537e+00 6.872910e-01 1.181262e+00 2.653349e-01
<VARIANCE> 6
 1.117555e+02 2.948390e+00 2.753308e+01 2.809171e-01 7.864284e+00 3.002797e-02
<GCONST> 1.742723e+01
<STATE> 3
<MEAN> 6
 2.559702e+02 2.573166e+00 2.551767e+01 1.044617e+00 1.066497e+01 5.503603e-01
<VARIANCE> 6
 5.045349e+02 4.238337e+00 7.684761e+02 5.148634e-01 9.595508e+01 1.518267e-01
<GCONST> 2.735449e+01
<STATE> 4
<MEAN> 6
 2.270766e+02 3.482274e+00 1.820119e+01 1.702786e+00 7.925842e+00 1.049000e+00
<VARIANCE> 6
 1.079193e+03 1.816842e+01 6.191987e+02 4.775969e+00 8.221781e+01 1.547709e+00
<GCONST> 3.374908e+01
<TRANSP> 5
 0.000000e+00 1.000000e+00 0.000000e+00 0.000000e+00 0.000000e+00
 0.000000e+00 8.939925e-01 1.060075e-01 0.000000e+00 0.000000e+00
 0.000000e+00 0.000000e+00 5.350257e-02 9.464974e-01 0.000000e+00
 0.000000e+00 0.000000e+00 0.000000e+00 3.378249e-01 6.621751e-01
 0.000000e+00 0.000000e+00 0.000000e+00 0.000000e+00 0.000000e+00
<ENDHMM>
