~o
<STREAMINFO> 1 6
<VECSIZE> 6<NULLD><MFCC><DIAGC>
~h "fp_screen"
<BEGINHMM>
<NUMSTATES> 5
<STATE> 2
<MEAN> 6
 3.397045e+02 2.538600e+00 8.715789e+00 9.712173e-01 2.704971e+00 4.089717e-01
<VARIANCE> 6
 2.194410e+04 5.239083e+00 3.858397e+02 6.613801e-01 2.663224e+01 1.620874e-01
<GCONST> 2.968416e+01
<STATE> 3
<MEAN> 6
 5.225521e+02 5.668682e+01 1.773535e+01 1.418206e+01 5.722550e+00 2.683922e+00
<VARIANCE> 6
 3.174439e+04 3.721664e+03 1.057777e+03 1.685741e+02 5.885053e+01 1.302082e+01
<GCONST> 4.834752e+01
<STATE> 4
<MEAN> 6
 3.528585e+02 5.840334e+00 5.083319e+00 1.647852e+00 1.300375e+00 4.421234e-01
<VARIANCE> 6
 8.232561e+03 5.432066e+01 4.882460e+01 3.961712e+00 1.676752e+00 1.292600e-01
<GCONST> 2.777386e+01
<TRANSP> 5
 0.000000e+00 1.000000e+00 0.000000e+00 0.000000e+00 0.000000e+00
 0.000000e+00 9.574072e-01 4.259282e-02 0.000000e+00 0.000000e+00
 0.000000e+00 0.000000e+00 9.481808e-01 5.181921e-02 0.000000e+00
 0.000000e+00 0.000000e+00 0.000000e+00 9.632677e-01 3.673227e-02
 0.000000e+00 0.000000e+00 0.000000e+00 0.000000e+00 0.000000e+00
<ENDHMM>
