~o
<STREAMINFO> 1 6
<VECSIZE> 6<NULLD><MFCC><DIAGC>
~h "fp_screen_1"
<BEGINHMM>
<NUMSTATES> 5
<STATE> 2
<MEAN> 6
 2.432639e+02 3.014861e+00 1.101333e+01 1.219147e+00 3.291304e+00 5.029194e-01
<VARIANCE> 6
 8.954717e+03 8.186189e+00 3.995074e+02 1.792583e+00 3.297835e+01 4.326061e-01
<GCONST> 3.146146e+01
<STATE> 3
<MEAN> 6
 5.033349e+02 6.578901e+01 3.283632e+01 1.566360e+01 7.821519e+00 2.220759e+00
<VARIANCE> 6
 3.668652e+04 6.275661e+03 2.067753e+03 2.082887e+02 5.192906e+01 7.548319e+00
<GCONST> 4.922620e+01
<STATE> 4
<MEAN> 6
 5.155688e+02 1.092001e+01 5.014850e+00 3.259483e+00 1.573954e+00 9.476278e-01
<VARIANCE> 6
 2.563370e+04 6.833984e+02 1.160612e+02 3.334634e+01 4.125422e+00 4.867816e+00
<GCONST> 3.896688e+01
<TRANSP> 5
 0.000000e+00 1.000000e+00 0.000000e+00 0.000000e+00 0.000000e+00
 0.000000e+00 8.076553e-01 1.923447e-01 0.000000e+00 0.000000e+00
 0.000000e+00 0.000000e+00 5.907489e-01 4.092511e-01 0.000000e+00
 0.000000e+00 0.000000e+00 0.000000e+00 8.133461e-01 1.866539e-01
 0.000000e+00 0.000000e+00 0.000000e+00 0.000000e+00 0.000000e+00
<ENDHMM>
