~o
<STREAMINFO> 1 6
<VECSIZE> 6<NULLD><MFCC><DIAGC>
~h "fp_screen_4"
<BEGINHMM>
<NUMSTATES> 5
<STATE> 2
<MEAN> 6
 4.685660e+02 3.850588e+01 7.108633e+00 9.384197e+00 3.049408e+00 8.954911e-01
<VARIANCE> 6
 1.866553e+04 1.924051e+03 3.136149e+02 9.196748e+01 3.010126e+01 7.335610e-01
<GCONST> 4.178821e+01
<STATE> 3
<MEAN> 6
 5.340968e+02 6.022365e+01 2.436093e+01 1.574104e+01 8.043861e+00 4.293521e+00
<VARIANCE> 6
 3.960945e+04 3.915897e+03 1.970905e+03 2.036885e+02 9.137171e+01 2.692385e+01
<GCONST> 5.059767e+01
<STATE> 4
<MEAN> 6
 3.793176e+02 7.476593e+00 5.922350e+00 2.047083e+00 1.479021e+00 5.920046e-01
<VARIANCE> 6
 6.319251e+03 1.671517e+02 9.397070e+01 1.431945e+01 3.225969e+00 7.466159e-01
<GCONST> 3.298115e+01
<TRANSP> 5
 0.000000e+00 1.000000e+00 0.000000e+00 0.000000e+00 0.000000e+00
 0.000000e+00 5.062783e-01 4.937217e-01 0.000000e+00 0.000000e+00
 0.000000e+00 0.000000e+00 5.619361e-01 4.380639e-01 0.000000e+00
 0.000000e+00 0.000000e+00 0.000000e+00 8.849490e-01 1.150510e-01
 0.000000e+00 0.000000e+00 0.000000e+00 0.000000e+00 0.000000e+00
<ENDHMM>
