~o
<STREAMINFO> 1 6
<VECSIZE> 6<NULLD><MFCC><DIAGC>
~h "fp_screen_5"
<BEGINHMM>
<NUMSTATES> 5
<STATE> 2
<MEAN> 6
 3.341488e+02 1.541265e+01 1.915069e+01 5.266428e+00 4.170367e+00 1.308008e+00
<VARIANCE> 6
 1.054432e+04 7.512932e+02 5.034451e+02 7.297884e+01 1.639433e+01 3.482277e+00
<GCONST> 4.146867e+01
<STATE> 3
<MEAN> 6
 2.994459e+02 3.517623e+00 1.121299e+01 9.975973e-01 1.723504e+00 4.337187e-01
<VARIANCE> 6
 4.324647e+03 1.216064e+01 1.392832e+02 4.370717e-01 1.430455e+00 6.954294e-02
<GCONST> 2.369859e+01
<STATE> 4
<MEAN> 6
 4.131929e+02 2.373842e+00 2.379110e+00 5.645989e-01 6.036786e-01 3.052763e-01
<VARIANCE> 6
 3.427782e+03 2.779029e+00 2.893476e+00 1.037544e-01 1.924956e-01 1.934728e-02
<GCONST> 1.339288e+01
<TRANSP> 5
 0.000000e+00 1.000000e+00 0.000000e+00 0.000000e+00 0.000000e+00
 0.000000e+00 5.153686e-01 4.846314e-01 0.000000e+00 0.000000e+00
 0.000000e+00 0.000000e+00 7.249323e-01 2.750678e-01 0.000000e+00
 0.000000e+00 0.000000e+00 0.000000e+00 8.412978e-01 1.587022e-01
 0.000000e+00 0.000000e+00 0.000000e+00 0.000000e+00 0.000000e+00
<ENDHMM>
