~o
<STREAMINFO> 1 6
<VECSIZE> 6<NULLD><MFCC><DIAGC>
~h "fp_screen_2"
<BEGINHMM>
<NUMSTATES> 5
<STATE> 2
<MEAN> 6
 4.650482e+02 9.809904e+00 3.715204e+00 2.477514e+00 1.389374e+00 7.402930e-01
<VARIANCE> 6
 2.067148e+04 5.288347e+02 8.524342e+01 2.086507e+01 2.760273e+00 3.059023e+00
<GCONST> 3.685146e+01
<STATE> 3
<MEAN> 6
 4.881643e+02 7.635159e+01 3.492397e+01 2.005738e+01 6.593349e+00 3.161065e+00
<VARIANCE> 6
 3.019919e+04 7.601302e+03 1.610455e+03 3.248437e+02 3.800941e+01 2.529068e+01
<GCONST> 5.031479e+01
<STATE> 4
<MEAN> 6
 4.620606e+02 4.024722e+01 1.789992e+01 8.248082e+00 4.089530e+00 6.461466e-01
<VARIANCE> 6
 1.720784e+04 2.673116e+03 7.485369e+02 8.715231e+01 2.545522e+01 5.873185e-01
<GCONST> 4.246189e+01
<TRANSP> 5
 0.000000e+00 1.000000e+00 0.000000e+00 0.000000e+00 0.000000e+00
 0.000000e+00 8.617991e-01 1.382010e-01 0.000000e+00 0.000000e+00
 0.000000e+00 0.000000e+00 4.819728e-01 5.180272e-01 0.000000e+00
 0.000000e+00 0.000000e+00 0.000000e+00 7.391595e-01 2.608405e-01
 0.000000e+00 0.000000e+00 0.000000e+00 0.000000e+00 0.000000e+00
<ENDHMM>
