~o
<STREAMINFO> 1 6
<VECSIZE> 6<NULLD><MFCC><DIAGC>
~h "bg_red_0"
<BEGINHMM>
<NUMSTATES> 5
<STATE> 2
<MEAN> 6
 2.601948e+02 9.462221e+00 5.218236e+00 2.779210e+00 1.855523e+00 8.703954e-01
<VARIANCE> 6
 1.610886e+04 1.240055e+02 3.565638e+01 5.965039e+00 3.067776e+00 8.694756e-01
<GCONST> 3.187564e+01
<STATE> 3
<MEAN> 6
 3.448999e+02 2.688206e+01 1.049123e+01 7.108428e+00 2.651134e+00 1.745773e+00
<VARIANCE> 6
 3.902921e+04 1.834675e+03 4.553055e+02 8.297964e+01 1.523750e+01 7.502013e+00
<GCONST> 4.439244e+01
<STATE> 4
<MEAN> 6
 2.775341e+02 6.182908e+00 3.289514e+00 2.405023e+00 1.261561e+00 6.056864e-01
<VARIANCE> 6
 2.153290e+03 4.713433e+01 1.671731e+01 7.716854e+00 2.292818e+00 7.682678e-01
<GCONST> 2.798103e+01
<TRANSP> 5
 0.000000e+00 1.000000e+00 0.000000e+00 0.000000e+00 0.000000e+00
 0.000000e+00 9.635931e-01 3.640686e-02 0.000000e+00 0.000000e+00
 0.000000e+00 0.000000e+00 9.060267e-01 9.397337e-02 0.000000e+00
 0.000000e+00 0.000000e+00 0.000000e+00 9.686435e-01 3.135647e-02
 0.000000e+00 0.000000e+00 0.000000e+00 0.000000e+00 0.000000e+00
<ENDHMM>
~h "bg_red_0_0"
<BEGINHMM>
<NUMSTATES> 5
<STATE> 2
<MEAN> 6
 2.967474e+02 7.989387e+00 6.809723e+00 3.620104e+00 3.225673e+00 1.661678e+00
<VARIANCE> 6
 4.198181e+03 5.244576e+01 5.384051e+01 6.633614e+00 3.850661e+00 1.632939e+00
<GCONST> 3.104625e+01
<STATE> 3
<MEAN> 6
 3.814573e+02 5.788872e+01 2.665881e+01 1.367490e+01 6.233989e+00 2.566859e+00
<VARIANCE> 6
 4.644718e+04 5.115113e+03 2.188955e+03 1.909172e+02 4.226981e+01 7.860491e+00
<GCONST> 4.906223e+01
<STATE> 4
<MEAN> 6
 2.414163e+02 8.839363e+00 3.332712e+00 2.624161e+00 1.421537e+00 7.257461e-01
<VARIANCE> 6
 3.183083e+04 2.596014e+02 1.784750e+01 1.821603e+01 2.384720e+00 1.124306e+00
<GCONST> 3.372501e+01
<TRANSP> 5
 0.000000e+00 1.000000e+00 0.000000e+00 0.000000e+00 0.000000e+00
 0.000000e+00 7.939763e-01 2.060237e-01 0.000000e+00 0.000000e+00
 0.000000e+00 0.000000e+00 3.389871e-01 6.610129e-01 0.000000e+00
 0.000000e+00 0.000000e+00 0.000000e+00 8.224860e-01 1.775140e-01
 0.000000e+00 0.000000e+00 0.000000e+00 0.000000e+00 0.000000e+00
<ENDHMM>
~h "bg_red_0_1"
<BEGINHMM>
<NUMSTATES> 5
<STATE> 2
<MEAN> 6
 2.553991e+02 1.185725e+01 6.555713e+00 4.241282e+00 2.248144e+00 1.304657e+00
<VARIANCE> 6
 1.518417e+04 3.053592e+02 4.170184e+01 2.179092e+01 2.828271e+00 1.837370e+00
<GCONST> 3.483680e+01
<STATE> 3
<MEAN> 6
 3.975986e+02 4.449157e+01 7.976431e+00 1.215992e+01 1.919272e+00 1.814323e+00
<VARIANCE> 6
 4.033591e+04 2.326469e+03 2.494376e+01 1.106330e+02 2.640622e+00 5.130207e+00
<GCONST> 3.991337e+01
<STATE> 4
<MEAN> 6
 2.872039e+02 5.698245e+00 2.589807e+00 2.529662e+00 1.456449e+00 4.929606e-01
<VARIANCE> 6
 5.020306e+03 4.219126e+01 4.530104e+00 7.276329e+00 1.905121e+00 9.164628e-02
<GCONST> 2.504082e+01
<TRANSP> 5
 0.000000e+00 1.000000e+00 0.000000e+00 0.000000e+00 0.000000e+00
 0.000000e+00 8.146599e-01 1.853401e-01 0.000000e+00 0.000000e+00
 0.000000e+00 0.000000e+00 5.237506e-01 4.762494e-01 0.000000e+00
 0.000000e+00 0.000000e+00 0.000000e+00 8.183395e-01 1.816606e-01
 0.000000e+00 0.000000e+00 0.000000e+00 0.000000e+00 0.000000e+00
<ENDHMM>
~h "bg_red_0_2"
<BEGINHMM>
<NUMSTATES> 5
<STATE> 2
<MEAN> 6
 3.160450e+02 7.090223e+00 2.692778e+00 3.072639e+00 1.194066e+00 6.156707e-01
<VARIANCE> 6
 7.190997e+03 6.094597e+01 5.116102e+00 9.887481e+00 1.580607e+00 5.486055e-01
<GCONST> 2.779893e+01
<STATE> 3
<MEAN> 6
 3.045363e+02 1.827503e+01 4.927773e+00 4.562673e+00 1.509030e+00 6.128897e-01
<VARIANCE> 6
 8.592761e+03 2.455513e+02 1.363410e+01 9.129570e+00 1.985905e+00 1.727943e-01
<GCONST> 2.934396e+01
<STATE> 4
<MEAN> 6
 3.470973e+02 3.937781e+00 1.771853e+00 1.526149e+00 6.475339e-01 3.438397e-01
<VARIANCE> 6
 6.193449e+03 1.157414e+01 2.538945e+00 1.839872e+00 2.937498e-01 5.335344e-02
<GCONST> 1.959288e+01
<TRANSP> 5
 0.000000e+00 1.000000e+00 0.000000e+00 0.000000e+00 0.000000e+00
 0.000000e+00 5.322537e-01 4.677463e-01 0.000000e+00 0.000000e+00
 0.000000e+00 0.000000e+00 6.446779e-01 3.553222e-01 0.000000e+00
 0.000000e+00 0.000000e+00 0.000000e+00 8.757415e-01 1.242585e-01
 0.000000e+00 0.000000e+00 0.000000e+00 0.000000e+00 0.000000e+00
<ENDHMM>
~h "bg_red_0_3"
<BEGINHMM>
<NUMSTATES> 5
<STATE> 2
<MEAN> 6
 3.333561e+02 3.664150e+00 1.600923e+00 1.001499e+00 5.818501e-01 2.566927e-01
<VARIANCE> 6
 5.604486e+03 9.352301e+00 2.049682e+00 1.208815e+00 2.558373e-01 1.329216e-02
<GCONST> 1.711774e+01
<STATE> 3
<MEAN> 6
 3.399530e+02 9.870963e+00 3.321307e+00 4.204589e+00 1.635701e+00 5.442107e-01
<VARIANCE> 6
 7.339892e+03 2.292835e+02 1.045271e+01 1.684935e+01 2.179109e+00 2.000194e-01
<GCONST> 2.970405e+01
<STATE> 4
<MEAN> 6
 3.517970e+02 6.866197e+00 3.375327e+00 1.777856e+00 8.211346e-01 4.448825e-01
<VARIANCE> 6
 6.321517e+03 2.317402e+02 2.525216e+01 5.125460e+00 1.064901e+00 3.381222e-01
<GCONST> 2.906626e+01
<TRANSP> 5
 0.000000e+00 1.000000e+00 0.000000e+00 0.000000e+00 0.000000e+00
 0.000000e+00 8.615405e-01 1.384595e-01 0.000000e+00 0.000000e+00
 0.000000e+00 0.000000e+00 5.618088e-01 4.381911e-01 0.000000e+00
 0.000000e+00 0.000000e+00 0.000000e+00 5.992891e-01 4.007109e-01
 0.000000e+00 0.000000e+00 0.000000e+00 0.000000e+00 0.000000e+00
<ENDHMM>
~h "bg_red_0_4"
<BEGINHMM>
<NUMSTATES> 5
<STATE> 2
<MEAN> 6
 2.509361e+02 1.233965e+01 7.034133e+00 3.127328e+00 1.588349e+00 7.352555e-01
<VARIANCE> 6
 8.835322e+03 3.240676e+02 4.785456e+01 6.277339e+00 1.784953e+00 5.205047e-01
<GCONST> 3.152628e+01
<STATE> 3
<MEAN> 6
 2.604135e+02 4.081896e+00 1.509448e+00 8.091394e-01 4.544015e-01 2.671935e-01
<VARIANCE> 6
 4.334134e+03 1.285747e+01 1.782286e+00 2.997505e-01 9.136704e-02 1.613668e-02
<GCONST> 1.480902e+01
<STATE> 4
<MEAN> 6
 1.873985e+02 1.433853e+01 6.462975e+00 3.283112e+00 1.694016e+00 7.318535e-01
<VARIANCE> 6
 5.019443e+03 1.656228e+02 2.304230e+01 9.012254e+00 2.117610e+00 2.906297e-01
<GCONST> 2.950855e+01
<TRANSP> 5
 0.000000e+00 1.000000e+00 0.000000e+00 0.000000e+00 0.000000e+00
 0.000000e+00 7.245587e-01 2.754413e-01 0.000000e+00 0.000000e+00
 0.000000e+00 0.000000e+00 8.168410e-01 1.831590e-01 0.000000e+00
 0.000000e+00 0.000000e+00 0.000000e+00 7.442276e-01 2.557724e-01
 0.000000e+00 0.000000e+00 0.000000e+00 0.000000e+00 0.000000e+00
<ENDHMM>
~h "bg_red_0_5"
<BEGINHMM>
<NUMSTATES> 5
<STATE> 2
<MEAN> 6
 1.796489e+02 6.848539e+00 4.537369e+00 2.261340e+00 1.426031e+00 6.567605e-01
<VARIANCE> 6
 7.000834e+03 7.750203e+01 1.556485e+01 5.131095e+00 1.257902e+00 4.827897e-01
<GCONST> 2.811296e+01
<STATE> 3
<MEAN> 6
 2.075512e+02 3.090111e+01 2.151042e+01 8.437240e+00 6.765642e+00 4.941654e+00
<VARIANCE> 6
 8.441813e+03 4.528919e+02 3.254272e+02 2.195698e+01 2.366660e+01 1.673520e+01
<GCONST> 4.103967e+01
<STATE> 4
<MEAN> 6
 2.475281e+02 1.123475e+01 8.835799e+00 4.987315e+00 2.916047e+00 1.703152e+00
<VARIANCE> 6
 9.791160e+03 1.369104e+02 6.019164e+01 8.868540e+00 3.294537e+00 2.329831e+00
<GCONST> 3.345393e+01
<TRANSP> 5
 0.000000e+00 1.000000e+00 0.000000e+00 0.000000e+00 0.000000e+00
 0.000000e+00 8.380372e-01 1.619628e-01 0.000000e+00 0.000000e+00
 0.000000e+00 0.000000e+00 4.056366e-01 5.943635e-01 0.000000e+00
 0.000000e+00 0.000000e+00 0.000000e+00 7.586448e-01 2.413553e-01
 0.000000e+00 0.000000e+00 0.000000e+00 0.000000e+00 0.000000e+00
<ENDHMM>
~h "bg_dark_0"
<BEGINHMM>
<NUMSTATES> 5
<STATE> 2
<MEAN> 6
 4.061249e+02 1.431044e+01 7.467938e+00 4.965230e+00 3.628991e+00 1.851691e+00
<VARIANCE> 6
 1.491609e+04 2.814922e+02 4.492279e+01 1.331195e+01 4.433290e+00 2.376860e+00
<GCONST> 3.502609e+01
<STATE> 3
<MEAN> 6
 3.311181e+02 4.237025e+01 1.478073e+01 1.016017e+01 5.422125e+00 2.856408e+00
<VARIANCE> 6
 1.751908e+04 1.312025e+03 3.840078e+02 5.803791e+01 1.960934e+01 8.818459e+00
<GCONST> 4.314225e+01
<STATE> 4
<MEAN> 6
 1.052994e+02 9.016742e+00 5.679084e+00 2.031541e+00 1.806068e+00 7.393084e-01
<VARIANCE> 6
 2.288657e+03 1.786860e+02 7.385763e+01 4.437430e+00 4.211616e+00 1.312584e+00
<GCONST> 3.145067e+01
<TRANSP> 5
 0.000000e+00 1.000000e+00 0.000000e+00 0.000000e+00 0.000000e+00
 0.000000e+00 9.661723e-01 3.382763e-02 0.000000e+00 0.000000e+00
 0.000000e+00 0.000000e+00 9.297074e-01 7.029261e-02 0.000000e+00
 0.000000e+00 0.000000e+00 0.000000e+00 9.618497e-01 3.815029e-02
 0.000000e+00 0.000000e+00 0.000000e+00 0.000000e+00 0.000000e+00
<ENDHMM>
~h "bg_dark_0_0"
<BEGINHMM>
<NUMSTATES> 5
<STATE> 2
<MEAN> 6
 3.768338e+02 1.355256e+01 6.041641e+00 4.524566e+00 3.040098e+00 1.471886e+00
<VARIANCE> 6
 1.683062e+04 3.095491e+02 2.146267e+01 1.132306e+01 2.377709e+00 1.256887e+00
<GCONST> 3.308126e+01
<STATE> 3
<MEAN> 6
 3.260654e+02 3.144271e+01 1.185994e+01 9.212906e+00 5.339818e+00 3.036043e+00
<VARIANCE> 6
 1.176464e+04 7.951307e+02 9.999086e+01 3.465605e+01 5.716451e+00 4.152054e+00
<GCONST> 3.839612e+01
<STATE> 4
<MEAN> 6
 2.128839e+02 1.544046e+01 6.126530e+00 4.112784e+00 2.492014e+00 1.248799e+00
<VARIANCE> 6
 3.034026e+04 2.977889e+02 4.153645e+01 1.588294e+01 3.179364e+00 1.912581e+00
<GCONST> 3.534083e+01
<TRANSP> 5
 0.000000e+00 1.000000e+00 0.000000e+00 0.000000e+00 0.000000e+00
 0.000000e+00 7.690877e-01 2.309123e-01 0.000000e+00 0.000000e+00
 0.000000e+00 0.000000e+00 7.271637e-01 2.728364e-01 0.000000e+00
 0.000000e+00 0.000000e+00 0.000000e+00 7.502591e-01 2.497409e-01
 0.000000e+00 0.000000e+00 0.000000e+00 0.000000e+00 0.000000e+00
<ENDHMM>
~h "bg_dark_0_1"
<BEGINHMM>
<NUMSTATES> 5
<STATE> 2
<MEAN> 6
 2.309375e+02 1.071700e+01 7.251997e+00 3.660334e+00 3.066370e+00 1.337225e+00
<VARIANCE> 6
 2.968517e+04 1.719613e+02 4.901469e+01 1.293900e+01 4.201997e+00 1.785774e+00
<GCONST> 3.494071e+01
<STATE> 3
<MEAN> 6
 3.359570e+02 4.581708e+01 1.230592e+01 1.162720e+01 5.143880e+00 2.475895e+00
<VARIANCE> 6
 1.211114e+04 1.251815e+03 8.138838e+01 4.574133e+01 7.441702e+00 3.760278e+00
<GCONST> 3.911532e+01
<STATE> 4
<MEAN> 6
 4.375550e+02 1.433671e+01 6.614484e+00 4.301439e+00 4.021096e+00 1.715281e+00
<VARIANCE> 6
 8.839297e+03 4.831588e+02 2.542656e+01 6.914250e+00 3.714947e+00 1.376068e+00
<GCONST> 3.309554e+01
<TRANSP> 5
 0.000000e+00 1.000000e+00 0.000000e+00 0.000000e+00 0.000000e+00
 0.000000e+00 7.976701e-01 2.023299e-01 0.000000e+00 0.000000e+00
 0.000000e+00 0.000000e+00 6.862146e-01 3.137854e-01 0.000000e+00
 0.000000e+00 0.000000e+00 0.000000e+00 7.946900e-01 2.053099e-01
 0.000000e+00 0.000000e+00 0.000000e+00 0.000000e+00 0.000000e+00
<ENDHMM>
~h "bg_dark_0_2"
<BEGINHMM>
<NUMSTATES> 5
<STATE> 2
<MEAN> 6
 4.210135e+02 1.487918e+01 6.400506e+00 4.253447e+00 2.883732e+00 1.279455e+00
<VARIANCE> 6
 6.287350e+03 4.537935e+02 2.370064e+01 7.645435e+00 2.390685e+00 8.297522e-01
<GCONST> 3.177576e+01
<STATE> 3
<MEAN> 6
 3.188337e+02 6.218683e+01 1.391211e+01 1.251880e+01 6.131511e+00 3.425729e+00
<VARIANCE> 6
 1.110530e+04 1.955525e+03 1.170166e+02 7.350600e+01 1.825768e+01 6.314859e+00
<GCONST> 4.172803e+01
<STATE> 4
<MEAN> 6
 2.300565e+02 2.513956e+01 8.797408e+00 5.028753e+00 2.677928e+00 1.356123e+00
<VARIANCE> 6
 3.022559e+04 5.982051e+02 4.185303e+01 1.059763e+01 4.399605e+00 1.402146e+00
<GCONST> 3.565195e+01
<TRANSP> 5
 0.000000e+00 1.000000e+00 0.000000e+00 0.000000e+00 0.000000e+00
 0.000000e+00 8.082498e-01 1.917502e-01 0.000000e+00 0.000000e+00
 0.000000e+00 0.000000e+00 6.397231e-01 3.602769e-01 0.000000e+00
 0.000000e+00 0.000000e+00 0.000000e+00 8.003689e-01 1.996311e-01
 0.000000e+00 0.000000e+00 0.000000e+00 0.000000e+00 0.000000e+00
<ENDHMM>
~h "bg_dark_0_3"
<BEGINHMM>
<NUMSTATES> 5
<STATE> 2
<MEAN> 6
 4.218809e+02 2.139079e+01 8.734419e+00 5.499819e+00 3.602991e+00 1.923256e+00
<VARIANCE> 6
 1.408622e+04 5.665711e+02 4.535217e+01 8.195469e+00 5.431910e+00 2.410124e+00
<GCONST> 3.540982e+01
<STATE> 3
<MEAN> 6
 3.317608e+02 3.455478e+01 1.475548e+01 1.326663e+01 5.178786e+00 2.574970e+00
<VARIANCE> 6
 1.746829e+04 8.019265e+02 1.888842e+02 7.135618e+01 1.078234e+01 5.041013e+00
<GCONST> 4.098676e+01
<STATE> 4
<MEAN> 6
 3.413979e+02 1.488645e+01 6.774008e+00 4.054645e+00 3.256828e+00 1.282903e+00
<VARIANCE> 6
 3.761227e+04 2.022504e+02 3.400452e+01 6.620367e+00 4.067894e+00 1.582407e+00
<GCONST> 3.415057e+01
<TRANSP> 5
 0.000000e+00 1.000000e+00 0.000000e+00 0.000000e+00 0.000000e+00
 0.000000e+00 6.340351e-01 3.659649e-01 0.000000e+00 0.000000e+00
 0.000000e+00 0.000000e+00 6.061834e-01 3.938166e-01 0.000000e+00
 0.000000e+00 0.000000e+00 0.000000e+00 8.513729e-01 1.486272e-01
 0.000000e+00 0.000000e+00 0.000000e+00 0.000000e+00 0.000000e+00
<ENDHMM>
~h "bg_dark_0_4"
<BEGINHMM>
<NUMSTATES> 5
<STATE> 2
<MEAN> 6
 2.919712e+02 1.495016e+01 8.494924e+00 4.599509e+00 3.938367e+00 1.897248e+00
<VARIANCE> 6
 4.280977e+04 2.083767e+02 6.827857e+01 9.826942e+00 5.009854e+00 3.161867e+00
<GCONST> 3.630243e+01
<STATE> 3
<MEAN> 6
 2.943683e+02 3.256495e+01 3.147609e+01 8.146487e+00 8.645364e+00 4.843112e+00
<VARIANCE> 6
 2.026005e+04 6.563107e+02 1.069360e+03 2.910946e+01 3.816191e+01 9.977645e+00
<GCONST> 4.371836e+01
<STATE> 4
<MEAN> 6
 1.042559e+02 2.774570e+00 2.601073e+00 7.956470e-01 8.345351e-01 5.163921e-01
<VARIANCE> 6
 7.029295e+02 9.059719e+00 9.779474e+00 7.839451e-01 8.276230e-01 2.505972e-01
<GCONST> 2.025012e+01
<TRANSP> 5
 0.000000e+00 1.000000e+00 0.000000e+00 0.000000e+00 0.000000e+00
 0.000000e+00 8.262652e-01 1.737348e-01 0.000000e+00 0.000000e+00
 0.000000e+00 0.000000e+00 6.042100e-01 3.957901e-01 0.000000e+00
 0.000000e+00 0.000000e+00 0.000000e+00 7.880237e-01 2.119764e-01
 0.000000e+00 0.000000e+00 0.000000e+00 0.000000e+00 0.000000e+00
<ENDHMM>
~h "bg_dark_0_5"
<BEGINHMM>
<NUMSTATES> 5
<STATE> 2
<MEAN> 6
 1.371243e+02 1.602604e+00 1.440679e+00 4.787550e-01 3.964205e-01 2.698807e-01
<VARIANCE> 6
 2.731751e+02 4.696752e+00 2.347324e+00 4.312308e-01 4.024462e-01 8.262327e-02
<GCONST> 1.479275e+01
<STATE> 3
<MEAN> 6
 1.345463e+02 1.217632e+01 1.776316e+01 2.227013e+00 3.042862e+00 2.750549e+00
<VARIANCE> 6
 2.226299e+03 5.058909e+02 8.063673e+02 7.735618e+00 1.755623e+01 3.415327e+01
<GCONST> 4.009632e+01
<STATE> 4
<MEAN> 6
 9.360127e+01 1.030963e+01 5.869698e+00 2.513840e+00 2.391133e+00 9.725265e-01
<VARIANCE> 6
 7.087558e+03 2.592405e+02 1.745834e+02 7.584466e+00 9.176127e+00 5.558001e+00
<GCONST> 3.657146e+01
<TRANSP> 5
 0.000000e+00 1.000000e+00 0.000000e+00 0.000000e+00 0.000000e+00
 0.000000e+00 8.678366e-01 1.321634e-01 0.000000e+00 0.000000e+00
 0.000000e+00 0.000000e+00 7.960505e-02 9.203950e-01 0.000000e+00
 0.000000e+00 0.000000e+00 0.000000e+00 7.012354e-01 2.987646e-01
 0.000000e+00 0.000000e+00 0.000000e+00 0.000000e+00 0.000000e+00
<ENDHMM>
~h "bg_white_0"
<BEGINHMM>
<NUMSTATES> 5
<STATE> 2
<MEAN> 6
 7.780464e+02 3.030683e+00 5.870295e+00 1.306711e+00 1.961812e+00 8.647052e-01
<VARIANCE> 6
 6.086629e+03 2.482388e+01 5.649633e+02 6.209011e+00 2.886138e+01 3.132628e+00
<GCONST> 3.562006e+01
<STATE> 3
<MEAN> 6
 7.205538e+02 3.608886e+01 1.486617e+01 1.104006e+01 9.097222e+00 5.685409e+00
<VARIANCE> 6
 6.789794e+03 1.665289e+03 8.036715e+02 1.124168e+02 1.043481e+02 3.534112e+01
<GCONST> 4.689238e+01
<STATE> 4
<MEAN> 6
 4.150123e+02 6.494968e+00 4.233935e+00 2.418348e+00 1.664179e+00 6.155015e-01
<VARIANCE> 6
 3.670395e+04 7.505908e+01 3.522681e+01 1.079755e+01 6.437972e+00 5.182727e-01
<GCONST> 3.300227e+01
<TRANSP> 5
 0.000000e+00 1.000000e+00 0.000000e+00 0.000000e+00 0.000000e+00
 0.000000e+00 9.640461e-01 3.595396e-02 0.000000e+00 0.000000e+00
 0.000000e+00 0.000000e+00 9.678414e-01 3.215858e-02 0.000000e+00
 0.000000e+00 0.000000e+00 0.000000e+00 9.098349e-01 9.016516e-02
 0.000000e+00 0.000000e+00 0.000000e+00 0.000000e+00 0.000000e+00
<ENDHMM>
~h "bg_white_0_0"
<BEGINHMM>
<NUMSTATES> 5
<STATE> 2
<MEAN> 6
 6.652322e+02 4.494393e+00 1.940352e+01 1.874612e+00 5.839960e+00 8.357486e-01
<VARIANCE> 6
 3.910534e+04 9.521461e+01 1.914286e+03 1.336098e+01 1.027096e+02 1.714051e+00
<GCONST> 4.147761e+01
<STATE> 3
<MEAN> 6
 6.746871e+02 3.261905e+01 5.288031e+01 1.080285e+01 1.537262e+01 4.579920e+00
<VARIANCE> 6
 1.981849e+04 2.154556e+03 4.403437e+03 1.396283e+02 1.795094e+02 3.950640e+01
<GCONST> 5.079279e+01
<STATE> 4
<MEAN> 6
 8.060364e+02 3.780007e+00 1.983723e+00 1.634677e+00 1.065361e+00 7.933765e-01
<VARIANCE> 6
 1.101785e+03 1.604121e+02 1.100532e+01 1.971553e+01 5.529197e+00 4.103240e+00
<GCONST> 3.161130e+01
<TRANSP> 5
 0.000000e+00 1.000000e+00 0.000000e+00 0.000000e+00 0.000000e+00
 0.000000e+00 5.964147e-01 4.035853e-01 0.000000e+00 0.000000e+00
 0.000000e+00 0.000000e+00 4.006835e-01 5.993166e-01 0.000000e+00
 0.000000e+00 0.000000e+00 0.000000e+00 8.726705e-01 1.273295e-01
 0.000000e+00 0.000000e+00 0.000000e+00 0.000000e+00 0.000000e+00
<ENDHMM>
~h "bg_white_0_1"
<BEGINHMM>
<NUMSTATES> 5
<STATE> 2
<MEAN> 6
 7.951962e+02 5.935074e+00 1.872048e+00 2.549191e+00 1.307728e+00 1.274581e+00
<VARIANCE> 6
 1.348341e+03 1.974602e+02 8.432270e+00 2.302926e+01 5.575974e+00 5.070211e+00
<GCONST> 3.213011e+01
<STATE> 3
<MEAN> 6
 7.234619e+02 5.757787e+01 1.894746e+01 1.674383e+01 1.408391e+01 9.530437e+00
<VARIANCE> 6
 3.482652e+03 1.439371e+03 4.123914e+02 8.214580e+01 9.830949e+01 3.508675e+01
<GCONST> 4.503119e+01
<STATE> 4
<MEAN> 6
 7.434000e+02 2.336974e+01 7.778272e+00 7.921189e+00 5.330972e+00 4.021970e+00
<VARIANCE> 6
 1.650727e+04 1.193469e+03 1.445664e+02 6.607072e+01 3.863550e+01 1.998376e+01
<GCONST> 4.363699e+01
<TRANSP> 5
 0.000000e+00 1.000000e+00 0.000000e+00 0.000000e+00 0.000000e+00
 0.000000e+00 8.427966e-01 1.572034e-01 0.000000e+00 0.000000e+00
 0.000000e+00 0.000000e+00 7.714510e-01 2.285490e-01 0.000000e+00
 0.000000e+00 0.000000e+00 0.000000e+00 5.581838e-01 4.418162e-01
 0.000000e+00 0.000000e+00 0.000000e+00 0.000000e+00 0.000000e+00
<ENDHMM>
~h "bg_white_0_2"
<BEGINHMM>
<NUMSTATES> 5
<STATE> 2
<MEAN> 6
 7.823088e+02 9.510982e+00 4.185199e+00 3.452604e+00 2.876596e+00 2.452101e+00
<VARIANCE> 6
 1.416774e+03 3.497168e+02 7.905942e+01 2.986311e+01 2.401037e+01 1.443392e+01
<GCONST> 3.775541e+01
<STATE> 3
<MEAN> 6
 7.201341e+02 5.380997e+01 1.617967e+01 1.540275e+01 1.329661e+01 9.195551e+00
<VARIANCE> 6
 3.251517e+03 1.350439e+03 3.088985e+02 8.230698e+01 1.060667e+02 3.755947e+01
<GCONST> 4.475578e+01
<STATE> 4
<MEAN> 6
 6.657218e+02 4.077595e+01 7.260154e+00 1.004006e+01 5.438800e+00 2.929118e+00
<VARIANCE> 6
 2.238007e+04 3.081684e+03 9.243970e+01 1.233338e+02 7.018879e+01 1.888690e+01
<GCONST> 4.560753e+01
<TRANSP> 5
 0.000000e+00 1.000000e+00 0.000000e+00 0.000000e+00 0.000000e+00
 0.000000e+00 8.513060e-01 1.486939e-01 0.000000e+00 0.000000e+00
 0.000000e+00 0.000000e+00 7.832540e-01 2.167460e-01 0.000000e+00
 0.000000e+00 0.000000e+00 0.000000e+00 3.979841e-01 6.020159e-01
 0.000000e+00 0.000000e+00 0.000000e+00 0.000000e+00 0.000000e+00
<ENDHMM>
~h "bg_white_0_3"
<BEGINHMM>
<NUMSTATES> 5
<STATE> 2
<MEAN> 6
 7.693624e+02 9.232334e+00 3.083890e+00 3.101293e+00 2.506071e+00 1.624226e+00
<VARIANCE> 6
 1.516126e+03 4.615187e+02 3.381626e+01 3.141662e+01 2.657774e+01 8.050155e+00
<GCONST> 3.681974e+01
<STATE> 3
<MEAN> 6
 6.974927e+02 5.250531e+01 1.502236e+01 1.535699e+01 1.200650e+01 8.154587e+00
<VARIANCE> 6
 5.673311e+03 1.805231e+03 3.166609e+02 1.158383e+02 9.584856e+01 3.587486e+01
<GCONST> 4.582207e+01
<STATE> 4
<MEAN> 6
 6.937458e+02 1.202562e+01 5.424223e+00 5.348759e+00 4.346370e+00 3.214341e+00
<VARIANCE> 6
 1.845533e+04 4.663392e+02 8.951430e+01 5.019449e+01 4.315778e+01 2.016495e+01
<GCONST> 4.217440e+01
<TRANSP> 5
 0.000000e+00 1.000000e+00 0.000000e+00 0.000000e+00 0.000000e+00
 0.000000e+00 8.333626e-01 1.666373e-01 0.000000e+00 0.000000e+00
 0.000000e+00 0.000000e+00 7.307674e-01 2.692327e-01 0.000000e+00
 0.000000e+00 0.000000e+00 0.000000e+00 5.623025e-01 4.376975e-01
 0.000000e+00 0.000000e+00 0.000000e+00 0.000000e+00 0.000000e+00
<ENDHMM>
~h "bg_white_0_4"
<BEGINHMM>
<NUMSTATES> 5
<STATE> 2
<MEAN> 6
 7.460035e+02 9.842214e+00 3.592246e+00 4.119975e+00 2.957355e+00 2.463350e+00
<VARIANCE> 6
 2.554855e+03 3.871858e+02 5.611133e+01 3.462202e+01 2.737924e+01 1.395374e+01
<GCONST> 3.834927e+01
<STATE> 3
<MEAN> 6
 6.675483e+02 4.206954e+01 1.427744e+01 1.408293e+01 9.554564e+00 6.270700e+00
<VARIANCE> 6
 1.338239e+04 1.690058e+03 3.110505e+02 1.457411e+02 8.025745e+01 3.457128e+01
<GCONST> 4.661152e+01
<STATE> 4
<MEAN> 6
 7.391823e+02 2.560158e+00 1.164989e+00 6.288062e-01 3.241346e-01 2.019585e-01
<VARIANCE> 6
 8.252475e+03 7.455764e+01 1.032712e+00 6.544176e+00 7.150348e-02 1.369653e-02
<GCONST> 1.933925e+01
<TRANSP> 5
 0.000000e+00 1.000000e+00 0.000000e+00 0.000000e+00 0.000000e+00
 0.000000e+00 7.340329e-01 2.659672e-01 0.000000e+00 0.000000e+00
 0.000000e+00 0.000000e+00 6.667346e-01 3.332654e-01 0.000000e+00
 0.000000e+00 0.000000e+00 0.000000e+00 8.397314e-01 1.602686e-01
 0.000000e+00 0.000000e+00 0.000000e+00 0.000000e+00 0.000000e+00
<ENDHMM>
~h "bg_white_0_5"
<BEGINHMM>
<NUMSTATES> 5
<STATE> 2
<MEAN> 6
 7.426266e+02 3.598221e+00 1.957165e+00 9.271299e-01 6.466848e-01 2.530776e-01
<VARIANCE> 6
 4.340565e+03 1.684847e+02 5.666412e+00 1.498794e+01 4.898530e-01 2.183449e-02
<GCONST> 2.443375e+01
<STATE> 3
<MEAN> 6
 4.787218e+02 1.960652e+01 5.182190e+01 6.158979e+00 1.329714e+01 1.287013e+00
<VARIANCE> 6
 3.942650e+04 8.286705e+02 4.641795e+03 8.229715e+01 2.092790e+02 1.760296e+00
<GCONST> 4.709162e+01
<STATE> 4
<MEAN> 6
 3.121942e+02 6.007706e+00 4.096142e+00 2.195373e+00 1.523457e+00 6.037891e-01
<VARIANCE> 6
 2.369365e+03 5.004852e+01 1.755649e+01 5.462284e+00 1.548871e+00 3.960037e-01
<GCONST> 2.678512e+01
<TRANSP> 5
 0.000000e+00 1.000000e+00 0.000000e+00 0.000000e+00 0.000000e+00
 0.000000e+00 6.582476e-01 3.417524e-01 0.000000e+00 0.000000e+00
 0.000000e+00 0.000000e+00 6.357927e-01 3.642073e-01 0.000000e+00
 0.000000e+00 0.000000e+00 0.000000e+00 8.419777e-01 1.580224e-01
 0.000000e+00 0.000000e+00 0.000000e+00 0.000000e+00 0.000000e+00
<ENDHMM>
~h "bg_board"
<BEGINHMM>
<NUMSTATES> 5
<STATE> 2
<MEAN> 6
 2.635236e+02 2.206842e+01 1.204218e+01 1.008811e+01 5.439513e+00 3.282782e+00
<VARIANCE> 6
 5.338532e+03 3.660592e+02 1.333534e+02 3.427820e+01 1.224791e+01 5.340659e+00
<GCONST> 3.812098e+01
<STATE> 3
<MEAN> 6
 3.526610e+02 7.619239e+01 1.140746e+01 1.599708e+01 4.345171e+00 2.993474e+00
<VARIANCE> 6
 1.588275e+04 6.071789e+03 2.620288e+02 1.064963e+02 1.610353e+01 9.935983e+00
<GCONST> 4.472342e+01
<STATE> 4
<MEAN> 6
 3.997811e+02 7.537890e+00 4.203906e+00 1.544471e+00 1.007874e+00 3.727936e-01
<VARIANCE> 6
 9.554899e+03 1.161021e+02 1.706990e+01 3.465930e+00 8.065486e-01 1.304309e-01
<GCONST> 2.677494e+01
<TRANSP> 5
 0.000000e+00 1.000000e+00 0.000000e+00 0.000000e+00 0.000000e+00
 0.000000e+00 9.652277e-01 3.477231e-02 0.000000e+00 0.000000e+00
 0.000000e+00 0.000000e+00 8.365035e-01 1.634965e-01 0.000000e+00
 0.000000e+00 0.000000e+00 0.000000e+00 9.715304e-01 2.846964e-02
 0.000000e+00 0.000000e+00 0.000000e+00 0.000000e+00 0.000000e+00
<ENDHMM>
~h "bg_board_0"
<BEGINHMM>
<NUMSTATES> 5
<STATE> 2
<MEAN> 6
 3.944110e+02 1.682800e+01 8.678032e+00 7.418105e+00 4.076509e+00 2.191996e+00
<VARIANCE> 6
 8.001591e+03 1.230515e+03 1.835542e+02 5.807779e+01 2.718991e+01 6.729091e+00
<GCONST> 4.161343e+01
<STATE> 3
<MEAN> 6
 3.492535e+02 3.849026e+01 1.299992e+01 1.258203e+01 5.648680e+00 3.348750e+00
<VARIANCE> 6
 7.807339e+03 2.241839e+03 1.735139e+02 5.640281e+01 1.613923e+01 7.156731e+00
<GCONST> 4.164322e+01
<STATE> 4
<MEAN> 6
 4.245247e+02 7.154592e+00 3.551656e+00 2.269518e+00 1.274469e+00 6.840453e-01
<VARIANCE> 6
 3.903858e+03 3.865568e+02 2.734018e+01 1.786143e+01 3.398291e+00 1.514202e+00
<GCONST> 3.308343e+01
<TRANSP> 5
 0.000000e+00 1.000000e+00 0.000000e+00 0.000000e+00 0.000000e+00
 0.000000e+00 3.982131e-05 9.999602e-01 0.000000e+00 0.000000e+00
 0.000000e+00 0.000000e+00 8.115099e-01 1.884901e-01 0.000000e+00
 0.000000e+00 0.000000e+00 0.000000e+00 8.243964e-01 1.756037e-01
 0.000000e+00 0.000000e+00 0.000000e+00 0.000000e+00 0.000000e+00
<ENDHMM>
~h "bg_board_1"
<BEGINHMM>
<NUMSTATES> 5
<STATE> 2
<MEAN> 6
 3.068181e+02 2.144658e+01 1.158734e+01 1.061730e+01 5.615716e+00 3.596955e+00
<VARIANCE> 6
 5.602052e+03 5.685308e+02 9.384932e+01 3.654303e+01 1.266310e+01 6.015366e+00
<GCONST> 3.847440e+01
<STATE> 3
<MEAN> 6
 3.972242e+02 5.153603e+01 1.460522e+01 1.567418e+01 5.421299e+00 3.483856e+00
<VARIANCE> 6
 2.386990e+04 4.064098e+03 4.620624e+02 1.888173e+02 2.669506e+01 1.203607e+01
<GCONST> 4.656645e+01
<STATE> 4
<MEAN> 6
 3.838342e+02 6.003929e+00 4.360656e+00 2.283669e+00 1.287343e+00 7.331284e-01
<VARIANCE> 6
 4.363636e+03 1.555561e+02 2.904174e+01 2.057209e+01 3.864600e+00 2.279159e+00
<GCONST> 3.302367e+01
<TRANSP> 5
 0.000000e+00 1.000000e+00 0.000000e+00 0.000000e+00 0.000000e+00
 0.000000e+00 7.935159e-01 2.064842e-01 0.000000e+00 0.000000e+00
 0.000000e+00 0.000000e+00 4.625640e-01 5.374360e-01 0.000000e+00
 0.000000e+00 0.000000e+00 0.000000e+00 8.411773e-01 1.588227e-01
 0.000000e+00 0.000000e+00 0.000000e+00 0.000000e+00 0.000000e+00
<ENDHMM>
~h "bg_board_2"
<BEGINHMM>
<NUMSTATES> 5
<STATE> 2
<MEAN> 6
 2.736447e+02 2.252878e+01 1.162321e+01 1.024131e+01 5.172131e+00 3.524816e+00
<VARIANCE> 6
 5.351136e+03 3.918772e+02 1.029888e+02 4.734226e+01 1.212652e+01 6.073220e+00
<GCONST> 3.837459e+01
<STATE> 3
<MEAN> 6
 3.180079e+02 4.191888e+01 1.658680e+01 1.212462e+01 5.238537e+00 3.224393e+00
<VARIANCE> 6
 1.214129e+04 2.187019e+03 4.384341e+02 9.834600e+01 2.356018e+01 1.257270e+01
<GCONST> 4.448471e+01
<STATE> 4
<MEAN> 6
 3.742139e+02 1.147166e+01 5.195841e+00 2.178393e+00 1.475531e+00 5.256680e-01
<VARIANCE> 6
 1.512997e+04 2.475843e+02 2.690900e+01 7.898833e+00 3.960469e+00 5.483047e-01
<GCONST> 3.229806e+01
<TRANSP> 5
 0.000000e+00 1.000000e+00 0.000000e+00 0.000000e+00 0.000000e+00
 0.000000e+00 7.620153e-01 2.379847e-01 0.000000e+00 0.000000e+00
 0.000000e+00 0.000000e+00 5.123298e-01 4.876702e-01 0.000000e+00
 0.000000e+00 0.000000e+00 0.000000e+00 8.517966e-01 1.482034e-01
 0.000000e+00 0.000000e+00 0.000000e+00 0.000000e+00 0.000000e+00
<ENDHMM>
~h "bg_board_3"
<BEGINHMM>
<NUMSTATES> 5
<STATE> 2
<MEAN> 6
 2.691065e+02 2.431643e+01 7.124215e+00 5.940969e+00 3.480426e+00 1.563897e+00
<VARIANCE> 6
 1.561478e+04 6.260940e+02 5.163635e+01 1.795009e+01 1.024066e+01 2.171133e+00
<GCONST> 3.705617e+01
<STATE> 3
<MEAN> 6
 2.715687e+02 3.179279e+01 1.272348e+01 1.089246e+01 5.158442e+00 3.355227e+00
<VARIANCE> 6
 8.786222e+03 2.560861e+03 1.266024e+02 5.527016e+01 1.145587e+01 6.381747e+00
<GCONST> 4.110154e+01
<STATE> 4
<MEAN> 6
 3.964622e+02 1.163181e+01 6.710616e+00 2.911871e+00 1.633877e+00 6.577585e-01
<VARIANCE> 6
 1.745898e+04 3.128185e+02 5.583505e+01 1.570958e+01 2.796123e+00 1.097509e+00
<GCONST> 3.443845e+01
<TRANSP> 5
 0.000000e+00 1.000000e+00 0.000000e+00 0.000000e+00 0.000000e+00
 0.000000e+00 5.364018e-01 4.635982e-01 0.000000e+00 0.000000e+00
 0.000000e+00 0.000000e+00 7.490028e-01 2.509972e-01 0.000000e+00
 0.000000e+00 0.000000e+00 0.000000e+00 8.293180e-01 1.706820e-01
 0.000000e+00 0.000000e+00 0.000000e+00 0.000000e+00 0.000000e+00
<ENDHMM>
~h "bg_board_4"
<BEGINHMM>
<NUMSTATES> 5
<STATE> 2
<MEAN> 6
 2.438669e+02 2.180795e+01 1.001837e+01 9.091262e+00 4.622793e+00 2.891342e+00
<VARIANCE> 6
 8.124290e+03 4.909682e+02 9.182018e+01 2.913158e+01 9.771289e+00 4.558187e+00
<GCONST> 3.791429e+01
<STATE> 3
<MEAN> 6
 2.999414e+02 5.334396e+01 7.247167e+00 8.689597e+00 2.290682e+00 1.019946e+00
<VARIANCE> 6
 1.148626e+04 5.483675e+03 5.186421e+01 5.979430e+01 5.268570e+00 1.341129e+00
<GCONST> 3.898051e+01
<STATE> 4
<MEAN> 6
 3.490703e+02 1.070829e+01 4.754758e+00 2.268613e+00 1.367340e+00 5.864115e-01
<VARIANCE> 6
 1.010363e+04 2.854193e+02 2.166746e+01 9.494479e+00 2.009345e+00 6.500413e-01
<GCONST> 3.149548e+01
<TRANSP> 5
 0.000000e+00 1.000000e+00 0.000000e+00 0.000000e+00 0.000000e+00
 0.000000e+00 8.133333e-01 1.866668e-01 0.000000e+00 0.000000e+00
 0.000000e+00 0.000000e+00 2.096746e-01 7.903253e-01 0.000000e+00
 0.000000e+00 0.000000e+00 0.000000e+00 8.432001e-01 1.567999e-01
 0.000000e+00 0.000000e+00 0.000000e+00 0.000000e+00 0.000000e+00
<ENDHMM>
~h "bg_board_5"
<BEGINHMM>
<NUMSTATES> 5
<STATE> 2
<MEAN> 6
 2.605994e+02 2.037465e+01 7.402213e+00 7.279119e+00 3.773491e+00 2.275048e+00
<VARIANCE> 6
 4.588107e+03 5.017863e+02 4.315067e+01 2.084101e+01 5.210354e+00 2.995836e+00
<GCONST> 3.522615e+01
<STATE> 3
<MEAN> 6
 2.839610e+02 3.974048e+01 1.136656e+01 9.588821e+00 3.963848e+00 2.032025e+00
<VARIANCE> 6
 5.886082e+03 4.018834e+03 1.783751e+02 6.042085e+01 1.687015e+01 5.651167e+00
<GCONST> 4.184898e+01
<STATE> 4
<MEAN> 6
 3.811469e+02 8.918617e+00 4.749358e+00 2.392143e+00 1.403152e+00 5.495682e-01
<VARIANCE> 6
 1.121737e+04 2.500571e+02 1.918629e+01 7.261703e+00 1.551841e+00 4.515695e-01
<GCONST> 3.045540e+01
<TRANSP> 5
 0.000000e+00 1.000000e+00 0.000000e+00 0.000000e+00 0.000000e+00
 0.000000e+00 7.453600e-01 2.546401e-01 0.000000e+00 0.000000e+00
 0.000000e+00 0.000000e+00 4.951919e-01 5.048081e-01 0.000000e+00
 0.000000e+00 0.000000e+00 0.000000e+00 8.358486e-01 1.641514e-01
 0.000000e+00 0.000000e+00 0.000000e+00 0.000000e+00 0.000000e+00
<ENDHMM>
~h "fp_logo"
<BEGINHMM>
<NUMSTATES> 5
<STATE> 2
<MEAN> 6
 1.449787e+02 2.773734e+00 3.061781e+00 8.078966e-01 1.106452e+00 3.002774e-01
<VARIANCE> 6
 2.205169e+02 2.707426e+01 4.011381e+01 3.405405e+00 5.838456e+00 6.171352e-02
<GCONST> 2.361812e+01
<STATE> 3
<MEAN> 6
 2.827426e+02 4.358721e+01 6.070803e+01 1.978955e+01 2.189058e+01 8.990523e+00
<VARIANCE> 6
 2.388527e+04 2.466490e+03 6.153667e+03 4.511853e+02 5.075504e+02 8.884721e+01
<GCONST> 5.447203e+01
<STATE> 4
<MEAN> 6
 1.831199e+02 5.667210e+00 1.638144e+00 6.721738e-01 5.566670e-01 2.511178e-01
<VARIANCE> 6
 1.830281e+03 6.119016e+01 2.183531e+00 2.891254e-01 1.554499e-01 1.486975e-02
<GCONST> 1.612366e+01
<TRANSP> 5
 0.000000e+00 1.000000e+00 0.000000e+00 0.000000e+00 0.000000e+00
 0.000000e+00 9.265718e-01 7.342823e-02 0.000000e+00 0.000000e+00
 0.000000e+00 0.000000e+00 8.809526e-01 1.190474e-01 0.000000e+00
 0.000000e+00 0.000000e+00 0.000000e+00 9.791585e-01 2.084148e-02
 0.000000e+00 0.000000e+00 0.000000e+00 0.000000e+00 0.000000e+00
<ENDHMM>
~h "fp_logo_0"
<BEGINHMM>
<NUMSTATES> 5
<STATE> 2
<MEAN> 6
 1.330005e+02 1.020313e+01 2.231140e+01 2.804962e+00 7.667500e+00 4.796947e-01
<VARIANCE> 6
 6.510430e+02 2.765174e+02 1.255602e+02 3.807521e+01 3.056575e+01 3.255367e-01
<GCONST> 3.389806e+01
<STATE> 3
<MEAN> 6
 1.287877e+02 1.238505e+01 2.691536e+00 4.380672e+00 1.659872e+00 4.491602e-01
<VARIANCE> 6
 4.309673e+02 1.635700e+02 3.020173e+00 2.673256e+01 1.024764e+00 1.400446e-01
<GCONST> 2.464040e+01
<STATE> 4
<MEAN> 6
 1.488667e+02 5.264084e+00 1.214491e+00 6.400866e-01 5.269247e-01 2.446623e-01
<VARIANCE> 6
 6.852419e+02 6.076734e+01 9.018309e-01 2.793172e-01 1.031820e-01 1.280336e-02
<GCONST> 1.365604e+01
<TRANSP> 5
 0.000000e+00 1.000000e+00 0.000000e+00 0.000000e+00 0.000000e+00
 0.000000e+00 1.468771e-04 9.998531e-01 0.000000e+00 0.000000e+00
 0.000000e+00 0.000000e+00 5.287439e-01 4.712561e-01 0.000000e+00
 0.000000e+00 0.000000e+00 0.000000e+00 8.873603e-01 1.126397e-01
 0.000000e+00 0.000000e+00 0.000000e+00 0.000000e+00 0.000000e+00
<ENDHMM>
~h "fp_logo_1"
<BEGINHMM>
<NUMSTATES> 5
<STATE> 2
<MEAN> 6
 1.500593e+02 2.770265e+00 1.212736e+00 6.166859e-01 4.508035e-01 2.661246e-01
<VARIANCE> 6
 2.056521e+02 1.578438e+01 7.492550e-01 2.874447e-01 5.024503e-02 1.132382e-02
<GCONST> 1.010538e+01
<STATE> 3
<MEAN> 6
 1.355927e+02 5.030925e+00 3.699329e+00 2.021979e+00 1.640862e+00 9.335069e-01
<VARIANCE> 6
 8.448678e+02 2.901612e+01 9.928910e+00 3.762133e+00 2.193248e+00 9.037414e-01
<GCONST> 2.543890e+01
<STATE> 4
<MEAN> 6
 1.564187e+02 1.023205e+01 1.598577e+00 9.663257e-01 7.159703e-01 3.001916e-01
<VARIANCE> 6
 2.180422e+03 1.011758e+02 1.680694e+00 2.653223e-01 1.021755e-01 1.951224e-02
<GCONST> 1.630602e+01
<TRANSP> 5
 0.000000e+00 1.000000e+00 0.000000e+00 0.000000e+00 0.000000e+00
 0.000000e+00 8.660536e-01 1.339464e-01 0.000000e+00 0.000000e+00
 0.000000e+00 0.000000e+00 4.456059e-01 5.543941e-01 0.000000e+00
 0.000000e+00 0.000000e+00 0.000000e+00 7.319435e-01 2.680565e-01
 0.000000e+00 0.000000e+00 0.000000e+00 0.000000e+00 0.000000e+00
<ENDHMM>
~h "fp_logo_2"
<BEGINHMM>
<NUMSTATES> 5
<STATE> 2
<MEAN> 6
 1.430243e+02 2.729556e+00 1.678251e+00 7.300361e-01 6.357635e-01 2.799592e-01
<VARIANCE> 6
 3.185211e+02 1.135542e+01 2.382742e+00 2.314893e-01 2.317086e-01 2.453000e-02
<GCONST> 1.345554e+01
<STATE> 3
<MEAN> 6
 3.123662e+02 4.524589e+01 6.018358e+01 2.165655e+01 2.408044e+01 8.884839e+00
<VARIANCE> 6
 2.306459e+04 3.476689e+03 6.265789e+03 5.389660e+02 5.573730e+02 7.760580e+01
<GCONST> 5.493454e+01
<STATE> 4
<MEAN> 6
 2.366338e+02 2.477240e+01 2.226716e+01 8.048960e+00 6.886196e+00 3.236755e+00
<VARIANCE> 6
 1.154931e+04 3.929249e+02 3.798409e+03 2.910448e+02 1.924675e+02 4.327103e+01
<GCONST> 4.929849e+01
<TRANSP> 5
 0.000000e+00 1.000000e+00 0.000000e+00 0.000000e+00 0.000000e+00
 0.000000e+00 8.733801e-01 1.266198e-01 0.000000e+00 0.000000e+00
 0.000000e+00 0.000000e+00 6.542361e-01 3.457639e-01 0.000000e+00
 0.000000e+00 0.000000e+00 0.000000e+00 5.475516e-01 4.524483e-01
 0.000000e+00 0.000000e+00 0.000000e+00 0.000000e+00 0.000000e+00
<ENDHMM>
~h "fp_logo_3"
<BEGINHMM>
<NUMSTATES> 5
<STATE> 2
<MEAN> 6
 2.568754e+02 2.374120e+01 4.079065e+01 1.271863e+01 1.218852e+01 5.435154e+00
<VARIANCE> 6
 2.399914e+04 8.125563e+02 7.419159e+03 5.557496e+02 3.340471e+02 7.901833e+01
<GCONST> 5.322632e+01
<STATE> 3
<MEAN> 6
 3.181789e+02 5.372275e+01 8.143803e+01 2.188561e+01 2.730647e+01 1.129499e+01
<VARIANCE> 6
 2.015240e+04 2.436966e+03 6.093134e+03 4.550835e+02 5.272684e+02 1.134308e+02
<GCONST> 5.457115e+01
<STATE> 4
<MEAN> 6
 1.654200e+02 5.856987e+00 1.944856e+00 1.026553e+00 7.942482e-01 5.492934e-01
<VARIANCE> 6
 1.032831e+03 7.031445e+01 3.446609e+00 1.020086e+00 4.642277e-01 7.503879e-01
<GCONST> 2.242303e+01
<TRANSP> 5
 0.000000e+00 1.000000e+00 0.000000e+00 0.000000e+00 0.000000e+00
 0.000000e+00 2.466127e-06 9.999976e-01 0.000000e+00 0.000000e+00
 0.000000e+00 0.000000e+00 7.142863e-01 2.857138e-01 0.000000e+00
 0.000000e+00 0.000000e+00 0.000000e+00 8.666664e-01 1.333335e-01
 0.000000e+00 0.000000e+00 0.000000e+00 0.000000e+00 0.000000e+00
<ENDHMM>
~h "fp_logo_4"
<BEGINHMM>
<NUMSTATES> 5
<STATE> 2
<MEAN> 6
 1.699538e+02 3.131860e+00 1.445197e+00 5.550314e-01 5.045075e-01 2.449245e-01
<VARIANCE> 6
 3.781146e+02 1.018624e+01 1.293719e+00 1.436849e-01 9.849805e-02 1.082355e-02
<GCONST> 1.075714e+01
<STATE> 3
<MEAN> 6
 2.048350e+02 2.488154e+00 1.733981e+00 5.466204e-01 5.020012e-01 2.247253e-01
<VARIANCE> 6
 1.909260e+02 1.550727e+01 2.330145e+00 8.936623e-02 4.898324e-02 7.158915e-03
<GCONST> 9.495702e+00
<STATE> 4
<MEAN> 6
 2.331743e+02 1.327045e+01 1.032919e+00 5.417471e-01 5.598844e-01 2.158417e-01
<VARIANCE> 6
 6.377200e+02 1.138063e+02 6.438702e-01 1.296088e-01 1.244079e-01 5.038061e-03
<GCONST> 1.236124e+01
<TRANSP> 5
 0.000000e+00 1.000000e+00 0.000000e+00 0.000000e+00 0.000000e+00
 0.000000e+00 8.272374e-01 1.727626e-01 0.000000e+00 0.000000e+00
 0.000000e+00 0.000000e+00 8.056996e-01 1.943004e-01 0.000000e+00
 0.000000e+00 0.000000e+00 0.000000e+00 5.157481e-01 4.842519e-01
 0.000000e+00 0.000000e+00 0.000000e+00 0.000000e+00 0.000000e+00
<ENDHMM>
~h "fp_logo_5"
<BEGINHMM>
<NUMSTATES> 5
<STATE> 2
<MEAN> 6
 2.148309e+02 4.003466e+00 1.020866e+00 4.281172e-01 5.008743e-01 2.037873e-01
<VARIANCE> 6
 4.234722e+02 3.718645e+01 5.292605e-01 5.090804e-02 3.666639e-02 5.030904e-03
<GCONST> 8.479636e+00
<STATE> 3
<MEAN> 6
 2.172023e+02 3.607399e+00 1.519404e+00 3.527953e-01 5.566031e-01 3.357109e-01
<VARIANCE> 6
 3.556415e+02 2.856071e+01 1.399240e+00 2.346713e-02 8.165275e-02 8.910025e-03
<GCONST> 9.611136e+00
<STATE> 4
<MEAN> 6
 2.287890e+02 3.985558e+00 1.631492e+00 3.828851e-01 3.930746e-01 2.036589e-01
<VARIANCE> 6
 4.647487e+02 2.375937e+01 2.105743e+00 3.901074e-02 7.221708e-02 1.004212e-02
<GCONST> 1.060844e+01
<TRANSP> 5
 0.000000e+00 1.000000e+00 0.000000e+00 0.000000e+00 0.000000e+00
 0.000000e+00 8.804048e-02 9.119595e-01 0.000000e+00 0.000000e+00
 0.000000e+00 0.000000e+00 1.660206e-06 9.999983e-01 0.000000e+00
 0.000000e+00 0.000000e+00 0.000000e+00 8.990252e-01 1.009748e-01
 0.000000e+00 0.000000e+00 0.000000e+00 0.000000e+00 0.000000e+00
<ENDHMM>
~h "fp_screen"
<BEGINHMM>
<NUMSTATES> 5
<STATE> 2
<MEAN> 6
 3.397045e+02 2.538600e+00 8.715789e+00 9.712173e-01 2.704971e+00 4.089717e-01
<VARIANCE> 6
 2.194410e+04 5.239083e+00 3.858397e+02 6.613801e-01 2.663224e+01 1.620874e-01
<GCONST> 2.968416e+01
<STATE> 3
<MEAN> 6
 5.225521e+02 5.668682e+01 1.773535e+01 1.418206e+01 5.722550e+00 2.683922e+00
<VARIANCE> 6
 3.174439e+04 3.721664e+03 1.057777e+03 1.685741e+02 5.885053e+01 1.302082e+01
<GCONST> 4.834752e+01
<STATE> 4
<MEAN> 6
 3.528585e+02 5.840334e+00 5.083319e+00 1.647852e+00 1.300375e+00 4.421234e-01
<VARIANCE> 6
 8.232561e+03 5.432066e+01 4.882460e+01 3.961712e+00 1.676752e+00 1.292600e-01
<GCONST> 2.777386e+01
<TRANSP> 5
 0.000000e+00 1.000000e+00 0.000000e+00 0.000000e+00 0.000000e+00
 0.000000e+00 9.574072e-01 4.259282e-02 0.000000e+00 0.000000e+00
 0.000000e+00 0.000000e+00 9.481808e-01 5.181921e-02 0.000000e+00
 0.000000e+00 0.000000e+00 0.000000e+00 9.632677e-01 3.673227e-02
 0.000000e+00 0.000000e+00 0.000000e+00 0.000000e+00 0.000000e+00
<ENDHMM>
~h "fp_screen_0"
<BEGINHMM>
<NUMSTATES> 5
<STATE> 2
<MEAN> 6
 2.296450e+02 1.853612e+00 2.893537e+00 6.872910e-01 1.181262e+00 2.653349e-01
<VARIANCE> 6
 1.117555e+02 2.948390e+00 2.753308e+01 2.809171e-01 7.864284e+00 3.002797e-02
<GCONST> 1.742723e+01
<STATE> 3
<MEAN> 6
 2.559702e+02 2.573166e+00 2.551767e+01 1.044617e+00 1.066497e+01 5.503603e-01
<VARIANCE> 6
 5.045349e+02 4.238337e+00 7.684761e+02 5.148634e-01 9.595508e+01 1.518267e-01
<GCONST> 2.735449e+01
<STATE> 4
<MEAN> 6
 2.270766e+02 3.482274e+00 1.820119e+01 1.702786e+00 7.925842e+00 1.049000e+00
<VARIANCE> 6
 1.079193e+03 1.816842e+01 6.191987e+02 4.775969e+00 8.221781e+01 1.547709e+00
<GCONST> 3.374908e+01
<TRANSP> 5
 0.000000e+00 1.000000e+00 0.000000e+00 0.000000e+00 0.000000e+00
 0.000000e+00 8.939925e-01 1.060075e-01 0.000000e+00 0.000000e+00
 0.000000e+00 0.000000e+00 5.350257e-02 9.464974e-01 0.000000e+00
 0.000000e+00 0.000000e+00 0.000000e+00 3.378249e-01 6.621751e-01
 0.000000e+00 0.000000e+00 0.000000e+00 0.000000e+00 0.000000e+00
<ENDHMM>
~h "fp_screen_1"
<BEGINHMM>
<NUMSTATES> 5
<STATE> 2
<MEAN> 6
 2.432639e+02 3.014861e+00 1.101333e+01 1.219147e+00 3.291304e+00 5.029194e-01
<VARIANCE> 6
 8.954717e+03 8.186189e+00 3.995074e+02 1.792583e+00 3.297835e+01 4.326061e-01
<GCONST> 3.146146e+01
<STATE> 3
<MEAN> 6
 5.033349e+02 6.578901e+01 3.283632e+01 1.566360e+01 7.821519e+00 2.220759e+00
<VARIANCE> 6
 3.668652e+04 6.275661e+03 2.067753e+03 2.082887e+02 5.192906e+01 7.548319e+00
<GCONST> 4.922620e+01
<STATE> 4
<MEAN> 6
 5.155688e+02 1.092001e+01 5.014850e+00 3.259483e+00 1.573954e+00 9.476278e-01
<VARIANCE> 6
 2.563370e+04 6.833984e+02 1.160612e+02 3.334634e+01 4.125422e+00 4.867816e+00
<GCONST> 3.896688e+01
<TRANSP> 5
 0.000000e+00 1.000000e+00 0.000000e+00 0.000000e+00 0.000000e+00
 0.000000e+00 8.076553e-01 1.923447e-01 0.000000e+00 0.000000e+00
 0.000000e+00 0.000000e+00 5.907489e-01 4.092511e-01 0.000000e+00
 0.000000e+00 0.000000e+00 0.000000e+00 8.133461e-01 1.866539e-01
 0.000000e+00 0.000000e+00 0.000000e+00 0.000000e+00 0.000000e+00
<ENDHMM>
~h "fp_screen_2"
<BEGINHMM>
<NUMSTATES> 5
<STATE> 2
<MEAN> 6
 4.650482e+02 9.809904e+00 3.715204e+00 2.477514e+00 1.389374e+00 7.402930e-01
<VARIANCE> 6
 2.067148e+04 5.288347e+02 8.524342e+01 2.086507e+01 2.760273e+00 3.059023e+00
<GCONST> 3.685146e+01
<STATE> 3
<MEAN> 6
 4.881643e+02 7.635159e+01 3.492397e+01 2.005738e+01 6.593349e+00 3.161065e+00
<VARIANCE> 6
 3.019919e+04 7.601302e+03 1.610455e+03 3.248437e+02 3.800941e+01 2.529068e+01
<GCONST> 5.031479e+01
<STATE> 4
<MEAN> 6
 4.620606e+02 4.024722e+01 1.789992e+01 8.248082e+00 4.089530e+00 6.461466e-01
<VARIANCE> 6
 1.720784e+04 2.673116e+03 7.485369e+02 8.715231e+01 2.545522e+01 5.873185e-01
<GCONST> 4.246189e+01
<TRANSP> 5
 0.000000e+00 1.000000e+00 0.000000e+00 0.000000e+00 0.000000e+00
 0.000000e+00 8.617991e-01 1.382010e-01 0.000000e+00 0.000000e+00
 0.000000e+00 0.000000e+00 4.819728e-01 5.180272e-01 0.000000e+00
 0.000000e+00 0.000000e+00 0.000000e+00 7.391595e-01 2.608405e-01
 0.000000e+00 0.000000e+00 0.000000e+00 0.000000e+00 0.000000e+00
<ENDHMM>
~h "fp_screen_3"
<BEGINHMM>
<NUMSTATES> 5
<STATE> 2
<MEAN> 6
 4.747457e+02 3.100744e+01 1.866055e+01 8.872241e+00 6.390643e+00 2.922113e+00
<VARIANCE> 6
 6.484605e+03 1.318252e+03 6.761495e+02 8.929242e+01 2.545922e+01 6.322462e+00
<GCONST> 4.307803e+01
<STATE> 3
<MEAN> 6
 6.102586e+02 7.444842e+01 2.247850e+01 1.926081e+01 9.777191e+00 3.588010e+00
<VARIANCE> 6
 4.617705e+04 3.489419e+03 1.489911e+03 1.699446e+02 1.490863e+02 1.558869e+01
<GCONST> 5.011800e+01
<STATE> 4
<MEAN> 6
 3.897255e+02 1.999273e+01 5.798772e+00 5.187294e+00 2.173103e+00 7.066943e-01
<VARIANCE> 6
 1.418452e+04 7.963921e+02 1.279170e+02 4.508482e+01 1.185959e+01 4.844450e-01
<GCONST> 3.767558e+01
<TRANSP> 5
 0.000000e+00 1.000000e+00 0.000000e+00 0.000000e+00 0.000000e+00
 0.000000e+00 6.820648e-01 3.179353e-01 0.000000e+00 0.000000e+00
 0.000000e+00 0.000000e+00 6.885105e-01 3.114896e-01 0.000000e+00
 0.000000e+00 0.000000e+00 0.000000e+00 8.228309e-01 1.771691e-01
 0.000000e+00 0.000000e+00 0.000000e+00 0.000000e+00 0.000000e+00
<ENDHMM>
~h "fp_screen_4"
<BEGINHMM>
<NUMSTATES> 5
<STATE> 2
<MEAN> 6
 4.685660e+02 3.850588e+01 7.108633e+00 9.384197e+00 3.049408e+00 8.954911e-01
<VARIANCE> 6
 1.866553e+04 1.924051e+03 3.136149e+02 9.196748e+01 3.010126e+01 7.335610e-01
<GCONST> 4.178821e+01
<STATE> 3
<MEAN> 6
 5.340968e+02 6.022365e+01 2.436093e+01 1.574104e+01 8.043861e+00 4.293521e+00
<VARIANCE> 6
 3.960945e+04 3.915897e+03 1.970905e+03 2.036885e+02 9.137171e+01 2.692385e+01
<GCONST> 5.059767e+01
<STATE> 4
<MEAN> 6
 3.793176e+02 7.476593e+00 5.922350e+00 2.047083e+00 1.479021e+00 5.920046e-01
<VARIANCE> 6
 6.319251e+03 1.671517e+02 9.397070e+01 1.431945e+01 3.225969e+00 7.466159e-01
<GCONST> 3.298115e+01
<TRANSP> 5
 0.000000e+00 1.000000e+00 0.000000e+00 0.000000e+00 0.000000e+00
 0.000000e+00 5.062783e-01 4.937217e-01 0.000000e+00 0.000000e+00
 0.000000e+00 0.000000e+00 5.619361e-01 4.380639e-01 0.000000e+00
 0.000000e+00 0.000000e+00 0.000000e+00 8.849490e-01 1.150510e-01
 0.000000e+00 0.000000e+00 0.000000e+00 0.000000e+00 0.000000e+00
<ENDHMM>
~h "fp_screen_5"
<BEGINHMM>
<NUMSTATES> 5
<STATE> 2
<MEAN> 6
 3.341488e+02 1.541265e+01 1.915069e+01 5.266428e+00 4.170367e+00 1.308008e+00
<VARIANCE> 6
 1.054432e+04 7.512932e+02 5.034451e+02 7.297884e+01 1.639433e+01 3.482277e+00
<GCONST> 4.146867e+01
<STATE> 3
<MEAN> 6
 2.994459e+02 3.517623e+00 1.121299e+01 9.975973e-01 1.723504e+00 4.337187e-01
<VARIANCE> 6
 4.324647e+03 1.216064e+01 1.392832e+02 4.370717e-01 1.430455e+00 6.954294e-02
<GCONST> 2.369859e+01
<STATE> 4
<MEAN> 6
 4.131929e+02 2.373842e+00 2.379110e+00 5.645989e-01 6.036786e-01 3.052763e-01
<VARIANCE> 6
 3.427782e+03 2.779029e+00 2.893476e+00 1.037544e-01 1.924956e-01 1.934728e-02
<GCONST> 1.339288e+01
<TRANSP> 5
 0.000000e+00 1.000000e+00 0.000000e+00 0.000000e+00 0.000000e+00
 0.000000e+00 5.153686e-01 4.846314e-01 0.000000e+00 0.000000e+00
 0.000000e+00 0.000000e+00 7.249323e-01 2.750678e-01 0.000000e+00
 0.000000e+00 0.000000e+00 0.000000e+00 8.412978e-01 1.587022e-01
 0.000000e+00 0.000000e+00 0.000000e+00 0.000000e+00 0.000000e+00
<ENDHMM>
~h "fp_key"
<BEGINHMM>
<NUMSTATES> 5
<STATE> 2
<MEAN> 6
 2.800829e+02 4.139779e+00 7.085292e+00 1.059761e+00 2.764737e+00 5.669503e-01
<VARIANCE> 6
 3.698899e+03 4.300090e+01 2.109842e+02 1.736752e+00 1.964065e+01 4.749294e-01
<GCONST> 3.114109e+01
<STATE> 3
<MEAN> 6
 4.881127e+02 6.074107e+01 2.377642e+01 1.602553e+01 9.004091e+00 3.829818e+00
<VARIANCE> 6
 3.602545e+04 3.754312e+03 1.739361e+03 2.108866e+02 1.798131e+02 2.737914e+01
<GCONST> 5.106420e+01
<STATE> 4
<MEAN> 6
 3.083967e+02 5.496834e+00 4.011955e+00 1.208398e+00 1.046638e+00 3.883167e-01
<VARIANCE> 6
 1.751218e+04 6.401768e+01 5.170557e+01 1.622128e+00 3.230076e+00 1.256187e-01
<GCONST> 2.848438e+01
<TRANSP> 5
 0.000000e+00 1.000000e+00 0.000000e+00 0.000000e+00 0.000000e+00
 0.000000e+00 9.072567e-01 9.274325e-02 0.000000e+00 0.000000e+00
 0.000000e+00 0.000000e+00 9.736952e-01 2.630481e-02 0.000000e+00
 0.000000e+00 0.000000e+00 0.000000e+00 9.528340e-01 4.716609e-02
 0.000000e+00 0.000000e+00 0.000000e+00 0.000000e+00 0.000000e+00
<ENDHMM>
~h "fp_key_0"
<BEGINHMM>
<NUMSTATES> 5
<STATE> 2
<MEAN> 6
 2.049271e+02 6.836626e+00 1.207377e+01 1.863213e+00 4.320730e+00 8.842470e-01
<VARIANCE> 6
 7.468929e+03 1.273964e+02 1.820938e+02 5.163420e+00 1.576625e+01 7.282227e-01
<GCONST> 3.407992e+01
<STATE> 3
<MEAN> 6
 3.796689e+02 3.586386e+01 4.302200e+01 9.050320e+00 1.045840e+01 3.072773e+00
<VARIANCE> 6
 2.556688e+04 1.446807e+03 2.200790e+03 7.020808e+01 4.443540e+01 6.705902e+00
<GCONST> 4.609849e+01
<STATE> 4
<MEAN> 6
 2.987111e+02 3.689800e+00 4.491545e+00 1.077956e+00 2.247548e+00 5.972322e-01
<VARIANCE> 6
 1.548872e+03 6.309835e+01 1.647912e+02 3.173013e+00 2.222689e+01 1.204545e+00
<GCONST> 3.206401e+01
<TRANSP> 5
 0.000000e+00 1.000000e+00 0.000000e+00 0.000000e+00 0.000000e+00
 0.000000e+00 4.484582e-01 5.515419e-01 0.000000e+00 0.000000e+00
 0.000000e+00 0.000000e+00 5.996748e-01 4.003252e-01 0.000000e+00
 0.000000e+00 0.000000e+00 0.000000e+00 8.699429e-01 1.300571e-01
 0.000000e+00 0.000000e+00 0.000000e+00 0.000000e+00 0.000000e+00
<ENDHMM>
~h "fp_key_1"
<BEGINHMM>
<NUMSTATES> 5
<STATE> 2
<MEAN> 6
 3.147533e+02 1.139350e+01 7.557990e+00 4.041781e+00 2.290633e+00 1.271887e+00
<VARIANCE> 6
 2.899486e+03 2.407303e+02 3.838310e+02 2.004471e+01 2.282626e+01 3.070102e+00
<GCONST> 3.768102e+01
<STATE> 3
<MEAN> 6
 6.352818e+02 8.972929e+01 2.667682e+01 2.249494e+01 9.209394e+00 3.946991e+00
<VARIANCE> 6
 4.052332e+04 3.021369e+03 1.787866e+03 1.512580e+02 1.617667e+02 2.291409e+01
<GCONST> 5.037603e+01
<STATE> 4
<MEAN> 6
 3.092718e+02 9.578125e+00 6.791661e+00 2.738110e+00 1.885355e+00 7.883317e-01
<VARIANCE> 6
 3.014084e+03 2.697529e+02 4.460765e+02 9.953023e+00 1.704635e+01 8.403028e-01
<GCONST> 3.569613e+01
<TRANSP> 5
 0.000000e+00 1.000000e+00 0.000000e+00 0.000000e+00 0.000000e+00
 0.000000e+00 6.630388e-01 3.369612e-01 0.000000e+00 0.000000e+00
 0.000000e+00 0.000000e+00 8.118731e-01 1.881269e-01 0.000000e+00
 0.000000e+00 0.000000e+00 0.000000e+00 7.879891e-01 2.120109e-01
 0.000000e+00 0.000000e+00 0.000000e+00 0.000000e+00 0.000000e+00
<ENDHMM>
~h "fp_key_2"
<BEGINHMM>
<NUMSTATES> 5
<STATE> 2
<MEAN> 6
 2.754929e+02 8.122149e+00 6.185051e+00 2.338666e+00 2.017951e+00 8.547693e-01
<VARIANCE> 6
 5.396917e+03 2.154241e+02 4.083391e+02 5.452274e+00 1.693532e+01 1.055943e+00
<GCONST> 3.558542e+01
<STATE> 3
<MEAN> 6
 5.777258e+02 1.075273e+02 2.747524e+01 2.303141e+01 1.169722e+01 5.099000e+00
<VARIANCE> 6
 2.950217e+04 4.003292e+03 1.902868e+03 1.644283e+02 2.392528e+02 4.047750e+01
<GCONST> 5.144621e+01
<STATE> 4
<MEAN> 6
 2.938637e+02 1.819530e+01 2.223516e+01 4.095589e+00 6.929063e+00 1.983651e+00
<VARIANCE> 6
 7.099214e+03 1.035836e+03 2.311237e+03 2.991913e+01 1.653107e+02 1.215304e+01
<GCONST> 4.558741e+01
<TRANSP> 5
 0.000000e+00 1.000000e+00 0.000000e+00 0.000000e+00 0.000000e+00
 0.000000e+00 8.051467e-01 1.948533e-01 0.000000e+00 0.000000e+00
 0.000000e+00 0.000000e+00 8.124000e-01 1.876000e-01 0.000000e+00
 0.000000e+00 0.000000e+00 0.000000e+00 6.059030e-01 3.940970e-01
 0.000000e+00 0.000000e+00 0.000000e+00 0.000000e+00 0.000000e+00
<ENDHMM>
~h "fp_key_3"
<BEGINHMM>
<NUMSTATES> 5
<STATE> 2
<MEAN> 6
 3.053130e+02 1.637627e+01 1.975807e+01 3.927496e+00 7.219525e+00 2.166565e+00
<VARIANCE> 6
 4.813003e+03 9.115336e+02 2.041658e+03 2.782766e+01 1.500047e+02 1.132525e+01
<GCONST> 4.470672e+01
<STATE> 3
<MEAN> 6
 5.796732e+02 1.081435e+02 3.362328e+01 3.140274e+01 1.563491e+01 6.430983e+00
<VARIANCE> 6
 2.271942e+04 4.029819e+03 2.120399e+03 2.679715e+02 3.538156e+02 6.003921e+01
<GCONST> 5.257373e+01
<STATE> 4
<MEAN> 6
 2.767777e+02 1.552037e+01 3.661545e+00 4.762227e+00 1.594294e+00 9.997488e-01
<VARIANCE> 6
 1.997112e+04 9.577264e+02 5.492379e+01 8.211350e+01 1.470733e+01 2.656215e+00
<GCONST> 3.987317e+01
<TRANSP> 5
 0.000000e+00 1.000000e+00 0.000000e+00 0.000000e+00 0.000000e+00
 0.000000e+00 6.686488e-01 3.313512e-01 0.000000e+00 0.000000e+00
 0.000000e+00 0.000000e+00 7.832496e-01 2.167505e-01 0.000000e+00
 0.000000e+00 0.000000e+00 0.000000e+00 7.710860e-01 2.289140e-01
 0.000000e+00 0.000000e+00 0.000000e+00 0.000000e+00 0.000000e+00
<ENDHMM>
~h "fp_key_4"
<BEGINHMM>
<NUMSTATES> 5
<STATE> 2
<MEAN> 6
 3.115871e+02 1.435044e+01 4.728239e+00 4.933903e+00 1.923147e+00 1.231733e+00
<VARIANCE> 6
 1.623120e+04 8.550342e+02 6.468387e+01 7.540244e+01 1.311424e+01 3.416599e+00
<GCONST> 3.976779e+01
<STATE> 3
<MEAN> 6
 5.398649e+02 6.762487e+01 5.613081e+01 2.204964e+01 2.311553e+01 8.607488e+00
<VARIANCE> 6
 3.045036e+04 3.090411e+03 3.764250e+03 2.299880e+02 2.927639e+02 5.141549e+01
<GCONST> 5.267781e+01
<STATE> 4
<MEAN> 6
 5.502631e+02 5.254371e+01 9.243381e+00 1.264079e+01 2.543205e+00 1.732209e+00
<VARIANCE> 6
 3.252938e+04 2.242436e+03 3.067144e+02 7.946686e+01 8.874312e+00 3.300786e+00
<GCONST> 4.261106e+01
<TRANSP> 5
 0.000000e+00 1.000000e+00 0.000000e+00 0.000000e+00 0.000000e+00
 0.000000e+00 8.410444e-01 1.589557e-01 0.000000e+00 0.000000e+00
 0.000000e+00 0.000000e+00 6.528972e-01 3.471028e-01 0.000000e+00
 0.000000e+00 0.000000e+00 0.000000e+00 7.387634e-01 2.612366e-01
 0.000000e+00 0.000000e+00 0.000000e+00 0.000000e+00 0.000000e+00
<ENDHMM>
~h "fp_key_5"
<BEGINHMM>
<NUMSTATES> 5
<STATE> 2
<MEAN> 6
 4.502571e+02 5.211417e+01 1.077769e+01 1.067262e+01 2.775740e+00 1.349776e+00
<VARIANCE> 6
 4.129031e+04 3.318810e+03 6.417262e+02 8.973553e+01 1.737749e+01 3.111907e+00
<GCONST> 4.471445e+01
<STATE> 3
<MEAN> 6
 4.551132e+02 2.341855e+01 2.689037e+01 8.703713e+00 5.981233e+00 3.271172e+00
<VARIANCE> 6
 3.054084e+04 1.170211e+03 1.986658e+03 1.210546e+02 6.181306e+01 1.101348e+01
<GCONST> 4.733271e+01
<STATE> 4
<MEAN> 6
 3.930826e+02 3.868458e+00 6.101246e+00 7.059776e-01 1.519219e+00 3.728096e-01
<VARIANCE> 6
 1.560903e+04 1.183986e+01 1.047869e+02 1.595364e-01 6.539344e+00 3.408504e-02
<GCONST> 2.446972e+01
<TRANSP> 5
 0.000000e+00 1.000000e+00 0.000000e+00 0.000000e+00 0.000000e+00
 0.000000e+00 3.954346e-01 6.045653e-01 0.000000e+00 0.000000e+00
 0.000000e+00 0.000000e+00 2.706866e-01 7.293134e-01 0.000000e+00
 0.000000e+00 0.000000e+00 0.000000e+00 8.885765e-01 1.114235e-01
 0.000000e+00 0.000000e+00 0.000000e+00 0.000000e+00 0.000000e+00
<ENDHMM>
