~o
<STREAMINFO> 1 6
<VECSIZE> 6<NULLD><MFCC><DIAGC>
~h "fp_logo_0"
<BEGINHMM>
<NUMSTATES> 5
<STATE> 2
<MEAN> 6
 1.414138e+02 5.526632e+00 9.533901e-01 9.367054e-01 5.642457e-01 2.635867e-01
<VARIANCE> 6
 6.157167e+02 4.816122e+01 1.089478e+00 1.512704e+00 2.461510e-01 3.019923e-02
<GCONST> 1.692245e+01
<STATE> 3
<MEAN> 6
 1.411559e+02 5.930482e+00 2.003808e+00 1.171252e+00 6.402426e-01 2.740788e-01
<VARIANCE> 6
 6.677079e+02 5.149365e+01 2.035357e+00 1.873049e+00 1.395100e-01 1.130229e-02
<GCONST> 1.635844e+01
<STATE> 4
<MEAN> 6
 1.369725e+02 4.551533e+00 1.266128e+00 7.377586e-01 5.964605e-01 2.491132e-01
<VARIANCE> 6
 5.707583e+02 4.291182e+01 1.285605e+00 2.561693e-01 1.551980e-01 1.609695e-02
<GCONST> 1.403051e+01
<TRANSP> 5
 0.000000e+00 1.000000e+00 0.000000e+00 0.000000e+00 0.000000e+00
 0.000000e+00 2.746082e-09 1.000000e+00 0.000000e+00 0.000000e+00
 0.000000e+00 0.000000e+00 4.128962e-03 9.958711e-01 0.000000e+00
 0.000000e+00 0.000000e+00 0.000000e+00 5.493371e-01 4.506629e-01
 0.000000e+00 0.000000e+00 0.000000e+00 0.000000e+00 0.000000e+00
<ENDHMM>
~h "fp_logo_1"
<BEGINHMM>
<NUMSTATES> 5
<STATE> 2
<MEAN> 6
 1.515948e+02 2.509684e+00 1.227759e+00 6.349927e-01 4.623120e-01 2.585236e-01
<VARIANCE> 6
 2.025088e+02 9.169695e+00 7.902038e-01 2.335596e-01 5.170764e-02 1.203912e-02
<GCONST> 9.482427e+00
<STATE> 3
<MEAN> 6
 1.367579e+02 5.272711e+00 3.325668e+00 2.145859e+00 1.663085e+00 1.043976e+00
<VARIANCE> 6
 8.592397e+02 3.531809e+01 1.069850e+01 3.909773e+00 2.417346e+00 8.952270e-01
<GCONST> 2.585328e+01
<STATE> 4
<MEAN> 6
 1.968569e+02 1.873421e+01 1.474131e+00 1.360981e+00 6.818750e-01 3.104419e-01
<VARIANCE> 6
 1.994823e+03 1.125864e+02 1.203454e+00 3.935694e-01 7.678970e-02 1.968865e-02
<GCONST> 1.610760e+01
<TRANSP> 5
 0.000000e+00 1.000000e+00 0.000000e+00 0.000000e+00 0.000000e+00
 0.000000e+00 9.122338e-01 8.776618e-02 0.000000e+00 0.000000e+00
 0.000000e+00 0.000000e+00 3.853383e-01 6.146617e-01 0.000000e+00
 0.000000e+00 0.000000e+00 0.000000e+00 7.734818e-01 2.265182e-01
 0.000000e+00 0.000000e+00 0.000000e+00 0.000000e+00 0.000000e+00
<ENDHMM>
~h "fp_logo_2"
<BEGINHMM>
<NUMSTATES> 5
<STATE> 2
<MEAN> 6
 1.359357e+02 3.163034e+00 1.949816e+00 7.078709e-01 7.207230e-01 2.648993e-01
<VARIANCE> 6
 2.991538e+02 1.193120e+01 2.020216e+00 1.793353e-01 2.427227e-01 2.174000e-02
<GCONST> 1.294765e+01
<STATE> 3
<MEAN> 6
 3.215676e+02 6.512305e+01 5.491415e+01 2.874100e+01 2.244588e+01 1.125998e+01
<VARIANCE> 6
 2.064415e+04 4.468819e+03 4.463576e+03 7.146886e+02 3.947186e+02 1.017029e+02
<GCONST> 5.494311e+01
<STATE> 4
<MEAN> 6
 1.702077e+02 1.615634e+01 7.219228e+00 6.954782e+00 3.535353e+00 3.100644e+00
<VARIANCE> 6
 8.030820e+02 4.482379e+02 1.063600e+02 7.989072e+01 1.454953e+01 6.980769e+00
<GCONST> 3.748925e+01
<TRANSP> 5
 0.000000e+00 1.000000e+00 0.000000e+00 0.000000e+00 0.000000e+00
 0.000000e+00 8.863915e-01 1.136085e-01 0.000000e+00 0.000000e+00
 0.000000e+00 0.000000e+00 6.077104e-01 3.922896e-01 0.000000e+00
 0.000000e+00 0.000000e+00 0.000000e+00 2.849133e-01 7.150866e-01
 0.000000e+00 0.000000e+00 0.000000e+00 0.000000e+00 0.000000e+00
<ENDHMM>
~h "fp_logo_3"
<BEGINHMM>
<NUMSTATES> 5
<STATE> 2
<MEAN> 6
 2.392374e+02 1.648563e+01 3.888192e+01 9.498339e+00 1.174284e+01 7.338040e+00
<VARIANCE> 6
 1.802673e+04 4.271518e+02 4.456012e+03 2.168626e+02 3.021927e+02 1.305480e+02
<GCONST> 5.124810e+01
<STATE> 3
<MEAN> 6
 3.456779e+02 4.500508e+01 9.884669e+01 1.969869e+01 3.277860e+01 9.863518e+00
<VARIANCE> 6
 2.144228e+04 1.776591e+03 7.869096e+03 3.980928e+02 6.181196e+02 9.483106e+01
<GCONST> 5.441900e+01
<STATE> 4
<MEAN> 6
 1.663887e+02 4.451172e+00 1.167130e+00 1.705790e+00 1.189645e+00 1.507110e+00
<VARIANCE> 6
 5.700182e+02 3.476754e+01 1.028728e+00 1.807409e+00 6.842310e-01 2.445486e+00
<GCONST> 2.205662e+01
<TRANSP> 5
 0.000000e+00 1.000000e+00 0.000000e+00 0.000000e+00 0.000000e+00
 0.000000e+00 4.346049e-07 9.999996e-01 0.000000e+00 0.000000e+00
 0.000000e+00 0.000000e+00 6.927161e-01 3.072839e-01 0.000000e+00
 0.000000e+00 0.000000e+00 0.000000e+00 3.416870e-01 6.583130e-01
 0.000000e+00 0.000000e+00 0.000000e+00 0.000000e+00 0.000000e+00
<ENDHMM>
~h "fp_logo_4"
<BEGINHMM>
<NUMSTATES> 5
<STATE> 2
<MEAN> 6
 1.662406e+02 3.138020e+00 1.492017e+00 5.337138e-01 4.787199e-01 2.539237e-01
<VARIANCE> 6
 3.597390e+02 8.924366e+00 1.367611e+00 1.186994e-01 8.300238e-02 1.129530e-02
<GCONST> 1.031108e+01
<STATE> 3
<MEAN> 6
 2.034956e+02 2.782602e+00 1.842199e+00 5.510715e-01 4.870233e-01 2.277613e-01
<VARIANCE> 6
 1.571382e+02 1.105141e+01 2.214764e+00 8.326653e-02 5.360646e-02 6.821680e-03
<GCONST> 8.882648e+00
<STATE> 4
<MEAN> 6
 2.453040e+02 1.500684e+01 1.219971e+00 5.466840e-01 5.338133e-01 2.285993e-01
<VARIANCE> 6
 6.263179e+02 9.166074e+01 1.533158e+00 1.115223e-01 1.223686e-01 7.723752e-03
<GCONST> 1.325484e+01
<TRANSP> 5
 0.000000e+00 1.000000e+00 0.000000e+00 0.000000e+00 0.000000e+00
 0.000000e+00 8.660261e-01 1.339739e-01 0.000000e+00 0.000000e+00
 0.000000e+00 0.000000e+00 8.210313e-01 1.789687e-01 0.000000e+00
 0.000000e+00 0.000000e+00 0.000000e+00 6.588895e-01 3.411105e-01
 0.000000e+00 0.000000e+00 0.000000e+00 0.000000e+00 0.000000e+00
<ENDHMM>
~h "fp_logo_5"
<BEGINHMM>
<NUMSTATES> 5
<STATE> 2
<MEAN> 6
 2.206051e+02 3.413474e+00 1.014646e+00 4.846744e-01 4.147289e-01 2.157094e-01
<VARIANCE> 6
 4.704746e+02 2.267347e+01 8.637738e-01 3.757961e-02 4.630610e-02 8.289208e-03
<GCONST> 9.009178e+00
<STATE> 3
<MEAN> 6
 2.215972e+02 3.636843e+00 1.379235e+00 3.510917e-01 4.238008e-01 2.915158e-01
<VARIANCE> 6
 5.215468e+02 3.255981e+01 1.296680e+00 2.191402e-02 9.379076e-02 1.399226e-02
<GCONST> 1.057038e+01
<STATE> 4
<MEAN> 6
 2.278909e+02 2.391437e+00 1.641642e+00 3.375301e-01 4.116103e-01 1.983596e-01
<VARIANCE> 6
 2.321721e+02 4.863600e+00 2.069387e+00 3.091855e-02 7.865604e-02 1.026234e-02
<GCONST> 8.185429e+00
<TRANSP> 5
 0.000000e+00 1.000000e+00 0.000000e+00 0.000000e+00 0.000000e+00
 0.000000e+00 4.510044e-02 9.548995e-01 0.000000e+00 0.000000e+00
 0.000000e+00 0.000000e+00 1.487650e-06 9.999985e-01 0.000000e+00
 0.000000e+00 0.000000e+00 0.000000e+00 8.672684e-01 1.327315e-01
 0.000000e+00 0.000000e+00 0.000000e+00 0.000000e+00 0.000000e+00
<ENDHMM>
~h "bg_white_0"
<BEGINHMM>
<NUMSTATES> 5
<STATE> 2
<MEAN> 6
 5.897219e+02 5.900819e+00 1.473492e+01 2.451888e+00 5.103254e+00 9.746764e-01
<VARIANCE> 6
 4.364614e+04 1.486507e+02 1.317342e+03 2.012034e+01 7.472351e+01 2.377766e+00
<GCONST> 4.207779e+01
<STATE> 3
<MEAN> 6
 6.530591e+02 2.975258e+01 6.460802e+01 9.066656e+00 1.782103e+01 4.309523e+00
<VARIANCE> 6
 2.257470e+04 2.017905e+03 4.978668e+03 1.188961e+02 1.880314e+02 3.038288e+01
<GCONST> 5.060332e+01
<STATE> 4
<MEAN> 6
 7.406919e+02 2.880699e+00 6.057473e+00 1.316618e+00 2.172665e+00 4.180554e-01
<VARIANCE> 6
 2.824685e+04 1.618857e+01 4.396413e+01 6.247793e+00 3.981612e+00 1.783885e-01
<GCONST> 2.933381e+01
<TRANSP> 5
 0.000000e+00 1.000000e+00 0.000000e+00 0.000000e+00 0.000000e+00
 0.000000e+00 3.023959e-01 6.976041e-01 0.000000e+00 0.000000e+00
 0.000000e+00 0.000000e+00 3.936228e-01 6.063772e-01 0.000000e+00
 0.000000e+00 0.000000e+00 0.000000e+00 3.112255e-01 6.887744e-01
 0.000000e+00 0.000000e+00 0.000000e+00 0.000000e+00 0.000000e+00
<ENDHMM>
~h "fp_screen_0"
<BEGINHMM>
<NUMSTATES> 5
<STATE> 2
<MEAN> 6
 2.373099e+02 1.657798e+00 1.830227e+00 6.467983e-01 6.804214e-01 2.441131e-01
<VARIANCE> 6
 1.853228e+02 2.034285e+00 2.811813e+00 2.198913e-01 3.812583e-01 9.679805e-03
<GCONST> 1.087672e+01
<STATE> 3
<MEAN> 6
 2.589875e+02 2.994082e+00 3.167615e+01 1.024533e+00 1.268986e+01 5.154945e-01
<VARIANCE> 6
 5.632012e+02 3.519360e+00 8.155900e+02 4.827763e-01 1.091051e+02 1.218197e-01
<GCONST> 2.718199e+01
<STATE> 4
<MEAN> 6
 2.181311e+02 4.040634e+00 1.251642e+01 1.881936e+00 5.544743e+00 7.518826e-01
<VARIANCE> 6
 1.215979e+03 1.613192e+01 4.609808e+02 4.191729e+00 6.496868e+01 8.950049e-01
<GCONST> 3.254081e+01
<TRANSP> 5
 0.000000e+00 1.000000e+00 0.000000e+00 0.000000e+00 0.000000e+00
 0.000000e+00 8.706363e-01 1.293637e-01 0.000000e+00 0.000000e+00
 0.000000e+00 0.000000e+00 1.271428e-02 9.872857e-01 0.000000e+00
 0.000000e+00 0.000000e+00 0.000000e+00 2.787777e-01 7.212222e-01
 0.000000e+00 0.000000e+00 0.000000e+00 0.000000e+00 0.000000e+00
<ENDHMM>
~h "fp_screen_1"
<BEGINHMM>
<NUMSTATES> 5
<STATE> 2
<MEAN> 6
 2.199718e+02 3.037251e+00 9.380062e+00 1.081479e+00 2.464468e+00 4.142157e-01
<VARIANCE> 6
 2.367337e+03 5.971551e+00 1.508413e+02 6.961399e-01 8.559971e+00 1.186922e-01
<GCONST> 2.525369e+01
<STATE> 3
<MEAN> 6
 5.314890e+02 2.285351e+01 4.441265e+01 6.606371e+00 1.082235e+01 2.272668e+00
<VARIANCE> 6
 5.045212e+04 9.501329e+02 2.526219e+03 5.818768e+01 4.791290e+01 5.212626e+00
<GCONST> 4.613127e+01
<STATE> 4
<MEAN> 6
 5.161306e+02 1.083528e+01 4.082870e+00 2.997034e+00 1.722292e+00 6.654901e-01
<VARIANCE> 6
 2.998641e+04 4.662605e+02 1.886373e+01 2.073917e+01 1.785737e+00 6.580772e-01
<GCONST> 3.361117e+01
<TRANSP> 5
 0.000000e+00 1.000000e+00 0.000000e+00 0.000000e+00 0.000000e+00
 0.000000e+00 6.807493e-01 3.192507e-01 0.000000e+00 0.000000e+00
 0.000000e+00 0.000000e+00 3.586112e-01 6.413888e-01 0.000000e+00
 0.000000e+00 0.000000e+00 0.000000e+00 3.329498e-01 6.670502e-01
 0.000000e+00 0.000000e+00 0.000000e+00 0.000000e+00 0.000000e+00
<ENDHMM>
~h "fp_screen_2"
<BEGINHMM>
<NUMSTATES> 5
<STATE> 2
<MEAN> 6
 5.258761e+02 6.721139e+00 3.122936e+00 1.699902e+00 1.190187e+00 5.963495e-01
<VARIANCE> 6
 8.415336e+03 1.430869e+02 6.240237e+00 5.863952e+00 5.766343e-01 5.500512e-01
<GCONST> 2.748008e+01
<STATE> 3
<MEAN> 6
 4.709219e+02 1.233488e+02 3.272093e+01 2.733037e+01 1.007669e+01 4.509079e+00
<VARIANCE> 6
 2.273185e+04 8.983591e+03 2.096150e+03 3.308137e+02 2.030797e+02 4.356749e+01
<GCONST> 5.269926e+01
<STATE> 4
<MEAN> 6
 4.918349e+02 6.168721e+01 1.056734e+01 1.106332e+01 2.602656e+00 6.244456e-01
<VARIANCE> 6
 1.853358e+04 2.836244e+03 4.016476e+02 1.184304e+02 1.273878e+01 3.844630e-01
<GCONST> 4.116349e+01
<TRANSP> 5
 0.000000e+00 1.000000e+00 0.000000e+00 0.000000e+00 0.000000e+00
 0.000000e+00 8.550862e-01 1.449138e-01 0.000000e+00 0.000000e+00
 0.000000e+00 0.000000e+00 6.760828e-01 3.239172e-01 0.000000e+00
 0.000000e+00 0.000000e+00 0.000000e+00 7.206515e-01 2.793485e-01
 0.000000e+00 0.000000e+00 0.000000e+00 0.000000e+00 0.000000e+00
<ENDHMM>
~h "fp_screen_3"
<BEGINHMM>
<NUMSTATES> 5
<STATE> 2
<MEAN> 6
 4.726336e+02 3.995300e+01 1.548092e+01 1.142714e+01 5.687987e+00 3.153767e+00
<VARIANCE> 6
 1.256446e+04 1.691128e+03 6.158660e+02 1.159627e+02 3.479600e+01 1.006026e+01
<GCONST> 4.493344e+01
<STATE> 3
<MEAN> 6
 5.936632e+02 5.505923e+01 3.007856e+01 2.013151e+01 1.020899e+01 3.964758e+00
<VARIANCE> 6
 3.972615e+04 2.422240e+03 1.996836e+03 2.607795e+02 1.579579e+02 2.007768e+01
<GCONST> 5.063440e+01
<STATE> 4
<MEAN> 6
 4.502200e+02 2.357125e+01 4.449395e+00 7.955639e+00 2.056748e+00 1.142161e+00
<VARIANCE> 6
 1.037303e+04 7.164881e+02 2.447120e+01 6.111552e+01 2.337208e+00 1.735550e+00
<GCONST> 3.555913e+01
<TRANSP> 5
 0.000000e+00 1.000000e+00 0.000000e+00 0.000000e+00 0.000000e+00
 0.000000e+00 4.020032e-01 5.979968e-01 0.000000e+00 0.000000e+00
 0.000000e+00 0.000000e+00 5.274054e-01 4.725946e-01 0.000000e+00
 0.000000e+00 0.000000e+00 0.000000e+00 6.752121e-01 3.247879e-01
 0.000000e+00 0.000000e+00 0.000000e+00 0.000000e+00 0.000000e+00
<ENDHMM>
~h "fp_screen_4"
<BEGINHMM>
<NUMSTATES> 5
<STATE> 2
<MEAN> 6
 4.748517e+02 3.573016e+01 1.090429e+01 1.001774e+01 4.360360e+00 2.174148e+00
<VARIANCE> 6
 1.287445e+04 1.493506e+03 2.676433e+02 8.429630e+01 1.391590e+01 3.831692e+00
<GCONST> 4.179948e+01
<STATE> 3
<MEAN> 6
 6.185028e+02 5.683236e+01 3.444664e+01 1.677672e+01 1.246472e+01 5.522184e+00
<VARIANCE> 6
 4.830509e+04 2.625001e+03 2.098427e+03 1.324248e+02 1.107783e+02 2.692924e+01
<GCONST> 5.022109e+01
<STATE> 4
<MEAN> 6
 3.631821e+02 1.143974e+01 4.750010e+00 3.112409e+00 1.444375e+00 6.265451e-01
<VARIANCE> 6
 1.034249e+04 8.550137e+01 2.385817e+01 7.254884e+00 9.346412e-01 3.501596e-01
<GCONST> 2.875665e+01
<TRANSP> 5
 0.000000e+00 1.000000e+00 0.000000e+00 0.000000e+00 0.000000e+00
 0.000000e+00 4.623459e-01 5.376542e-01 0.000000e+00 0.000000e+00
 0.000000e+00 0.000000e+00 6.199149e-01 3.800851e-01 0.000000e+00
 0.000000e+00 0.000000e+00 0.000000e+00 8.517369e-01 1.482631e-01
 0.000000e+00 0.000000e+00 0.000000e+00 0.000000e+00 0.000000e+00
<ENDHMM>
~h "fp_screen_5"
<BEGINHMM>
<NUMSTATES> 5
<STATE> 2
<MEAN> 6
 3.709953e+02 1.127933e+01 1.622028e+01 3.843262e+00 4.595921e+00 1.583621e+00
<VARIANCE> 6
 5.361662e+03 2.211011e+02 3.881209e+02 1.129463e+01 1.932213e+01 1.927570e+00
<GCONST> 3.701607e+01
<STATE> 3
<MEAN> 6
 3.439752e+02 3.471484e+00 6.800835e+00 1.002299e+00 1.459488e+00 4.079755e-01
<VARIANCE> 6
 4.888200e+03 8.875062e+00 7.969856e+01 3.889076e-01 1.337862e+00 7.301375e-02
<GCONST> 2.281289e+01
<STATE> 4
<MEAN> 6
 4.192177e+02 2.360256e+00 2.454977e+00 5.652403e-01 6.121082e-01 3.194881e-01
<VARIANCE> 6
 3.780824e+03 2.825238e+00 3.113108e+00 9.941519e-02 1.897181e-01 2.416661e-02
<GCONST> 1.374573e+01
<TRANSP> 5
 0.000000e+00 1.000000e+00 0.000000e+00 0.000000e+00 0.000000e+00
 0.000000e+00 3.336746e-01 6.663254e-01 0.000000e+00 0.000000e+00
 0.000000e+00 0.000000e+00 9.001679e-01 9.983211e-02 0.000000e+00
 0.000000e+00 0.000000e+00 0.000000e+00 8.422502e-01 1.577498e-01
 0.000000e+00 0.000000e+00 0.000000e+00 0.000000e+00 0.000000e+00
<ENDHMM>
~h "bg_white_0_0"
<BEGINHMM>
<NUMSTATES> 5
<STATE> 2
<MEAN> 6
 8.041764e+02 2.113376e+00 2.650730e+00 1.156018e+00 1.285834e+00 6.103787e-01
<VARIANCE> 6
 2.914637e+03 2.067565e+01 2.731485e+01 7.168772e+00 7.373674e+00 9.650238e-01
<GCONST> 2.927320e+01
<STATE> 3
<MEAN> 6
 7.971263e+02 6.579716e+00 3.505657e+00 3.118385e+00 2.963117e+00 1.853485e+00
<VARIANCE> 6
 3.638607e+03 2.566947e+02 5.230615e+01 4.298325e+01 4.342703e+01 1.773587e+01
<GCONST> 3.913910e+01
<STATE> 4
<MEAN> 6
 8.039037e+02 2.314734e+00 1.226882e+00 7.965777e-01 5.543740e-01 4.668432e-01
<VARIANCE> 6
 7.120658e+02 1.063120e+01 1.730576e+00 1.833678e+00 5.891345e-01 8.102196e-01
<GCONST> 2.037445e+01
<TRANSP> 5
 0.000000e+00 1.000000e+00 0.000000e+00 0.000000e+00 0.000000e+00
 0.000000e+00 1.176865e-02 9.882314e-01 0.000000e+00 0.000000e+00
 0.000000e+00 0.000000e+00 7.508533e-02 9.249146e-01 0.000000e+00
 0.000000e+00 0.000000e+00 0.000000e+00 8.864473e-01 1.135528e-01
 0.000000e+00 0.000000e+00 0.000000e+00 0.000000e+00 0.000000e+00
<ENDHMM>
~h "bg_white_0_1"
<BEGINHMM>
<NUMSTATES> 5
<STATE> 2
<MEAN> 6
 7.910310e+02 4.548843e+00 1.872783e+00 2.526245e+00 1.728997e+00 1.962238e+00
<VARIANCE> 6
 8.749208e+02 3.374849e+01 2.895602e+00 8.136690e+00 2.679206e+00 3.586405e+00
<GCONST> 2.674258e+01
<STATE> 3
<MEAN> 6
 7.154293e+02 6.044328e+01 2.063665e+01 1.762971e+01 1.532540e+01 1.019501e+01
<VARIANCE> 6
 3.022359e+03 1.496520e+03 4.619262e+02 8.536546e+01 9.818372e+01 3.651543e+01
<GCONST> 4.511888e+01
<STATE> 4
<MEAN> 6
 7.705900e+02 2.129357e+01 9.483907e+00 9.382250e+00 5.905117e+00 4.435465e+00
<VARIANCE> 6
 2.589541e+03 5.835934e+02 1.212480e+02 7.200043e+01 3.067962e+01 1.856281e+01
<GCONST> 4.067498e+01
<TRANSP> 5
 0.000000e+00 1.000000e+00 0.000000e+00 0.000000e+00 0.000000e+00
 0.000000e+00 7.719451e-01 2.280549e-01 0.000000e+00 0.000000e+00
 0.000000e+00 0.000000e+00 7.956981e-01 2.043019e-01 0.000000e+00
 0.000000e+00 0.000000e+00 0.000000e+00 1.903064e-01 8.096937e-01
 0.000000e+00 0.000000e+00 0.000000e+00 0.000000e+00 0.000000e+00
<ENDHMM>
~h "bg_white_0_2"
<BEGINHMM>
<NUMSTATES> 5
<STATE> 2
<MEAN> 6
 7.828786e+02 1.154744e+01 4.670496e+00 5.766812e+00 3.984062e+00 3.263789e+00
<VARIANCE> 6
 1.793442e+03 2.185674e+02 4.357740e+01 3.630416e+01 1.885190e+01 8.283387e+00
<GCONST> 3.632359e+01
<STATE> 3
<MEAN> 6
 7.265114e+02 5.302510e+01 1.608717e+01 1.518777e+01 1.365045e+01 9.123811e+00
<VARIANCE> 6
 2.516416e+03 1.183804e+03 2.583997e+02 6.102377e+01 8.847258e+01 3.167523e+01
<GCONST> 4.353834e+01
<STATE> 4
<MEAN> 6
 7.550463e+02 2.579866e+01 8.644424e+00 1.033840e+01 6.425290e+00 3.964261e+00
<VARIANCE> 6
 3.305301e+03 8.701877e+02 9.600503e+01 8.194495e+01 5.246125e+01 1.486696e+01
<GCONST> 4.152892e+01
<TRANSP> 5
 0.000000e+00 1.000000e+00 0.000000e+00 0.000000e+00 0.000000e+00
 0.000000e+00 4.271466e-01 5.728534e-01 0.000000e+00 0.000000e+00
 0.000000e+00 0.000000e+00 7.410534e-01 2.589466e-01 0.000000e+00
 0.000000e+00 0.000000e+00 0.000000e+00 6.764288e-02 9.323571e-01
 0.000000e+00 0.000000e+00 0.000000e+00 0.000000e+00 0.000000e+00
<ENDHMM>
~h "bg_white_0_3"
<BEGINHMM>
<NUMSTATES> 5
<STATE> 2
<MEAN> 6
 7.747682e+02 8.055508e+00 2.529734e+00 3.742040e+00 2.537289e+00 2.271709e+00
<VARIANCE> 6
 1.401162e+03 2.320132e+02 9.185568e+00 2.013716e+01 9.616139e+00 4.309739e+00
<GCONST> 3.266364e+01
<STATE> 3
<MEAN> 6
 6.945393e+02 6.165774e+01 1.664832e+01 1.603109e+01 1.351584e+01 9.456737e+00
<VARIANCE> 6
 3.972529e+03 2.017757e+03 3.150418e+02 8.098413e+01 1.012370e+02 3.733833e+01
<GCONST> 4.530861e+01
<STATE> 4
<MEAN> 6
 7.405336e+02 1.507279e+01 7.505872e+00 7.422834e+00 6.417047e+00 4.421833e+00
<VARIANCE> 6
 5.194659e+03 3.801155e+02 1.023059e+02 5.590996e+01 5.532509e+01 2.012702e+01
<GCONST> 4.119012e+01
<TRANSP> 5
 0.000000e+00 1.000000e+00 0.000000e+00 0.000000e+00 0.000000e+00
 0.000000e+00 7.048173e-01 2.951827e-01 0.000000e+00 0.000000e+00
 0.000000e+00 0.000000e+00 7.321013e-01 2.678987e-01 0.000000e+00
 0.000000e+00 0.000000e+00 0.000000e+00 6.968326e-02 9.303167e-01
 0.000000e+00 0.000000e+00 0.000000e+00 0.000000e+00 0.000000e+00
<ENDHMM>
~h "bg_white_0_4"
<BEGINHMM>
<NUMSTATES> 5
<STATE> 2
<MEAN> 6
 7.436917e+02 8.724703e+00 3.579817e+00 6.728364e+00 2.980444e+00 3.271735e+00
<VARIANCE> 6
 3.366711e+03 1.547039e+02 1.911026e+01 4.104659e+01 1.074981e+01 9.654476e+00
<GCONST> 3.549771e+01
<STATE> 3
<MEAN> 6
 6.528078e+02 5.663422e+01 1.450136e+01 1.829676e+01 8.375496e+00 5.929321e+00
<VARIANCE> 6
 1.467803e+04 2.564017e+03 4.024997e+02 2.218208e+02 7.855224e+01 4.031802e+01
<GCONST> 4.793083e+01
<STATE> 4
<MEAN> 6
 7.661363e+02 2.113931e+00 1.154811e+00 4.809382e-01 3.259006e-01 2.048670e-01
<VARIANCE> 6
 1.785409e+03 5.282619e+00 9.808667e-01 2.212407e-01 7.303517e-02 1.420410e-02
<GCONST> 1.178023e+01
<TRANSP> 5
 0.000000e+00 1.000000e+00 0.000000e+00 0.000000e+00 0.000000e+00
 0.000000e+00 4.489665e-01 5.510336e-01 0.000000e+00 0.000000e+00
 0.000000e+00 0.000000e+00 6.632167e-01 3.367833e-01 0.000000e+00
 0.000000e+00 0.000000e+00 0.000000e+00 9.141282e-01 8.587184e-02
 0.000000e+00 0.000000e+00 0.000000e+00 0.000000e+00 0.000000e+00
<ENDHMM>
~h "bg_white_0_5"
<BEGINHMM>
<NUMSTATES> 5
<STATE> 2
<MEAN> 6
 7.401813e+02 9.871121e+00 2.532703e+00 1.561495e+00 8.793526e-01 3.108203e-01
<VARIANCE> 6
 4.467249e+03 2.997642e+02 7.305131e+00 5.247185e+00 5.542189e-01 3.064956e-02
<GCONST> 2.470572e+01
<STATE> 3
<MEAN> 6
 5.388001e+02 1.341530e+01 4.359103e+01 4.242417e+00 1.154179e+01 1.188236e+00
<VARIANCE> 6
 4.269686e+04 4.039885e+02 4.235062e+03 3.403334e+01 1.977655e+02 1.563414e+00
<GCONST> 4.530298e+01
<STATE> 4
<MEAN> 6
 3.168928e+02 6.051679e+00 3.958059e+00 2.191228e+00 1.465677e+00 6.139269e-01
<VARIANCE> 6
 2.535735e+03 5.273082e+01 1.879067e+01 5.389669e+00 1.539820e+00 4.756468e-01
<GCONST> 2.713713e+01
<TRANSP> 5
 0.000000e+00 1.000000e+00 0.000000e+00 0.000000e+00 0.000000e+00
 0.000000e+00 5.787653e-01 4.212347e-01 0.000000e+00 0.000000e+00
 0.000000e+00 0.000000e+00 6.937890e-01 3.062110e-01 0.000000e+00
 0.000000e+00 0.000000e+00 0.000000e+00 8.592903e-01 1.407097e-01
 0.000000e+00 0.000000e+00 0.000000e+00 0.000000e+00 0.000000e+00
<ENDHMM>
~h "bg_dark_0"
<BEGINHMM>
<NUMSTATES> 5
<STATE> 2
<MEAN> 6
 4.283607e+02 1.253165e+01 7.218724e+00 5.188911e+00 4.154238e+00 2.177581e+00
<VARIANCE> 6
 1.005749e+04 2.458225e+02 2.824029e+01 1.009300e+01 4.634355e+00 1.879057e+00
<GCONST> 3.356481e+01
<STATE> 3
<MEAN> 6
 2.925539e+02 3.726344e+01 1.079488e+01 8.445485e+00 5.179471e+00 3.002147e+00
<VARIANCE> 6
 1.418699e+04 9.919229e+02 7.180187e+01 2.892680e+01 5.955323e+00 4.842571e+00
<GCONST> 3.848740e+01
<STATE> 4
<MEAN> 6
 1.113356e+02 1.108155e+01 8.128563e+00 2.837913e+00 2.457616e+00 8.147466e-01
<VARIANCE> 6
 8.530675e+03 1.543478e+02 6.254887e+01 3.992701e+00 2.989071e+00 5.641571e-01
<GCONST> 3.116085e+01
<TRANSP> 5
 0.000000e+00 1.000000e+00 0.000000e+00 0.000000e+00 0.000000e+00
 0.000000e+00 8.356311e-01 1.643689e-01 0.000000e+00 0.000000e+00
 0.000000e+00 0.000000e+00 4.770734e-01 5.229267e-01 0.000000e+00
 0.000000e+00 0.000000e+00 0.000000e+00 8.728766e-01 1.271234e-01
 0.000000e+00 0.000000e+00 0.000000e+00 0.000000e+00 0.000000e+00
<ENDHMM>
~h "bg_dark_0_0"
<BEGINHMM>
<NUMSTATES> 5
<STATE> 2
<MEAN> 6
 3.594765e+02 1.343532e+01 5.660930e+00 4.823328e+00 3.268691e+00 1.540571e+00
<VARIANCE> 6
 1.536675e+04 1.446429e+02 1.817177e+01 1.056865e+01 2.109118e+00 9.420497e-01
<GCONST> 3.158583e+01
<STATE> 3
<MEAN> 6
 3.306390e+02 2.968554e+01 1.205403e+01 1.072790e+01 5.405736e+00 3.037694e+00
<VARIANCE> 6
 1.242406e+04 7.030161e+02 7.523364e+01 4.584626e+01 7.808570e+00 3.778234e+00
<GCONST> 3.854041e+01
<STATE> 4
<MEAN> 6
 2.576942e+02 1.784177e+01 7.224895e+00 4.765295e+00 2.812124e+00 1.262751e+00
<VARIANCE> 6
 3.069696e+04 2.148286e+02 3.812131e+01 1.322703e+01 3.370034e+00 8.259296e-01
<GCONST> 3.397573e+01
<TRANSP> 5
 0.000000e+00 1.000000e+00 0.000000e+00 0.000000e+00 0.000000e+00
 0.000000e+00 5.585505e-01 4.414495e-01 0.000000e+00 0.000000e+00
 0.000000e+00 0.000000e+00 4.706979e-01 5.293021e-01 0.000000e+00
 0.000000e+00 0.000000e+00 0.000000e+00 4.057797e-01 5.942203e-01
 0.000000e+00 0.000000e+00 0.000000e+00 0.000000e+00 0.000000e+00
<ENDHMM>
~h "bg_dark_0_1"
<BEGINHMM>
<NUMSTATES> 5
<STATE> 2
<MEAN> 6
 3.045846e+02 1.264612e+01 7.903618e+00 4.231787e+00 3.523291e+00 1.623649e+00
<VARIANCE> 6
 2.875706e+04 1.146613e+02 3.541864e+01 7.408484e+00 4.335903e+00 1.913921e+00
<GCONST> 3.372183e+01
<STATE> 3
<MEAN> 6
 3.564110e+02 4.101826e+01 1.246482e+01 1.106124e+01 4.739040e+00 2.533020e+00
<VARIANCE> 6
 1.609368e+04 1.082823e+03 1.237265e+02 5.295076e+01 7.545209e+00 3.847957e+00
<GCONST> 3.985666e+01
<STATE> 4
<MEAN> 6
 4.426493e+02 1.310040e+01 5.853422e+00 4.169307e+00 3.839746e+00 1.580511e+00
<VARIANCE> 6
 1.374476e+04 2.366634e+02 2.775114e+01 4.930911e+00 4.544895e+00 1.074511e+00
<GCONST> 3.252699e+01
<TRANSP> 5
 0.000000e+00 1.000000e+00 0.000000e+00 0.000000e+00 0.000000e+00
 0.000000e+00 4.510563e-01 5.489437e-01 0.000000e+00 0.000000e+00
 0.000000e+00 0.000000e+00 5.904986e-01 4.095014e-01 0.000000e+00
 0.000000e+00 0.000000e+00 0.000000e+00 6.718639e-01 3.281361e-01
 0.000000e+00 0.000000e+00 0.000000e+00 0.000000e+00 0.000000e+00
<ENDHMM>
~h "bg_dark_0_2"
<BEGINHMM>
<NUMSTATES> 5
<STATE> 2
<MEAN> 6
 4.382666e+02 1.110127e+01 5.742133e+00 3.571119e+00 2.666497e+00 1.079577e+00
<VARIANCE> 6
 5.675464e+03 1.465777e+02 1.989429e+01 4.121487e+00 2.339057e+00 6.898958e-01
<GCONST> 2.954391e+01
<STATE> 3
<MEAN> 6
 3.220824e+02 6.630972e+01 1.360581e+01 1.298230e+01 6.014791e+00 3.480492e+00
<VARIANCE> 6
 1.181569e+04 1.963395e+03 1.068925e+02 6.646072e+01 1.629050e+01 6.276023e+00
<GCONST> 4.148262e+01
<STATE> 4
<MEAN> 6
 1.790132e+02 3.343015e+01 6.144406e+00 5.509195e+00 2.393929e+00 1.134681e+00
<VARIANCE> 6
 2.736487e+04 5.615634e+02 2.838000e+01 1.143211e+01 2.075728e+00 1.055012e+00
<GCONST> 3.414098e+01
<TRANSP> 5
 0.000000e+00 1.000000e+00 0.000000e+00 0.000000e+00 0.000000e+00
 0.000000e+00 8.603302e-01 1.396698e-01 0.000000e+00 0.000000e+00
 0.000000e+00 0.000000e+00 7.172869e-01 2.827131e-01 0.000000e+00
 0.000000e+00 0.000000e+00 0.000000e+00 7.166081e-01 2.833919e-01
 0.000000e+00 0.000000e+00 0.000000e+00 0.000000e+00 0.000000e+00
<ENDHMM>
~h "bg_dark_0_3"
<BEGINHMM>
<NUMSTATES> 5
<STATE> 2
<MEAN> 6
 3.959487e+02 1.966352e+01 8.653624e+00 5.917482e+00 3.884435e+00 2.122127e+00
<VARIANCE> 6
 2.256389e+04 3.285266e+02 5.995094e+01 1.378575e+01 3.331679e+00 2.347176e+00
<GCONST> 3.561984e+01
<STATE> 3
<MEAN> 6
 3.345292e+02 2.912977e+01 1.916519e+01 1.298348e+01 5.774588e+00 2.966473e+00
<VARIANCE> 6
 1.956818e+04 6.136438e+02 2.535678e+02 8.224506e+01 8.406837e+00 4.627593e+00
<GCONST> 4.093475e+01
<STATE> 4
<MEAN> 6
 4.108435e+02 1.225116e+01 7.335678e+00 4.169688e+00 3.677470e+00 1.414417e+00
<VARIANCE> 6
 2.455849e+04 1.135879e+02 2.804547e+01 7.300181e+00 3.032708e+00 1.277103e+00
<GCONST> 3.254443e+01
<TRANSP> 5
 0.000000e+00 1.000000e+00 0.000000e+00 0.000000e+00 0.000000e+00
 0.000000e+00 4.589597e-01 5.410403e-01 0.000000e+00 0.000000e+00
 0.000000e+00 0.000000e+00 4.690025e-01 5.309976e-01 0.000000e+00
 0.000000e+00 0.000000e+00 0.000000e+00 6.635336e-01 3.364663e-01
 0.000000e+00 0.000000e+00 0.000000e+00 0.000000e+00 0.000000e+00
<ENDHMM>
~h "bg_dark_0_4"
<BEGINHMM>
<NUMSTATES> 5
<STATE> 2
<MEAN> 6
 3.646409e+02 1.649414e+01 8.126786e+00 5.691858e+00 4.527866e+00 2.319916e+00
<VARIANCE> 6
 2.737365e+04 2.189350e+02 3.077989e+01 1.076087e+01 5.110335e+00 2.659094e+00
<GCONST> 3.504540e+01
<STATE> 3
<MEAN> 6
 2.692258e+02 3.539973e+01 3.481877e+01 8.525247e+00 9.092700e+00 4.712898e+00
<VARIANCE> 6
 1.888883e+04 7.206118e+02 1.019874e+03 3.089704e+01 3.771593e+01 1.218612e+01
<GCONST> 4.394217e+01
<STATE> 4
<MEAN> 6
 7.970864e+01 3.175516e+00 3.412849e+00 1.115825e+00 1.161373e+00 6.218703e-01
<VARIANCE> 6
 8.732139e+02 8.658007e+00 1.320269e+01 7.633554e-01 8.182349e-01 2.503256e-01
<GCONST> 2.068272e+01
<TRANSP> 5
 0.000000e+00 1.000000e+00 0.000000e+00 0.000000e+00 0.000000e+00
 0.000000e+00 5.312407e-01 4.687593e-01 0.000000e+00 0.000000e+00
 0.000000e+00 0.000000e+00 5.921106e-01 4.078894e-01 0.000000e+00
 0.000000e+00 0.000000e+00 0.000000e+00 7.373000e-01 2.627000e-01
 0.000000e+00 0.000000e+00 0.000000e+00 0.000000e+00 0.000000e+00
<ENDHMM>
~h "bg_dark_0_5"
<BEGINHMM>
<NUMSTATES> 5
<STATE> 2
<MEAN> 6
 1.338950e+02 1.528427e+00 1.327411e+00 4.077857e-01 3.342418e-01 2.369112e-01
<VARIANCE> 6
 3.800029e+02 3.390407e+00 1.382627e+00 7.868882e-02 1.018965e-01 2.223157e-02
<GCONST> 9.880081e+00
<STATE> 3
<MEAN> 6
 1.353480e+02 1.216966e+01 1.324543e+01 1.996576e+00 2.351590e+00 2.451288e+00
<VARIANCE> 6
 2.111611e+03 5.013149e+02 7.005820e+02 7.104001e+00 1.362343e+01 3.483227e+01
<GCONST> 3.957461e+01
<STATE> 4
<MEAN> 6
 1.292424e+02 1.467028e+01 7.704939e+00 3.278763e+00 2.956897e+00 1.426931e+00
<VARIANCE> 6
 9.610038e+03 4.011586e+02 2.997493e+02 1.198767e+01 1.392966e+01 9.505898e+00
<GCONST> 3.926494e+01
<TRANSP> 5
 0.000000e+00 1.000000e+00 0.000000e+00 0.000000e+00 0.000000e+00
 0.000000e+00 8.850191e-01 1.149809e-01 0.000000e+00 0.000000e+00
 0.000000e+00 0.000000e+00 8.126897e-02 9.187310e-01 0.000000e+00
 0.000000e+00 0.000000e+00 0.000000e+00 4.686922e-01 5.313078e-01
 0.000000e+00 0.000000e+00 0.000000e+00 0.000000e+00 0.000000e+00
<ENDHMM>
~h "bg_red_0"
<BEGINHMM>
<NUMSTATES> 5
<STATE> 2
<MEAN> 6
 1.774936e+02 7.456858e+00 6.330025e+00 2.896348e+00 2.557348e+00 1.109598e+00
<VARIANCE> 6
 1.272190e+04 5.913388e+01 5.284763e+01 5.479230e+00 3.038324e+00 1.096978e+00
<GCONST> 3.143039e+01
<STATE> 3
<MEAN> 6
 4.971299e+02 4.224691e+01 1.587438e+01 1.094330e+01 2.847812e+00 1.446160e+00
<VARIANCE> 6
 6.982383e+04 2.809177e+03 8.865475e+02 1.467511e+02 1.956824e+01 4.786705e+00
<GCONST> 4.643746e+01
<STATE> 4
<MEAN> 6
 2.557090e+02 3.907858e+00 2.101456e+00 1.422189e+00 1.023627e+00 4.161533e-01
<VARIANCE> 6
 1.815947e+03 1.808818e+01 5.110816e+00 1.726480e+00 1.028021e+00 1.689390e-01
<GCONST> 2.185375e+01
<TRANSP> 5
 0.000000e+00 1.000000e+00 0.000000e+00 0.000000e+00 0.000000e+00
 0.000000e+00 6.714134e-01 3.285866e-01 0.000000e+00 0.000000e+00
 0.000000e+00 0.000000e+00 5.441070e-01 4.558930e-01 0.000000e+00
 0.000000e+00 0.000000e+00 0.000000e+00 8.173259e-01 1.826741e-01
 0.000000e+00 0.000000e+00 0.000000e+00 0.000000e+00 0.000000e+00
<ENDHMM>
~h "bg_board"
<BEGINHMM>
<NUMSTATES> 5
<STATE> 2
<MEAN> 6
 3.005962e+02 2.159603e+01 1.250499e+01 1.148295e+01 6.187111e+00 3.898013e+00
<VARIANCE> 6
 7.205321e+03 4.505623e+02 1.483760e+02 4.060521e+01 1.680265e+01 7.061514e+00
<GCONST> 3.950018e+01
<STATE> 3
<MEAN> 6
 3.835369e+02 6.411958e+01 1.427377e+01 1.555556e+01 5.064504e+00 3.270701e+00
<VARIANCE> 6
 1.638918e+04 4.765685e+03 3.166847e+02 1.144845e+02 1.966529e+01 1.036538e+01
<GCONST> 4.501651e+01
<STATE> 4
<MEAN> 6
 4.363404e+02 5.297803e+00 3.578579e+00 1.089654e+00 8.047909e-01 3.053180e-01
<VARIANCE> 6
 5.966298e+03 6.713613e+01 1.177848e+01 2.313122e+00 4.973671e-01 5.908884e-02
<GCONST> 2.370560e+01
<TRANSP> 5
 0.000000e+00 1.000000e+00 0.000000e+00 0.000000e+00 0.000000e+00
 0.000000e+00 8.200753e-01 1.799247e-01 0.000000e+00 0.000000e+00
 0.000000e+00 0.000000e+00 6.994751e-01 3.005249e-01 0.000000e+00
 0.000000e+00 0.000000e+00 0.000000e+00 9.482025e-01 5.179751e-02
 0.000000e+00 0.000000e+00 0.000000e+00 0.000000e+00 0.000000e+00
<ENDHMM>
~h "fp_key_0"
<BEGINHMM>
<NUMSTATES> 5
<STATE> 2
<MEAN> 6
 2.908086e+02 7.338484e+00 5.619898e+00 2.254617e+00 3.232367e+00 9.216997e-01
<VARIANCE> 6
 3.004776e+03 1.186927e+02 5.748439e+01 6.492572e+00 2.033733e+01 7.110310e-01
<GCONST> 3.240535e+01
<STATE> 3
<MEAN> 6
 3.227080e+02 1.923895e+01 1.824359e+01 5.343051e+00 6.782960e+00 1.902184e+00
<VARIANCE> 6
 4.328198e+03 1.069000e+03 1.158173e+03 6.041948e+01 1.047524e+02 4.176220e+00
<GCONST> 4.361156e+01
<STATE> 4
<MEAN> 6
 3.110695e+02 4.225684e+00 2.513078e+00 1.399847e+00 1.503454e+00 6.672214e-01
<VARIANCE> 6
 8.714371e+02 1.389691e+01 7.504146e+00 2.019476e+00 5.351478e+00 5.563278e-01
<GCONST> 2.423834e+01
<TRANSP> 5
 0.000000e+00 1.000000e+00 0.000000e+00 0.000000e+00 0.000000e+00
 0.000000e+00 3.055900e-02 9.694410e-01 0.000000e+00 0.000000e+00
 0.000000e+00 0.000000e+00 1.797607e-01 8.202394e-01 0.000000e+00
 0.000000e+00 0.000000e+00 0.000000e+00 6.675095e-01 3.324906e-01
 0.000000e+00 0.000000e+00 0.000000e+00 0.000000e+00 0.000000e+00
<ENDHMM>
~h "fp_key_1"
<BEGINHMM>
<NUMSTATES> 5
<STATE> 2
<MEAN> 6
 3.027394e+02 8.627846e+00 4.016316e+00 2.675108e+00 1.785217e+00 1.228148e+00
<VARIANCE> 6
 1.653135e+03 9.027892e+01 3.306895e+01 6.724017e+00 2.498149e+00 1.457305e+00
<GCONST> 2.963701e+01
<STATE> 3
<MEAN> 6
 6.115383e+02 9.269077e+01 2.975749e+01 1.836777e+01 1.046402e+01 3.986931e+00
<VARIANCE> 6
 4.155624e+04 3.481935e+03 2.046854e+03 1.468271e+02 2.043548e+02 2.468260e+01
<GCONST> 5.095668e+01
<STATE> 4
<MEAN> 6
 3.279562e+02 1.494076e+01 1.258850e+01 6.310205e+00 3.846914e+00 1.801442e+00
<VARIANCE> 6
 4.877716e+03 2.137619e+02 3.435150e+02 2.721063e+01 3.155152e+01 3.135814e+00
<GCONST> 3.862191e+01
<TRANSP> 5
 0.000000e+00 1.000000e+00 0.000000e+00 0.000000e+00 0.000000e+00
 0.000000e+00 2.600425e-01 7.399576e-01 0.000000e+00 0.000000e+00
 0.000000e+00 0.000000e+00 8.204129e-01 1.795871e-01 0.000000e+00
 0.000000e+00 0.000000e+00 0.000000e+00 3.526562e-01 6.473439e-01
 0.000000e+00 0.000000e+00 0.000000e+00 0.000000e+00 0.000000e+00
<ENDHMM>
~h "fp_key_2"
<BEGINHMM>
<NUMSTATES> 5
<STATE> 2
<MEAN> 6
 3.038686e+02 6.426068e+00 2.954045e+00 2.619237e+00 1.720675e+00 1.069704e+00
<VARIANCE> 6
 2.946503e+03 8.063261e+01 1.571629e+01 7.512428e+00 5.726019e+00 1.197430e+00
<GCONST> 3.010199e+01
<STATE> 3
<MEAN> 6
 5.865543e+02 9.637956e+01 2.026192e+01 2.503478e+01 8.141676e+00 3.664568e+00
<VARIANCE> 6
 3.219741e+04 3.807549e+03 1.326840e+03 1.671910e+02 1.397440e+02 2.593377e+01
<GCONST> 5.015670e+01
<STATE> 4
<MEAN> 6
 3.338628e+02 2.593521e+01 3.987002e+01 6.204041e+00 1.058630e+01 2.855084e+00
<VARIANCE> 6
 7.114682e+03 8.432345e+02 4.564916e+03 2.873143e+01 1.998050e+02 7.565010e+00
<GCONST> 4.573944e+01
<TRANSP> 5
 0.000000e+00 1.000000e+00 0.000000e+00 0.000000e+00 0.000000e+00
 0.000000e+00 6.518341e-01 3.481659e-01 0.000000e+00 0.000000e+00
 0.000000e+00 0.000000e+00 8.420976e-01 1.579024e-01 0.000000e+00
 0.000000e+00 0.000000e+00 0.000000e+00 1.454501e-01 8.545499e-01
 0.000000e+00 0.000000e+00 0.000000e+00 0.000000e+00 0.000000e+00
<ENDHMM>
~h "fp_key_3"
<BEGINHMM>
<NUMSTATES> 5
<STATE> 2
<MEAN> 6
 3.053135e+02 1.347276e+01 7.208752e+00 3.451269e+00 4.372219e+00 1.465585e+00
<VARIANCE> 6
 2.475796e+03 2.968731e+02 8.676370e+01 1.243382e+01 4.089093e+01 3.375538e+00
<GCONST> 3.644596e+01
<STATE> 3
<MEAN> 6
 5.672686e+02 9.537186e+01 2.954431e+01 3.034982e+01 1.421432e+01 5.980093e+00
<VARIANCE> 6
 2.639811e+04 4.119693e+03 1.757604e+03 2.724017e+02 3.274106e+02 6.394804e+01
<GCONST> 5.256011e+01
<STATE> 4
<MEAN> 6
 2.451546e+02 1.689357e+01 2.835897e+00 4.992395e+00 1.097754e+00 7.449654e-01
<VARIANCE> 6
 2.698261e+04 4.242023e+02 1.248831e+01 5.463192e+01 1.885157e+00 1.171023e+00
<GCONST> 3.459772e+01
<TRANSP> 5
 0.000000e+00 1.000000e+00 0.000000e+00 0.000000e+00 0.000000e+00
 0.000000e+00 3.550151e-01 6.449848e-01 0.000000e+00 0.000000e+00
 0.000000e+00 0.000000e+00 7.036479e-01 2.963522e-01 0.000000e+00
 0.000000e+00 0.000000e+00 0.000000e+00 6.735719e-01 3.264281e-01
 0.000000e+00 0.000000e+00 0.000000e+00 0.000000e+00 0.000000e+00
<ENDHMM>
~h "fp_key_4"
<BEGINHMM>
<NUMSTATES> 5
<STATE> 2
<MEAN> 6
 3.382937e+02 1.253881e+01 3.702657e+00 4.905293e+00 1.594813e+00 1.475407e+00
<VARIANCE> 6
 1.612499e+04 3.182551e+02 1.090011e+01 4.375064e+01 1.979720e+00 2.723700e+00
<GCONST> 3.433047e+01
<STATE> 3
<MEAN> 6
 5.606179e+02 7.145602e+01 5.949799e+01 2.325510e+01 2.520070e+01 9.455091e+00
<VARIANCE> 6
 3.161245e+04 3.891346e+03 4.116287e+03 2.449106e+02 3.370822e+02 5.386650e+01
<GCONST> 5.328551e+01
<STATE> 4
<MEAN> 6
 5.763375e+02 5.878570e+01 8.312517e+00 1.393932e+01 2.358916e+00 1.681525e+00
<VARIANCE> 6
 3.424071e+04 2.098448e+03 8.229308e+01 6.777801e+01 3.996222e+00 3.127234e+00
<GCONST> 4.026941e+01
<TRANSP> 5
 0.000000e+00 1.000000e+00 0.000000e+00 0.000000e+00 0.000000e+00
 0.000000e+00 6.779456e-01 3.220545e-01 0.000000e+00 0.000000e+00
 0.000000e+00 0.000000e+00 6.725966e-01 3.274035e-01 0.000000e+00
 0.000000e+00 0.000000e+00 0.000000e+00 6.526351e-01 3.473649e-01
 0.000000e+00 0.000000e+00 0.000000e+00 0.000000e+00 0.000000e+00
<ENDHMM>
~h "fp_key_5"
<BEGINHMM>
<NUMSTATES> 5
<STATE> 2
<MEAN> 6
 4.568905e+02 4.909801e+01 1.172885e+01 9.969032e+00 3.159035e+00 1.515386e+00
<VARIANCE> 6
 3.233854e+04 3.532556e+03 2.926660e+02 8.085181e+01 1.363947e+01 2.482224e+00
<GCONST> 4.317483e+01
<STATE> 3
<MEAN> 6
 4.235461e+02 2.704166e+01 2.665007e+01 9.561409e+00 5.464692e+00 3.249617e+00
<VARIANCE> 6
 2.676818e+04 1.404359e+03 1.975583e+03 1.396605e+02 4.659451e+01 1.119651e+01
<GCONST> 4.725449e+01
<STATE> 4
<MEAN> 6
 3.371011e+02 3.838940e+00 5.004329e+00 7.198189e-01 1.226478e+00 3.389709e-01
<VARIANCE> 6
 1.906073e+04 1.035849e+01 7.926659e+01 1.555475e-01 4.942360e+00 2.777116e-02
<GCONST> 2.374655e+01
<TRANSP> 5
 0.000000e+00 1.000000e+00 0.000000e+00 0.000000e+00 0.000000e+00
 0.000000e+00 1.287510e-01 8.712490e-01 0.000000e+00 0.000000e+00
 0.000000e+00 0.000000e+00 2.305428e-01 7.694571e-01 0.000000e+00
 0.000000e+00 0.000000e+00 0.000000e+00 9.242654e-01 7.573459e-02
 0.000000e+00 0.000000e+00 0.000000e+00 0.000000e+00 0.000000e+00
<ENDHMM>
~h "bg_red_0_0"
<BEGINHMM>
<NUMSTATES> 5
<STATE> 2
<MEAN> 6
 3.177288e+02 1.132890e+01 7.423411e+00 4.657579e+00 3.613494e+00 1.941419e+00
<VARIANCE> 6
 3.401603e+03 6.654802e+01 2.964591e+01 5.204837e+00 3.776024e+00 1.545172e+00
<GCONST> 3.015991e+01
<STATE> 3
<MEAN> 6
 3.540278e+02 5.669550e+01 1.583314e+01 1.470985e+01 4.351176e+00 2.821998e+00
<VARIANCE> 6
 3.009339e+04 4.842937e+03 1.161654e+03 1.624801e+02 2.747309e+01 6.200278e+00
<GCONST> 4.711056e+01
<STATE> 4
<MEAN> 6
 2.169958e+02 1.112983e+01 4.701847e+00 5.104750e+00 2.024961e+00 1.137859e+00
<VARIANCE> 6
 1.468061e+04 9.794445e+01 1.670059e+01 1.646812e+01 2.338033e+00 1.215071e+00
<GCONST> 3.186693e+01
<TRANSP> 5
 0.000000e+00 1.000000e+00 0.000000e+00 0.000000e+00 0.000000e+00
 0.000000e+00 7.529403e-01 2.470597e-01 0.000000e+00 0.000000e+00
 0.000000e+00 0.000000e+00 3.585250e-01 6.414750e-01 0.000000e+00
 0.000000e+00 0.000000e+00 0.000000e+00 3.670393e-01 6.329608e-01
 0.000000e+00 0.000000e+00 0.000000e+00 0.000000e+00 0.000000e+00
<ENDHMM>
~h "bg_red_0_1"
<BEGINHMM>
<NUMSTATES> 5
<STATE> 2
<MEAN> 6
 2.683567e+02 1.648219e+01 7.117626e+00 5.174933e+00 2.527450e+00 1.199316e+00
<VARIANCE> 6
 1.127746e+04 2.041635e+02 4.012107e+01 1.267435e+01 2.802069e+00 7.062388e-01
<GCONST> 3.259079e+01
<STATE> 3
<MEAN> 6
 2.798327e+02 1.909186e+01 6.303553e+00 5.440665e+00 2.153647e+00 1.737223e+00
<VARIANCE> 6
 9.347685e+03 1.945377e+02 2.964651e+01 1.541509e+01 2.365963e+00 6.015017e+00
<GCONST> 3.422091e+01
<STATE> 4
<MEAN> 6
 2.918774e+02 7.286147e+00 2.844448e+00 3.229301e+00 1.665445e+00 5.160959e-01
<VARIANCE> 6
 4.926518e+03 5.155846e+01 4.533025e+00 7.613969e+00 1.572659e+00 7.888506e-02
<GCONST> 2.492675e+01
<TRANSP> 5
 0.000000e+00 1.000000e+00 0.000000e+00 0.000000e+00 0.000000e+00
 0.000000e+00 2.740318e-01 7.259683e-01 0.000000e+00 0.000000e+00
 0.000000e+00 0.000000e+00 8.497827e-02 9.150217e-01 0.000000e+00
 0.000000e+00 0.000000e+00 0.000000e+00 5.447077e-01 4.552923e-01
 0.000000e+00 0.000000e+00 0.000000e+00 0.000000e+00 0.000000e+00
<ENDHMM>
~h "bg_red_0_2"
<BEGINHMM>
<NUMSTATES> 5
<STATE> 2
<MEAN> 6
 3.039480e+02 8.478694e+00 2.560245e+00 3.151683e+00 1.404395e+00 6.983108e-01
<VARIANCE> 6
 9.171049e+03 5.723771e+01 4.352977e+00 8.081070e+00 8.210341e-01 2.937523e-01
<GCONST> 2.633646e+01
<STATE> 3
<MEAN> 6
 2.866084e+02 2.083061e+01 5.199620e+00 3.131444e+00 1.451034e+00 5.364236e-01
<VARIANCE> 6
 1.091561e+04 2.830797e+02 1.425427e+01 2.544968e+00 2.573616e+00 9.534607e-02
<GCONST> 2.815718e+01
<STATE> 4
<MEAN> 6
 3.710162e+02 3.682372e+00 2.050637e+00 1.648674e+00 7.675677e-01 3.644213e-01
<VARIANCE> 6
 5.370019e+03 1.256823e+01 3.200978e+00 1.086422e+00 3.834010e-01 6.150836e-02
<GCONST> 1.964611e+01
<TRANSP> 5
 0.000000e+00 1.000000e+00 0.000000e+00 0.000000e+00 0.000000e+00
 0.000000e+00 1.984702e-01 8.015298e-01 0.000000e+00 0.000000e+00
 0.000000e+00 0.000000e+00 5.021772e-01 4.978228e-01 0.000000e+00
 0.000000e+00 0.000000e+00 0.000000e+00 8.406044e-01 1.593956e-01
 0.000000e+00 0.000000e+00 0.000000e+00 0.000000e+00 0.000000e+00
<ENDHMM>
~h "bg_red_0_3"
<BEGINHMM>
<NUMSTATES> 5
<STATE> 2
<MEAN> 6
 3.280903e+02 3.782532e+00 1.626122e+00 9.834745e-01 5.254286e-01 2.532391e-01
<VARIANCE> 6
 5.097221e+03 1.103767e+01 1.833961e+00 4.410076e-01 1.943084e-01 1.042598e-02
<GCONST> 1.555105e+01
<STATE> 3
<MEAN> 6
 3.076900e+02 8.102316e+00 3.733215e+00 4.520808e+00 1.962302e+00 4.793617e-01
<VARIANCE> 6
 5.995568e+03 3.966137e+01 1.063248e+01 1.239466e+01 2.912423e+00 1.281295e-01
<GCONST> 2.730187e+01
<STATE> 4
<MEAN> 6
 3.388059e+02 7.112552e+00 4.009408e+00 2.468411e+00 1.172150e+00 6.133580e-01
<VARIANCE> 6
 6.487273e+03 4.255465e+01 1.541610e+01 3.070637e+00 8.692496e-01 2.428544e-01
<GCONST> 2.585753e+01
<TRANSP> 5
 0.000000e+00 1.000000e+00 0.000000e+00 0.000000e+00 0.000000e+00
 0.000000e+00 8.857731e-01 1.142269e-01 0.000000e+00 0.000000e+00
 0.000000e+00 0.000000e+00 4.590870e-01 5.409130e-01 0.000000e+00
 0.000000e+00 0.000000e+00 0.000000e+00 3.225135e-01 6.774866e-01
 0.000000e+00 0.000000e+00 0.000000e+00 0.000000e+00 0.000000e+00
<ENDHMM>
~h "bg_red_0_4"
<BEGINHMM>
<NUMSTATES> 5
<STATE> 2
<MEAN> 6
 2.361299e+02 1.688667e+01 7.327784e+00 3.993618e+00 1.707833e+00 8.229209e-01
<VARIANCE> 6
 1.053156e+04 4.247359e+02 3.879456e+01 1.345516e+01 1.500041e+00 5.037508e-01
<GCONST> 3.231832e+01
<STATE> 3
<MEAN> 6
 2.553409e+02 3.348756e+00 1.630505e+00 7.114391e-01 4.552357e-01 2.809989e-01
<VARIANCE> 6
 6.193483e+03 8.137287e+00 1.626076e+00 2.111218e-01 9.302638e-02 1.579843e-02
<GCONST> 1.426310e+01
<STATE> 4
<MEAN> 6
 2.110327e+02 1.336070e+01 7.836577e+00 3.566015e+00 2.084643e+00 7.122170e-01
<VARIANCE> 6
 6.455039e+03 1.386401e+02 3.548699e+01 4.839339e+00 2.411416e+00 3.143823e-01
<GCONST> 2.960077e+01
<TRANSP> 5
 0.000000e+00 1.000000e+00 0.000000e+00 0.000000e+00 0.000000e+00
 0.000000e+00 6.988358e-01 3.011642e-01 0.000000e+00 0.000000e+00
 0.000000e+00 0.000000e+00 8.954745e-01 1.045255e-01 0.000000e+00
 0.000000e+00 0.000000e+00 0.000000e+00 7.015076e-01 2.984925e-01
 0.000000e+00 0.000000e+00 0.000000e+00 0.000000e+00 0.000000e+00
<ENDHMM>
~h "bg_red_0_5"
<BEGINHMM>
<NUMSTATES> 5
<STATE> 2
<MEAN> 6
 1.845526e+02 7.123333e+00 4.800776e+00 2.579317e+00 1.470203e+00 7.587771e-01
<VARIANCE> 6
 5.717899e+03 5.114752e+01 1.502032e+01 3.228868e+00 1.064034e+00 5.964916e-01
<GCONST> 2.704025e+01
<STATE> 3
<MEAN> 6
 2.023821e+02 3.143692e+01 2.001420e+01 8.818274e+00 6.575225e+00 4.730714e+00
<VARIANCE> 6
 8.126454e+03 4.876486e+02 3.359345e+02 2.530025e+01 2.381159e+01 1.684455e+01
<GCONST> 4.126167e+01
<STATE> 4
<MEAN> 6
 2.290536e+02 1.122539e+01 8.853508e+00 4.813577e+00 2.967753e+00 1.712394e+00
<VARIANCE> 6
 1.307200e+04 1.391410e+02 5.986547e+01 8.696465e+00 3.024163e+00 2.335397e+00
<GCONST> 3.365081e+01
<TRANSP> 5
 0.000000e+00 1.000000e+00 0.000000e+00 0.000000e+00 0.000000e+00
 0.000000e+00 7.329393e-01 2.670607e-01 0.000000e+00 0.000000e+00
 0.000000e+00 0.000000e+00 4.342680e-01 5.657319e-01 0.000000e+00
 0.000000e+00 0.000000e+00 0.000000e+00 7.547030e-01 2.452970e-01
 0.000000e+00 0.000000e+00 0.000000e+00 0.000000e+00 0.000000e+00
<ENDHMM>
~h "fp_screen"
<BEGINHMM>
<NUMSTATES> 5
<STATE> 2
<MEAN> 6
 2.254217e+02 2.235799e+00 7.883816e+00 1.024564e+00 3.909819e+00 3.987297e-01
<VARIANCE> 6
 1.852422e+02 4.695764e+00 1.136731e+02 6.554017e-01 4.302033e+01 1.129594e-01
<GCONST> 2.368736e+01
<STATE> 3
<MEAN> 6
 2.277392e+02 3.567493e+00 4.647772e+00 1.615209e+00 2.287698e+00 9.089282e-01
<VARIANCE> 6
 2.148359e+02 2.812622e+01 5.783679e+01 5.391800e+00 1.058654e+01 2.729197e+00
<GCONST> 2.883993e+01
<STATE> 4
<MEAN> 6
 2.132286e+02 3.462712e+00 2.609966e+00 1.526142e+00 9.928502e-01 4.668413e-01
<VARIANCE> 6
 5.533535e+02 9.094284e+00 7.774751e+00 2.768127e+00 9.882543e-01 1.728111e-01
<GCONST> 2.085259e+01
<TRANSP> 5
 0.000000e+00 1.000000e+00 0.000000e+00 0.000000e+00 0.000000e+00
 0.000000e+00 3.615993e-01 6.384007e-01 0.000000e+00 0.000000e+00
 0.000000e+00 0.000000e+00 5.412969e-02 9.458703e-01 0.000000e+00
 0.000000e+00 0.000000e+00 0.000000e+00 3.460087e-01 6.539912e-01
 0.000000e+00 0.000000e+00 0.000000e+00 0.000000e+00 0.000000e+00
<ENDHMM>
~h "bg_board_0"
<BEGINHMM>
<NUMSTATES> 5
<STATE> 2
<MEAN> 6
 3.480598e+02 1.922820e+01 1.056987e+01 6.309546e+00 3.651082e+00 1.465820e+00
<VARIANCE> 6
 1.016933e+04 7.558845e+02 1.276629e+02 3.181816e+01 1.177848e+01 2.220229e+00
<GCONST> 3.845560e+01
<STATE> 3
<MEAN> 6
 3.353348e+02 2.618695e+01 1.408485e+01 9.437061e+00 5.138086e+00 2.927909e+00
<VARIANCE> 6
 8.296074e+03 6.317976e+02 1.439560e+02 5.147440e+01 1.641067e+01 5.936969e+00
<GCONST> 3.998909e+01
<STATE> 4
<MEAN> 6
 3.663146e+02 1.569226e+01 6.744868e+00 4.580285e+00 2.523634e+00 1.169981e+00
<VARIANCE> 6
 8.514293e+03 4.697950e+02 4.470197e+01 1.501968e+01 3.920564e+00 1.172501e+00
<GCONST> 3.426381e+01
<TRANSP> 5
 0.000000e+00 1.000000e+00 0.000000e+00 0.000000e+00 0.000000e+00
 0.000000e+00 9.938205e-06 9.999901e-01 0.000000e+00 0.000000e+00
 0.000000e+00 0.000000e+00 4.779516e-01 5.220485e-01 0.000000e+00
 0.000000e+00 0.000000e+00 0.000000e+00 1.650199e-01 8.349801e-01
 0.000000e+00 0.000000e+00 0.000000e+00 0.000000e+00 0.000000e+00
<ENDHMM>
~h "bg_board_1"
<BEGINHMM>
<NUMSTATES> 5
<STATE> 2
<MEAN> 6
 3.182674e+02 2.155259e+01 1.197309e+01 9.920146e+00 5.791893e+00 3.630500e+00
<VARIANCE> 6
 5.019729e+03 3.785177e+02 1.120120e+02 3.100430e+01 1.423982e+01 5.661844e+00
<GCONST> 3.802718e+01
<STATE> 3
<MEAN> 6
 3.860707e+02 3.591475e+01 1.788660e+01 1.497453e+01 6.515804e+00 4.365892e+00
<VARIANCE> 6
 1.178348e+04 1.064864e+03 3.920405e+02 1.788489e+02 2.739000e+01 1.456970e+01
<GCONST> 4.451934e+01
<STATE> 4
<MEAN> 6
 3.269798e+02 1.328679e+01 4.864344e+00 4.512990e+00 2.400942e+00 1.204889e+00
<VARIANCE> 6
 7.468856e+03 3.488456e+02 1.840875e+01 1.488739e+01 3.797671e+00 1.241731e+00
<GCONST> 3.296463e+01
<TRANSP> 5
 0.000000e+00 1.000000e+00 0.000000e+00 0.000000e+00 0.000000e+00
 0.000000e+00 7.093712e-01 2.906288e-01 0.000000e+00 0.000000e+00
 0.000000e+00 0.000000e+00 4.497269e-01 5.502731e-01 0.000000e+00
 0.000000e+00 0.000000e+00 0.000000e+00 2.860346e-01 7.139654e-01
 0.000000e+00 0.000000e+00 0.000000e+00 0.000000e+00 0.000000e+00
<ENDHMM>
~h "bg_board_2"
<BEGINHMM>
<NUMSTATES> 5
<STATE> 2
<MEAN> 6
 2.644285e+02 2.123635e+01 1.237772e+01 1.075355e+01 5.337420e+00 3.563528e+00
<VARIANCE> 6
 4.447204e+03 3.206907e+02 1.031704e+02 3.551598e+01 9.738323e+00 4.769574e+00
<GCONST> 3.724246e+01
<STATE> 3
<MEAN> 6
 3.104091e+02 2.384944e+01 1.404996e+01 7.711903e+00 4.147923e+00 2.317412e+00
<VARIANCE> 6
 9.658920e+03 6.940273e+02 2.929009e+02 4.628672e+01 1.581271e+01 6.007558e+00
<GCONST> 4.081393e+01
<STATE> 4
<MEAN> 6
 2.843722e+02 1.390965e+01 4.987095e+00 3.383627e+00 1.821918e+00 5.963628e-01
<VARIANCE> 6
 8.754466e+03 2.853119e+02 1.599808e+01 8.139532e+00 1.865722e+00 2.329479e-01
<GCONST> 2.979408e+01
<TRANSP> 5
 0.000000e+00 1.000000e+00 0.000000e+00 0.000000e+00 0.000000e+00
 0.000000e+00 8.086405e-01 1.913595e-01 0.000000e+00 0.000000e+00
 0.000000e+00 0.000000e+00 1.506735e-01 8.493265e-01 0.000000e+00
 0.000000e+00 0.000000e+00 0.000000e+00 6.650415e-01 3.349586e-01
 0.000000e+00 0.000000e+00 0.000000e+00 0.000000e+00 0.000000e+00
<ENDHMM>
~h "bg_board_3"
<BEGINHMM>
<NUMSTATES> 5
<STATE> 2
<MEAN> 6
 2.560842e+02 2.042918e+01 5.812269e+00 5.721313e+00 3.048674e+00 1.500235e+00
<VARIANCE> 6
 1.056901e+04 4.943958e+02 2.620518e+01 1.440707e+01 4.995085e+00 1.649703e+00
<GCONST> 3.453901e+01
<STATE> 3
<MEAN> 6
 2.758608e+02 2.564946e+01 1.069469e+01 8.173016e+00 4.466481e+00 2.708172e+00
<VARIANCE> 6
 9.839311e+03 7.310483e+02 1.304300e+02 4.039192e+01 1.142284e+01 5.474055e+00
<GCONST> 3.952098e+01
<STATE> 4
<MEAN> 6
 2.808352e+02 1.696764e+01 6.585896e+00 4.238566e+00 2.059464e+00 1.122558e+00
<VARIANCE> 6
 1.372303e+04 6.086838e+02 4.851373e+01 1.344626e+01 2.247607e+00 9.388434e-01
<GCONST> 3.419270e+01
<TRANSP> 5
 0.000000e+00 1.000000e+00 0.000000e+00 0.000000e+00 0.000000e+00
 0.000000e+00 4.398195e-01 5.601805e-01 0.000000e+00 0.000000e+00
 0.000000e+00 0.000000e+00 3.917433e-01 6.082566e-01 0.000000e+00
 0.000000e+00 0.000000e+00 0.000000e+00 2.409277e-01 7.590723e-01
 0.000000e+00 0.000000e+00 0.000000e+00 0.000000e+00 0.000000e+00
<ENDHMM>
~h "bg_board_4"
<BEGINHMM>
<NUMSTATES> 5
<STATE> 2
<MEAN> 6
 2.472703e+02 2.245772e+01 1.055687e+01 8.727259e+00 4.580126e+00 2.883281e+00
<VARIANCE> 6
 6.759558e+03 4.927092e+02 9.936212e+01 2.916851e+01 7.185753e+00 4.254119e+00
<GCONST> 3.743774e+01
<STATE> 3
<MEAN> 6
 2.760244e+02 8.965818e+01 5.494376e+00 1.147298e+01 1.783881e+00 6.715484e-01
<VARIANCE> 6
 9.187267e+03 8.838650e+03 3.164121e+01 8.197225e+01 3.012066e+00 6.571086e-01
<GCONST> 3.778329e+01
<STATE> 4
<MEAN> 6
 2.637585e+02 1.155620e+01 4.703421e+00 3.015969e+00 1.505436e+00 5.800270e-01
<VARIANCE> 6
 7.779084e+03 3.287529e+02 1.533250e+01 7.177720e+00 1.176685e+00 2.331335e-01
<GCONST> 2.918928e+01
<TRANSP> 5
 0.000000e+00 1.000000e+00 0.000000e+00 0.000000e+00 0.000000e+00
 0.000000e+00 6.979340e-01 3.020661e-01 0.000000e+00 0.000000e+00
 0.000000e+00 0.000000e+00 3.934767e-01 6.065232e-01 0.000000e+00
 0.000000e+00 0.000000e+00 0.000000e+00 7.137251e-01 2.862749e-01
 0.000000e+00 0.000000e+00 0.000000e+00 0.000000e+00 0.000000e+00
<ENDHMM>
~h "bg_board_5"
<BEGINHMM>
<NUMSTATES> 5
<STATE> 2
<MEAN> 6
 2.746970e+02 1.905321e+01 7.623354e+00 7.360507e+00 3.736216e+00 2.288179e+00
<VARIANCE> 6
 6.382992e+03 5.240447e+02 3.919231e+01 2.104152e+01 5.117893e+00 3.140688e+00
<GCONST> 3.554240e+01
<STATE> 3
<MEAN> 6
 3.056224e+02 2.919292e+01 1.064243e+01 8.526701e+00 3.969868e+00 2.170919e+00
<VARIANCE> 6
 8.899311e+03 2.593438e+03 1.558700e+02 5.773907e+01 1.774696e+01 6.095138e+00
<GCONST> 4.177039e+01
<STATE> 4
<MEAN> 6
 3.435021e+02 9.999108e+00 5.010081e+00 2.761731e+00 1.540684e+00 6.350182e-01
<VARIANCE> 6
 1.010177e+04 3.314295e+02 2.399398e+01 8.710147e+00 1.911872e+00 5.723878e-01
<GCONST> 3.148358e+01
<TRANSP> 5
 0.000000e+00 1.000000e+00 0.000000e+00 0.000000e+00 0.000000e+00
 0.000000e+00 6.426467e-01 3.573533e-01 0.000000e+00 0.000000e+00
 0.000000e+00 0.000000e+00 3.519095e-01 6.480905e-01 0.000000e+00
 0.000000e+00 0.000000e+00 0.000000e+00 7.565531e-01 2.434469e-01
 0.000000e+00 0.000000e+00 0.000000e+00 0.000000e+00 0.000000e+00
<ENDHMM>
~h "fp_key"
<BEGINHMM>
<NUMSTATES> 5
<STATE> 2
<MEAN> 6
 2.638106e+02 5.113346e+00 1.056738e+01 1.318083e+00 3.865539e+00 7.434529e-01
<VARIANCE> 6
 6.772496e+03 6.468561e+01 2.446872e+02 2.840373e+00 1.884933e+01 6.397638e-01
<GCONST> 3.305117e+01
<STATE> 3
<MEAN> 6
 4.412375e+02 6.119979e+01 4.067503e+01 1.361615e+01 1.179199e+01 4.722102e+00
<VARIANCE> 6
 2.439830e+04 2.874867e+03 2.141503e+03 1.283073e+02 1.114073e+02 2.050171e+01
<GCONST> 4.935069e+01
<STATE> 4
<MEAN> 6
 2.826845e+02 3.125870e+00 2.230837e+00 9.152082e-01 7.574670e-01 3.573701e-01
<VARIANCE> 6
 1.348493e+03 2.211267e+01 1.683347e+01 1.039511e+00 1.302577e+00 1.161280e-01
<GCONST> 2.230356e+01
<TRANSP> 5
 0.000000e+00 1.000000e+00 0.000000e+00 0.000000e+00 0.000000e+00
 0.000000e+00 7.161653e-01 2.838347e-01 0.000000e+00 0.000000e+00
 0.000000e+00 0.000000e+00 7.415619e-01 2.584381e-01 0.000000e+00
 0.000000e+00 0.000000e+00 0.000000e+00 8.285137e-01 1.714862e-01
 0.000000e+00 0.000000e+00 0.000000e+00 0.000000e+00 0.000000e+00
<ENDHMM>
~h "fp_logo"
<BEGINHMM>
<NUMSTATES> 5
<STATE> 2
<MEAN> 6
 1.333197e+02 9.941439e+00 2.165376e+01 2.725983e+00 7.453628e+00 4.736983e-01
<VARIANCE> 6
 6.347692e+02 2.693008e+02 1.342665e+02 3.698592e+01 3.091947e+01 3.158058e-01
<GCONST> 3.386548e+01
<STATE> 3
<MEAN> 6
 1.364566e+02 1.483846e+01 2.442360e+00 5.170305e+00 1.946369e+00 4.446554e-01
<VARIANCE> 6
 4.047363e+02 2.067852e+02 2.909424e+00 3.453085e+01 1.116425e+00 1.892395e-01
<GCONST> 2.541738e+01
<STATE> 4
<MEAN> 6
 1.451378e+02 4.361252e+00 1.822832e+00 5.518013e-01 5.686858e-01 2.619556e-01
<VARIANCE> 6
 4.698271e+02 3.800641e+01 1.410320e+00 3.191385e-01 7.835091e-02 1.128792e-02
<GCONST> 1.298849e+01
<TRANSP> 5
 0.000000e+00 1.000000e+00 0.000000e+00 0.000000e+00 0.000000e+00
 0.000000e+00 3.286362e-02 9.671364e-01 0.000000e+00 0.000000e+00
 0.000000e+00 0.000000e+00 3.333333e-01 6.666666e-01 0.000000e+00
 0.000000e+00 0.000000e+00 0.000000e+00 4.184830e-01 5.815170e-01
 0.000000e+00 0.000000e+00 0.000000e+00 0.000000e+00 0.000000e+00
<ENDHMM>
