~o
<STREAMINFO> 1 6
<VECSIZE> 6<NULLD><MFCC><DIAGC>
~h "fp_logo_0"
<BEGINHMM>
<NUMSTATES> 5
<STATE> 2
<MEAN> 6
 9.145224e+01 4.708659e+00 2.115453e+00 1.540530e+00 8.813965e-01 4.531171e-01
<VARIANCE> 6
 9.324541e+02 8.787059e+01 3.216245e+00 4.959812e+00 6.255174e-01 1.104060e-01
<GCONST> 2.243776e+01
<STATE> 3
<MEAN> 6
 1.212561e+02 2.410436e+01 5.331424e+00 4.633113e+00 2.717927e+00 1.190992e+00
<VARIANCE> 6
 1.121702e+03 4.433966e+02 1.635044e+01 1.751653e+01 3.229103e+00 1.194680e+00
<GCONST> 3.115182e+01
<STATE> 4
<MEAN> 6
 1.065584e+02 4.676499e+00 2.396265e+00 1.320165e+00 8.294089e-01 3.299495e-01
<VARIANCE> 6
 9.460135e+02 4.560720e+01 3.455133e+00 3.400913e+00 3.079695e-01 2.916120e-02
<GCONST> 1.945082e+01
<TRANSP> 5
 0.000000e+00 1.000000e+00 0.000000e+00 0.000000e+00 0.000000e+00
 0.000000e+00 5.424837e-01 4.575163e-01 0.000000e+00 0.000000e+00
 0.000000e+00 0.000000e+00 6.302762e-01 3.697238e-01 0.000000e+00
 0.000000e+00 0.000000e+00 0.000000e+00 7.204565e-01 2.795435e-01
 0.000000e+00 0.000000e+00 0.000000e+00 0.000000e+00 0.000000e+00
<ENDHMM>
~h "fp_logo_1"
<BEGINHMM>
<NUMSTATES> 5
<STATE> 2
<MEAN> 6
 1.113110e+02 6.098157e+00 3.729712e+00 2.707427e+00 1.669316e+00 8.088850e-01
<VARIANCE> 6
 9.587471e+02 1.166491e+02 7.961402e+00 9.195324e+00 1.046420e+00 4.770696e-01
<GCONST> 2.625064e+01
<STATE> 3
<MEAN> 6
 3.010388e+02 6.822312e+01 6.690988e+01 1.833005e+01 2.089106e+01 8.863212e+00
<VARIANCE> 6
 2.608538e+04 3.868083e+03 4.917889e+03 1.671985e+02 2.576230e+02 4.227098e+01
<GCONST> 5.237232e+01
<STATE> 4
<MEAN> 6
 1.308743e+02 1.004511e+01 4.952156e+00 5.650858e+00 3.608052e+00 3.317488e+00
<VARIANCE> 6
 6.901889e+02 1.756261e+02 2.589449e+01 3.324477e+01 6.723109e+00 6.394532e+00
<GCONST> 3.325151e+01
<TRANSP> 5
 0.000000e+00 1.000000e+00 0.000000e+00 0.000000e+00 0.000000e+00
 0.000000e+00 3.752470e-01 6.247530e-01 0.000000e+00 0.000000e+00
 0.000000e+00 0.000000e+00 6.067439e-01 3.932560e-01 0.000000e+00
 0.000000e+00 0.000000e+00 0.000000e+00 3.354309e-01 6.645691e-01
 0.000000e+00 0.000000e+00 0.000000e+00 0.000000e+00 0.000000e+00
<ENDHMM>
~h "fp_logo_2"
<BEGINHMM>
<NUMSTATES> 5
<STATE> 2
<MEAN> 6
 1.582430e+02 2.440773e+01 2.500656e+01 9.256898e+00 7.896006e+00 4.154964e+00
<VARIANCE> 6
 2.229675e+03 7.083760e+02 1.668380e+03 9.650463e+01 1.244754e+02 3.356528e+01
<GCONST> 4.562665e+01
<STATE> 3
<MEAN> 6
 3.052319e+02 6.145024e+01 8.928973e+01 1.749870e+01 2.390965e+01 7.165204e+00
<VARIANCE> 6
 2.277445e+04 4.186940e+03 7.818775e+03 2.599628e+02 3.667784e+02 2.978376e+01
<GCONST> 5.322393e+01
<STATE> 4
<MEAN> 6
 1.303820e+02 8.609478e+00 4.202566e+00 5.527088e+00 1.963443e+00 1.717720e+00
<VARIANCE> 6
 1.413064e+03 1.630896e+02 1.433130e+01 3.763134e+01 9.224172e-01 2.341644e+00
<GCONST> 3.043546e+01
<TRANSP> 5
 0.000000e+00 1.000000e+00 0.000000e+00 0.000000e+00 0.000000e+00
 0.000000e+00 1.633996e-03 9.983660e-01 0.000000e+00 0.000000e+00
 0.000000e+00 0.000000e+00 6.329662e-01 3.670338e-01 0.000000e+00
 0.000000e+00 0.000000e+00 0.000000e+00 5.270562e-01 4.729438e-01
 0.000000e+00 0.000000e+00 0.000000e+00 0.000000e+00 0.000000e+00
<ENDHMM>
~h "fp_logo_3"
<BEGINHMM>
<NUMSTATES> 5
<STATE> 2
<MEAN> 6
 1.469333e+02 1.080297e+01 6.613036e+00 6.717916e+00 2.753478e+00 2.321643e+00
<VARIANCE> 6
 1.504177e+03 4.910693e+02 8.329337e+01 8.518665e+01 4.475163e+00 5.936161e+00
<GCONST> 3.668667e+01
<STATE> 3
<MEAN> 6
 1.553696e+02 1.403462e+01 6.287222e+00 6.659835e+00 2.829121e+00 1.767460e+00
<VARIANCE> 6
 1.443909e+03 4.266782e+02 8.837463e+01 9.735400e+01 9.662203e+00 4.773593e+00
<GCONST> 3.724966e+01
<STATE> 4
<MEAN> 6
 1.417518e+02 4.084329e+00 3.173338e+00 1.490668e+00 1.040042e+00 3.970147e-01
<VARIANCE> 6
 1.055746e+03 2.367985e+01 6.285008e+00 3.330871e+00 4.500970e-01 4.059342e-02
<GCONST> 2.019285e+01
<TRANSP> 5
 0.000000e+00 1.000000e+00 0.000000e+00 0.000000e+00 0.000000e+00
 0.000000e+00 1.296686e-01 8.703314e-01 0.000000e+00 0.000000e+00
 0.000000e+00 0.000000e+00 3.838191e-02 9.616181e-01 0.000000e+00
 0.000000e+00 0.000000e+00 0.000000e+00 8.254295e-01 1.745705e-01
 0.000000e+00 0.000000e+00 0.000000e+00 0.000000e+00 0.000000e+00
<ENDHMM>
~h "fp_logo_4"
<BEGINHMM>
<NUMSTATES> 5
<STATE> 2
<MEAN> 6
 1.826486e+02 1.253575e+01 3.219648e+00 9.622093e+00 1.712945e+00 5.625969e-01
<VARIANCE> 6
 4.550303e+02 1.561587e+02 6.334865e+00 3.740711e+01 8.003788e-01 6.979841e-02
<GCONST> 2.478162e+01
<STATE> 3
<MEAN> 6
 2.072158e+02 5.915387e+01 7.521080e+00 1.650698e+01 2.282567e+00 8.489686e-01
<VARIANCE> 6
 2.219359e+03 2.101344e+03 7.992868e+01 1.311047e+02 1.762004e+00 3.648151e-01
<GCONST> 3.519778e+01
<STATE> 4
<MEAN> 6
 2.297164e+02 4.301748e+00 4.121481e+00 1.729769e+00 1.555358e+00 5.793967e-01
<VARIANCE> 6
 5.195430e+02 1.177763e+01 1.133993e+01 1.283255e+00 5.948277e-01 1.792841e-01
<GCONST> 2.018587e+01
<TRANSP> 5
 0.000000e+00 1.000000e+00 0.000000e+00 0.000000e+00 0.000000e+00
 0.000000e+00 7.119538e-01 2.880462e-01 0.000000e+00 0.000000e+00
 0.000000e+00 0.000000e+00 6.447046e-01 3.552954e-01 0.000000e+00
 0.000000e+00 0.000000e+00 0.000000e+00 8.535010e-01 1.464990e-01
 0.000000e+00 0.000000e+00 0.000000e+00 0.000000e+00 0.000000e+00
<ENDHMM>
~h "fp_logo_5"
<BEGINHMM>
<NUMSTATES> 5
<STATE> 2
<MEAN> 6
 2.397387e+02 5.432402e+00 4.491541e+00 1.908955e+00 1.728467e+00 8.236424e-01
<VARIANCE> 6
 1.326925e+03 3.843747e+01 2.770129e+01 1.534577e+00 1.212277e+00 5.369833e-01
<GCONST> 2.518736e+01
<STATE> 3
<MEAN> 6
 2.402972e+02 1.067687e+01 6.375288e+00 3.577546e+00 3.570971e+00 2.425978e+00
<VARIANCE> 6
 1.340759e+03 1.032744e+02 2.584553e+01 4.834789e+00 7.126046e+00 9.138844e+00
<GCONST> 3.186991e+01
<STATE> 4
<MEAN> 6
 2.849820e+02 3.134445e+00 3.478146e+00 1.481989e+00 1.689191e+00 5.193228e-01
<VARIANCE> 6
 3.548311e+02 6.388969e+00 8.713826e+00 5.703796e-01 1.000963e+00 2.588589e-01
<GCONST> 1.900643e+01
<TRANSP> 5
 0.000000e+00 1.000000e+00 0.000000e+00 0.000000e+00 0.000000e+00
 0.000000e+00 2.126849e-01 7.873151e-01 0.000000e+00 0.000000e+00
 0.000000e+00 0.000000e+00 3.758234e-01 6.241767e-01 0.000000e+00
 0.000000e+00 0.000000e+00 0.000000e+00 8.939599e-01 1.060400e-01
 0.000000e+00 0.000000e+00 0.000000e+00 0.000000e+00 0.000000e+00
<ENDHMM>
~h "bg_white_0"
<BEGINHMM>
<NUMSTATES> 5
<STATE> 2
<MEAN> 6
 7.312676e+02 3.272613e+00 5.654815e+00 1.271524e+00 2.117215e+00 6.852916e-01
<VARIANCE> 6
 1.032405e+04 7.414588e+01 3.774066e+02 4.585026e+00 2.277073e+01 1.011337e+00
<GCONST> 3.516840e+01
<STATE> 3
<MEAN> 6
 6.587836e+02 6.658202e+01 2.525707e+01 1.672448e+01 8.976456e+00 3.977521e+00
<VARIANCE> 6
 9.402025e+03 6.848212e+03 2.055655e+03 2.861704e+02 1.070493e+02 3.885709e+01
<GCONST> 5.062580e+01
<STATE> 4
<MEAN> 6
 7.382659e+02 4.253639e+00 6.686127e+00 1.991904e+00 2.385623e+00 9.424623e-01
<VARIANCE> 6
 6.405923e+03 9.105654e+01 4.731995e+02 1.621598e+01 2.485243e+01 1.725670e+00
<GCONST> 3.700781e+01
<TRANSP> 5
 0.000000e+00 1.000000e+00 0.000000e+00 0.000000e+00 0.000000e+00
 0.000000e+00 8.148761e-01 1.851239e-01 0.000000e+00 0.000000e+00
 0.000000e+00 0.000000e+00 4.900855e-01 5.099145e-01 0.000000e+00
 0.000000e+00 0.000000e+00 0.000000e+00 1.491409e-01 8.508591e-01
 0.000000e+00 0.000000e+00 0.000000e+00 0.000000e+00 0.000000e+00
<ENDHMM>
~h "fp_screen_0"
<BEGINHMM>
<NUMSTATES> 5
<STATE> 2
<MEAN> 6
 1.723962e+02 6.310213e+00 1.253357e+01 2.385039e+00 4.007620e+00 1.109634e+00
<VARIANCE> 6
 1.553324e+04 5.793954e+01 3.656666e+02 2.080517e+00 2.749035e+01 1.900646e+00
<GCONST> 3.532777e+01
<STATE> 3
<MEAN> 6
 3.891003e+02 1.586497e+01 3.535162e+01 6.234432e+00 9.884871e+00 3.234205e+00
<VARIANCE> 6
 2.233834e+04 2.121658e+02 1.636312e+03 6.741171e+01 7.422098e+01 2.574542e+01
<GCONST> 4.556501e+01
<STATE> 4
<MEAN> 6
 3.743225e+02 9.544818e+00 3.147317e+00 3.171000e+00 1.322334e+00 7.898747e-01
<VARIANCE> 6
 2.729685e+04 9.124981e+01 1.543230e+01 1.380992e+01 1.487900e+00 1.238770e+00
<GCONST> 3.172872e+01
<TRANSP> 5
 0.000000e+00 1.000000e+00 0.000000e+00 0.000000e+00 0.000000e+00
 0.000000e+00 5.154452e-01 4.845547e-01 0.000000e+00 0.000000e+00
 0.000000e+00 0.000000e+00 1.948751e-01 8.051249e-01 0.000000e+00
 0.000000e+00 0.000000e+00 0.000000e+00 3.417414e-01 6.582587e-01
 0.000000e+00 0.000000e+00 0.000000e+00 0.000000e+00 0.000000e+00
<ENDHMM>
~h "fp_screen_1"
<BEGINHMM>
<NUMSTATES> 5
<STATE> 2
<MEAN> 6
 4.663455e+02 5.927821e+00 1.383647e+00 1.108907e+00 6.116807e-01 4.818352e-01
<VARIANCE> 6
 7.960853e+03 3.238461e+01 2.024792e+00 2.648317e+00 2.991082e-01 3.404062e-01
<GCONST> 2.288206e+01
<STATE> 3
<MEAN> 6
 5.564779e+02 3.423953e+01 3.299562e+01 9.047200e+00 9.551378e+00 4.701615e+00
<VARIANCE> 6
 4.943086e+04 1.427507e+03 1.610168e+03 6.928128e+01 8.326124e+01 2.102954e+01
<GCONST> 4.818946e+01
<STATE> 4
<MEAN> 6
 4.366193e+02 1.900489e+01 9.079655e+00 6.269514e+00 3.515727e+00 1.916652e+00
<VARIANCE> 6
 3.017719e+04 4.506624e+02 3.618115e+02 4.147311e+01 2.751224e+01 4.764829e+00
<GCONST> 4.194489e+01
<TRANSP> 5
 0.000000e+00 1.000000e+00 0.000000e+00 0.000000e+00 0.000000e+00
 0.000000e+00 8.613228e-01 1.386772e-01 0.000000e+00 0.000000e+00
 0.000000e+00 0.000000e+00 3.922579e-01 6.077421e-01 0.000000e+00
 0.000000e+00 0.000000e+00 0.000000e+00 1.461876e-01 8.538124e-01
 0.000000e+00 0.000000e+00 0.000000e+00 0.000000e+00 0.000000e+00
<ENDHMM>
~h "fp_screen_2"
<BEGINHMM>
<NUMSTATES> 5
<STATE> 2
<MEAN> 6
 4.338910e+02 1.918261e+01 1.506048e+01 6.426806e+00 5.830019e+00 2.948297e+00
<VARIANCE> 6
 2.407566e+04 5.223965e+02 8.951287e+02 4.036627e+01 6.135531e+01 1.343418e+01
<GCONST> 4.458409e+01
<STATE> 3
<MEAN> 6
 6.424780e+02 6.939874e+01 5.115365e+01 1.898500e+01 1.689731e+01 7.946692e+00
<VARIANCE> 6
 3.351653e+04 3.014892e+03 2.953030e+03 1.370094e+02 2.581145e+02 4.917887e+01
<GCONST> 5.181788e+01
<STATE> 4
<MEAN> 6
 3.449461e+02 3.175962e+01 4.626600e+00 5.805314e+00 2.012383e+00 1.227967e+00
<VARIANCE> 6
 2.189475e+04 6.234923e+02 2.097848e+01 2.183401e+01 2.732810e+00 1.611170e+00
<GCONST> 3.506586e+01
<TRANSP> 5
 0.000000e+00 1.000000e+00 0.000000e+00 0.000000e+00 0.000000e+00
 0.000000e+00 3.328055e-02 9.667194e-01 0.000000e+00 0.000000e+00
 0.000000e+00 0.000000e+00 7.553164e-01 2.446835e-01 0.000000e+00
 0.000000e+00 0.000000e+00 0.000000e+00 7.002213e-01 2.997787e-01
 0.000000e+00 0.000000e+00 0.000000e+00 0.000000e+00 0.000000e+00
<ENDHMM>
~h "fp_screen_3"
<BEGINHMM>
<NUMSTATES> 5
<STATE> 2
<MEAN> 6
 3.135407e+02 3.074230e+01 6.018307e+00 1.060801e+01 2.872947e+00 1.993646e+00
<VARIANCE> 6
 2.078461e+04 7.398079e+02 3.470517e+01 6.357495e+01 4.757229e+00 3.738477e+00
<GCONST> 3.815307e+01
<STATE> 3
<MEAN> 6
 5.071180e+02 3.950222e+01 2.716935e+01 1.111897e+01 7.139441e+00 3.948391e+00
<VARIANCE> 6
 3.509495e+04 2.058586e+03 2.069743e+03 1.235478e+02 7.722547e+01 1.609552e+01
<GCONST> 4.869993e+01
<STATE> 4
<MEAN> 6
 3.860110e+02 7.293983e+00 2.547691e+00 1.326175e+00 7.508653e-01 4.138872e-01
<VARIANCE> 6
 7.294832e+03 3.203600e+01 5.376958e+00 9.598955e-01 2.999739e-01 7.620546e-02
<GCONST> 2.125185e+01
<TRANSP> 5
 0.000000e+00 1.000000e+00 0.000000e+00 0.000000e+00 0.000000e+00
 0.000000e+00 6.265118e-01 3.734882e-01 0.000000e+00 0.000000e+00
 0.000000e+00 0.000000e+00 4.350215e-01 5.649785e-01 0.000000e+00
 0.000000e+00 0.000000e+00 0.000000e+00 9.328066e-01 6.719346e-02
 0.000000e+00 0.000000e+00 0.000000e+00 0.000000e+00 0.000000e+00
<ENDHMM>
~h "fp_screen_4"
<BEGINHMM>
<NUMSTATES> 5
<STATE> 2
<MEAN> 6
 3.544380e+02 7.781864e+00 5.037632e+00 1.287938e+00 9.646727e-01 4.961208e-01
<VARIANCE> 6
 7.395471e+03 4.078928e+01 2.138367e+01 1.317077e+00 4.568289e-01 9.564649e-02
<GCONST> 2.385181e+01
<STATE> 3
<MEAN> 6
 3.382384e+02 1.509991e+01 3.943522e+01 6.557301e+00 8.996105e+00 2.663636e+00
<VARIANCE> 6
 3.210824e+04 5.868193e+02 2.025627e+03 6.966182e+01 1.032911e+02 1.173100e+01
<GCONST> 4.673592e+01
<STATE> 4
<MEAN> 6
 1.887943e+02 5.561995e+00 7.300043e+00 2.086235e+00 2.140320e+00 7.403604e-01
<VARIANCE> 6
 1.821931e+03 2.210340e+01 4.254586e+01 2.740458e+00 2.466330e+00 2.414097e-01
<GCONST> 2.587083e+01
<TRANSP> 5
 0.000000e+00 1.000000e+00 0.000000e+00 0.000000e+00 0.000000e+00
 0.000000e+00 8.075252e-01 1.924748e-01 0.000000e+00 0.000000e+00
 0.000000e+00 0.000000e+00 2.625515e-01 7.374485e-01 0.000000e+00
 0.000000e+00 0.000000e+00 0.000000e+00 7.319898e-01 2.680102e-01
 0.000000e+00 0.000000e+00 0.000000e+00 0.000000e+00 0.000000e+00
<ENDHMM>
~h "fp_screen_5"
<BEGINHMM>
<NUMSTATES> 5
<STATE> 2
<MEAN> 6
 2.018010e+02 6.952855e+00 9.757281e+00 2.932860e+00 4.397210e+00 1.396586e+00
<VARIANCE> 6
 2.110234e+03 3.487658e+01 6.925306e+01 1.271453e+01 9.493361e+00 1.739120e+00
<GCONST> 3.181812e+01
<STATE> 3
<MEAN> 6
 2.608341e+02 8.357906e+00 2.687097e+01 2.751237e+00 8.183637e+00 1.508215e+00
<VARIANCE> 6
 1.457209e+03 1.199374e+02 3.247736e+02 4.307715e+00 2.677859e+01 1.934602e+00
<GCONST> 3.428955e+01
<STATE> 4
<MEAN> 6
 3.461266e+02 2.441699e+00 3.105312e+00 1.156409e+00 1.361304e+00 3.896996e-01
<VARIANCE> 6
 7.622672e+02 4.324245e+00 5.696103e+00 4.571477e-01 7.365922e-01 6.418370e-02
<GCONST> 1.703310e+01
<TRANSP> 5
 0.000000e+00 1.000000e+00 0.000000e+00 0.000000e+00 0.000000e+00
 0.000000e+00 2.063339e-01 7.936661e-01 0.000000e+00 0.000000e+00
 0.000000e+00 0.000000e+00 3.342808e-01 6.657192e-01 0.000000e+00
 0.000000e+00 0.000000e+00 0.000000e+00 8.857577e-01 1.142423e-01
 0.000000e+00 0.000000e+00 0.000000e+00 0.000000e+00 0.000000e+00
<ENDHMM>
~h "bg_white_0_0"
<BEGINHMM>
<NUMSTATES> 5
<STATE> 2
<MEAN> 6
 7.559293e+02 2.675083e+00 1.695096e+00 9.553601e-01 6.478249e-01 2.517589e-01
<VARIANCE> 6
 1.238734e+03 1.989401e+01 7.049709e+00 2.735357e+00 8.710537e-01 3.463746e-02
<GCONST> 2.059790e+01
<STATE> 3
<MEAN> 6
 7.339130e+02 2.068221e+01 1.007092e+01 6.830196e+00 6.545295e+00 4.608261e+00
<VARIANCE> 6
 3.754286e+03 8.787473e+02 2.115097e+02 6.663353e+01 7.494696e+01 3.460933e+01
<GCONST> 4.345080e+01
<STATE> 4
<MEAN> 6
 7.385251e+02 1.545236e+01 5.250098e+00 7.392155e+00 5.218386e+00 3.693749e+00
<VARIANCE> 6
 3.196277e+03 4.897765e+02 4.518708e+01 5.994066e+01 4.307793e+01 1.760391e+01
<GCONST> 3.982626e+01
<TRANSP> 5
 0.000000e+00 1.000000e+00 0.000000e+00 0.000000e+00 0.000000e+00
 0.000000e+00 8.447693e-01 1.552307e-01 0.000000e+00 0.000000e+00
 0.000000e+00 0.000000e+00 2.398746e-01 7.601255e-01 0.000000e+00
 0.000000e+00 0.000000e+00 0.000000e+00 2.492105e-01 7.507895e-01
 0.000000e+00 0.000000e+00 0.000000e+00 0.000000e+00 0.000000e+00
<ENDHMM>
~h "bg_white_0_1"
<BEGINHMM>
<NUMSTATES> 5
<STATE> 2
<MEAN> 6
 7.532522e+02 6.681713e+00 3.263741e+00 3.611254e+00 2.870373e+00 2.587358e+00
<VARIANCE> 6
 1.299922e+03 7.132102e+01 1.370101e+01 1.161806e+01 6.269958e+00 4.881325e+00
<GCONST> 3.095573e+01
<STATE> 3
<MEAN> 6
 6.762419e+02 5.708997e+01 1.918370e+01 1.843707e+01 1.571540e+01 1.158602e+01
<VARIANCE> 6
 2.472312e+03 1.317140e+03 3.143586e+02 8.314846e+01 8.106008e+01 3.928204e+01
<GCONST> 4.426051e+01
<STATE> 4
<MEAN> 6
 7.314815e+02 2.164159e+01 9.481586e+00 9.764736e+00 6.858212e+00 5.693666e+00
<VARIANCE> 6
 3.313629e+03 5.769657e+02 9.736421e+01 6.265477e+01 3.628346e+01 2.251095e+01
<GCONST> 4.091231e+01
<TRANSP> 5
 0.000000e+00 1.000000e+00 0.000000e+00 0.000000e+00 0.000000e+00
 0.000000e+00 6.553984e-01 3.446015e-01 0.000000e+00 0.000000e+00
 0.000000e+00 0.000000e+00 8.170407e-01 1.829593e-01 0.000000e+00
 0.000000e+00 0.000000e+00 0.000000e+00 1.170459e-01 8.829542e-01
 0.000000e+00 0.000000e+00 0.000000e+00 0.000000e+00 0.000000e+00
<ENDHMM>
~h "bg_white_0_2"
<BEGINHMM>
<NUMSTATES> 5
<STATE> 2
<MEAN> 6
 7.502438e+02 9.203123e+00 4.571743e+00 5.089491e+00 4.273621e+00 3.631501e+00
<VARIANCE> 6
 1.316597e+03 1.161529e+02 2.521109e+01 1.834974e+01 1.626048e+01 9.300508e+00
<GCONST> 3.412068e+01
<STATE> 3
<MEAN> 6
 6.737895e+02 5.267214e+01 2.224502e+01 1.975720e+01 1.592354e+01 1.120586e+01
<VARIANCE> 6
 3.181762e+03 1.350429e+03 3.668123e+02 1.140048e+02 9.336912e+01 3.561912e+01
<GCONST> 4.505117e+01
<STATE> 4
<MEAN> 6
 7.147737e+02 3.325280e+01 9.231805e+00 1.280344e+01 9.042254e+00 6.504577e+00
<VARIANCE> 6
 4.597164e+03 1.115362e+03 7.991172e+01 8.075925e+01 6.008218e+01 2.277271e+01
<GCONST> 4.247106e+01
<TRANSP> 5
 0.000000e+00 1.000000e+00 0.000000e+00 0.000000e+00 0.000000e+00
 0.000000e+00 6.818609e-01 3.181391e-01 0.000000e+00 0.000000e+00
 0.000000e+00 0.000000e+00 7.290105e-01 2.709895e-01 0.000000e+00
 0.000000e+00 0.000000e+00 0.000000e+00 3.661116e-02 9.633889e-01
 0.000000e+00 0.000000e+00 0.000000e+00 0.000000e+00 0.000000e+00
<ENDHMM>
~h "bg_white_0_3"
<BEGINHMM>
<NUMSTATES> 5
<STATE> 2
<MEAN> 6
 7.226154e+02 3.050065e+01 1.021331e+01 1.213061e+01 1.000710e+01 6.672081e+00
<VARIANCE> 6
 3.388430e+03 7.902377e+02 1.034408e+02 6.673640e+01 6.401481e+01 2.287358e+01
<GCONST> 4.195656e+01
<STATE> 3
<MEAN> 6
 6.840459e+02 5.517612e+01 1.984341e+01 1.842997e+01 1.433727e+01 1.048082e+01
<VARIANCE> 6
 3.412441e+03 1.564776e+03 3.327160e+02 9.085654e+01 8.307929e+01 3.794852e+01
<GCONST> 4.489054e+01
<STATE> 4
<MEAN> 6
 7.502896e+02 7.814171e+00 4.917417e+00 4.756145e+00 3.389163e+00 2.633500e+00
<VARIANCE> 6
 2.882966e+03 1.020523e+02 3.260880e+01 2.402382e+01 9.861593e+00 5.539590e+00
<GCONST> 3.428352e+01
<TRANSP> 5
 0.000000e+00 1.000000e+00 0.000000e+00 0.000000e+00 0.000000e+00
 0.000000e+00 3.273617e-01 6.726383e-01 0.000000e+00 0.000000e+00
 0.000000e+00 0.000000e+00 6.911064e-01 3.088936e-01 0.000000e+00
 0.000000e+00 0.000000e+00 0.000000e+00 2.046713e-01 7.953286e-01
 0.000000e+00 0.000000e+00 0.000000e+00 0.000000e+00 0.000000e+00
<ENDHMM>
~h "bg_white_0_4"
<BEGINHMM>
<NUMSTATES> 5
<STATE> 2
<MEAN> 6
 7.593965e+02 5.206516e+00 2.322396e+00 2.662373e+00 1.896804e+00 1.842396e+00
<VARIANCE> 6
 8.513709e+02 4.295583e+01 6.883654e+00 7.010357e+00 2.856412e+00 4.048460e+00
<GCONST> 2.785872e+01
<STATE> 3
<MEAN> 6
 6.778508e+02 5.360846e+01 1.881706e+01 1.620126e+01 1.261300e+01 8.280354e+00
<VARIANCE> 6
 9.507448e+03 2.966851e+03 3.857777e+02 1.224705e+02 1.016861e+02 4.285453e+01
<GCONST> 4.732518e+01
<STATE> 4
<MEAN> 6
 7.031215e+02 7.372425e+00 5.966951e+00 3.789516e+00 4.162674e+00 2.417445e+00
<VARIANCE> 6
 3.191539e+04 1.083020e+02 6.398600e+01 2.367665e+01 2.876951e+01 8.782236e+00
<GCONST> 3.893823e+01
<TRANSP> 5
 0.000000e+00 1.000000e+00 0.000000e+00 0.000000e+00 0.000000e+00
 0.000000e+00 8.412938e-01 1.587062e-01 0.000000e+00 0.000000e+00
 0.000000e+00 0.000000e+00 6.904622e-01 3.095377e-01 0.000000e+00
 0.000000e+00 0.000000e+00 0.000000e+00 2.078914e-01 7.921086e-01
 0.000000e+00 0.000000e+00 0.000000e+00 0.000000e+00 0.000000e+00
<ENDHMM>
~h "bg_white_0_5"
<BEGINHMM>
<NUMSTATES> 5
<STATE> 2
<MEAN> 6
 7.587997e+02 2.149700e+00 2.411401e+00 1.005476e+00 1.292892e+00 6.111743e-01
<VARIANCE> 6
 5.464025e+02 9.802943e+00 1.348073e+01 1.689241e+00 2.983305e+00 1.176326e+00
<GCONST> 2.399427e+01
<STATE> 3
<MEAN> 6
 5.847878e+02 9.819973e+00 9.030459e+01 3.219607e+00 2.183037e+01 1.205443e+00
<VARIANCE> 6
 2.840673e+04 2.801716e+02 5.150727e+03 2.449004e+01 1.882452e+02 2.450210e+00
<GCONST> 4.479612e+01
<STATE> 4
<MEAN> 6
 3.602639e+02 1.028083e+01 1.360572e+01 4.391230e+00 4.805294e+00 1.122601e+00
<VARIANCE> 6
 4.062523e+04 3.290481e+02 9.496835e+02 2.562561e+01 5.494624e+01 2.373402e+00
<GCONST> 4.240601e+01
<TRANSP> 5
 0.000000e+00 1.000000e+00 0.000000e+00 0.000000e+00 0.000000e+00
 0.000000e+00 9.344104e-01 6.558963e-02 0.000000e+00 0.000000e+00
 0.000000e+00 0.000000e+00 7.717312e-02 9.228269e-01 0.000000e+00
 0.000000e+00 0.000000e+00 0.000000e+00 4.723914e-01 5.276086e-01
 0.000000e+00 0.000000e+00 0.000000e+00 0.000000e+00 0.000000e+00
<ENDHMM>
~h "bg_dark_0"
<BEGINHMM>
<NUMSTATES> 5
<STATE> 2
<MEAN> 6
 2.496531e+02 7.969039e+00 9.340273e+00 3.181857e+00 3.324553e+00 1.273152e+00
<VARIANCE> 6
 1.820153e+03 1.510653e+02 5.506928e+01 3.462655e+00 3.306281e+00 6.591209e-01
<GCONST> 2.958125e+01
<STATE> 3
<MEAN> 6
 1.451795e+02 3.094369e+01 6.674012e+00 5.203532e+00 2.849376e+00 9.147982e-01
<VARIANCE> 6
 1.894049e+03 1.528597e+03 3.573851e+01 1.609261e+01 1.798272e+00 2.463493e-01
<GCONST> 3.144625e+01
<STATE> 4
<MEAN> 6
 1.673350e+02 1.202064e+01 1.484503e+01 4.000450e+00 4.188214e+00 1.833039e+00
<VARIANCE> 6
 1.982100e+03 2.133383e+02 2.076511e+02 6.654301e+00 6.141812e+00 2.841146e+00
<GCONST> 3.407251e+01
<TRANSP> 5
 0.000000e+00 1.000000e+00 0.000000e+00 0.000000e+00 0.000000e+00
 0.000000e+00 8.530024e-01 1.469975e-01 0.000000e+00 0.000000e+00
 0.000000e+00 0.000000e+00 3.911947e-01 6.088053e-01 0.000000e+00
 0.000000e+00 0.000000e+00 0.000000e+00 3.090792e-01 6.909208e-01
 0.000000e+00 0.000000e+00 0.000000e+00 0.000000e+00 0.000000e+00
<ENDHMM>
~h "bg_dark_0_0"
<BEGINHMM>
<NUMSTATES> 5
<STATE> 2
<MEAN> 6
 2.161969e+02 8.980637e+00 8.658980e+00 3.564736e+00 2.886515e+00 1.052268e+00
<VARIANCE> 6
 1.944752e+03 1.235011e+02 2.273872e+01 4.435910e+00 1.312923e+00 5.344788e-01
<GCONST> 2.767600e+01
<STATE> 3
<MEAN> 6
 1.711476e+02 1.339528e+01 1.999510e+01 5.043019e+00 4.738129e+00 2.028942e+00
<VARIANCE> 6
 2.258490e+03 1.436378e+02 2.440847e+02 8.221022e+00 8.301121e+00 2.250322e+00
<GCONST> 3.424868e+01
<STATE> 4
<MEAN> 6
 1.662350e+02 4.857462e+00 8.931110e+00 2.702540e+00 3.171540e+00 1.160321e+00
<VARIANCE> 6
 1.713363e+03 1.808722e+01 5.550146e+01 2.320128e+00 3.411638e+00 5.936120e-01
<GCONST> 2.693238e+01
<TRANSP> 5
 0.000000e+00 1.000000e+00 0.000000e+00 0.000000e+00 0.000000e+00
 0.000000e+00 4.053114e-01 5.946887e-01 0.000000e+00 0.000000e+00
 0.000000e+00 0.000000e+00 3.240442e-01 6.759558e-01 0.000000e+00
 0.000000e+00 0.000000e+00 0.000000e+00 5.069360e-01 4.930640e-01
 0.000000e+00 0.000000e+00 0.000000e+00 0.000000e+00 0.000000e+00
<ENDHMM>
~h "bg_dark_0_1"
<BEGINHMM>
<NUMSTATES> 5
<STATE> 2
<MEAN> 6
 1.357238e+02 1.272281e+01 8.613491e+00 3.335664e+00 3.772624e+00 1.514283e+00
<VARIANCE> 6
 8.678190e+02 9.456399e+01 7.165292e+01 4.077706e+00 4.902050e+00 1.010773e+00
<GCONST> 2.962026e+01
<STATE> 3
<MEAN> 6
 1.086706e+02 5.379217e+00 6.317124e+00 1.769279e+00 2.617484e+00 6.542837e-01
<VARIANCE> 6
 7.965082e+02 2.154969e+01 4.037451e+01 6.606473e-01 1.860411e+00 1.965554e-01
<GCONST> 2.305551e+01
<STATE> 4
<MEAN> 6
 1.159819e+02 1.696560e+01 1.356913e+01 4.582381e+00 4.738434e+00 1.628991e+00
<VARIANCE> 6
 1.601626e+03 2.967224e+02 1.260093e+02 5.947442e+00 7.522007e+00 1.052705e+00
<GCONST> 3.278735e+01
<TRANSP> 5
 0.000000e+00 1.000000e+00 0.000000e+00 0.000000e+00 0.000000e+00
 0.000000e+00 5.333109e-01 4.666890e-01 0.000000e+00 0.000000e+00
 0.000000e+00 0.000000e+00 8.494422e-01 1.505578e-01 0.000000e+00
 0.000000e+00 0.000000e+00 0.000000e+00 5.582481e-01 4.417518e-01
 0.000000e+00 0.000000e+00 0.000000e+00 0.000000e+00 0.000000e+00
<ENDHMM>
~h "bg_dark_0_2"
<BEGINHMM>
<NUMSTATES> 5
<STATE> 2
<MEAN> 6
 1.083298e+02 7.587942e+00 8.367104e+00 2.511315e+00 3.408980e+00 9.869983e-01
<VARIANCE> 6
 4.734796e+02 5.254633e+01 6.133009e+01 2.576824e+00 4.908017e+00 4.300510e-01
<GCONST> 2.695891e+01
<STATE> 3
<MEAN> 6
 1.261220e+02 1.703055e+01 2.448342e+01 4.161407e+00 6.012527e+00 2.601276e+00
<VARIANCE> 6
 1.483784e+03 1.191107e+02 3.600683e+02 3.594995e+00 1.530834e+01 4.960317e+00
<GCONST> 3.460537e+01
<STATE> 4
<MEAN> 6
 1.225279e+02 1.302398e+01 1.017990e+01 4.799708e+00 5.282123e+00 1.791132e+00
<VARIANCE> 6
 2.209109e+03 1.135137e+02 8.279553e+01 8.626146e+00 1.202308e+01 3.090076e+00
<GCONST> 3.364573e+01
<TRANSP> 5
 0.000000e+00 1.000000e+00 0.000000e+00 0.000000e+00 0.000000e+00
 0.000000e+00 8.118495e-01 1.881505e-01 0.000000e+00 0.000000e+00
 0.000000e+00 0.000000e+00 6.266223e-05 9.999373e-01 0.000000e+00
 0.000000e+00 0.000000e+00 0.000000e+00 5.238552e-01 4.761448e-01
 0.000000e+00 0.000000e+00 0.000000e+00 0.000000e+00 0.000000e+00
<ENDHMM>
~h "bg_dark_0_3"
<BEGINHMM>
<NUMSTATES> 5
<STATE> 2
<MEAN> 6
 1.239700e+02 1.246545e+01 1.531107e+01 5.114270e+00 6.335086e+00 2.095268e+00
<VARIANCE> 6
 1.026984e+03 7.832961e+01 1.677988e+02 7.048315e+00 1.243171e+01 1.753389e+00
<GCONST> 3.247993e+01
<STATE> 3
<MEAN> 6
 8.506616e+01 3.891944e+01 4.542997e+00 6.157747e+00 2.209149e+00 7.675195e-01
<VARIANCE> 6
 1.436719e+03 6.385215e+02 1.989825e+01 1.254696e+01 4.663487e+00 4.959489e-01
<GCONST> 3.111513e+01
<STATE> 4
<MEAN> 6
 1.139924e+02 9.036515e+00 7.104681e+00 3.006747e+00 3.284875e+00 1.210655e+00
<VARIANCE> 6
 6.367869e+02 8.189828e+01 2.771422e+01 3.066161e+00 3.502001e+00 5.843577e-01
<GCONST> 2.704764e+01
<TRANSP> 5
 0.000000e+00 1.000000e+00 0.000000e+00 0.000000e+00 0.000000e+00
 0.000000e+00 6.908858e-01 3.091142e-01 0.000000e+00 0.000000e+00
 0.000000e+00 0.000000e+00 7.490622e-01 2.509378e-01 0.000000e+00
 0.000000e+00 0.000000e+00 0.000000e+00 7.562466e-01 2.437534e-01
 0.000000e+00 0.000000e+00 0.000000e+00 0.000000e+00 0.000000e+00
<ENDHMM>
~h "bg_dark_0_4"
<BEGINHMM>
<NUMSTATES> 5
<STATE> 2
<MEAN> 6
 1.153130e+02 4.540346e+00 4.716238e+00 1.369464e+00 1.734054e+00 5.495536e-01
<VARIANCE> 6
 1.976740e+02 2.700289e+01 2.453917e+01 1.175553e+00 2.431044e+00 2.363400e-01
<GCONST> 2.241767e+01
<STATE> 3
<MEAN> 6
 1.466833e+02 1.509418e+01 2.103266e+01 5.703614e+00 6.929365e+00 2.499804e+00
<VARIANCE> 6
 1.740860e+03 1.773326e+02 2.364624e+02 7.732126e+00 8.785738e+00 1.783349e+00
<GCONST> 3.393022e+01
<STATE> 4
<MEAN> 6
 1.143052e+02 1.019997e+01 7.884120e+00 3.392186e+00 3.717605e+00 1.351131e+00
<VARIANCE> 6
 9.056883e+02 1.316604e+02 3.852748e+01 4.399966e+00 4.555182e+00 1.478676e+00
<GCONST> 2.975657e+01
<TRANSP> 5
 0.000000e+00 1.000000e+00 0.000000e+00 0.000000e+00 0.000000e+00
 0.000000e+00 8.576124e-01 1.423876e-01 0.000000e+00 0.000000e+00
 0.000000e+00 0.000000e+00 7.024382e-01 2.975617e-01 0.000000e+00
 0.000000e+00 0.000000e+00 0.000000e+00 6.664146e-01 3.335855e-01
 0.000000e+00 0.000000e+00 0.000000e+00 0.000000e+00 0.000000e+00
<ENDHMM>
~h "bg_dark_0_5"
<BEGINHMM>
<NUMSTATES> 5
<STATE> 2
<MEAN> 6
 1.395134e+02 1.261180e+01 1.388326e+01 4.520481e+00 5.406865e+00 1.575246e+00
<VARIANCE> 6
 2.130863e+03 1.151602e+02 1.165644e+02 4.568206e+00 1.023924e+01 1.281544e+00
<GCONST> 3.228973e+01
<STATE> 3
<MEAN> 6
 1.412351e+02 2.522023e+01 1.404188e+01 8.267157e+00 6.980580e+00 3.071889e+00
<VARIANCE> 6
 1.802947e+03 3.352229e+02 1.649439e+02 1.752068e+01 1.133552e+01 3.488008e+00
<GCONST> 3.598550e+01
<STATE> 4
<MEAN> 6
 1.200051e+02 1.204755e+01 1.348561e+01 5.457475e+00 5.855008e+00 2.155834e+00
<VARIANCE> 6
 5.697953e+02 9.117214e+01 1.603625e+02 4.713592e+00 9.173447e+00 1.697238e+00
<GCONST> 3.125849e+01
<TRANSP> 5
 0.000000e+00 1.000000e+00 0.000000e+00 0.000000e+00 0.000000e+00
 0.000000e+00 7.189586e-01 2.810414e-01 0.000000e+00 0.000000e+00
 0.000000e+00 0.000000e+00 7.096475e-01 2.903525e-01 0.000000e+00
 0.000000e+00 0.000000e+00 0.000000e+00 7.331933e-01 2.668068e-01
 0.000000e+00 0.000000e+00 0.000000e+00 0.000000e+00 0.000000e+00
<ENDHMM>
~h "bg_red_0"
<BEGINHMM>
<NUMSTATES> 5
<STATE> 2
<MEAN> 6
 3.839236e+02 1.135633e+01 9.196658e+00 4.361432e+00 3.934630e+00 2.363056e+00
<VARIANCE> 6
 2.027602e+03 4.227719e+01 5.078060e+01 4.972927e+00 6.706297e+00 2.589500e+00
<GCONST> 3.077216e+01
<STATE> 3
<MEAN> 6
 4.301352e+02 1.700187e+01 7.189337e+00 3.176728e+00 2.204922e+00 1.334478e+00
<VARIANCE> 6
 2.636266e+03 2.012900e+02 2.854967e+01 8.645401e+00 3.424191e+00 2.484417e+00
<GCONST> 3.185870e+01
<STATE> 4
<MEAN> 6
 4.558888e+02 1.104530e+01 5.082174e+00 3.351425e+00 1.509584e+00 1.133952e+00
<VARIANCE> 6
 1.532523e+03 1.323419e+02 1.497552e+01 5.419744e+00 1.199975e+00 1.033208e+00
<GCONST> 2.785876e+01
<TRANSP> 5
 0.000000e+00 1.000000e+00 0.000000e+00 0.000000e+00 0.000000e+00
 0.000000e+00 6.294304e-01 3.705697e-01 0.000000e+00 0.000000e+00
 0.000000e+00 0.000000e+00 1.000332e-01 8.999668e-01 0.000000e+00
 0.000000e+00 0.000000e+00 0.000000e+00 3.612798e-02 9.638720e-01
 0.000000e+00 0.000000e+00 0.000000e+00 0.000000e+00 0.000000e+00
<ENDHMM>
~h "bg_board"
<BEGINHMM>
<NUMSTATES> 5
<STATE> 2
<MEAN> 6
 1.835016e+02 1.192511e+01 8.754513e+00 4.088024e+00 2.567944e+00 8.798414e-01
<VARIANCE> 6
 3.168541e+03 1.995899e+02 4.631417e+01 6.306551e+00 2.459929e+00 3.920169e-01
<GCONST> 3.002527e+01
<STATE> 3
<MEAN> 6
 2.158690e+02 1.637009e+01 1.158552e+01 5.930607e+00 2.908519e+00 1.157318e+00
<VARIANCE> 6
 2.609018e+03 5.146051e+02 1.946272e+02 2.323790e+01 1.053415e+01 1.601237e+00
<GCONST> 3.637966e+01
<STATE> 4
<MEAN> 6
 3.280247e+02 9.614874e+00 4.476909e+00 2.302754e+00 1.592947e+00 5.779632e-01
<VARIANCE> 6
 5.652596e+03 1.521475e+02 1.742624e+01 4.087695e+00 1.228335e+00 2.896854e-01
<GCONST> 2.792464e+01
<TRANSP> 5
 0.000000e+00 1.000000e+00 0.000000e+00 0.000000e+00 0.000000e+00
 0.000000e+00 7.254813e-01 2.745187e-01 0.000000e+00 0.000000e+00
 0.000000e+00 0.000000e+00 2.172202e-01 7.827799e-01 0.000000e+00
 0.000000e+00 0.000000e+00 0.000000e+00 8.715608e-01 1.284392e-01
 0.000000e+00 0.000000e+00 0.000000e+00 0.000000e+00 0.000000e+00
<ENDHMM>
~h "fp_key_0"
<BEGINHMM>
<NUMSTATES> 5
<STATE> 2
<MEAN> 6
 1.237954e+02 4.760587e+00 3.466153e+00 1.435068e+00 1.103796e+00 4.127122e-01
<VARIANCE> 6
 3.933948e+03 2.126145e+01 1.118698e+01 1.331226e+00 1.200929e+00 1.778475e-01
<GCONST> 2.351867e+01
<STATE> 3
<MEAN> 6
 2.230101e+02 3.427234e+01 3.788804e+01 1.295661e+01 1.289563e+01 4.304487e+00
<VARIANCE> 6
 1.599812e+04 1.340406e+03 2.900687e+03 1.797825e+02 2.430318e+02 3.215394e+01
<GCONST> 5.003640e+01
<STATE> 4
<MEAN> 6
 3.582362e+02 8.633760e+01 7.717123e+00 1.366985e+01 2.411477e+00 1.229558e+00
<VARIANCE> 6
 4.322340e+04 5.240586e+03 5.333656e+01 1.206627e+02 3.297122e+00 1.485992e+00
<GCONST> 4.062435e+01
<TRANSP> 5
 0.000000e+00 1.000000e+00 0.000000e+00 0.000000e+00 0.000000e+00
 0.000000e+00 8.711650e-01 1.288351e-01 0.000000e+00 0.000000e+00
 0.000000e+00 0.000000e+00 2.266942e-01 7.733058e-01 0.000000e+00
 0.000000e+00 0.000000e+00 0.000000e+00 5.157560e-01 4.842441e-01
 0.000000e+00 0.000000e+00 0.000000e+00 0.000000e+00 0.000000e+00
<ENDHMM>
~h "fp_key_1"
<BEGINHMM>
<NUMSTATES> 5
<STATE> 2
<MEAN> 6
 1.453770e+02 2.222073e+01 4.840281e+00 4.963082e+00 1.657030e+00 9.668986e-01
<VARIANCE> 6
 1.160767e+04 1.395062e+03 3.712069e+01 4.334672e+01 2.139052e+00 9.082661e-01
<GCONST> 3.567493e+01
<STATE> 3
<MEAN> 6
 3.409809e+02 7.284150e+01 7.168290e+01 2.523433e+01 2.421535e+01 9.401408e+00
<VARIANCE> 6
 2.083339e+04 3.579938e+03 3.593855e+03 2.681711e+02 3.197532e+02 4.821108e+01
<GCONST> 5.257642e+01
<STATE> 4
<MEAN> 6
 3.379303e+02 6.793602e+01 1.130222e+01 1.719658e+01 4.631371e+00 2.188083e+00
<VARIANCE> 6
 3.532825e+04 3.269828e+03 2.299485e+02 1.475902e+02 3.661975e+01 7.413570e+00
<GCONST> 4.562838e+01
<TRANSP> 5
 0.000000e+00 1.000000e+00 0.000000e+00 0.000000e+00 0.000000e+00
 0.000000e+00 5.952896e-01 4.047104e-01 0.000000e+00 0.000000e+00
 0.000000e+00 0.000000e+00 6.806459e-01 3.193541e-01 0.000000e+00
 0.000000e+00 0.000000e+00 0.000000e+00 3.724713e-01 6.275286e-01
 0.000000e+00 0.000000e+00 0.000000e+00 0.000000e+00 0.000000e+00
<ENDHMM>
~h "fp_key_2"
<BEGINHMM>
<NUMSTATES> 5
<STATE> 2
<MEAN> 6
 2.618217e+02 5.217262e+01 8.680341e+00 1.281059e+01 4.013658e+00 2.260196e+00
<VARIANCE> 6
 1.870778e+04 2.781087e+03 1.454898e+02 1.358736e+02 2.339615e+01 8.304369e+00
<GCONST> 4.395574e+01
<STATE> 3
<MEAN> 6
 2.675789e+02 5.290515e+01 3.763208e+01 1.200688e+01 1.144859e+01 4.046149e+00
<VARIANCE> 6
 2.650782e+04 3.156767e+03 3.174455e+03 1.251612e+02 1.917212e+02 1.647388e+01
<GCONST> 5.022007e+01
<STATE> 4
<MEAN> 6
 1.687662e+02 2.565515e+01 7.289725e+00 6.639069e+00 2.795502e+00 1.527673e+00
<VARIANCE> 6
 1.241767e+04 1.294099e+03 1.302092e+02 6.410900e+01 1.368300e+01 2.856032e+00
<GCONST> 4.031502e+01
<TRANSP> 5
 0.000000e+00 1.000000e+00 0.000000e+00 0.000000e+00 0.000000e+00
 0.000000e+00 2.207357e-01 7.792643e-01 0.000000e+00 0.000000e+00
 0.000000e+00 0.000000e+00 2.046025e-01 7.953975e-01 0.000000e+00
 0.000000e+00 0.000000e+00 0.000000e+00 5.229684e-01 4.770316e-01
 0.000000e+00 0.000000e+00 0.000000e+00 0.000000e+00 0.000000e+00
<ENDHMM>
~h "fp_key_3"
<BEGINHMM>
<NUMSTATES> 5
<STATE> 2
<MEAN> 6
 3.771000e+02 9.096546e+01 1.091057e+01 2.162838e+01 4.367653e+00 2.457767e+00
<VARIANCE> 6
 2.560432e+04 3.961490e+03 2.369318e+02 2.212257e+02 2.771826e+01 9.487795e+00
<GCONST> 4.590121e+01
<STATE> 3
<MEAN> 6
 3.062665e+02 5.257987e+01 6.558327e+01 1.302464e+01 1.804133e+01 5.534884e+00
<VARIANCE> 6
 1.932904e+04 2.872877e+03 7.023168e+03 1.367601e+02 3.157013e+02 2.900839e+01
<GCONST> 5.175727e+01
<STATE> 4
<MEAN> 6
 1.953058e+02 1.943433e+01 4.584742e+00 4.648530e+00 2.222671e+00 9.381633e-01
<VARIANCE> 6
 1.348278e+04 1.097556e+03 2.160011e+01 4.501228e+01 3.318064e+00 8.294669e-01
<GCONST> 3.542931e+01
<TRANSP> 5
 0.000000e+00 1.000000e+00 0.000000e+00 0.000000e+00 0.000000e+00
 0.000000e+00 6.450639e-01 3.549361e-01 0.000000e+00 0.000000e+00
 0.000000e+00 0.000000e+00 4.317733e-01 5.682267e-01 0.000000e+00
 0.000000e+00 0.000000e+00 0.000000e+00 6.541682e-01 3.458317e-01
 0.000000e+00 0.000000e+00 0.000000e+00 0.000000e+00 0.000000e+00
<ENDHMM>
~h "fp_key_4"
<BEGINHMM>
<NUMSTATES> 5
<STATE> 2
<MEAN> 6
 4.843449e+02 7.879192e+01 7.306187e+00 1.491230e+01 2.264406e+00 1.224051e+00
<VARIANCE> 6
 3.309754e+04 3.087813e+03 3.033723e+01 8.409573e+01 2.706795e+00 1.400472e+00
<GCONST> 3.864661e+01
<STATE> 3
<MEAN> 6
 4.236770e+02 8.117326e+01 5.885998e+01 1.861991e+01 1.746577e+01 7.838847e+00
<VARIANCE> 6
 2.276093e+04 3.554499e+03 3.478456e+03 1.718284e+02 1.645945e+02 4.201806e+01
<GCONST> 5.137845e+01
<STATE> 4
<MEAN> 6
 2.513330e+02 9.258838e+00 9.001377e+00 3.370017e+00 2.830124e+00 1.716467e+00
<VARIANCE> 6
 9.361759e+03 2.153941e+02 1.393562e+02 1.013281e+01 6.178974e+00 2.143664e+00
<GCONST> 3.538060e+01
<TRANSP> 5
 0.000000e+00 1.000000e+00 0.000000e+00 0.000000e+00 0.000000e+00
 0.000000e+00 6.683459e-01 3.316541e-01 0.000000e+00 0.000000e+00
 0.000000e+00 0.000000e+00 6.162732e-01 3.837268e-01 0.000000e+00
 0.000000e+00 0.000000e+00 0.000000e+00 3.652468e-01 6.347531e-01
 0.000000e+00 0.000000e+00 0.000000e+00 0.000000e+00 0.000000e+00
<ENDHMM>
~h "fp_key_5"
<BEGINHMM>
<NUMSTATES> 5
<STATE> 2
<MEAN> 6
 2.789951e+02 1.383077e+01 1.528770e+01 3.219522e+00 3.266292e+00 1.564408e+00
<VARIANCE> 6
 5.294552e+03 5.149423e+02 5.972047e+02 1.229442e+01 1.365772e+01 3.942435e+00
<GCONST> 3.873326e+01
<STATE> 3
<MEAN> 6
 2.686041e+02 7.808967e+00 6.359741e+00 2.539473e+00 2.281589e+00 1.224266e+00
<VARIANCE> 6
 4.956675e+03 1.385370e+02 5.079227e+01 3.008187e+00 3.047457e+00 1.315127e+00
<GCONST> 3.088421e+01
<STATE> 4
<MEAN> 6
 3.178156e+02 3.806987e+00 6.733910e+00 1.106551e+00 1.658370e+00 4.218186e-01
<VARIANCE> 6
 5.376884e+03 4.553033e+01 1.360000e+02 1.213801e+00 5.865887e+00 1.076860e-01
<GCONST> 2.808253e+01
<TRANSP> 5
 0.000000e+00 1.000000e+00 0.000000e+00 0.000000e+00 0.000000e+00
 0.000000e+00 1.552093e-02 9.844790e-01 0.000000e+00 0.000000e+00
 0.000000e+00 0.000000e+00 4.655619e-01 5.344381e-01 0.000000e+00
 0.000000e+00 0.000000e+00 0.000000e+00 8.717875e-01 1.282125e-01
 0.000000e+00 0.000000e+00 0.000000e+00 0.000000e+00 0.000000e+00
<ENDHMM>
~h "bg_red_0_0"
<BEGINHMM>
<NUMSTATES> 5
<STATE> 2
<MEAN> 6
 4.617121e+02 5.248197e+00 4.119115e+00 2.696005e+00 2.297955e+00 1.110628e+00
<VARIANCE> 6
 9.852339e+02 2.369540e+01 1.309664e+01 2.235788e+00 2.090699e+00 6.699264e-01
<GCONST> 2.479928e+01
<STATE> 3
<MEAN> 6
 4.747810e+02 1.148334e+01 2.031071e+01 5.177900e+00 8.257821e+00 2.768269e+00
<VARIANCE> 6
 1.503183e+03 9.695593e+01 7.971789e+02 1.583871e+01 9.073026e+01 4.298348e+00
<GCONST> 3.832652e+01
<STATE> 4
<MEAN> 6
 6.080673e+02 4.786604e+00 4.440924e+00 2.845083e+00 1.950019e+00 1.405235e+00
<VARIANCE> 6
 1.956453e+04 2.933912e+01 2.915292e+01 5.381766e+00 2.698367e+00 2.587829e+00
<GCONST> 3.128670e+01
<TRANSP> 5
 0.000000e+00 1.000000e+00 0.000000e+00 0.000000e+00 0.000000e+00
 0.000000e+00 7.078919e-01 2.921081e-01 0.000000e+00 0.000000e+00
 0.000000e+00 0.000000e+00 2.590898e-03 9.974091e-01 0.000000e+00
 0.000000e+00 0.000000e+00 0.000000e+00 4.875621e-01 5.124379e-01
 0.000000e+00 0.000000e+00 0.000000e+00 0.000000e+00 0.000000e+00
<ENDHMM>
~h "bg_red_0_1"
<BEGINHMM>
<NUMSTATES> 5
<STATE> 2
<MEAN> 6
 5.359738e+02 8.695517e+00 6.493108e+00 5.792033e+00 2.761818e+00 2.985711e+00
<VARIANCE> 6
 1.840901e+04 9.239301e+01 4.553011e+01 2.199376e+01 5.448444e+00 6.718621e+00
<GCONST> 3.588326e+01
<STATE> 3
<MEAN> 6
 4.988821e+02 7.930984e+01 7.720622e+00 1.834135e+01 2.150927e+00 2.650065e+00
<VARIANCE> 6
 7.281858e+03 4.013135e+03 1.587291e+01 1.150589e+02 3.550363e+00 4.363981e+00
<GCONST> 3.846823e+01
<STATE> 4
<MEAN> 6
 3.921276e+02 4.244087e+00 2.836797e+00 1.987908e+00 1.113397e+00 6.450273e-01
<VARIANCE> 6
 4.428418e+02 3.350053e+01 4.497704e+00 7.291188e+00 1.389487e+00 2.779670e-01
<GCONST> 2.317095e+01
<TRANSP> 5
 0.000000e+00 1.000000e+00 0.000000e+00 0.000000e+00 0.000000e+00
 0.000000e+00 2.645398e-01 7.354602e-01 0.000000e+00 0.000000e+00
 0.000000e+00 0.000000e+00 6.306548e-01 3.693452e-01 0.000000e+00
 0.000000e+00 0.000000e+00 0.000000e+00 7.940522e-01 2.059478e-01
 0.000000e+00 0.000000e+00 0.000000e+00 0.000000e+00 0.000000e+00
<ENDHMM>
~h "bg_red_0_2"
<BEGINHMM>
<NUMSTATES> 5
<STATE> 2
<MEAN> 6
 3.732863e+02 4.423548e+00 4.768565e+00 2.055157e+00 1.609952e+00 6.262136e-01
<VARIANCE> 6
 9.214458e+02 1.513940e+01 1.270134e+01 1.957073e+00 1.223915e+00 2.230901e-01
<GCONST> 2.248554e+01
<STATE> 3
<MEAN> 6
 3.494191e+02 3.163819e+00 2.220843e+00 9.513785e-01 6.149133e-01 2.674660e-01
<VARIANCE> 6
 7.192787e+02 6.197611e+00 2.254683e+00 3.821612e-01 1.544435e-01 1.348895e-02
<GCONST> 1.310696e+01
<STATE> 4
<MEAN> 6
 3.320496e+02 5.967045e+00 3.652447e+00 2.026915e+00 1.890933e+00 4.309739e-01
<VARIANCE> 6
 9.205366e+02 1.273619e+01 1.266604e+01 1.979682e+00 1.698081e+00 4.059480e-02
<GCONST> 2.094391e+01
<TRANSP> 5
 0.000000e+00 1.000000e+00 0.000000e+00 0.000000e+00 0.000000e+00
 0.000000e+00 5.101320e-03 9.948987e-01 0.000000e+00 0.000000e+00
 0.000000e+00 0.000000e+00 8.771638e-01 1.228362e-01 0.000000e+00
 0.000000e+00 0.000000e+00 0.000000e+00 7.759194e-01 2.240805e-01
 0.000000e+00 0.000000e+00 0.000000e+00 0.000000e+00 0.000000e+00
<ENDHMM>
~h "bg_red_0_3"
<BEGINHMM>
<NUMSTATES> 5
<STATE> 2
<MEAN> 6
 2.824507e+02 4.312367e+00 1.527959e+00 1.066387e+00 4.506667e-01 2.623513e-01
<VARIANCE> 6
 6.893193e+02 6.922850e+00 1.271425e+00 3.466354e-01 1.257482e-01 3.006866e-02
<GCONST> 1.310070e+01
<STATE> 3
<MEAN> 6
 2.240994e+02 2.148391e+01 3.419696e+00 5.042387e+00 8.190049e-01 4.422028e-01
<VARIANCE> 6
 2.270279e+03 2.558066e+02 4.625801e+00 1.449786e+01 2.636790e-01 6.731644e-02
<GCONST> 2.447362e+01
<STATE> 4
<MEAN> 6
 2.714916e+02 7.052359e+00 1.436076e+00 1.467026e+00 4.797809e-01 2.431773e-01
<VARIANCE> 6
 7.408637e+02 1.260711e+01 1.065296e+00 8.621578e-01 8.208665e-02 8.644800e-03
<GCONST> 1.283350e+01
<TRANSP> 5
 0.000000e+00 1.000000e+00 0.000000e+00 0.000000e+00 0.000000e+00
 0.000000e+00 8.561564e-01 1.438436e-01 0.000000e+00 0.000000e+00
 0.000000e+00 0.000000e+00 6.857085e-01 3.142915e-01 0.000000e+00
 0.000000e+00 0.000000e+00 0.000000e+00 7.678550e-01 2.321451e-01
 0.000000e+00 0.000000e+00 0.000000e+00 0.000000e+00 0.000000e+00
<ENDHMM>
~h "bg_red_0_4"
<BEGINHMM>
<NUMSTATES> 5
<STATE> 2
<MEAN> 6
 2.337616e+02 6.958790e+00 1.888705e+00 1.589901e+00 5.454311e-01 2.895499e-01
<VARIANCE> 6
 6.746694e+02 1.600805e+01 2.211488e+00 1.212240e+00 9.747230e-02 1.603972e-02
<GCONST> 1.483984e+01
<STATE> 3
<MEAN> 6
 2.446746e+02 9.627995e+00 1.420208e+00 3.761111e+00 7.278515e-01 4.229195e-01
<VARIANCE> 6
 8.407229e+02 2.986094e+01 9.289353e-01 6.300731e+00 4.796440e-02 1.516274e-02
<GCONST> 1.569882e+01
<STATE> 4
<MEAN> 6
 2.421329e+02 2.060106e+01 5.232098e+00 7.714997e+00 1.739925e+00 9.823862e-01
<VARIANCE> 6
 2.119369e+03 1.939813e+02 2.617536e+01 2.683828e+01 1.261457e+00 4.863738e-01
<GCONST> 3.002003e+01
<TRANSP> 5
 0.000000e+00 1.000000e+00 0.000000e+00 0.000000e+00 0.000000e+00
 0.000000e+00 7.034686e-01 2.965314e-01 0.000000e+00 0.000000e+00
 0.000000e+00 0.000000e+00 5.374265e-05 9.999462e-01 0.000000e+00
 0.000000e+00 0.000000e+00 0.000000e+00 7.710260e-01 2.289741e-01
 0.000000e+00 0.000000e+00 0.000000e+00 0.000000e+00 0.000000e+00
<ENDHMM>
~h "bg_red_0_5"
<BEGINHMM>
<NUMSTATES> 5
<STATE> 2
<MEAN> 6
 2.571721e+02 1.022791e+01 2.883145e+00 2.312442e+00 6.897650e-01 4.514979e-01
<VARIANCE> 6
 9.750296e+02 4.528633e+01 5.380192e+00 2.807958e+00 1.426293e-01 7.966945e-02
<GCONST> 1.996054e+01
<STATE> 3
<MEAN> 6
 2.495739e+02 2.011248e+01 6.778106e+00 6.920560e+00 1.449312e+00 1.259258e+00
<VARIANCE> 6
 1.511684e+03 1.883444e+02 1.071709e+01 1.395330e+01 5.396510e-01 4.707588e-01
<GCONST> 2.722383e+01
<STATE> 4
<MEAN> 6
 2.984912e+02 9.046899e+00 6.218393e+00 4.199697e+00 2.271986e+00 1.337439e+00
<VARIANCE> 6
 4.952417e+02 8.372684e+01 3.967783e+01 8.350319e+00 3.243399e+00 1.427151e+00
<GCONST> 2.899526e+01
<TRANSP> 5
 0.000000e+00 1.000000e+00 0.000000e+00 0.000000e+00 0.000000e+00
 0.000000e+00 8.277107e-01 1.722893e-01 0.000000e+00 0.000000e+00
 0.000000e+00 0.000000e+00 6.533376e-01 3.466624e-01 0.000000e+00
 0.000000e+00 0.000000e+00 0.000000e+00 7.713635e-01 2.286365e-01
 0.000000e+00 0.000000e+00 0.000000e+00 0.000000e+00 0.000000e+00
<ENDHMM>
~h "fp_screen"
<BEGINHMM>
<NUMSTATES> 5
<STATE> 2
<MEAN> 6
 1.323657e+02 5.425761e+00 1.862940e+01 1.557649e+00 7.273891e+00 1.265547e+00
<VARIANCE> 6
 3.126645e+03 3.888877e+01 9.013616e+02 1.636258e+00 1.210445e+02 3.100399e+00
<GCONST> 3.595969e+01
<STATE> 3
<MEAN> 6
 3.827153e+02 3.291568e+01 3.203436e+01 8.681179e+00 1.285464e+01 7.199226e+00
<VARIANCE> 6
 6.102843e+04 2.058842e+03 1.171664e+03 5.919790e+01 1.426379e+02 6.596408e+01
<GCONST> 4.997274e+01
<STATE> 4
<MEAN> 6
 1.861364e+02 5.674114e+00 6.466313e+00 1.768187e+00 1.910471e+00 6.513309e-01
<VARIANCE> 6
 1.562189e+04 5.122265e+01 7.319282e+01 2.631214e+00 3.871883e+00 7.173851e-01
<GCONST> 3.090202e+01
<TRANSP> 5
 0.000000e+00 1.000000e+00 0.000000e+00 0.000000e+00 0.000000e+00
 0.000000e+00 2.823662e-01 7.176338e-01 0.000000e+00 0.000000e+00
 0.000000e+00 0.000000e+00 5.123245e-01 4.876756e-01 0.000000e+00
 0.000000e+00 0.000000e+00 0.000000e+00 5.278043e-01 4.721957e-01
 0.000000e+00 0.000000e+00 0.000000e+00 0.000000e+00 0.000000e+00
<ENDHMM>
~h "bg_board_0"
<BEGINHMM>
<NUMSTATES> 5
<STATE> 2
<MEAN> 6
 2.293910e+02 1.190127e+01 4.833398e+00 2.771011e+00 1.929437e+00 6.141365e-01
<VARIANCE> 6
 3.371476e+03 1.479957e+02 1.496930e+01 3.587980e+00 1.207951e+00 1.867810e-01
<GCONST> 2.664225e+01
<STATE> 3
<MEAN> 6
 2.244275e+02 3.020703e+01 1.314408e+01 6.959228e+00 3.877461e+00 1.662990e+00
<VARIANCE> 6
 4.717122e+03 6.596900e+02 1.057332e+02 1.721614e+01 4.289834e+00 1.598910e+00
<GCONST> 3.541032e+01
<STATE> 4
<MEAN> 6
 1.549223e+02 1.640822e+01 7.309572e+00 3.528570e+00 2.461741e+00 9.106977e-01
<VARIANCE> 6
 4.586963e+03 2.615695e+02 3.390181e+01 4.450798e+00 1.493112e+00 4.766060e-01
<GCONST> 2.970129e+01
<TRANSP> 5
 0.000000e+00 1.000000e+00 0.000000e+00 0.000000e+00 0.000000e+00
 0.000000e+00 8.016026e-01 1.983974e-01 0.000000e+00 0.000000e+00
 0.000000e+00 0.000000e+00 5.446727e-01 4.553273e-01 0.000000e+00
 0.000000e+00 0.000000e+00 0.000000e+00 6.936328e-01 3.063671e-01
 0.000000e+00 0.000000e+00 0.000000e+00 0.000000e+00 0.000000e+00
<ENDHMM>
~h "bg_board_1"
<BEGINHMM>
<NUMSTATES> 5
<STATE> 2
<MEAN> 6
 1.368152e+02 1.703767e+01 9.576604e+00 4.061498e+00 2.511140e+00 9.075844e-01
<VARIANCE> 6
 3.799146e+03 2.483799e+02 6.338737e+01 5.941279e+00 1.758762e+00 4.365593e-01
<GCONST> 3.045172e+01
<STATE> 3
<MEAN> 6
 2.139597e+02 2.818127e+01 1.767311e+01 6.991618e+00 5.331861e+00 2.179949e+00
<VARIANCE> 6
 1.091206e+04 6.924606e+02 3.145474e+02 2.328202e+01 3.782230e+01 3.838705e+00
<GCONST> 4.074199e+01
<STATE> 4
<MEAN> 6
 2.550799e+02 1.009487e+01 4.689729e+00 2.217830e+00 1.523819e+00 4.693744e-01
<VARIANCE> 6
 2.046632e+04 2.108036e+02 1.638298e+01 3.966109e+00 6.374336e-01 7.629727e-02
<GCONST> 2.745533e+01
<TRANSP> 5
 0.000000e+00 1.000000e+00 0.000000e+00 0.000000e+00 0.000000e+00
 0.000000e+00 8.105410e-01 1.894590e-01 0.000000e+00 0.000000e+00
 0.000000e+00 0.000000e+00 4.674871e-01 5.325130e-01 0.000000e+00
 0.000000e+00 0.000000e+00 0.000000e+00 7.617373e-01 2.382627e-01
 0.000000e+00 0.000000e+00 0.000000e+00 0.000000e+00 0.000000e+00
<ENDHMM>
~h "bg_board_2"
<BEGINHMM>
<NUMSTATES> 5
<STATE> 2
<MEAN> 6
 1.178969e+02 1.583699e+01 7.797576e+00 3.923493e+00 2.165198e+00 6.753649e-01
<VARIANCE> 6
 4.330298e+03 2.440274e+02 4.170086e+01 5.304493e+00 1.874194e+00 1.926814e-01
<GCONST> 2.927847e+01
<STATE> 3
<MEAN> 6
 2.112329e+02 3.185416e+01 1.410199e+01 7.526932e+00 3.882262e+00 1.521715e+00
<VARIANCE> 6
 7.363440e+03 8.894564e+02 1.619366e+02 2.109024e+01 5.537300e+00 1.140430e+00
<GCONST> 3.670108e+01
<STATE> 4
<MEAN> 6
 2.462162e+02 2.087074e+01 4.928629e+00 4.042992e+00 2.300823e+00 9.322521e-01
<VARIANCE> 6
 1.126409e+04 5.520037e+02 1.466712e+01 9.650743e+00 2.177767e+00 3.659411e-01
<GCONST> 3.139585e+01
<TRANSP> 5
 0.000000e+00 1.000000e+00 0.000000e+00 0.000000e+00 0.000000e+00
 0.000000e+00 8.235817e-01 1.764183e-01 0.000000e+00 0.000000e+00
 0.000000e+00 0.000000e+00 4.466938e-01 5.533062e-01 0.000000e+00
 0.000000e+00 0.000000e+00 0.000000e+00 3.790145e-01 6.209856e-01
 0.000000e+00 0.000000e+00 0.000000e+00 0.000000e+00 0.000000e+00
<ENDHMM>
~h "bg_board_3"
<BEGINHMM>
<NUMSTATES> 5
<STATE> 2
<MEAN> 6
 1.642772e+02 2.051303e+01 7.276832e+00 4.688959e+00 3.007711e+00 1.034261e+00
<VARIANCE> 6
 9.876588e+03 5.336924e+02 4.152799e+01 1.044107e+01 2.897899e+00 5.297202e-01
<GCONST> 3.300570e+01
<STATE> 3
<MEAN> 6
 2.496041e+02 3.575229e+01 2.015563e+01 1.144257e+01 5.569011e+00 2.360266e+00
<VARIANCE> 6
 9.127462e+03 9.165347e+02 4.369432e+02 4.516715e+01 1.446537e+01 3.163858e+00
<GCONST> 4.068063e+01
<STATE> 4
<MEAN> 6
 2.052385e+02 1.578519e+01 7.702455e+00 4.806901e+00 3.073497e+00 1.253774e+00
<VARIANCE> 6
 9.771720e+03 4.107957e+02 5.112175e+01 8.171657e+00 2.603026e+00 6.557453e-01
<GCONST> 3.280218e+01
<TRANSP> 5
 0.000000e+00 1.000000e+00 0.000000e+00 0.000000e+00 0.000000e+00
 0.000000e+00 5.033261e-01 4.966739e-01 0.000000e+00 0.000000e+00
 0.000000e+00 0.000000e+00 5.148076e-01 4.851924e-01 0.000000e+00
 0.000000e+00 0.000000e+00 0.000000e+00 4.558483e-01 5.441518e-01
 0.000000e+00 0.000000e+00 0.000000e+00 0.000000e+00 0.000000e+00
<ENDHMM>
~h "bg_board_4"
<BEGINHMM>
<NUMSTATES> 5
<STATE> 2
<MEAN> 6
 1.751867e+02 1.749236e+01 1.055027e+01 5.412267e+00 3.692267e+00 1.648246e+00
<VARIANCE> 6
 4.504091e+03 2.640168e+02 6.554151e+01 7.585109e+00 4.526534e+00 1.311610e+00
<GCONST> 3.300610e+01
<STATE> 3
<MEAN> 6
 2.281646e+02 3.751411e+01 1.734192e+01 1.102306e+01 6.354599e+00 3.421976e+00
<VARIANCE> 6
 4.569009e+03 8.446843e+02 2.365397e+02 3.761572e+01 9.873216e+00 5.999996e+00
<GCONST> 3.936840e+01
<STATE> 4
<MEAN> 6
 2.299452e+02 1.956805e+01 7.844500e+00 4.779287e+00 3.062594e+00 1.247119e+00
<VARIANCE> 6
 6.752104e+03 4.677447e+02 4.406520e+01 9.423182e+00 2.513749e+00 6.935827e-01
<GCONST> 3.257753e+01
<TRANSP> 5
 0.000000e+00 1.000000e+00 0.000000e+00 0.000000e+00 0.000000e+00
 0.000000e+00 8.021047e-01 1.978952e-01 0.000000e+00 0.000000e+00
 0.000000e+00 0.000000e+00 6.548078e-01 3.451922e-01 0.000000e+00
 0.000000e+00 0.000000e+00 0.000000e+00 4.760593e-01 5.239407e-01
 0.000000e+00 0.000000e+00 0.000000e+00 0.000000e+00 0.000000e+00
<ENDHMM>
~h "bg_board_5"
<BEGINHMM>
<NUMSTATES> 5
<STATE> 2
<MEAN> 6
 2.558498e+02 1.981199e+01 1.118975e+01 6.172975e+00 4.504158e+00 2.258230e+00
<VARIANCE> 6
 3.484002e+03 3.652064e+02 9.707743e+01 8.158167e+00 5.374423e+00 2.488555e+00
<GCONST> 3.435154e+01
<STATE> 3
<MEAN> 6
 2.527804e+02 1.009476e+02 1.051553e+01 1.445665e+01 4.665813e+00 2.243436e+00
<VARIANCE> 6
 3.869857e+03 8.015694e+03 2.342037e+02 5.749817e+01 2.212285e+01 6.807830e+00
<GCONST> 4.280002e+01
<STATE> 4
<MEAN> 6
 2.984346e+02 1.685272e+01 8.002048e+00 4.937766e+00 3.099376e+00 1.474801e+00
<VARIANCE> 6
 5.569341e+03 5.889697e+02 6.595446e+01 1.350181e+01 3.075140e+00 1.105992e+00
<GCONST> 3.404655e+01
<TRANSP> 5
 0.000000e+00 1.000000e+00 0.000000e+00 0.000000e+00 0.000000e+00
 0.000000e+00 7.506928e-01 2.493072e-01 0.000000e+00 0.000000e+00
 0.000000e+00 0.000000e+00 6.921171e-01 3.078829e-01 0.000000e+00
 0.000000e+00 0.000000e+00 0.000000e+00 6.991402e-01 3.008598e-01
 0.000000e+00 0.000000e+00 0.000000e+00 0.000000e+00 0.000000e+00
<ENDHMM>
~h "fp_key"
<BEGINHMM>
<NUMSTATES> 5
<STATE> 2
<MEAN> 6
 1.452172e+02 3.738167e+00 3.298271e+00 1.098384e+00 1.045659e+00 3.831902e-01
<VARIANCE> 6
 3.574183e+03 1.237639e+01 8.617350e+00 6.515520e-01 6.320961e-01 9.772457e-02
<GCONST> 2.066561e+01
<STATE> 3
<MEAN> 6
 3.837834e+02 8.553524e+01 2.248242e+01 1.775879e+01 8.460452e+00 3.074740e+00
<VARIANCE> 6
 4.000112e+04 4.001848e+03 1.505051e+03 1.514322e+02 1.210094e+02 1.076286e+01
<GCONST> 4.942713e+01
<STATE> 4
<MEAN> 6
 1.432142e+02 2.327425e+01 6.889170e+00 3.980350e+00 2.402519e+00 1.098839e+00
<VARIANCE> 6
 3.941517e+03 3.780715e+02 7.158710e+01 7.695827e+00 5.666902e+00 2.336119e+00
<GCONST> 3.413639e+01
<TRANSP> 5
 0.000000e+00 1.000000e+00 0.000000e+00 0.000000e+00 0.000000e+00
 0.000000e+00 8.954144e-01 1.045856e-01 0.000000e+00 0.000000e+00
 0.000000e+00 0.000000e+00 8.722555e-01 1.277445e-01 0.000000e+00
 0.000000e+00 0.000000e+00 0.000000e+00 7.677480e-01 2.322520e-01
 0.000000e+00 0.000000e+00 0.000000e+00 0.000000e+00 0.000000e+00
<ENDHMM>
~h "fp_logo"
<BEGINHMM>
<NUMSTATES> 5
<STATE> 2
<MEAN> 6
 1.079661e+02 2.967138e+00 2.416429e+00 7.981209e-01 8.058627e-01 3.192484e-01
<VARIANCE> 6
 4.302411e+02 9.933276e+00 4.681940e+00 3.452152e-01 4.166504e-01 4.693363e-02
<GCONST> 1.593310e+01
<STATE> 3
<MEAN> 6
 1.238634e+02 1.868826e+01 7.210892e+00 5.476455e+00 3.568591e+00 1.188379e+00
<VARIANCE> 6
 8.364302e+02 4.635328e+02 3.328534e+01 2.456362e+01 7.214058e+00 7.468543e-01
<GCONST> 3.228581e+01
<STATE> 4
<MEAN> 6
 1.227795e+02 7.632499e+00 2.790665e+00 2.419565e+00 1.415355e+00 5.797189e-01
<VARIANCE> 6
 6.696265e+02 1.419044e+02 4.700190e+00 7.353846e+00 9.387404e-01 2.954348e-01
<GCONST> 2.474944e+01
<TRANSP> 5
 0.000000e+00 1.000000e+00 0.000000e+00 0.000000e+00 0.000000e+00
 0.000000e+00 9.277680e-01 7.223202e-02 0.000000e+00 0.000000e+00
 0.000000e+00 0.000000e+00 3.422262e-01 6.577737e-01 0.000000e+00
 0.000000e+00 0.000000e+00 0.000000e+00 2.575356e-01 7.424643e-01
 0.000000e+00 0.000000e+00 0.000000e+00 0.000000e+00 0.000000e+00
<ENDHMM>
