~o
<STREAMINFO> 1 6
<VECSIZE> 6<NULLD><MFCC><DIAGC>
~h "fp_logo_0"
<BEGINHMM>
<NUMSTATES> 5
<STATE> 2
<MEAN> 6
 1.105122e+02 9.993267e+00 3.799236e+00 5.736638e+00 1.377562e+00 6.120476e-01
<VARIANCE> 6
 4.463221e+02 7.032562e+01 1.105516e+01 3.987688e+01 6.610118e-01 2.606140e-01
<GCONST> 2.571143e+01
<STATE> 3
<MEAN> 6
 1.079790e+02 6.613911e+00 2.339092e+00 2.673369e+00 1.813944e+00 5.981741e-01
<VARIANCE> 6
 3.019134e+02 5.114274e+01 4.723420e+00 1.374317e+01 4.394075e+00 6.025679e-01
<GCONST> 2.581880e+01
<STATE> 4
<MEAN> 6
 9.725567e+01 2.797351e+00 2.084143e+00 9.408840e-01 8.315743e-01 2.752149e-01
<VARIANCE> 6
 3.954664e+02 6.720241e+00 3.403315e+00 1.568545e+00 5.667679e-01 2.868527e-02
<GCONST> 1.646817e+01
<TRANSP> 5
 0.000000e+00 1.000000e+00 0.000000e+00 0.000000e+00 0.000000e+00
 0.000000e+00 4.241022e-01 5.758978e-01 0.000000e+00 0.000000e+00
 0.000000e+00 0.000000e+00 1.532939e-08 1.000000e+00 0.000000e+00
 0.000000e+00 0.000000e+00 0.000000e+00 9.117656e-01 8.823440e-02
 0.000000e+00 0.000000e+00 0.000000e+00 0.000000e+00 0.000000e+00
<ENDHMM>
~h "fp_logo_1"
<BEGINHMM>
<NUMSTATES> 5
<STATE> 2
<MEAN> 6
 1.004791e+02 3.472379e+00 2.826498e+00 1.942453e+00 1.694448e+00 1.606006e+00
<VARIANCE> 6
 2.600378e+02 1.316804e+01 8.284245e+00 4.355698e+00 1.530574e+00 2.673430e+00
<GCONST> 2.416073e+01
<STATE> 3
<MEAN> 6
 3.219438e+02 9.585358e+01 7.242528e+01 2.888579e+01 1.959498e+01 8.646503e+00
<VARIANCE> 6
 2.818497e+04 5.718304e+03 4.811812e+03 4.540326e+02 1.734915e+02 3.655805e+01
<GCONST> 5.327726e+01
<STATE> 4
<MEAN> 6
 1.078001e+02 5.860324e+00 4.854424e+00 3.319155e+00 2.711504e+00 2.436339e+00
<VARIANCE> 6
 3.295269e+02 3.198622e+01 1.281027e+01 1.703941e+01 3.623682e+00 4.766766e+00
<GCONST> 2.852516e+01
<TRANSP> 5
 0.000000e+00 1.000000e+00 0.000000e+00 0.000000e+00 0.000000e+00
 0.000000e+00 6.902633e-01 3.097367e-01 0.000000e+00 0.000000e+00
 0.000000e+00 0.000000e+00 6.939058e-01 3.060941e-01 0.000000e+00
 0.000000e+00 0.000000e+00 0.000000e+00 2.620503e-01 7.379497e-01
 0.000000e+00 0.000000e+00 0.000000e+00 0.000000e+00 0.000000e+00
<ENDHMM>
~h "fp_logo_2"
<BEGINHMM>
<NUMSTATES> 5
<STATE> 2
<MEAN> 6
 1.179875e+02 8.457977e+00 1.430058e+01 2.742863e+00 5.542727e+00 1.759994e+00
<VARIANCE> 6
 9.662151e+02 1.179541e+02 1.114605e+03 8.163305e+00 1.064165e+02 4.781310e+00
<GCONST> 3.801892e+01
<STATE> 3
<MEAN> 6
 3.278131e+02 5.244166e+01 1.013930e+02 1.438737e+01 2.130471e+01 5.909425e+00
<VARIANCE> 6
 3.431715e+04 4.271343e+03 9.889207e+03 3.839600e+02 2.725134e+02 2.084119e+01
<GCONST> 5.362471e+01
<STATE> 4
<MEAN> 6
 1.126650e+02 4.807924e+00 4.196071e+00 4.301500e+00 2.368378e+00 1.814625e+00
<VARIANCE> 6
 2.373979e+02 3.048112e+01 1.717968e+01 1.715078e+01 3.662013e+00 3.876040e+00
<GCONST> 2.825270e+01
<TRANSP> 5
 0.000000e+00 1.000000e+00 0.000000e+00 0.000000e+00 0.000000e+00
 0.000000e+00 2.205617e-09 1.000000e+00 0.000000e+00 0.000000e+00
 0.000000e+00 0.000000e+00 6.429427e-01 3.570572e-01 0.000000e+00
 0.000000e+00 0.000000e+00 0.000000e+00 2.427077e-01 7.572923e-01
 0.000000e+00 0.000000e+00 0.000000e+00 0.000000e+00 0.000000e+00
<ENDHMM>
~h "fp_logo_3"
<BEGINHMM>
<NUMSTATES> 5
<STATE> 2
<MEAN> 6
 1.300459e+02 1.603186e+01 7.065591e+00 5.700915e+00 6.023316e+00 1.592615e+00
<VARIANCE> 6
 1.367922e+03 1.188221e+03 7.002783e+01 5.888699e+01 1.980046e+02 3.223988e+00
<GCONST> 4.011195e+01
<STATE> 3
<MEAN> 6
 1.219037e+02 4.561870e+00 2.435475e+00 2.194869e+00 1.189205e+00 4.288555e-01
<VARIANCE> 6
 1.782337e+02 2.928969e+01 4.587151e+00 6.486831e+00 3.608086e-01 4.674719e-02
<GCONST> 1.889822e+01
<STATE> 4
<MEAN> 6
 1.375184e+02 3.550400e+00 3.491555e+00 1.612563e+00 1.517576e+00 4.837207e-01
<VARIANCE> 6
 3.090617e+02 8.189907e+00 6.997187e+00 1.459075e+00 6.966753e-01 1.828453e-01
<GCONST> 1.912647e+01
<TRANSP> 5
 0.000000e+00 1.000000e+00 0.000000e+00 0.000000e+00 0.000000e+00
 0.000000e+00 6.143302e-03 9.938567e-01 0.000000e+00 0.000000e+00
 0.000000e+00 0.000000e+00 4.204470e-04 9.995795e-01 0.000000e+00
 0.000000e+00 0.000000e+00 0.000000e+00 8.904819e-01 1.095181e-01
 0.000000e+00 0.000000e+00 0.000000e+00 0.000000e+00 0.000000e+00
<ENDHMM>
~h "fp_logo_4"
<BEGINHMM>
<NUMSTATES> 5
<STATE> 2
<MEAN> 6
 1.557701e+02 1.643050e+01 5.531644e+00 9.008767e+00 2.091531e+00 9.535425e-01
<VARIANCE> 6
 1.145193e+03 2.560999e+02 2.377851e+01 2.314993e+01 1.841889e+00 4.530743e-01
<GCONST> 2.974603e+01
<STATE> 3
<MEAN> 6
 1.924675e+02 4.853004e+00 4.500359e+00 2.332110e+00 2.114788e+00 5.989867e-01
<VARIANCE> 6
 2.527708e+02 2.352653e+01 1.415004e+01 1.056863e+00 1.124056e+00 1.411805e-01
<GCONST> 2.058212e+01
<STATE> 4
<MEAN> 6
 2.265773e+02 3.600992e+00 4.101795e+00 1.867975e+00 2.229942e+00 7.072704e-01
<VARIANCE> 6
 2.430263e+02 8.326942e+00 1.041864e+01 1.436817e+00 9.278885e-01 3.736308e-01
<GCONST> 2.028662e+01
<TRANSP> 5
 0.000000e+00 1.000000e+00 0.000000e+00 0.000000e+00 0.000000e+00
 0.000000e+00 7.689584e-01 2.310416e-01 0.000000e+00 0.000000e+00
 0.000000e+00 0.000000e+00 7.219664e-01 2.780336e-01 0.000000e+00
 0.000000e+00 0.000000e+00 0.000000e+00 8.099546e-01 1.900454e-01
 0.000000e+00 0.000000e+00 0.000000e+00 0.000000e+00 0.000000e+00
<ENDHMM>
~h "fp_logo_5"
<BEGINHMM>
<NUMSTATES> 5
<STATE> 2
<MEAN> 6
 2.270768e+02 5.826117e+00 5.085832e+00 2.367960e+00 2.664435e+00 1.407059e+00
<VARIANCE> 6
 6.188859e+02 2.252953e+01 1.605810e+01 1.829608e+00 1.422693e+00 9.459115e-01
<GCONST> 2.424727e+01
<STATE> 3
<MEAN> 6
 2.383476e+02 8.294718e+00 5.384570e+00 3.861161e+00 3.786101e+00 3.430689e+00
<VARIANCE> 6
 7.127353e+02 9.083189e+01 1.714494e+01 8.599695e+00 5.503980e+00 2.129702e+01
<GCONST> 3.186285e+01
<STATE> 4
<MEAN> 6
 2.683845e+02 3.135815e+00 3.714429e+00 1.861896e+00 1.886587e+00 5.799091e-01
<VARIANCE> 6
 3.136440e+02 6.233365e+00 9.816612e+00 9.176794e-01 8.696995e-01 1.479902e-01
<GCONST> 1.875339e+01
<TRANSP> 5
 0.000000e+00 1.000000e+00 0.000000e+00 0.000000e+00 0.000000e+00
 0.000000e+00 8.839717e-07 9.999991e-01 0.000000e+00 0.000000e+00
 0.000000e+00 0.000000e+00 1.909521e-01 8.090479e-01 0.000000e+00
 0.000000e+00 0.000000e+00 0.000000e+00 9.050679e-01 9.493212e-02
 0.000000e+00 0.000000e+00 0.000000e+00 0.000000e+00 0.000000e+00
<ENDHMM>
~h "bg_white_0"
<BEGINHMM>
<NUMSTATES> 5
<STATE> 2
<MEAN> 6
 7.471286e+02 1.569773e+00 1.140525e+00 9.856721e-01 9.131219e-01 1.005230e+00
<VARIANCE> 6
 1.335050e+03 4.262915e+00 2.167263e+00 1.648717e+00 1.641819e+00 2.628641e+00
<GCONST> 2.240967e+01
<STATE> 3
<MEAN> 6
 6.937588e+02 4.419429e+01 2.274012e+01 1.965167e+01 2.435090e+01 1.886712e+01
<VARIANCE> 6
 4.048829e+03 1.333876e+03 5.329084e+02 1.457105e+02 3.047156e+02 1.770305e+02
<GCONST> 4.868496e+01
<STATE> 4
<MEAN> 6
 7.628776e+02 6.673656e+00 3.288068e+00 4.086449e+00 4.085171e+00 4.424984e+00
<VARIANCE> 6
 9.494757e+02 8.363040e+01 2.532272e+01 1.732542e+01 2.248055e+01 1.348719e+01
<GCONST> 3.410785e+01
<TRANSP> 5
 0.000000e+00 1.000000e+00 0.000000e+00 0.000000e+00 0.000000e+00
 0.000000e+00 9.175864e-01 8.241363e-02 0.000000e+00 0.000000e+00
 0.000000e+00 0.000000e+00 8.567337e-01 1.432662e-01 0.000000e+00
 0.000000e+00 0.000000e+00 0.000000e+00 5.284448e-01 4.715552e-01
 0.000000e+00 0.000000e+00 0.000000e+00 0.000000e+00 0.000000e+00
<ENDHMM>
~h "fp_screen_0"
<BEGINHMM>
<NUMSTATES> 5
<STATE> 2
<MEAN> 6
 4.091886e+02 1.097093e+01 1.509683e+01 3.363005e+00 3.924765e+00 1.096933e+00
<VARIANCE> 6
 1.772151e+04 3.189895e+02 6.012611e+02 3.205391e+01 2.193851e+01 1.625754e+00
<GCONST> 4.001562e+01
<STATE> 3
<MEAN> 6
 4.798459e+02 6.992345e+01 2.773783e+01 9.849252e+00 5.309730e+00 4.090462e+00
<VARIANCE> 6
 3.060871e+04 3.937013e+03 1.718405e+03 6.115198e+01 3.949163e+01 3.370084e+01
<GCONST> 4.839060e+01
<STATE> 4
<MEAN> 6
 5.069684e+02 1.590456e+01 3.433720e+00 2.961994e+00 1.994468e+00 9.253507e-01
<VARIANCE> 6
 2.229367e+04 3.667163e+02 1.446956e+01 1.535364e+01 2.537162e+00 1.421527e+00
<GCONST> 3.363008e+01
<TRANSP> 5
 0.000000e+00 1.000000e+00 0.000000e+00 0.000000e+00 0.000000e+00
 0.000000e+00 1.058001e-02 9.894200e-01 0.000000e+00 0.000000e+00
 0.000000e+00 0.000000e+00 4.657800e-01 5.342200e-01 0.000000e+00
 0.000000e+00 0.000000e+00 0.000000e+00 4.587876e-01 5.412124e-01
 0.000000e+00 0.000000e+00 0.000000e+00 0.000000e+00 0.000000e+00
<ENDHMM>
~h "fp_screen_1"
<BEGINHMM>
<NUMSTATES> 5
<STATE> 2
<MEAN> 6
 4.226067e+02 1.962207e+01 5.857862e+00 4.999061e+00 2.123751e+00 8.379577e-01
<VARIANCE> 6
 2.670554e+04 9.122974e+02 1.603053e+02 4.059447e+01 8.957699e+00 1.431375e+00
<GCONST> 3.936771e+01
<STATE> 3
<MEAN> 6
 4.933380e+02 3.405488e+01 1.273925e+01 2.618929e+01 3.024202e+00 1.324058e+00
<VARIANCE> 6
 2.170051e+04 1.315965e+03 9.895875e+02 6.926057e+02 2.136184e+01 5.268210e+00
<GCONST> 4.635573e+01
<STATE> 4
<MEAN> 6
 4.077151e+02 5.174860e+00 2.527238e+00 1.188775e+00 8.962718e-01 3.095185e-01
<VARIANCE> 6
 3.818378e+03 8.018934e+01 3.688399e+00 3.202105e+00 2.834795e-01 2.693539e-02
<GCONST> 2.125331e+01
<TRANSP> 5
 0.000000e+00 1.000000e+00 0.000000e+00 0.000000e+00 0.000000e+00
 0.000000e+00 9.693985e-02 9.030601e-01 0.000000e+00 0.000000e+00
 0.000000e+00 0.000000e+00 4.977271e-01 5.022728e-01 0.000000e+00
 0.000000e+00 0.000000e+00 0.000000e+00 9.082695e-01 9.173045e-02
 0.000000e+00 0.000000e+00 0.000000e+00 0.000000e+00 0.000000e+00
<ENDHMM>
~h "fp_screen_2"
<BEGINHMM>
<NUMSTATES> 5
<STATE> 2
<MEAN> 6
 3.438130e+02 6.561738e+00 1.657955e+01 2.138304e+00 5.936010e+00 6.283509e-01
<VARIANCE> 6
 8.118906e+03 1.425540e+02 4.561823e+02 9.187723e+00 2.991430e+01 1.990633e-01
<GCONST> 3.511390e+01
<STATE> 3
<MEAN> 6
 6.091089e+02 8.839465e+01 4.035151e+01 2.186524e+01 2.002880e+01 9.415833e+00
<VARIANCE> 6
 5.534133e+04 5.964937e+03 2.817716e+03 1.939581e+02 2.256667e+02 5.670112e+01
<GCONST> 5.331037e+01
<STATE> 4
<MEAN> 6
 4.042793e+02 4.083523e+01 2.853962e+01 9.645890e+00 1.059109e+01 4.628253e+00
<VARIANCE> 6
 2.716640e+04 4.197529e+03 1.260997e+03 1.189681e+02 1.549263e+02 3.616360e+01
<GCONST> 5.012877e+01
<TRANSP> 5
 0.000000e+00 1.000000e+00 0.000000e+00 0.000000e+00 0.000000e+00
 0.000000e+00 5.515856e-01 4.484145e-01 0.000000e+00 0.000000e+00
 0.000000e+00 0.000000e+00 5.964351e-01 4.035649e-01 0.000000e+00
 0.000000e+00 0.000000e+00 0.000000e+00 6.672835e-02 9.332717e-01
 0.000000e+00 0.000000e+00 0.000000e+00 0.000000e+00 0.000000e+00
<ENDHMM>
~h "fp_screen_3"
<BEGINHMM>
<NUMSTATES> 5
<STATE> 2
<MEAN> 6
 4.127841e+02 2.490781e+01 2.487882e+01 8.517635e+00 1.052858e+01 5.076129e+00
<VARIANCE> 6
 3.614557e+04 1.063108e+03 1.730016e+03 9.681992e+01 2.222785e+02 3.712037e+01
<GCONST> 4.953836e+01
<STATE> 3
<MEAN> 6
 5.270438e+02 1.199201e+02 3.872950e+01 2.059520e+01 1.700945e+01 9.794011e+00
<VARIANCE> 6
 3.403955e+04 1.014723e+04 2.342662e+03 1.808996e+02 2.149659e+02 6.445642e+01
<GCONST> 5.318095e+01
<STATE> 4
<MEAN> 6
 3.463857e+02 1.243144e+01 3.808878e+00 2.902990e+00 1.840199e+00 1.509019e+00
<VARIANCE> 6
 4.669117e+03 3.221229e+02 1.278284e+01 7.524143e+00 1.468272e+00 2.689330e+00
<GCONST> 3.119052e+01
<TRANSP> 5
 0.000000e+00 1.000000e+00 0.000000e+00 0.000000e+00 0.000000e+00
 0.000000e+00 1.610777e-02 9.838923e-01 0.000000e+00 0.000000e+00
 0.000000e+00 0.000000e+00 6.170350e-01 3.829650e-01 0.000000e+00
 0.000000e+00 0.000000e+00 0.000000e+00 7.160745e-01 2.839254e-01
 0.000000e+00 0.000000e+00 0.000000e+00 0.000000e+00 0.000000e+00
<ENDHMM>
~h "fp_screen_4"
<BEGINHMM>
<NUMSTATES> 5
<STATE> 2
<MEAN> 6
 2.832613e+02 2.489805e+01 6.623499e+00 5.420156e+00 2.979404e+00 1.519394e+00
<VARIANCE> 6
 6.809785e+03 6.188067e+02 4.439243e+01 1.803532e+01 5.684513e+00 2.600491e+00
<GCONST> 3.566002e+01
<STATE> 3
<MEAN> 6
 3.706463e+02 8.383408e+00 3.062690e+01 4.335109e+00 5.558136e+00 2.190452e+00
<VARIANCE> 6
 5.450359e+04 2.181991e+02 2.787659e+03 3.682879e+01 7.296700e+01 8.724291e+00
<GCONST> 4.531405e+01
<STATE> 4
<MEAN> 6
 2.531472e+02 4.687688e+00 6.545523e+00 1.570150e+00 1.707666e+00 6.170243e-01
<VARIANCE> 6
 9.850645e+03 2.232466e+01 8.804333e+01 1.271656e+00 2.070014e+00 2.951573e-01
<GCONST> 2.755371e+01
<TRANSP> 5
 0.000000e+00 1.000000e+00 0.000000e+00 0.000000e+00 0.000000e+00
 0.000000e+00 5.430370e-01 4.569630e-01 0.000000e+00 0.000000e+00
 0.000000e+00 0.000000e+00 1.766032e-01 8.233968e-01 0.000000e+00
 0.000000e+00 0.000000e+00 0.000000e+00 9.139488e-01 8.605126e-02
 0.000000e+00 0.000000e+00 0.000000e+00 0.000000e+00 0.000000e+00
<ENDHMM>
~h "fp_screen_5"
<BEGINHMM>
<NUMSTATES> 5
<STATE> 2
<MEAN> 6
 1.463727e+02 9.074284e+00 9.564117e+00 3.351376e+00 3.633369e+00 1.440869e+00
<VARIANCE> 6
 1.473303e+03 1.242623e+02 1.123794e+02 6.525128e+00 8.972483e+00 1.639612e+00
<GCONST> 3.243108e+01
<STATE> 3
<MEAN> 6
 2.348671e+02 6.272887e+00 2.537440e+01 2.936836e+00 7.111914e+00 1.443545e+00
<VARIANCE> 6
 2.458668e+03 4.746037e+01 3.679993e+02 3.554618e+00 2.549277e+01 1.745340e+00
<GCONST> 3.366621e+01
<STATE> 4
<MEAN> 6
 3.222088e+02 2.989562e+00 3.478307e+00 1.503520e+00 1.327639e+00 4.180944e-01
<VARIANCE> 6
 9.131763e+02 5.193591e+00 7.185632e+00 5.980578e-01 6.693784e-01 9.938383e-02
<GCONST> 1.823946e+01
<TRANSP> 5
 0.000000e+00 1.000000e+00 0.000000e+00 0.000000e+00 0.000000e+00
 0.000000e+00 6.269041e-01 3.730959e-01 0.000000e+00 0.000000e+00
 0.000000e+00 0.000000e+00 4.443804e-01 5.556195e-01 0.000000e+00
 0.000000e+00 0.000000e+00 0.000000e+00 8.747622e-01 1.252379e-01
 0.000000e+00 0.000000e+00 0.000000e+00 0.000000e+00 0.000000e+00
<ENDHMM>
~h "bg_white_0_0"
<BEGINHMM>
<NUMSTATES> 5
<STATE> 2
<MEAN> 6
 7.557693e+02 2.329246e+00 1.360809e+00 1.238165e+00 1.198581e+00 1.138768e+00
<VARIANCE> 6
 8.975968e+02 7.587594e+00 2.159046e+00 1.770328e+00 2.371350e+00 2.997277e+00
<GCONST> 2.315549e+01
<STATE> 3
<MEAN> 6
 6.883718e+02 5.337483e+01 2.620088e+01 1.864563e+01 2.694584e+01 1.835405e+01
<VARIANCE> 6
 3.206603e+03 1.860129e+03 6.674710e+02 1.686302e+02 3.280420e+02 1.712048e+02
<GCONST> 4.919584e+01
<STATE> 4
<MEAN> 6
 7.336703e+02 2.222614e+01 8.614187e+00 1.193288e+01 1.163336e+01 1.002607e+01
<VARIANCE> 6
 1.602993e+03 8.008313e+02 1.059079e+02 1.472903e+02 1.576473e+02 8.588824e+01
<GCONST> 4.426093e+01
<TRANSP> 5
 0.000000e+00 1.000000e+00 0.000000e+00 0.000000e+00 0.000000e+00
 0.000000e+00 8.578759e-01 1.421241e-01 0.000000e+00 0.000000e+00
 0.000000e+00 0.000000e+00 6.027197e-01 3.972803e-01 0.000000e+00
 0.000000e+00 0.000000e+00 0.000000e+00 3.137586e-01 6.862414e-01
 0.000000e+00 0.000000e+00 0.000000e+00 0.000000e+00 0.000000e+00
<ENDHMM>
~h "bg_white_0_1"
<BEGINHMM>
<NUMSTATES> 5
<STATE> 2
<MEAN> 6
 7.293583e+02 2.947270e+01 1.197273e+01 1.273752e+01 1.604746e+01 1.124418e+01
<VARIANCE> 6
 1.638722e+03 1.031964e+03 1.832426e+02 1.203817e+02 2.445132e+02 1.051248e+02
<GCONST> 4.552405e+01
<STATE> 3
<MEAN> 6
 6.738684e+02 6.868323e+01 2.596362e+01 2.363864e+01 2.918064e+01 2.179082e+01
<VARIANCE> 6
 3.137021e+03 2.405443e+03 6.732892e+02 2.107693e+02 2.983135e+02 2.122222e+02
<GCONST> 4.978250e+01
<STATE> 4
<MEAN> 6
 7.503972e+02 1.201082e+01 5.548068e+00 6.814139e+00 6.750473e+00 5.938025e+00
<VARIANCE> 6
 1.151968e+03 2.244379e+02 4.961946e+01 4.249920e+01 6.388107e+01 3.005001e+01
<GCONST> 3.870384e+01
<TRANSP> 5
 0.000000e+00 1.000000e+00 0.000000e+00 0.000000e+00 0.000000e+00
 0.000000e+00 3.495683e-01 6.504317e-01 0.000000e+00 0.000000e+00
 0.000000e+00 0.000000e+00 7.284251e-01 2.715750e-01 0.000000e+00
 0.000000e+00 0.000000e+00 0.000000e+00 5.310396e-01 4.689605e-01
 0.000000e+00 0.000000e+00 0.000000e+00 0.000000e+00 0.000000e+00
<ENDHMM>
~h "bg_white_0_2"
<BEGINHMM>
<NUMSTATES> 5
<STATE> 2
<MEAN> 6
 7.324358e+02 2.343255e+01 1.469225e+01 1.294315e+01 1.406959e+01 1.040221e+01
<VARIANCE> 6
 1.520097e+03 5.678765e+02 3.366043e+02 1.147472e+02 1.712119e+02 8.581860e+01
<GCONST> 4.485247e+01
<STATE> 3
<MEAN> 6
 6.638179e+02 5.374847e+01 2.996785e+01 2.389157e+01 2.775671e+01 2.093113e+01
<VARIANCE> 6
 6.821259e+03 3.011901e+03 8.086129e+02 2.714211e+02 3.419783e+02 2.059781e+02
<GCONST> 5.132690e+01
<STATE> 4
<MEAN> 6
 7.432791e+02 1.133871e+01 5.637475e+00 7.361452e+00 6.217006e+00 5.529624e+00
<VARIANCE> 6
 3.964624e+03 3.232441e+02 5.798624e+01 7.131245e+01 6.222812e+01 3.065458e+01
<GCONST> 4.097170e+01
<TRANSP> 5
 0.000000e+00 1.000000e+00 0.000000e+00 0.000000e+00 0.000000e+00
 0.000000e+00 4.253595e-01 5.746405e-01 0.000000e+00 0.000000e+00
 0.000000e+00 0.000000e+00 6.713922e-01 3.286079e-01 0.000000e+00
 0.000000e+00 0.000000e+00 0.000000e+00 2.333398e-01 7.666603e-01
 0.000000e+00 0.000000e+00 0.000000e+00 0.000000e+00 0.000000e+00
<ENDHMM>
~h "bg_white_0_3"
<BEGINHMM>
<NUMSTATES> 5
<STATE> 2
<MEAN> 6
 6.799752e+02 1.790300e+01 9.559898e+00 1.034058e+01 1.128703e+01 8.863659e+00
<VARIANCE> 6
 3.240678e+04 5.783080e+02 1.612874e+02 1.166344e+02 2.111000e+02 1.091698e+02
<GCONST> 4.766096e+01
<STATE> 3
<MEAN> 6
 6.641440e+02 4.649884e+01 2.785290e+01 2.397436e+01 2.999440e+01 2.306120e+01
<VARIANCE> 6
 5.953073e+03 1.657110e+03 6.305826e+02 2.392279e+02 3.618467e+02 2.262081e+02
<GCONST> 5.036849e+01
<STATE> 4
<MEAN> 6
 7.427575e+02 9.382680e+00 5.594756e+00 6.442976e+00 5.777977e+00 5.389637e+00
<VARIANCE> 6
 3.094518e+03 1.662868e+02 7.635602e+01 4.693913e+01 3.638187e+01 2.230558e+01
<GCONST> 3.906153e+01
<TRANSP> 5
 0.000000e+00 1.000000e+00 0.000000e+00 0.000000e+00 0.000000e+00
 0.000000e+00 1.844669e-01 8.155331e-01 0.000000e+00 0.000000e+00
 0.000000e+00 0.000000e+00 6.470787e-01 3.529212e-01 0.000000e+00
 0.000000e+00 0.000000e+00 0.000000e+00 4.543996e-01 5.456005e-01
 0.000000e+00 0.000000e+00 0.000000e+00 0.000000e+00 0.000000e+00
<ENDHMM>
~h "bg_white_0_4"
<BEGINHMM>
<NUMSTATES> 5
<STATE> 2
<MEAN> 6
 7.262324e+02 2.199737e+01 1.470876e+01 1.256023e+01 1.462123e+01 1.016181e+01
<VARIANCE> 6
 3.952531e+03 5.652385e+02 3.864589e+02 1.070288e+02 2.112000e+02 8.102351e+01
<GCONST> 4.602429e+01
<STATE> 3
<MEAN> 6
 6.790891e+02 5.098492e+01 2.541875e+01 2.099121e+01 2.790540e+01 2.066588e+01
<VARIANCE> 6
 4.874840e+03 1.690046e+03 5.963790e+02 1.581350e+02 3.512203e+02 1.999086e+02
<GCONST> 4.956522e+01
<STATE> 4
<MEAN> 6
 7.522989e+02 6.225942e+00 3.465644e+00 3.923511e+00 4.048913e+00 3.509703e+00
<VARIANCE> 6
 3.672615e+03 9.814017e+01 2.684367e+01 2.065274e+01 3.532382e+01 1.393418e+01
<GCONST> 3.633910e+01
<TRANSP> 5
 0.000000e+00 1.000000e+00 0.000000e+00 0.000000e+00 0.000000e+00
 0.000000e+00 3.645313e-01 6.354687e-01 0.000000e+00 0.000000e+00
 0.000000e+00 0.000000e+00 6.751695e-01 3.248306e-01 0.000000e+00
 0.000000e+00 0.000000e+00 0.000000e+00 4.967915e-01 5.032085e-01
 0.000000e+00 0.000000e+00 0.000000e+00 0.000000e+00 0.000000e+00
<ENDHMM>
~h "bg_white_0_5"
<BEGINHMM>
<NUMSTATES> 5
<STATE> 2
<MEAN> 6
 7.263820e+02 2.128472e+01 1.013172e+01 1.134818e+01 1.309092e+01 9.105726e+00
<VARIANCE> 6
 3.945818e+03 6.471215e+02 1.734675e+02 1.002131e+02 2.099109e+02 7.453429e+01
<GCONST> 4.520144e+01
<STATE> 3
<MEAN> 6
 6.334979e+02 6.725225e+01 2.853874e+01 2.554296e+01 2.758806e+01 1.830776e+01
<VARIANCE> 6
 1.594862e+04 5.107818e+03 8.276994e+02 3.581523e+02 4.194269e+02 1.930877e+02
<GCONST> 5.314457e+01
<STATE> 4
<MEAN> 6
 7.165504e+02 3.681982e+00 2.302430e+00 2.221023e+00 1.914785e+00 1.943756e+00
<VARIANCE> 6
 2.982130e+04 1.189945e+02 3.041646e+01 2.435443e+01 2.482573e+01 1.877785e+01
<GCONST> 3.886158e+01
<TRANSP> 5
 0.000000e+00 1.000000e+00 0.000000e+00 0.000000e+00 0.000000e+00
 0.000000e+00 4.296669e-01 5.703331e-01 0.000000e+00 0.000000e+00
 0.000000e+00 0.000000e+00 6.923841e-01 3.076159e-01 0.000000e+00
 0.000000e+00 0.000000e+00 0.000000e+00 8.524837e-01 1.475163e-01
 0.000000e+00 0.000000e+00 0.000000e+00 0.000000e+00 0.000000e+00
<ENDHMM>
~h "bg_dark_0"
<BEGINHMM>
<NUMSTATES> 5
<STATE> 2
<MEAN> 6
 1.007481e+02 2.969966e+01 9.247240e+00 5.182414e+00 2.722110e+00 1.476888e+00
<VARIANCE> 6
 4.890614e+03 3.128494e+03 6.533365e+01 4.567564e+01 3.067041e+00 2.155999e+00
<GCONST> 3.746068e+01
<STATE> 3
<MEAN> 6
 1.671095e+02 7.645626e+01 1.436711e+01 2.075799e+01 3.835154e+00 2.363547e+00
<VARIANCE> 6
 8.246129e+03 9.063483e+03 6.768990e+01 6.202985e+02 5.113697e+00 3.202098e+00
<GCONST> 4.259764e+01
<STATE> 4
<MEAN> 6
 8.966582e+01 7.360000e+00 6.240240e+00 2.940851e+00 2.523568e+00 1.674895e+00
<VARIANCE> 6
 1.368346e+03 3.751731e+01 2.943285e+01 4.553013e+00 2.751054e+00 3.321227e+00
<GCONST> 2.898364e+01
<TRANSP> 5
 0.000000e+00 1.000000e+00 0.000000e+00 0.000000e+00 0.000000e+00
 0.000000e+00 5.699638e-01 4.300363e-01 0.000000e+00 0.000000e+00
 0.000000e+00 0.000000e+00 2.979580e-01 7.020420e-01 0.000000e+00
 0.000000e+00 0.000000e+00 0.000000e+00 6.551015e-01 3.448986e-01
 0.000000e+00 0.000000e+00 0.000000e+00 0.000000e+00 0.000000e+00
<ENDHMM>
~h "bg_dark_0_0"
<BEGINHMM>
<NUMSTATES> 5
<STATE> 2
<MEAN> 6
 9.350772e+01 2.711196e+01 7.164425e+00 6.685320e+00 3.514449e+00 1.443986e+00
<VARIANCE> 6
 9.767743e+02 6.892749e+02 3.208036e+01 1.439127e+01 2.600052e+00 1.150678e+00
<GCONST> 3.167791e+01
<STATE> 3
<MEAN> 6
 1.014811e+02 1.565436e+01 1.443732e+01 5.992012e+00 3.773762e+00 1.708191e+00
<VARIANCE> 6
 1.052121e+03 1.373748e+02 7.861301e+01 9.144638e+00 5.116926e+00 2.284064e+00
<GCONST> 3.194475e+01
<STATE> 4
<MEAN> 6
 7.649983e+01 7.978319e+00 9.571972e+00 3.253645e+00 3.543986e+00 1.665829e+00
<VARIANCE> 6
 7.860884e+02 3.836914e+01 7.241653e+01 2.770422e+00 4.970539e+00 1.514807e+00
<GCONST> 2.866184e+01
<TRANSP> 5
 0.000000e+00 1.000000e+00 0.000000e+00 0.000000e+00 0.000000e+00
 0.000000e+00 3.064413e-01 6.935588e-01 0.000000e+00 0.000000e+00
 0.000000e+00 0.000000e+00 1.336789e-02 9.866320e-01 0.000000e+00
 0.000000e+00 0.000000e+00 0.000000e+00 6.368717e-01 3.631283e-01
 0.000000e+00 0.000000e+00 0.000000e+00 0.000000e+00 0.000000e+00
<ENDHMM>
~h "bg_dark_0_1"
<BEGINHMM>
<NUMSTATES> 5
<STATE> 2
<MEAN> 6
 4.675339e+01 1.240676e+01 4.027116e+00 2.317300e+00 1.537128e+00 6.932029e-01
<VARIANCE> 6
 3.468035e+02 1.643175e+02 1.124146e+01 2.448620e+00 1.138910e+00 3.511499e-01
<GCONST> 2.437649e+01
<STATE> 3
<MEAN> 6
 8.739195e+01 1.633675e+01 1.622998e+01 2.860827e+00 4.749386e+00 1.467570e+00
<VARIANCE> 6
 1.006028e+03 2.863970e+02 1.760161e+02 2.432880e+00 7.568679e+00 2.017609e+00
<GCONST> 3.238399e+01
<STATE> 4
<MEAN> 6
 1.065134e+02 6.678011e+00 7.359929e+00 2.738317e+00 2.499133e+00 1.050849e+00
<VARIANCE> 6
 1.613130e+03 2.863198e+01 4.574239e+01 3.249727e+00 1.938406e+00 6.349874e-01
<GCONST> 2.697703e+01
<TRANSP> 5
 0.000000e+00 1.000000e+00 0.000000e+00 0.000000e+00 0.000000e+00
 0.000000e+00 8.143939e-01 1.856061e-01 0.000000e+00 0.000000e+00
 0.000000e+00 0.000000e+00 2.476925e-13 1.000000e+00 0.000000e+00
 0.000000e+00 0.000000e+00 0.000000e+00 8.647529e-01 1.352470e-01
 0.000000e+00 0.000000e+00 0.000000e+00 0.000000e+00 0.000000e+00
<ENDHMM>
~h "bg_dark_0_2"
<BEGINHMM>
<NUMSTATES> 5
<STATE> 2
<MEAN> 6
 1.621627e+02 1.159377e+01 1.347986e+01 4.115687e+00 5.327681e+00 3.152366e+00
<VARIANCE> 6
 2.265008e+03 1.017737e+02 2.466439e+02 2.796802e+00 9.807897e+00 4.561996e+00
<GCONST> 3.371272e+01
<STATE> 3
<MEAN> 6
 1.095796e+02 2.023310e+01 1.120688e+01 6.365145e+00 3.843524e+00 2.741200e+00
<VARIANCE> 6
 2.263169e+03 3.419546e+02 6.101855e+01 1.217469e+01 3.327605e+00 2.641731e+00
<GCONST> 3.337069e+01
<STATE> 4
<MEAN> 6
 6.019494e+01 6.670592e+00 6.379895e+00 2.104558e+00 2.036462e+00 8.142856e-01
<VARIANCE> 6
 7.533108e+02 5.123455e+01 2.985911e+01 2.215064e+00 1.631170e+00 6.028803e-01
<GCONST> 2.576319e+01
<TRANSP> 5
 0.000000e+00 1.000000e+00 0.000000e+00 0.000000e+00 0.000000e+00
 0.000000e+00 8.164009e-01 1.835991e-01 0.000000e+00 0.000000e+00
 0.000000e+00 0.000000e+00 7.066632e-01 2.933368e-01 0.000000e+00
 0.000000e+00 0.000000e+00 0.000000e+00 8.005728e-01 1.994272e-01
 0.000000e+00 0.000000e+00 0.000000e+00 0.000000e+00 0.000000e+00
<ENDHMM>
~h "bg_dark_0_3"
<BEGINHMM>
<NUMSTATES> 5
<STATE> 2
<MEAN> 6
 7.151989e+01 7.507598e+00 7.260643e+00 3.340529e+00 2.865929e+00 1.555367e+00
<VARIANCE> 6
 7.905576e+02 6.463998e+01 3.162943e+01 3.485470e+00 2.200911e+00 1.657008e+00
<GCONST> 2.786541e+01
<STATE> 3
<MEAN> 6
 9.464560e+01 1.909133e+01 1.433018e+01 8.305040e+00 6.383734e+00 4.859885e+00
<VARIANCE> 6
 1.527139e+03 4.051618e+02 1.171239e+02 2.734805e+01 1.245950e+01 1.259540e+01
<GCONST> 3.749039e+01
<STATE> 4
<MEAN> 6
 7.072349e+01 1.001024e+01 6.305798e+00 4.181121e+00 2.868885e+00 2.291550e+00
<VARIANCE> 6
 7.925333e+02 7.464258e+01 2.929071e+01 4.590379e+00 2.022962e+00 2.150615e+00
<GCONST> 2.838676e+01
<TRANSP> 5
 0.000000e+00 1.000000e+00 0.000000e+00 0.000000e+00 0.000000e+00
 0.000000e+00 7.938939e-01 2.061061e-01 0.000000e+00 0.000000e+00
 0.000000e+00 0.000000e+00 3.988942e-01 6.011059e-01 0.000000e+00
 0.000000e+00 0.000000e+00 0.000000e+00 4.529990e-01 5.470011e-01
 0.000000e+00 0.000000e+00 0.000000e+00 0.000000e+00 0.000000e+00
<ENDHMM>
~h "bg_dark_0_4"
<BEGINHMM>
<NUMSTATES> 5
<STATE> 2
<MEAN> 6
 7.151772e+01 9.234539e+00 9.184474e+00 3.795676e+00 3.104174e+00 1.882428e+00
<VARIANCE> 6
 5.243750e+02 6.687755e+01 3.897249e+01 3.186446e+00 2.354784e+00 1.078823e+00
<GCONST> 2.724642e+01
<STATE> 3
<MEAN> 6
 1.214260e+02 1.728909e+01 1.653744e+01 4.147678e+00 3.842070e+00 2.807861e+00
<VARIANCE> 6
 2.053146e+03 6.008125e+01 6.302004e+01 6.873752e+00 5.966287e+00 6.541944e+00
<GCONST> 3.248561e+01
<STATE> 4
<MEAN> 6
 4.405881e+01 4.189774e+00 4.701005e+00 1.246337e+00 1.389006e+00 6.165823e-01
<VARIANCE> 6
 6.782966e+02 1.565644e+01 1.874566e+01 2.169436e-01 1.156672e+00 1.725447e-01
<GCONST> 2.008902e+01
<TRANSP> 5
 0.000000e+00 1.000000e+00 0.000000e+00 0.000000e+00 0.000000e+00
 0.000000e+00 6.785070e-01 3.214931e-01 0.000000e+00 0.000000e+00
 0.000000e+00 0.000000e+00 7.763942e-01 2.236058e-01 0.000000e+00
 0.000000e+00 0.000000e+00 0.000000e+00 6.742159e-01 3.257842e-01
 0.000000e+00 0.000000e+00 0.000000e+00 0.000000e+00 0.000000e+00
<ENDHMM>
~h "bg_dark_0_5"
<BEGINHMM>
<NUMSTATES> 5
<STATE> 2
<MEAN> 6
 3.391465e+01 4.619799e+00 4.648815e+00 1.645540e+00 1.364721e+00 3.730855e-01
<VARIANCE> 6
 3.009622e+02 2.136228e+01 1.874753e+01 7.057755e-01 9.017853e-01 3.408048e-02
<GCONST> 1.889607e+01
<STATE> 3
<MEAN> 6
 5.709800e+01 1.248494e+01 1.217602e+01 4.342126e+00 4.367926e+00 2.199075e+00
<VARIANCE> 6
 1.117408e+03 1.225545e+02 1.058430e+02 1.568059e+01 9.619675e+00 4.527031e+00
<GCONST> 3.404284e+01
<STATE> 4
<MEAN> 6
 4.013154e+01 5.931970e+00 3.803432e+00 1.757323e+00 1.420356e+00 3.996144e-01
<VARIANCE> 6
 3.997101e+02 3.701744e+01 1.074891e+01 1.315971e+00 9.453880e-01 4.756353e-02
<GCONST> 2.017692e+01
<TRANSP> 5
 0.000000e+00 1.000000e+00 0.000000e+00 0.000000e+00 0.000000e+00
 0.000000e+00 7.250195e-01 2.749806e-01 0.000000e+00 0.000000e+00
 0.000000e+00 0.000000e+00 5.715908e-01 4.284092e-01 0.000000e+00
 0.000000e+00 0.000000e+00 0.000000e+00 8.189437e-01 1.810562e-01
 0.000000e+00 0.000000e+00 0.000000e+00 0.000000e+00 0.000000e+00
<ENDHMM>
~h "bg_red_0"
<BEGINHMM>
<NUMSTATES> 5
<STATE> 2
<MEAN> 6
 4.227411e+02 1.880141e+01 2.232692e+00 1.123744e+01 2.940084e+00 4.417175e+00
<VARIANCE> 6
 2.033689e+04 1.286611e+03 1.626189e+00 2.119613e+02 1.427087e+00 5.714527e+00
<GCONST> 3.604851e+01
<STATE> 3
<MEAN> 6
 5.347121e+02 2.492426e+01 1.799381e+00 1.156904e+01 3.044086e+00 5.107234e+00
<VARIANCE> 6
 4.475198e+04 6.130371e+02 2.149025e+00 1.183723e+02 1.372572e+00 6.821564e+00
<GCONST> 3.593020e+01
<STATE> 4
<MEAN> 6
 4.931117e+02 2.349163e+01 2.660640e+00 1.186164e+01 2.912053e+00 3.334161e+00
<VARIANCE> 6
 4.185896e+04 5.898059e+02 2.310488e+00 1.409181e+02 1.909189e+00 4.845201e+00
<GCONST> 3.605942e+01
<TRANSP> 5
 0.000000e+00 1.000000e+00 0.000000e+00 0.000000e+00 0.000000e+00
 0.000000e+00 2.868851e-01 7.131149e-01 0.000000e+00 0.000000e+00
 0.000000e+00 0.000000e+00 2.452019e-01 7.547981e-01 0.000000e+00
 0.000000e+00 0.000000e+00 0.000000e+00 1.386397e-01 8.613603e-01
 0.000000e+00 0.000000e+00 0.000000e+00 0.000000e+00 0.000000e+00
<ENDHMM>
~h "bg_board"
<BEGINHMM>
<NUMSTATES> 5
<STATE> 2
<MEAN> 6
 1.563808e+02 1.507868e+01 9.618683e+00 4.561525e+00 2.426993e+00 8.430291e-01
<VARIANCE> 6
 2.356029e+03 1.800573e+02 6.595651e+01 5.727860e+00 1.672042e+00 2.605823e-01
<GCONST> 2.908882e+01
<STATE> 3
<MEAN> 6
 2.053442e+02 3.215872e+01 1.959484e+01 7.664670e+00 5.006010e+00 1.675325e+00
<VARIANCE> 6
 3.684531e+03 6.203414e+02 2.568995e+02 2.061367e+01 8.973631e+00 1.873691e+00
<GCONST> 3.706627e+01
<STATE> 4
<MEAN> 6
 2.176621e+02 1.758874e+01 7.151567e+00 4.195324e+00 2.473302e+00 1.097676e+00
<VARIANCE> 6
 4.108174e+03 3.303254e+02 2.515007e+01 6.637697e+00 2.215872e+00 7.323962e-01
<GCONST> 3.074991e+01
<TRANSP> 5
 0.000000e+00 1.000000e+00 0.000000e+00 0.000000e+00 0.000000e+00
 0.000000e+00 8.147297e-01 1.852703e-01 0.000000e+00 0.000000e+00
 0.000000e+00 0.000000e+00 3.779448e-01 6.220551e-01 0.000000e+00
 0.000000e+00 0.000000e+00 0.000000e+00 5.035179e-01 4.964822e-01
 0.000000e+00 0.000000e+00 0.000000e+00 0.000000e+00 0.000000e+00
<ENDHMM>
~h "fp_key_0"
<BEGINHMM>
<NUMSTATES> 5
<STATE> 2
<MEAN> 6
 1.331801e+02 2.324558e+01 1.174516e+01 6.200904e+00 2.700429e+00 8.339405e-01
<VARIANCE> 6
 2.887317e+03 6.057892e+02 7.822379e+02 3.837613e+01 1.820087e+01 1.082388e+00
<GCONST> 3.869211e+01
<STATE> 3
<MEAN> 6
 2.892819e+02 9.563194e+01 1.775261e+01 1.719753e+01 6.813508e+00 3.484442e+00
<VARIANCE> 6
 2.963574e+04 5.673225e+03 1.112203e+03 1.638115e+02 9.868843e+01 1.788820e+01
<GCONST> 4.955643e+01
<STATE> 4
<MEAN> 6
 1.839951e+02 4.073074e+01 7.469909e+00 9.060470e+00 3.767454e+00 2.122337e+00
<VARIANCE> 6
 1.552307e+04 2.534834e+03 1.263612e+02 9.664968e+01 2.220366e+01 4.905601e+00
<GCONST> 4.261610e+01
<TRANSP> 5
 0.000000e+00 1.000000e+00 0.000000e+00 0.000000e+00 0.000000e+00
 0.000000e+00 5.063108e-01 4.936892e-01 0.000000e+00 0.000000e+00
 0.000000e+00 0.000000e+00 4.844019e-01 5.155981e-01 0.000000e+00
 0.000000e+00 0.000000e+00 0.000000e+00 4.917844e-02 9.508216e-01
 0.000000e+00 0.000000e+00 0.000000e+00 0.000000e+00 0.000000e+00
<ENDHMM>
~h "fp_key_1"
<BEGINHMM>
<NUMSTATES> 5
<STATE> 2
<MEAN> 6
 1.393257e+02 1.835838e+01 3.898335e+00 5.249220e+00 2.327710e+00 1.270971e+00
<VARIANCE> 6
 1.034450e+04 1.053256e+03 2.740933e+01 5.294447e+01 5.126941e+00 1.449347e+00
<GCONST> 3.651686e+01
<STATE> 3
<MEAN> 6
 3.022645e+02 6.438252e+01 6.308317e+01 2.119501e+01 2.203652e+01 8.495445e+00
<VARIANCE> 6
 1.750291e+04 2.430107e+03 3.942662e+03 2.101270e+02 3.417667e+02 4.064575e+01
<GCONST> 5.175943e+01
<STATE> 4
<MEAN> 6
 3.205649e+02 1.050762e+02 7.698161e+00 1.809476e+01 2.773007e+00 1.687712e+00
<VARIANCE> 6
 3.018527e+04 5.853866e+03 7.333824e+01 1.386014e+02 7.745086e+00 3.371683e+00
<GCONST> 4.250639e+01
<TRANSP> 5
 0.000000e+00 1.000000e+00 0.000000e+00 0.000000e+00 0.000000e+00
 0.000000e+00 4.654408e-01 5.345592e-01 0.000000e+00 0.000000e+00
 0.000000e+00 0.000000e+00 5.428116e-01 4.571884e-01 0.000000e+00
 0.000000e+00 0.000000e+00 0.000000e+00 5.912936e-01 4.087064e-01
 0.000000e+00 0.000000e+00 0.000000e+00 0.000000e+00 0.000000e+00
<ENDHMM>
~h "fp_key_2"
<BEGINHMM>
<NUMSTATES> 5
<STATE> 2
<MEAN> 6
 1.377209e+02 1.388363e+01 3.741133e+00 4.245325e+00 2.115861e+00 1.200654e+00
<VARIANCE> 6
 8.601801e+03 9.286021e+02 1.358700e+01 4.081451e+01 3.064429e+00 1.685672e+00
<GCONST> 3.488085e+01
<STATE> 3
<MEAN> 6
 3.402484e+02 7.352370e+01 7.426231e+01 2.198158e+01 2.266975e+01 8.173985e+00
<VARIANCE> 6
 2.685193e+04 4.193363e+03 5.795685e+03 2.981252e+02 3.441080e+02 5.598982e+01
<GCONST> 5.379512e+01
<STATE> 4
<MEAN> 6
 3.275925e+02 7.394048e+01 2.506615e+01 1.584311e+01 6.935298e+00 2.807077e+00
<VARIANCE> 6
 3.257413e+04 4.584600e+03 1.635815e+03 1.471564e+02 5.943669e+01 6.699744e+00
<GCONST> 4.822737e+01
<TRANSP> 5
 0.000000e+00 1.000000e+00 0.000000e+00 0.000000e+00 0.000000e+00
 0.000000e+00 7.397507e-01 2.602493e-01 0.000000e+00 0.000000e+00
 0.000000e+00 0.000000e+00 5.411829e-01 4.588171e-01 0.000000e+00
 0.000000e+00 0.000000e+00 0.000000e+00 2.380830e-01 7.619170e-01
 0.000000e+00 0.000000e+00 0.000000e+00 0.000000e+00 0.000000e+00
<ENDHMM>
~h "fp_key_3"
<BEGINHMM>
<NUMSTATES> 5
<STATE> 2
<MEAN> 6
 4.222173e+02 8.723637e+01 1.143147e+01 1.983934e+01 3.865719e+00 1.780856e+00
<VARIANCE> 6
 3.545031e+04 4.601681e+03 3.455038e+02 1.660765e+02 3.334370e+01 4.811193e+00
<GCONST> 4.597260e+01
<STATE> 3
<MEAN> 6
 3.165899e+02 6.089159e+01 5.207811e+01 1.490290e+01 1.780678e+01 6.036741e+00
<VARIANCE> 6
 2.669766e+04 4.130878e+03 4.296031e+03 1.561198e+02 3.114583e+02 2.514800e+01
<GCONST> 5.192795e+01
<STATE> 4
<MEAN> 6
 1.960435e+02 1.629112e+01 5.193799e+00 4.167676e+00 2.373783e+00 1.235214e+00
<VARIANCE> 6
 1.191280e+04 9.496099e+02 3.420163e+01 4.074842e+01 4.781961e+00 2.384526e+00
<GCONST> 3.694222e+01
<TRANSP> 5
 0.000000e+00 1.000000e+00 0.000000e+00 0.000000e+00 0.000000e+00
 0.000000e+00 5.120910e-01 4.879090e-01 0.000000e+00 0.000000e+00
 0.000000e+00 0.000000e+00 3.697492e-01 6.302508e-01 0.000000e+00
 0.000000e+00 0.000000e+00 0.000000e+00 6.628757e-01 3.371244e-01
 0.000000e+00 0.000000e+00 0.000000e+00 0.000000e+00 0.000000e+00
<ENDHMM>
~h "fp_key_4"
<BEGINHMM>
<NUMSTATES> 5
<STATE> 2
<MEAN> 6
 4.968399e+02 7.603015e+01 8.908826e+00 1.543953e+01 3.287532e+00 1.479993e+00
<VARIANCE> 6
 4.412537e+04 3.907171e+03 8.773077e+01 9.736237e+01 1.916070e+01 2.852304e+00
<GCONST> 4.304632e+01
<STATE> 3
<MEAN> 6
 4.706838e+02 7.180616e+01 6.380050e+01 1.768892e+01 2.056632e+01 8.492358e+00
<VARIANCE> 6
 3.589670e+04 2.937118e+03 3.674813e+03 1.637104e+02 1.910093e+02 4.120352e+01
<GCONST> 5.177905e+01
<STATE> 4
<MEAN> 6
 2.566358e+02 1.163725e+01 1.046968e+01 3.838140e+00 3.854013e+00 1.869656e+00
<VARIANCE> 6
 4.405993e+03 2.944861e+02 1.452548e+02 9.587875e+00 1.637261e+01 2.949462e+00
<GCONST> 3.621944e+01
<TRANSP> 5
 0.000000e+00 1.000000e+00 0.000000e+00 0.000000e+00 0.000000e+00
 0.000000e+00 6.803976e-01 3.196024e-01 0.000000e+00 0.000000e+00
 0.000000e+00 0.000000e+00 5.950284e-01 4.049716e-01 0.000000e+00
 0.000000e+00 0.000000e+00 0.000000e+00 4.397129e-01 5.602871e-01
 0.000000e+00 0.000000e+00 0.000000e+00 0.000000e+00 0.000000e+00
<ENDHMM>
~h "fp_key_5"
<BEGINHMM>
<NUMSTATES> 5
<STATE> 2
<MEAN> 6
 2.829513e+02 7.943085e+00 1.011655e+01 2.747489e+00 2.255809e+00 1.058289e+00
<VARIANCE> 6
 5.129813e+03 1.563398e+02 3.473665e+02 1.327353e+01 6.876760e+00 9.750628e-01
<GCONST> 3.496117e+01
<STATE> 3
<MEAN> 6
 2.997887e+02 5.377881e+00 1.191051e+01 1.248408e+00 2.340797e+00 4.713717e-01
<VARIANCE> 6
 3.868521e+03 4.162550e+01 4.553580e+02 6.839293e-01 1.032269e+01 1.209654e-01
<GCONST> 2.897988e+01
<STATE> 4
<MEAN> 6
 3.582814e+02 2.705679e+00 4.811278e+00 8.232089e-01 1.154684e+00 3.218637e-01
<VARIANCE> 6
 3.829922e+03 9.284986e+00 8.523924e+01 2.085221e-01 2.913862e+00 2.435190e-02
<GCONST> 2.173835e+01
<TRANSP> 5
 0.000000e+00 1.000000e+00 0.000000e+00 0.000000e+00 0.000000e+00
 0.000000e+00 1.531307e-02 9.846869e-01 0.000000e+00 0.000000e+00
 0.000000e+00 0.000000e+00 6.747409e-01 3.252591e-01 0.000000e+00
 0.000000e+00 0.000000e+00 0.000000e+00 8.726113e-01 1.273887e-01
 0.000000e+00 0.000000e+00 0.000000e+00 0.000000e+00 0.000000e+00
<ENDHMM>
~h "bg_red_0_0"
<BEGINHMM>
<NUMSTATES> 5
<STATE> 2
<MEAN> 6
 4.355413e+02 1.733581e+01 3.192580e+00 8.184375e+00 3.751997e+00 4.228350e+00
<VARIANCE> 6
 2.922936e+04 3.078065e+02 8.050954e-01 3.849837e+01 8.093553e-01 2.012462e+00
<GCONST> 3.096132e+01
<STATE> 3
<MEAN> 6
 5.234788e+02 1.112457e+01 2.831143e+00 7.085297e+00 3.487464e+00 4.706740e+00
<VARIANCE> 6
 4.585307e+04 2.005724e+02 1.586872e+00 7.720516e+00 2.290380e+00 3.895803e+00
<GCONST> 3.175590e+01
<STATE> 4
<MEAN> 6
 3.806926e+02 4.855762e+00 3.879863e+00 5.979243e+00 4.011978e+00 7.346790e+00
<VARIANCE> 6
 1.031852e+04 8.719303e+00 7.807802e+00 9.575782e+00 4.644722e+00 8.908880e+00
<GCONST> 3.047164e+01
<TRANSP> 5
 0.000000e+00 1.000000e+00 0.000000e+00 0.000000e+00 0.000000e+00
 0.000000e+00 1.825738e-03 9.981743e-01 0.000000e+00 0.000000e+00
 0.000000e+00 0.000000e+00 2.518179e-01 7.481822e-01 0.000000e+00
 0.000000e+00 0.000000e+00 0.000000e+00 6.495640e-01 3.504360e-01
 0.000000e+00 0.000000e+00 0.000000e+00 0.000000e+00 0.000000e+00
<ENDHMM>
~h "bg_red_0_1"
<BEGINHMM>
<NUMSTATES> 5
<STATE> 2
<MEAN> 6
 3.615399e+02 2.830341e+01 2.680635e+00 1.342892e+01 4.061553e+00 6.618592e+00
<VARIANCE> 6
 1.079346e+04 2.277496e+02 5.339394e+00 2.793922e+01 2.131190e+00 9.258710e+00
<GCONST> 3.372960e+01
<STATE> 3
<MEAN> 6
 6.463223e+02 4.588424e+01 1.076968e+01 1.759461e+01 1.570105e+01 1.345877e+01
<VARIANCE> 6
 4.512053e+04 1.692424e+03 1.403696e+02 1.738300e+02 2.758058e+02 9.713936e+01
<GCONST> 4.947647e+01
<STATE> 4
<MEAN> 6
 3.590550e+02 4.165989e+00 2.834496e+00 4.769420e+00 4.083870e+00 6.916015e+00
<VARIANCE> 6
 6.524992e+03 1.245053e+01 3.452939e+00 7.945207e+00 3.236103e+00 1.058985e+01
<GCONST> 2.917848e+01
<TRANSP> 5
 0.000000e+00 1.000000e+00 0.000000e+00 0.000000e+00 0.000000e+00
 0.000000e+00 6.801295e-01 3.198705e-01 0.000000e+00 0.000000e+00
 0.000000e+00 0.000000e+00 6.013137e-01 3.986863e-01 0.000000e+00
 0.000000e+00 0.000000e+00 0.000000e+00 8.335959e-01 1.664040e-01
 0.000000e+00 0.000000e+00 0.000000e+00 0.000000e+00 0.000000e+00
<ENDHMM>
~h "bg_red_0_2"
<BEGINHMM>
<NUMSTATES> 5
<STATE> 2
<MEAN> 6
 3.337091e+02 3.558698e+00 2.548371e+00 3.647331e+00 2.583111e+00 3.948914e+00
<VARIANCE> 6
 2.128355e+03 9.189375e+00 4.245951e+00 5.745062e+00 1.285668e+00 6.188726e+00
<GCONST> 2.617673e+01
<STATE> 3
<MEAN> 6
 4.219034e+02 7.902884e+01 3.841925e+00 3.611683e+01 3.291977e+00 4.229492e+00
<VARIANCE> 6
 1.389700e+04 5.239021e+03 6.252881e+00 7.243947e+02 1.780993e+00 1.015320e+01
<GCONST> 4.044392e+01
<STATE> 4
<MEAN> 6
 5.616772e+02 3.660397e+01 3.464620e+00 1.208112e+01 3.055547e+00 2.271739e+00
<VARIANCE> 6
 5.221608e+04 4.139496e+03 7.321352e+00 1.722737e+02 9.768685e-01 2.632462e+00
<GCONST> 3.830313e+01
<TRANSP> 5
 0.000000e+00 1.000000e+00 0.000000e+00 0.000000e+00 0.000000e+00
 0.000000e+00 9.500139e-01 4.998612e-02 0.000000e+00 0.000000e+00
 0.000000e+00 0.000000e+00 6.264597e-01 3.735403e-01 0.000000e+00
 0.000000e+00 0.000000e+00 0.000000e+00 3.394715e-01 6.605285e-01
 0.000000e+00 0.000000e+00 0.000000e+00 0.000000e+00 0.000000e+00
<ENDHMM>
~h "bg_red_0_3"
<BEGINHMM>
<NUMSTATES> 5
<STATE> 2
<MEAN> 6
 4.381935e+02 4.279509e+01 3.470444e+00 9.703087e+00 2.662889e+00 1.408028e+00
<VARIANCE> 6
 3.105399e+04 7.166912e+03 9.458559e+00 2.226901e+02 1.416878e+00 1.359894e+00
<GCONST> 3.855654e+01
<STATE> 3
<MEAN> 6
 5.806485e+02 1.211508e+02 6.529774e+00 3.854227e+01 1.262337e+00 1.257823e+00
<VARIANCE> 6
 2.888257e+04 1.046861e+04 1.105201e+01 7.608699e+02 6.993497e-01 3.462783e-01
<GCONST> 3.817335e+01
<STATE> 4
<MEAN> 6
 4.309071e+02 4.281496e+00 1.815723e+00 3.143082e+00 1.869471e+00 1.198445e+00
<VARIANCE> 6
 4.002652e+04 1.628954e+01 1.844484e+00 6.929903e+00 6.436511e-01 1.770394e+00
<GCONST> 2.709373e+01
<TRANSP> 5
 0.000000e+00 1.000000e+00 0.000000e+00 0.000000e+00 0.000000e+00
 0.000000e+00 1.763408e-09 1.000000e+00 0.000000e+00 0.000000e+00
 0.000000e+00 0.000000e+00 5.977907e-01 4.022093e-01 0.000000e+00
 0.000000e+00 0.000000e+00 0.000000e+00 7.734001e-01 2.265999e-01
 0.000000e+00 0.000000e+00 0.000000e+00 0.000000e+00 0.000000e+00
<ENDHMM>
~h "bg_red_0_4"
<BEGINHMM>
<NUMSTATES> 5
<STATE> 2
<MEAN> 6
 7.512075e+02 1.017036e+01 1.445981e+00 2.827623e+00 6.405835e-01 4.319418e-01
<VARIANCE> 6
 1.818529e+04 2.561174e+02 1.343262e+00 8.583942e+00 3.089176e-01 1.111059e-01
<GCONST> 2.545431e+01
<STATE> 3
<MEAN> 6
 4.686634e+02 1.091187e+01 1.845663e+00 4.304588e+00 9.567482e-01 6.803613e-01
<VARIANCE> 6
 4.546311e+04 3.778179e+02 2.505004e+00 3.417456e+01 6.182208e-01 4.811745e-01
<GCONST> 3.092367e+01
<STATE> 4
<MEAN> 6
 4.240823e+02 1.509188e+01 2.624891e+00 5.994774e+00 1.298827e+00 2.306475e+00
<VARIANCE> 6
 3.735514e+04 3.399334e+02 6.215908e+00 2.686646e+01 8.160558e-01 7.701343e+00
<GCONST> 3.434035e+01
<TRANSP> 5
 0.000000e+00 1.000000e+00 0.000000e+00 0.000000e+00 0.000000e+00
 0.000000e+00 8.829457e-01 1.170543e-01 0.000000e+00 0.000000e+00
 0.000000e+00 0.000000e+00 1.432834e-02 9.856717e-01 0.000000e+00
 0.000000e+00 0.000000e+00 0.000000e+00 2.875473e-01 7.124526e-01
 0.000000e+00 0.000000e+00 0.000000e+00 0.000000e+00 0.000000e+00
<ENDHMM>
~h "bg_red_0_5"
<BEGINHMM>
<NUMSTATES> 5
<STATE> 2
<MEAN> 6
 4.730679e+02 1.062887e+01 2.573902e+00 6.444752e+00 1.066164e+00 3.660896e+00
<VARIANCE> 6
 4.146520e+04 2.580620e+02 6.024792e+00 1.021270e+02 8.735582e-01 7.979803e+00
<GCONST> 3.557690e+01
<STATE> 3
<MEAN> 6
 5.547776e+02 1.524144e+02 7.583683e+00 4.754651e+01 2.853020e+00 3.315271e+00
<VARIANCE> 6
 2.093783e+04 8.830068e+03 1.129705e+02 7.492289e+02 2.216366e+01 1.393582e+01
<GCONST> 4.714158e+01
<STATE> 4
<MEAN> 6
 5.133997e+02 2.181532e+01 4.379407e+00 1.309475e+01 1.243750e+00 1.445931e+00
<VARIANCE> 6
 4.584394e+04 1.793434e+03 3.673273e+01 6.630941e+02 5.407761e-01 2.606894e+00
<GCONST> 3.969615e+01
<TRANSP> 5
 0.000000e+00 1.000000e+00 0.000000e+00 0.000000e+00 0.000000e+00
 0.000000e+00 1.955161e-02 9.804484e-01 0.000000e+00 0.000000e+00
 0.000000e+00 0.000000e+00 7.499580e-01 2.500419e-01 0.000000e+00
 0.000000e+00 0.000000e+00 0.000000e+00 1.664212e-01 8.335788e-01
 0.000000e+00 0.000000e+00 0.000000e+00 0.000000e+00 0.000000e+00
<ENDHMM>
~h "fp_screen"
<BEGINHMM>
<NUMSTATES> 5
<STATE> 2
<MEAN> 6
 2.567794e+02 1.139862e+01 2.128549e+01 3.341373e+00 6.303989e+00 1.474736e+00
<VARIANCE> 6
 3.482417e+04 6.195295e+02 5.160551e+02 2.918618e+01 3.361749e+01 4.947573e+00
<GCONST> 4.264814e+01
<STATE> 3
<MEAN> 6
 5.820147e+02 5.794092e+01 2.531142e+01 2.135686e+01 7.874782e+00 3.347175e+00
<VARIANCE> 6
 4.575650e+04 3.358014e+03 9.648986e+02 2.345416e+02 5.051256e+01 2.372638e+01
<GCONST> 4.929593e+01
<STATE> 4
<MEAN> 6
 4.184589e+02 4.153778e+00 4.456059e+00 1.354670e+00 1.655601e+00 5.187269e-01
<VARIANCE> 6
 8.309541e+03 4.975064e+01 4.531712e+01 4.952890e+00 6.260699e+00 2.748940e-01
<GCONST> 2.991602e+01
<TRANSP> 5
 0.000000e+00 1.000000e+00 0.000000e+00 0.000000e+00 0.000000e+00
 0.000000e+00 4.598546e-01 5.401455e-01 0.000000e+00 0.000000e+00
 0.000000e+00 0.000000e+00 7.073817e-01 2.926182e-01 0.000000e+00
 0.000000e+00 0.000000e+00 0.000000e+00 8.208956e-01 1.791044e-01
 0.000000e+00 0.000000e+00 0.000000e+00 0.000000e+00 0.000000e+00
<ENDHMM>
~h "bg_board_0"
<BEGINHMM>
<NUMSTATES> 5
<STATE> 2
<MEAN> 6
 1.724452e+02 1.927193e+01 8.874577e+00 5.157777e+00 2.467205e+00 8.183221e-01
<VARIANCE> 6
 2.145952e+03 3.836508e+02 3.767641e+01 6.814169e+00 1.776101e+00 2.015701e-01
<GCONST> 2.916918e+01
<STATE> 3
<MEAN> 6
 1.821732e+02 3.075583e+01 1.125056e+01 5.634386e+00 3.353779e+00 1.135550e+00
<VARIANCE> 6
 1.804227e+03 7.598628e+02 1.273775e+02 1.080111e+01 3.943039e+00 6.905512e-01
<GCONST> 3.338678e+01
<STATE> 4
<MEAN> 6
 1.668726e+02 1.233115e+01 5.888522e+00 2.842898e+00 1.942658e+00 5.880369e-01
<VARIANCE> 6
 2.733463e+03 1.465021e+02 2.341306e+01 3.172895e+00 1.106893e+00 1.318253e-01
<GCONST> 2.631084e+01
<TRANSP> 5
 0.000000e+00 1.000000e+00 0.000000e+00 0.000000e+00 0.000000e+00
 0.000000e+00 4.708758e-01 5.291242e-01 0.000000e+00 0.000000e+00
 0.000000e+00 0.000000e+00 3.711915e-01 6.288084e-01 0.000000e+00
 0.000000e+00 0.000000e+00 0.000000e+00 8.554182e-01 1.445818e-01
 0.000000e+00 0.000000e+00 0.000000e+00 0.000000e+00 0.000000e+00
<ENDHMM>
~h "bg_board_1"
<BEGINHMM>
<NUMSTATES> 5
<STATE> 2
<MEAN> 6
 1.712290e+02 2.786601e+01 9.201123e+00 5.691014e+00 2.597868e+00 1.003881e+00
<VARIANCE> 6
 2.306135e+03 4.450705e+02 5.587162e+01 8.027163e+00 2.085767e+00 5.132095e-01
<GCONST> 3.104278e+01
<STATE> 3
<MEAN> 6
 2.023366e+02 3.331573e+01 1.961066e+01 7.010656e+00 4.971658e+00 1.616300e+00
<VARIANCE> 6
 7.320842e+03 8.091640e+02 3.382651e+02 1.396088e+01 3.340215e+01 1.245170e+00
<GCONST> 3.880973e+01
<STATE> 4
<MEAN> 6
 1.173677e+02 1.273414e+01 5.737373e+00 3.296777e+00 1.729236e+00 5.571595e-01
<VARIANCE> 6
 2.362717e+03 1.878618e+02 2.615805e+01 4.473407e+00 1.228541e+00 1.161609e-01
<GCONST> 2.684589e+01
<TRANSP> 5
 0.000000e+00 1.000000e+00 0.000000e+00 0.000000e+00 0.000000e+00
 0.000000e+00 5.282169e-01 4.717831e-01 0.000000e+00 0.000000e+00
 0.000000e+00 0.000000e+00 4.309167e-01 5.690833e-01 0.000000e+00
 0.000000e+00 0.000000e+00 0.000000e+00 8.571537e-01 1.428463e-01
 0.000000e+00 0.000000e+00 0.000000e+00 0.000000e+00 0.000000e+00
<ENDHMM>
~h "bg_board_2"
<BEGINHMM>
<NUMSTATES> 5
<STATE> 2
<MEAN> 6
 1.315035e+02 1.572274e+01 8.060294e+00 3.987345e+00 2.328900e+00 9.042121e-01
<VARIANCE> 6
 1.701938e+03 2.360507e+02 3.419426e+01 4.712601e+00 2.094249e+00 3.542857e-01
<GCONST> 2.871467e+01
<STATE> 3
<MEAN> 6
 1.545644e+02 8.090985e+01 4.525888e+00 1.083951e+01 1.814230e+00 5.799841e-01
<VARIANCE> 6
 1.099985e+03 3.524725e+03 1.562308e+01 3.484803e+01 1.237853e+00 1.279363e-01
<GCONST> 3.065478e+01
<STATE> 4
<MEAN> 6
 1.728201e+02 2.536802e+01 1.414429e+01 6.273441e+00 3.795030e+00 1.557003e+00
<VARIANCE> 6
 2.783142e+03 5.489229e+02 1.553806e+02 1.195316e+01 4.088059e+00 8.478042e-01
<GCONST> 3.403640e+01
<TRANSP> 5
 0.000000e+00 1.000000e+00 0.000000e+00 0.000000e+00 0.000000e+00
 0.000000e+00 8.103639e-01 1.896362e-01 0.000000e+00 0.000000e+00
 0.000000e+00 0.000000e+00 6.456969e-01 3.543031e-01 0.000000e+00
 0.000000e+00 0.000000e+00 0.000000e+00 5.875477e-01 4.124524e-01
 0.000000e+00 0.000000e+00 0.000000e+00 0.000000e+00 0.000000e+00
<ENDHMM>
~h "bg_board_3"
<BEGINHMM>
<NUMSTATES> 5
<STATE> 2
<MEAN> 6
 1.181519e+02 1.405982e+01 7.684289e+00 4.093129e+00 2.425919e+00 8.526059e-01
<VARIANCE> 6
 3.291839e+03 2.469718e+02 4.334991e+01 6.814106e+00 1.768385e+00 3.791035e-01
<GCONST> 2.992416e+01
<STATE> 3
<MEAN> 6
 2.148345e+02 4.162585e+01 1.467700e+01 9.404189e+00 4.744121e+00 1.555492e+00
<VARIANCE> 6
 7.131792e+03 9.599864e+02 1.633840e+02 2.705093e+01 6.947804e+00 9.951806e-01
<GCONST> 3.709392e+01
<STATE> 4
<MEAN> 6
 1.830545e+02 1.712731e+01 9.317539e+00 5.660763e+00 2.719337e+00 1.324853e+00
<VARIANCE> 6
 4.190171e+03 3.066142e+02 5.069939e+01 1.302194e+01 2.015544e+00 1.203829e+00
<GCONST> 3.247230e+01
<TRANSP> 5
 0.000000e+00 1.000000e+00 0.000000e+00 0.000000e+00 0.000000e+00
 0.000000e+00 7.217152e-01 2.782848e-01 0.000000e+00 0.000000e+00
 0.000000e+00 0.000000e+00 5.119283e-01 4.880717e-01 0.000000e+00
 0.000000e+00 0.000000e+00 0.000000e+00 5.452312e-01 4.547688e-01
 0.000000e+00 0.000000e+00 0.000000e+00 0.000000e+00 0.000000e+00
<ENDHMM>
~h "bg_board_4"
<BEGINHMM>
<NUMSTATES> 5
<STATE> 2
<MEAN> 6
 1.613655e+02 1.660183e+01 9.680238e+00 5.702857e+00 3.383707e+00 1.635204e+00
<VARIANCE> 6
 2.333782e+03 2.306034e+02 6.723045e+01 1.010529e+01 3.002832e+00 1.446902e+00
<GCONST> 3.221338e+01
<STATE> 3
<MEAN> 6
 2.024365e+02 3.278086e+01 1.677271e+01 9.135330e+00 5.696960e+00 2.898255e+00
<VARIANCE> 6
 2.882365e+03 7.892186e+02 1.539908e+02 2.237688e+01 9.999040e+00 3.774538e+00
<GCONST> 3.744036e+01
<STATE> 4
<MEAN> 6
 2.193981e+02 2.337083e+01 8.653528e+00 5.326818e+00 3.408343e+00 1.765696e+00
<VARIANCE> 6
 2.502588e+03 3.491862e+02 4.383787e+01 7.245855e+00 2.454196e+00 1.684665e+00
<GCONST> 3.188824e+01
<TRANSP> 5
 0.000000e+00 1.000000e+00 0.000000e+00 0.000000e+00 0.000000e+00
 0.000000e+00 7.089782e-01 2.910219e-01 0.000000e+00 0.000000e+00
 0.000000e+00 0.000000e+00 7.202576e-01 2.797424e-01 0.000000e+00
 0.000000e+00 0.000000e+00 0.000000e+00 6.155361e-01 3.844639e-01
 0.000000e+00 0.000000e+00 0.000000e+00 0.000000e+00 0.000000e+00
<ENDHMM>
~h "bg_board_5"
<BEGINHMM>
<NUMSTATES> 5
<STATE> 2
<MEAN> 6
 2.145504e+02 2.272544e+01 9.952438e+00 5.967502e+00 3.857522e+00 2.080352e+00
<VARIANCE> 6
 3.018796e+03 3.752021e+02 6.919343e+01 8.710424e+00 3.441527e+00 2.379179e+00
<GCONST> 3.347144e+01
<STATE> 3
<MEAN> 6
 2.407704e+02 4.355221e+01 1.698360e+01 9.816378e+00 6.217857e+00 3.610907e+00
<VARIANCE> 6
 2.994474e+03 2.364521e+03 2.833619e+02 2.810501e+01 1.573877e+01 8.047871e+00
<GCONST> 4.062432e+01
<STATE> 4
<MEAN> 6
 2.762251e+02 1.371778e+01 7.062596e+00 4.025535e+00 3.184923e+00 1.662768e+00
<VARIANCE> 6
 2.542188e+03 2.549534e+02 3.533976e+01 6.113718e+00 3.432240e+00 2.216107e+00
<GCONST> 3.181363e+01
<TRANSP> 5
 0.000000e+00 1.000000e+00 0.000000e+00 0.000000e+00 0.000000e+00
 0.000000e+00 5.761961e-01 4.238039e-01 0.000000e+00 0.000000e+00
 0.000000e+00 0.000000e+00 6.480665e-01 3.519335e-01 0.000000e+00
 0.000000e+00 0.000000e+00 0.000000e+00 8.469033e-01 1.530967e-01
 0.000000e+00 0.000000e+00 0.000000e+00 0.000000e+00 0.000000e+00
<ENDHMM>
~h "fp_key"
<BEGINHMM>
<NUMSTATES> 5
<STATE> 2
<MEAN> 6
 1.753057e+02 3.238991e+01 7.546124e+00 6.505227e+00 2.006854e+00 7.216694e-01
<VARIANCE> 6
 1.331214e+04 1.202209e+03 5.238176e+02 4.486781e+01 2.770217e+00 6.208340e-01
<GCONST> 3.822271e+01
<STATE> 3
<MEAN> 6
 4.661357e+02 1.020822e+02 2.623001e+01 1.944396e+01 8.380360e+00 2.541017e+00
<VARIANCE> 6
 4.867701e+04 4.307495e+03 2.359488e+03 1.475476e+02 1.579703e+02 9.354274e+00
<GCONST> 5.024693e+01
<STATE> 4
<MEAN> 6
 1.080968e+02 3.218840e+00 3.336545e+00 1.030023e+00 9.534863e-01 3.733082e-01
<VARIANCE> 6
 2.245064e+03 9.593632e+00 2.068684e+02 8.909038e-01 2.666008e+00 1.660758e-01
<GCONST> 2.540668e+01
<TRANSP> 5
 0.000000e+00 1.000000e+00 0.000000e+00 0.000000e+00 0.000000e+00
 0.000000e+00 7.531193e-01 2.468807e-01 0.000000e+00 0.000000e+00
 0.000000e+00 0.000000e+00 8.974760e-01 1.025240e-01 0.000000e+00
 0.000000e+00 0.000000e+00 0.000000e+00 9.123887e-01 8.761128e-02
 0.000000e+00 0.000000e+00 0.000000e+00 0.000000e+00 0.000000e+00
<ENDHMM>
~h "fp_logo"
<BEGINHMM>
<NUMSTATES> 5
<STATE> 2
<MEAN> 6
 1.181027e+02 2.090374e+01 3.999503e+00 3.717669e+00 1.874745e+00 1.147254e+00
<VARIANCE> 6
 3.312903e+02 3.227904e+02 1.345881e+01 7.371959e+00 2.360972e+00 2.959823e+00
<GCONST> 2.914878e+01
<STATE> 3
<MEAN> 6
 1.092418e+02 5.554642e+00 3.721764e+00 2.456593e+00 1.528522e+00 5.120602e-01
<VARIANCE> 6
 1.435352e+02 3.035010e+01 3.822070e+01 1.388586e+01 5.497284e+00 4.190063e-01
<GCONST> 2.651528e+01
<STATE> 4
<MEAN> 6
 1.100462e+02 3.140043e+00 2.219020e+00 1.146102e+00 1.065856e+00 3.109019e-01
<VARIANCE> 6
 1.446729e+02 9.888440e+00 3.725585e+00 1.936856e+00 1.019026e+00 6.629667e-02
<GCONST> 1.757463e+01
<TRANSP> 5
 0.000000e+00 1.000000e+00 0.000000e+00 0.000000e+00 0.000000e+00
 0.000000e+00 5.871750e-01 4.128250e-01 0.000000e+00 0.000000e+00
 0.000000e+00 0.000000e+00 6.234465e-02 9.376553e-01 0.000000e+00
 0.000000e+00 0.000000e+00 0.000000e+00 5.789559e-01 4.210441e-01
 0.000000e+00 0.000000e+00 0.000000e+00 0.000000e+00 0.000000e+00
<ENDHMM>
