~o
<STREAMINFO> 1 6
<VECSIZE> 6<NULLD><MFCC><DIAGC>
~h "fp_logo_0"
<BEGINHMM>
<NUMSTATES> 5
<STATE> 2
<MEAN> 6
 2.177264e+02 3.914341e+00 8.603870e+00 1.314773e+00 2.270199e+00 4.503379e-01
<VARIANCE> 6
 3.170697e+03 1.993037e+01 1.338148e+02 8.435388e-01 7.219764e+00 5.875330e-02
<GCONST> 2.594994e+01
<STATE> 3
<MEAN> 6
 3.986395e+02 2.980742e+01 2.985212e+01 6.660470e+00 7.503638e+00 2.122911e+00
<VARIANCE> 6
 4.290690e+04 1.521248e+03 1.366983e+03 7.364339e+01 5.301439e+01 1.027246e+01
<GCONST> 4.684096e+01
<STATE> 4
<MEAN> 6
 3.718311e+02 2.055539e+01 3.227568e+00 6.236092e+00 1.320554e+00 6.159332e-01
<VARIANCE> 6
 2.254893e+04 3.752467e+02 6.792580e+00 2.909053e+01 1.117461e+00 3.205619e-01
<GCONST> 3.123791e+01
<TRANSP> 5
 0.000000e+00 1.000000e+00 0.000000e+00 0.000000e+00 0.000000e+00
 0.000000e+00 6.469555e-01 3.530445e-01 0.000000e+00 0.000000e+00
 0.000000e+00 0.000000e+00 3.112642e-01 6.887358e-01 0.000000e+00
 0.000000e+00 0.000000e+00 0.000000e+00 5.876142e-01 4.123858e-01
 0.000000e+00 0.000000e+00 0.000000e+00 0.000000e+00 0.000000e+00
<ENDHMM>
~h "fp_logo_1"
<BEGINHMM>
<NUMSTATES> 5
<STATE> 2
<MEAN> 6
 4.719654e+02 1.173875e+01 2.213171e+00 1.997927e+00 6.882163e-01 3.387488e-01
<VARIANCE> 6
 2.883068e+04 1.638343e+02 3.420521e+00 6.453987e+00 2.012713e-01 4.011493e-02
<GCONST> 2.467070e+01
<STATE> 3
<MEAN> 6
 5.577402e+02 9.585854e+01 1.573858e+01 2.064197e+01 3.545790e+00 2.313426e+00
<VARIANCE> 6
 3.910407e+04 8.298802e+03 7.315731e+02 2.768643e+02 1.786464e+01 1.631549e+01
<GCONST> 4.851878e+01
<STATE> 4
<MEAN> 6
 3.941118e+02 1.252339e+01 1.149611e+01 4.334425e+00 3.389355e+00 1.341311e+00
<VARIANCE> 6
 3.228144e+04 4.958766e+02 4.200587e+02 4.047169e+01 2.324229e+01 4.519043e+00
<GCONST> 4.201111e+01
<TRANSP> 5
 0.000000e+00 1.000000e+00 0.000000e+00 0.000000e+00 0.000000e+00
 0.000000e+00 8.721939e-01 1.278062e-01 0.000000e+00 0.000000e+00
 0.000000e+00 0.000000e+00 6.291891e-01 3.708110e-01 0.000000e+00
 0.000000e+00 0.000000e+00 0.000000e+00 4.783423e-02 9.521657e-01
 0.000000e+00 0.000000e+00 0.000000e+00 0.000000e+00 0.000000e+00
<ENDHMM>
~h "fp_logo_2"
<BEGINHMM>
<NUMSTATES> 5
<STATE> 2
<MEAN> 6
 4.611432e+02 7.561841e+00 1.048204e+01 2.623723e+00 2.137157e+00 9.494496e-01
<VARIANCE> 6
 2.171808e+04 1.735883e+02 4.313648e+02 1.844250e+01 6.197851e+00 1.541144e+00
<GCONST> 3.740819e+01
<STATE> 3
<MEAN> 6
 4.437006e+02 4.749513e+01 6.578291e+01 1.961298e+01 2.225901e+01 9.710005e+00
<VARIANCE> 6
 3.050021e+04 2.260166e+03 4.853748e+03 3.608896e+02 4.031963e+02 8.354198e+01
<GCONST> 5.387680e+01
<STATE> 4
<MEAN> 6
 4.525042e+02 3.195244e+01 1.555641e+01 1.512922e+01 5.496035e+00 2.695972e+00
<VARIANCE> 6
 4.057304e+04 1.011196e+03 8.509828e+02 1.959973e+02 6.499776e+01 9.426279e+00
<GCONST> 4.699936e+01
<TRANSP> 5
 0.000000e+00 1.000000e+00 0.000000e+00 0.000000e+00 0.000000e+00
 0.000000e+00 5.075871e-01 4.924129e-01 0.000000e+00 0.000000e+00
 0.000000e+00 0.000000e+00 5.468897e-01 4.531102e-01 0.000000e+00
 0.000000e+00 0.000000e+00 0.000000e+00 3.879946e-01 6.120054e-01
 0.000000e+00 0.000000e+00 0.000000e+00 0.000000e+00 0.000000e+00
<ENDHMM>
~h "fp_logo_3"
<BEGINHMM>
<NUMSTATES> 5
<STATE> 2
<MEAN> 6
 4.573132e+02 4.105451e+01 1.361354e+01 1.110641e+01 5.568759e+00 2.771609e+00
<VARIANCE> 6
 4.098497e+04 1.588009e+03 5.062209e+02 9.578645e+01 7.273788e+01 1.388511e+01
<GCONST> 4.672523e+01
<STATE> 3
<MEAN> 6
 5.118552e+02 5.787005e+01 4.067873e+01 1.625676e+01 1.454794e+01 6.712655e+00
<VARIANCE> 6
 4.354754e+04 3.566659e+03 2.648143e+03 2.632550e+02 2.023579e+02 4.289637e+01
<GCONST> 5.241182e+01
<STATE> 4
<MEAN> 6
 3.975519e+02 1.236817e+01 3.010731e+00 2.473597e+00 1.297843e+00 7.080745e-01
<VARIANCE> 6
 1.886497e+04 1.421692e+02 9.101953e+00 4.054295e+00 1.746200e+00 6.684105e-01
<GCONST> 2.959220e+01
<TRANSP> 5
 0.000000e+00 1.000000e+00 0.000000e+00 0.000000e+00 0.000000e+00
 0.000000e+00 3.498614e-01 6.501387e-01 0.000000e+00 0.000000e+00
 0.000000e+00 0.000000e+00 4.916488e-01 5.083512e-01 0.000000e+00
 0.000000e+00 0.000000e+00 0.000000e+00 5.877554e-01 4.122446e-01
 0.000000e+00 0.000000e+00 0.000000e+00 0.000000e+00 0.000000e+00
<ENDHMM>
~h "fp_logo_4"
<BEGINHMM>
<NUMSTATES> 5
<STATE> 2
<MEAN> 6
 3.419653e+02 2.012053e+01 3.939094e+00 3.894939e+00 1.371048e+00 9.641892e-01
<VARIANCE> 6
 1.570166e+04 7.091805e+02 2.227069e+01 2.179848e+01 1.339177e+00 1.341442e+00
<GCONST> 3.402381e+01
<STATE> 3
<MEAN> 6
 3.681264e+02 2.026693e+01 1.396113e+01 3.603755e+00 3.145059e+00 1.571697e+00
<VARIANCE> 6
 2.161461e+04 1.968930e+03 5.845964e+02 3.484279e+01 2.666749e+01 6.958700e+00
<GCONST> 4.373883e+01
<STATE> 4
<MEAN> 6
 2.867136e+02 2.801302e+00 2.656142e+00 7.055972e-01 7.103568e-01 3.138352e-01
<VARIANCE> 6
 1.131037e+04 4.519545e+00 8.240854e+00 2.046891e-01 2.869644e-01 2.134857e-02
<GCONST> 1.729682e+01
<TRANSP> 5
 0.000000e+00 1.000000e+00 0.000000e+00 0.000000e+00 0.000000e+00
 0.000000e+00 2.805331e-01 7.194669e-01 0.000000e+00 0.000000e+00
 0.000000e+00 0.000000e+00 1.488855e-01 8.511145e-01 0.000000e+00
 0.000000e+00 0.000000e+00 0.000000e+00 9.322209e-01 6.777911e-02
 0.000000e+00 0.000000e+00 0.000000e+00 0.000000e+00 0.000000e+00
<ENDHMM>
~h "fp_logo_5"
<BEGINHMM>
<NUMSTATES> 5
<STATE> 2
<MEAN> 6
 3.233892e+02 6.157738e+00 8.068739e+00 9.814219e-01 2.413348e+00 4.141507e-01
<VARIANCE> 6
 4.403172e+03 4.642153e+01 7.455608e+01 1.169514e+00 7.624725e+00 6.071473e-02
<GCONST> 2.695307e+01
<STATE> 3
<MEAN> 6
 3.562938e+02 3.692560e+00 1.452651e+01 1.204253e+00 4.319279e+00 5.386361e-01
<VARIANCE> 6
 5.881947e+03 1.827118e+01 1.944214e+02 1.884811e+00 2.253004e+01 1.943078e-01
<GCONST> 2.999262e+01
<STATE> 4
<MEAN> 6
 4.456623e+02 1.774208e+00 5.226860e+00 4.685337e-01 1.054794e+00 3.577069e-01
<VARIANCE> 6
 5.897682e+03 2.747834e+00 3.468917e+01 1.175383e-01 2.096308e+00 3.005254e-02
<GCONST> 1.936120e+01
<TRANSP> 5
 0.000000e+00 1.000000e+00 0.000000e+00 0.000000e+00 0.000000e+00
 0.000000e+00 4.516535e-01 5.483465e-01 0.000000e+00 0.000000e+00
 0.000000e+00 0.000000e+00 5.189095e-10 1.000000e+00 0.000000e+00
 0.000000e+00 0.000000e+00 0.000000e+00 8.935415e-01 1.064585e-01
 0.000000e+00 0.000000e+00 0.000000e+00 0.000000e+00 0.000000e+00
<ENDHMM>
~h "bg_white_0"
<BEGINHMM>
<NUMSTATES> 5
<STATE> 2
<MEAN> 6
 5.110153e+02 8.739346e+00 1.033392e+01 3.105258e+00 3.892187e+00 1.193487e+00
<VARIANCE> 6
 2.771598e+04 2.062051e+02 9.226049e+02 1.343081e+01 4.652400e+01 1.669212e+00
<GCONST> 4.036297e+01
<STATE> 3
<MEAN> 6
 5.092936e+02 3.298627e+01 2.284673e+01 9.708228e+00 7.923145e+00 1.808887e+00
<VARIANCE> 6
 3.787706e+04 2.353013e+03 1.618323e+03 1.111898e+02 1.075405e+02 5.798086e+00
<GCONST> 4.786860e+01
<STATE> 4
<MEAN> 6
 7.743172e+02 1.603526e+00 2.738800e+00 5.927375e-01 8.921583e-01 2.957354e-01
<VARIANCE> 6
 4.976248e+03 4.989646e+00 1.997950e+02 6.056265e-01 7.000606e+00 2.263304e-01
<GCONST> 2.640310e+01
<TRANSP> 5
 0.000000e+00 1.000000e+00 0.000000e+00 0.000000e+00 0.000000e+00
 0.000000e+00 5.442593e-01 4.557407e-01 0.000000e+00 0.000000e+00
 0.000000e+00 0.000000e+00 4.969344e-01 5.030656e-01 0.000000e+00
 0.000000e+00 0.000000e+00 0.000000e+00 9.117724e-01 8.822764e-02
 0.000000e+00 0.000000e+00 0.000000e+00 0.000000e+00 0.000000e+00
<ENDHMM>
~h "fp_screen_0"
<BEGINHMM>
<NUMSTATES> 5
<STATE> 2
<MEAN> 6
 2.728676e+02 2.874987e+00 2.667217e+00 1.251583e+00 8.783709e-01 3.628529e-01
<VARIANCE> 6
 3.751663e+03 7.899110e+00 7.362124e+00 1.466054e+00 8.345463e-01 1.051590e-01
<GCONST> 2.126974e+01
<STATE> 3
<MEAN> 6
 4.828434e+02 4.748078e+01 3.344542e+01 1.781385e+01 9.556606e+00 3.265952e+00
<VARIANCE> 6
 2.994046e+04 2.702757e+03 1.839508e+03 2.584214e+02 1.210027e+02 1.578419e+01
<GCONST> 4.986293e+01
<STATE> 4
<MEAN> 6
 4.140428e+02 2.174854e+01 1.920422e+01 8.562746e+00 6.627499e+00 1.942550e+00
<VARIANCE> 6
 3.644721e+04 8.496302e+02 6.006001e+02 9.750187e+01 5.838240e+01 4.891295e+00
<GCONST> 4.490796e+01
<TRANSP> 5
 0.000000e+00 1.000000e+00 0.000000e+00 0.000000e+00 0.000000e+00
 0.000000e+00 7.362530e-01 2.637470e-01 0.000000e+00 0.000000e+00
 0.000000e+00 0.000000e+00 4.931683e-01 5.068317e-01 0.000000e+00
 0.000000e+00 0.000000e+00 0.000000e+00 4.842423e-02 9.515758e-01
 0.000000e+00 0.000000e+00 0.000000e+00 0.000000e+00 0.000000e+00
<ENDHMM>
~h "fp_screen_1"
<BEGINHMM>
<NUMSTATES> 5
<STATE> 2
<MEAN> 6
 3.745298e+02 1.330146e+01 9.816887e+00 5.404833e+00 3.233395e+00 1.319785e+00
<VARIANCE> 6
 3.327377e+04 4.936380e+02 1.611582e+02 5.801205e+01 1.581557e+01 2.590435e+00
<GCONST> 4.049744e+01
<STATE> 3
<MEAN> 6
 6.373956e+02 4.824367e+01 2.154824e+01 1.318391e+01 6.930268e+00 2.536119e+00
<VARIANCE> 6
 4.331218e+04 1.579683e+03 1.059862e+03 1.142622e+02 7.309971e+01 8.982759e+00
<GCONST> 4.725995e+01
<STATE> 4
<MEAN> 6
 5.631339e+02 1.619177e+01 6.974499e+00 4.713590e+00 2.103249e+00 9.508082e-01
<VARIANCE> 6
 1.947694e+04 3.745904e+02 5.998060e+01 3.216875e+01 5.186287e+00 1.368942e+00
<GCONST> 3.635516e+01
<TRANSP> 5
 0.000000e+00 1.000000e+00 0.000000e+00 0.000000e+00 0.000000e+00
 0.000000e+00 2.999187e-01 7.000812e-01 0.000000e+00 0.000000e+00
 0.000000e+00 0.000000e+00 6.091488e-01 3.908512e-01 0.000000e+00
 0.000000e+00 0.000000e+00 0.000000e+00 7.009690e-01 2.990310e-01
 0.000000e+00 0.000000e+00 0.000000e+00 0.000000e+00 0.000000e+00
<ENDHMM>
~h "fp_screen_2"
<BEGINHMM>
<NUMSTATES> 5
<STATE> 2
<MEAN> 6
 4.906006e+02 1.413025e+01 6.257294e+00 4.512273e+00 1.862211e+00 1.127673e+00
<VARIANCE> 6
 1.958243e+04 4.264688e+02 3.622930e+01 3.372198e+01 2.684645e+00 1.687161e+00
<GCONST> 3.558381e+01
<STATE> 3
<MEAN> 6
 5.376185e+02 6.035365e+01 4.345658e+01 1.801810e+01 1.367073e+01 6.016991e+00
<VARIANCE> 6
 2.664019e+04 3.697479e+03 2.361782e+03 2.289268e+02 1.964192e+02 4.299156e+01
<GCONST> 5.167467e+01
<STATE> 4
<MEAN> 6
 5.500938e+02 7.063663e+01 1.098943e+01 1.215863e+01 3.577765e+00 1.526003e+00
<VARIANCE> 6
 2.201198e+04 3.025312e+03 3.129208e+02 9.131313e+01 1.777012e+01 3.227337e+00
<GCONST> 4.335079e+01
<TRANSP> 5
 0.000000e+00 1.000000e+00 0.000000e+00 0.000000e+00 0.000000e+00
 0.000000e+00 5.787049e-01 4.212950e-01 0.000000e+00 0.000000e+00
 0.000000e+00 0.000000e+00 4.660640e-01 5.339360e-01 0.000000e+00
 0.000000e+00 0.000000e+00 0.000000e+00 5.588109e-01 4.411891e-01
 0.000000e+00 0.000000e+00 0.000000e+00 0.000000e+00 0.000000e+00
<ENDHMM>
~h "fp_screen_3"
<BEGINHMM>
<NUMSTATES> 5
<STATE> 2
<MEAN> 6
 4.645984e+02 9.755707e+01 8.670485e+00 2.269765e+01 3.092561e+00 1.580033e+00
<VARIANCE> 6
 1.374787e+04 4.866949e+03 1.919709e+02 2.048683e+02 1.737026e+01 3.887597e+00
<GCONST> 4.383839e+01
<STATE> 3
<MEAN> 6
 5.081841e+02 4.585112e+01 4.441977e+01 1.758450e+01 1.647045e+01 5.974920e+00
<VARIANCE> 6
 2.397634e+04 1.642237e+03 2.729116e+03 1.726855e+02 2.541056e+02 3.279715e+01
<GCONST> 5.060719e+01
<STATE> 4
<MEAN> 6
 3.980512e+02 1.617085e+01 5.012859e+00 5.994453e+00 2.020789e+00 1.222410e+00
<VARIANCE> 6
 1.153032e+04 5.679496e+02 2.906022e+01 5.038029e+01 3.560290e+00 2.461976e+00
<GCONST> 3.618180e+01
<TRANSP> 5
 0.000000e+00 1.000000e+00 0.000000e+00 0.000000e+00 0.000000e+00
 0.000000e+00 7.041872e-01 2.958128e-01 0.000000e+00 0.000000e+00
 0.000000e+00 0.000000e+00 4.773237e-01 5.226762e-01 0.000000e+00
 0.000000e+00 0.000000e+00 0.000000e+00 6.816916e-01 3.183084e-01
 0.000000e+00 0.000000e+00 0.000000e+00 0.000000e+00 0.000000e+00
<ENDHMM>
~h "fp_screen_4"
<BEGINHMM>
<NUMSTATES> 5
<STATE> 2
<MEAN> 6
 4.961949e+02 6.098271e+01 7.535638e+00 1.424273e+01 3.465992e+00 1.902473e+00
<VARIANCE> 6
 1.946574e+04 2.843353e+03 1.031215e+02 1.160946e+02 1.829762e+01 4.417669e+00
<GCONST> 4.263911e+01
<STATE> 3
<MEAN> 6
 5.263529e+02 4.656077e+01 4.525360e+01 1.613866e+01 1.650321e+01 6.566147e+00
<VARIANCE> 6
 3.902749e+04 2.214222e+03 2.103334e+03 1.481795e+02 1.762216e+02 3.406560e+01
<GCONST> 5.065167e+01
<STATE> 4
<MEAN> 6
 3.306921e+02 9.780048e+00 4.524347e+00 2.582850e+00 1.399680e+00 6.315430e-01
<VARIANCE> 6
 1.046790e+04 7.497483e+01 2.329424e+01 5.200317e+00 1.060028e+00 3.467242e-01
<GCONST> 2.839648e+01
<TRANSP> 5
 0.000000e+00 1.000000e+00 0.000000e+00 0.000000e+00 0.000000e+00
 0.000000e+00 5.382435e-01 4.617564e-01 0.000000e+00 0.000000e+00
 0.000000e+00 0.000000e+00 5.789542e-01 4.210458e-01 0.000000e+00
 0.000000e+00 0.000000e+00 0.000000e+00 8.009049e-01 1.990952e-01
 0.000000e+00 0.000000e+00 0.000000e+00 0.000000e+00 0.000000e+00
<ENDHMM>
~h "fp_screen_5"
<BEGINHMM>
<NUMSTATES> 5
<STATE> 2
<MEAN> 6
 3.535996e+02 8.552042e+00 9.164389e+00 3.215683e+00 3.041854e+00 1.370318e+00
<VARIANCE> 6
 5.048712e+03 1.521676e+02 1.413809e+02 1.747743e+01 1.696538e+01 2.631294e+00
<GCONST> 3.619016e+01
<STATE> 3
<MEAN> 6
 3.193454e+02 3.315401e+00 6.889186e+00 8.681111e-01 1.567865e+00 4.027243e-01
<VARIANCE> 6
 5.616540e+03 8.617795e+00 6.970089e+01 3.416080e-01 2.490209e+00 4.275470e-02
<GCONST> 2.274478e+01
<STATE> 4
<MEAN> 6
 4.221012e+02 2.286428e+00 3.629078e+00 5.071195e-01 6.545205e-01 3.559887e-01
<VARIANCE> 6
 5.558497e+03 2.814667e+00 7.758255e+00 7.381466e-02 1.591367e-01 2.679987e-02
<GCONST> 1.467040e+01
<TRANSP> 5
 0.000000e+00 1.000000e+00 0.000000e+00 0.000000e+00 0.000000e+00
 0.000000e+00 2.155456e-01 7.844544e-01 0.000000e+00 0.000000e+00
 0.000000e+00 0.000000e+00 8.553881e-01 1.446119e-01 0.000000e+00
 0.000000e+00 0.000000e+00 0.000000e+00 8.823141e-01 1.176859e-01
 0.000000e+00 0.000000e+00 0.000000e+00 0.000000e+00 0.000000e+00
<ENDHMM>
~h "bg_white_0_0"
<BEGINHMM>
<NUMSTATES> 5
<STATE> 2
<MEAN> 6
 5.554573e+02 6.084298e+00 4.359568e+00 2.855307e+00 2.187688e+00 1.039755e+00
<VARIANCE> 6
 4.266937e+04 4.006507e+01 2.420874e+01 5.266798e+00 4.199893e+00 9.255967e-01
<GCONST> 3.158488e+01
<STATE> 3
<MEAN> 6
 6.483055e+02 4.226639e+01 7.792522e+00 1.154848e+01 4.694844e+00 3.156316e+00
<VARIANCE> 6
 3.204942e+04 3.227322e+03 9.797913e+01 1.617253e+02 4.112648e+01 1.630782e+01
<GCONST> 4.566066e+01
<STATE> 4
<MEAN> 6
 7.678972e+02 6.506064e+00 2.252276e+00 3.958867e+00 1.964733e+00 1.780981e+00
<VARIANCE> 6
 4.788267e+03 5.778423e+01 7.478480e+00 1.873053e+01 4.052878e+00 4.051740e+00
<GCONST> 3.129866e+01
<TRANSP> 5
 0.000000e+00 1.000000e+00 0.000000e+00 0.000000e+00 0.000000e+00
 0.000000e+00 5.513207e-01 4.486794e-01 0.000000e+00 0.000000e+00
 0.000000e+00 0.000000e+00 3.217093e-01 6.782907e-01 0.000000e+00
 0.000000e+00 0.000000e+00 0.000000e+00 7.511413e-01 2.488587e-01
 0.000000e+00 0.000000e+00 0.000000e+00 0.000000e+00 0.000000e+00
<ENDHMM>
~h "bg_white_0_1"
<BEGINHMM>
<NUMSTATES> 5
<STATE> 2
<MEAN> 6
 6.266317e+02 1.738086e+01 7.510611e+00 7.683740e+00 4.461833e+00 3.330042e+00
<VARIANCE> 6
 3.405880e+04 4.673250e+02 7.199846e+01 4.527735e+01 1.487424e+01 9.682955e+00
<GCONST> 4.066958e+01
<STATE> 3
<MEAN> 6
 6.980195e+02 5.808796e+01 1.953320e+01 1.792338e+01 1.561717e+01 1.098018e+01
<VARIANCE> 6
 3.879483e+03 1.309188e+03 3.318118e+02 7.724620e+01 8.979402e+01 3.560359e+01
<GCONST> 4.468941e+01
<STATE> 4
<MEAN> 6
 7.619218e+02 9.309508e+00 3.662707e+00 4.572740e+00 3.460222e+00 2.878197e+00
<VARIANCE> 6
 5.689876e+03 1.625660e+02 1.855396e+01 2.055104e+01 1.305375e+01 6.665752e+00
<GCONST> 3.517444e+01
<TRANSP> 5
 0.000000e+00 1.000000e+00 0.000000e+00 0.000000e+00 0.000000e+00
 0.000000e+00 3.790469e-01 6.209530e-01 0.000000e+00 0.000000e+00
 0.000000e+00 0.000000e+00 8.307721e-01 1.692279e-01 0.000000e+00
 0.000000e+00 0.000000e+00 0.000000e+00 6.233187e-01 3.766813e-01
 0.000000e+00 0.000000e+00 0.000000e+00 0.000000e+00 0.000000e+00
<ENDHMM>
~h "bg_white_0_2"
<BEGINHMM>
<NUMSTATES> 5
<STATE> 2
<MEAN> 6
 6.950364e+02 1.854965e+01 7.154248e+00 7.788602e+00 5.828175e+00 3.851150e+00
<VARIANCE> 6
 2.050993e+04 5.051218e+02 6.546546e+01 4.764958e+01 4.078623e+01 1.261266e+01
<GCONST> 4.146917e+01
<STATE> 3
<MEAN> 6
 6.582543e+02 6.161919e+01 1.747303e+01 1.962118e+01 1.248930e+01 8.904177e+00
<VARIANCE> 6
 1.576326e+04 2.545880e+03 3.997388e+02 1.328524e+02 1.063607e+02 4.464254e+01
<GCONST> 4.788050e+01
<STATE> 4
<MEAN> 6
 7.514982e+02 1.149187e+01 4.048684e+00 5.532677e+00 3.744857e+00 2.840377e+00
<VARIANCE> 6
 6.743047e+03 3.513076e+02 2.469956e+01 4.027051e+01 1.592601e+01 7.553945e+00
<GCONST> 3.739761e+01
<TRANSP> 5
 0.000000e+00 1.000000e+00 0.000000e+00 0.000000e+00 0.000000e+00
 0.000000e+00 1.677414e-01 8.322586e-01 0.000000e+00 0.000000e+00
 0.000000e+00 0.000000e+00 6.380135e-01 3.619865e-01 0.000000e+00
 0.000000e+00 0.000000e+00 0.000000e+00 4.943508e-01 5.056491e-01
 0.000000e+00 0.000000e+00 0.000000e+00 0.000000e+00 0.000000e+00
<ENDHMM>
~h "bg_white_0_3"
<BEGINHMM>
<NUMSTATES> 5
<STATE> 2
<MEAN> 6
 5.830529e+02 4.009122e+01 1.021554e+01 1.216362e+01 6.267484e+00 4.224464e+00
<VARIANCE> 6
 4.633825e+04 1.565559e+03 1.327741e+02 8.446104e+01 3.165431e+01 1.712518e+01
<GCONST> 4.474735e+01
<STATE> 3
<MEAN> 6
 7.027755e+02 4.272111e+01 2.059268e+01 1.667924e+01 1.425314e+01 1.041496e+01
<VARIANCE> 6
 4.159425e+03 1.218956e+03 3.786140e+02 9.547824e+01 8.418340e+01 3.897858e+01
<GCONST> 4.505757e+01
<STATE> 4
<MEAN> 6
 7.593232e+02 7.108357e+00 3.133281e+00 3.387687e+00 2.444039e+00 2.182108e+00
<VARIANCE> 6
 3.943129e+03 1.724239e+02 1.818805e+01 1.930175e+01 7.511544e+00 5.828180e+00
<GCONST> 3.409705e+01
<TRANSP> 5
 0.000000e+00 1.000000e+00 0.000000e+00 0.000000e+00 0.000000e+00
 0.000000e+00 3.982719e-01 6.017280e-01 0.000000e+00 0.000000e+00
 0.000000e+00 0.000000e+00 7.656717e-01 2.343283e-01 0.000000e+00
 0.000000e+00 0.000000e+00 0.000000e+00 7.036275e-01 2.963725e-01
 0.000000e+00 0.000000e+00 0.000000e+00 0.000000e+00 0.000000e+00
<ENDHMM>
~h "bg_white_0_4"
<BEGINHMM>
<NUMSTATES> 5
<STATE> 2
<MEAN> 6
 6.983267e+02 1.891381e+01 7.911367e+00 7.484214e+00 5.187712e+00 3.541585e+00
<VARIANCE> 6
 1.405668e+04 6.636450e+02 9.672745e+01 5.603716e+01 2.859366e+01 1.409512e+01
<GCONST> 4.167279e+01
<STATE> 3
<MEAN> 6
 6.927273e+02 4.296610e+01 1.913073e+01 1.399722e+01 1.322636e+01 8.228684e+00
<VARIANCE> 6
 9.050675e+03 1.382304e+03 3.722928e+02 9.436478e+01 9.013104e+01 3.647935e+01
<GCONST> 4.593422e+01
<STATE> 4
<MEAN> 6
 7.383849e+02 2.569221e+00 1.657866e+00 1.318254e+00 1.211514e+00 9.658074e-01
<VARIANCE> 6
 1.357208e+04 2.115781e+01 4.313088e+00 3.779297e+00 2.466320e+00 2.031153e+00
<GCONST> 2.799757e+01
<TRANSP> 5
 0.000000e+00 1.000000e+00 0.000000e+00 0.000000e+00 0.000000e+00
 0.000000e+00 2.311804e-01 7.688195e-01 0.000000e+00 0.000000e+00
 0.000000e+00 0.000000e+00 5.807879e-01 4.192121e-01 0.000000e+00
 0.000000e+00 0.000000e+00 0.000000e+00 8.866701e-01 1.133299e-01
 0.000000e+00 0.000000e+00 0.000000e+00 0.000000e+00 0.000000e+00
<ENDHMM>
~h "bg_white_0_5"
<BEGINHMM>
<NUMSTATES> 5
<STATE> 2
<MEAN> 6
 7.158129e+02 4.483630e+00 3.249300e+00 1.783933e+00 1.760455e+00 1.219043e+00
<VARIANCE> 6
 1.621650e+04 1.084236e+02 1.090416e+01 9.545738e+00 6.166561e+00 3.273573e+00
<GCONST> 3.305735e+01
<STATE> 3
<MEAN> 6
 6.135694e+02 2.027770e+01 6.170485e+01 5.931190e+00 1.409596e+01 3.763986e+00
<VARIANCE> 6
 3.609227e+04 9.937488e+02 5.501643e+03 6.109682e+01 1.553793e+02 2.921371e+01
<GCONST> 4.956835e+01
<STATE> 4
<MEAN> 6
 5.294474e+02 2.116841e+00 4.226919e+00 6.155400e-01 1.459794e+00 3.555021e-01
<VARIANCE> 6
 9.202804e+04 3.140439e+01 2.513092e+02 2.110879e+00 1.636765e+01 7.552438e-01
<GCONST> 3.469244e+01
<TRANSP> 5
 0.000000e+00 1.000000e+00 0.000000e+00 0.000000e+00 0.000000e+00
 0.000000e+00 3.221801e-01 6.778199e-01 0.000000e+00 0.000000e+00
 0.000000e+00 0.000000e+00 2.233528e-01 7.766472e-01 0.000000e+00
 0.000000e+00 0.000000e+00 0.000000e+00 8.352407e-01 1.647593e-01
 0.000000e+00 0.000000e+00 0.000000e+00 0.000000e+00 0.000000e+00
<ENDHMM>
~h "bg_dark_0"
<BEGINHMM>
<NUMSTATES> 5
<STATE> 2
<MEAN> 6
 3.951013e+02 7.386775e+00 1.322391e+01 2.967757e+00 4.671196e+00 1.221733e+00
<VARIANCE> 6
 4.230200e+04 1.607022e+02 7.189756e+02 1.319827e+01 4.122267e+01 2.132076e+00
<GCONST> 4.039340e+01
<STATE> 3
<MEAN> 6
 4.855596e+02 2.372448e+01 6.175647e+01 7.290561e+00 1.508990e+01 2.160626e+00
<VARIANCE> 6
 5.737757e+04 1.739512e+03 4.987976e+03 1.131076e+02 1.988085e+02 1.034210e+01
<GCONST> 5.031773e+01
<STATE> 4
<MEAN> 6
 5.310924e+02 7.111941e+00 9.535987e+00 2.644527e+00 3.437207e+00 1.146224e+00
<VARIANCE> 6
 9.616433e+04 1.458600e+02 1.018031e+02 1.184077e+01 6.526766e+00 2.886306e+00
<GCONST> 3.751420e+01
<TRANSP> 5
 0.000000e+00 1.000000e+00 0.000000e+00 0.000000e+00 0.000000e+00
 0.000000e+00 5.021610e-01 4.978390e-01 0.000000e+00 0.000000e+00
 0.000000e+00 0.000000e+00 1.930180e-01 8.069820e-01 0.000000e+00
 0.000000e+00 0.000000e+00 0.000000e+00 1.955704e-01 8.044296e-01
 0.000000e+00 0.000000e+00 0.000000e+00 0.000000e+00 0.000000e+00
<ENDHMM>
~h "bg_dark_0_0"
<BEGINHMM>
<NUMSTATES> 5
<STATE> 2
<MEAN> 6
 4.854718e+02 5.608551e+00 5.056202e+00 2.006612e+00 2.338277e+00 8.396822e-01
<VARIANCE> 6
 7.673439e+04 7.210211e+01 3.862129e+01 6.026673e+00 6.950716e+00 1.057465e+00
<GCONST> 3.399817e+01
<STATE> 3
<MEAN> 6
 6.383129e+02 3.621954e+01 1.226248e+01 1.005600e+01 6.756334e+00 4.165394e+00
<VARIANCE> 6
 6.107022e+04 1.755784e+03 3.260823e+02 9.481333e+01 6.515805e+01 2.584537e+01
<GCONST> 4.728572e+01
<STATE> 4
<MEAN> 6
 5.594834e+02 5.291786e+00 4.846969e+00 2.289130e+00 2.043371e+00 9.399745e-01
<VARIANCE> 6
 8.817573e+04 6.401599e+01 5.999110e+01 6.688662e+00 8.835976e+00 1.448430e+00
<GCONST> 3.511740e+01
<TRANSP> 5
 0.000000e+00 1.000000e+00 0.000000e+00 0.000000e+00 0.000000e+00
 0.000000e+00 4.131973e-01 5.868027e-01 0.000000e+00 0.000000e+00
 0.000000e+00 0.000000e+00 6.498421e-01 3.501579e-01 0.000000e+00
 0.000000e+00 0.000000e+00 0.000000e+00 2.541510e-01 7.458490e-01
 0.000000e+00 0.000000e+00 0.000000e+00 0.000000e+00 0.000000e+00
<ENDHMM>
~h "bg_dark_0_1"
<BEGINHMM>
<NUMSTATES> 5
<STATE> 2
<MEAN> 6
 7.539962e+02 4.150458e+00 2.124475e+00 1.727046e+00 1.283036e+00 1.182246e+00
<VARIANCE> 6
 1.950288e+04 4.800003e+01 1.442829e+01 7.917360e+00 4.780194e+00 4.559529e+00
<GCONST> 3.259673e+01
<STATE> 3
<MEAN> 6
 4.796773e+02 3.472437e+01 1.317327e+01 8.316096e+00 5.053088e+00 2.816596e+00
<VARIANCE> 6
 9.026680e+04 1.801943e+03 3.536245e+02 6.232305e+01 4.040685e+01 1.843168e+01
<GCONST> 4.654804e+01
<STATE> 4
<MEAN> 6
 4.917795e+02 1.324543e+01 1.404157e+01 5.644878e+00 6.722422e+00 3.051040e+00
<VARIANCE> 6
 8.046555e+04 2.947865e+02 2.917344e+02 3.861555e+01 6.633449e+01 1.858282e+01
<GCONST> 4.445554e+01
<TRANSP> 5
 0.000000e+00 1.000000e+00 0.000000e+00 0.000000e+00 0.000000e+00
 0.000000e+00 9.433669e-01 5.663317e-02 0.000000e+00 0.000000e+00
 0.000000e+00 0.000000e+00 3.212174e-01 6.787826e-01 0.000000e+00
 0.000000e+00 0.000000e+00 0.000000e+00 2.950058e-01 7.049942e-01
 0.000000e+00 0.000000e+00 0.000000e+00 0.000000e+00 0.000000e+00
<ENDHMM>
~h "bg_dark_0_2"
<BEGINHMM>
<NUMSTATES> 5
<STATE> 2
<MEAN> 6
 4.961124e+02 1.601451e+01 9.649024e+00 6.377631e+00 4.917715e+00 2.659876e+00
<VARIANCE> 6
 8.356802e+04 5.417999e+02 1.577701e+02 5.723270e+01 3.070125e+01 1.297563e+01
<GCONST> 4.375122e+01
<STATE> 3
<MEAN> 6
 4.432399e+02 2.284728e+01 1.625435e+01 8.528612e+00 7.265792e+00 4.258650e+00
<VARIANCE> 6
 7.782626e+04 6.989986e+02 3.285048e+02 5.828497e+01 5.114846e+01 2.238339e+01
<GCONST> 4.574209e+01
<STATE> 4
<MEAN> 6
 4.643233e+02 1.010076e+01 1.126058e+01 4.294211e+00 4.584264e+00 1.910600e+00
<VARIANCE> 6
 8.536314e+04 2.151573e+02 6.240724e+02 3.088059e+01 4.195013e+01 7.720882e+00
<GCONST> 4.340010e+01
<TRANSP> 5
 0.000000e+00 1.000000e+00 0.000000e+00 0.000000e+00 0.000000e+00
 0.000000e+00 1.954202e-01 8.045797e-01 0.000000e+00 0.000000e+00
 0.000000e+00 0.000000e+00 4.114825e-01 5.885175e-01 0.000000e+00
 0.000000e+00 0.000000e+00 0.000000e+00 2.796074e-01 7.203926e-01
 0.000000e+00 0.000000e+00 0.000000e+00 0.000000e+00 0.000000e+00
<ENDHMM>
~h "bg_dark_0_3"
<BEGINHMM>
<NUMSTATES> 5
<STATE> 2
<MEAN> 6
 3.859502e+02 1.265097e+01 1.004472e+01 5.022015e+00 5.098900e+00 2.127652e+00
<VARIANCE> 6
 7.433520e+04 2.986435e+02 1.732782e+02 2.636263e+01 2.917580e+01 6.288417e+00
<GCONST> 4.158175e+01
<STATE> 3
<MEAN> 6
 5.074596e+02 3.029494e+01 2.162370e+01 8.469031e+00 9.917003e+00 5.151830e+00
<VARIANCE> 6
 6.557873e+04 1.008984e+03 1.159245e+03 4.819146e+01 1.025338e+02 3.107501e+01
<GCONST> 4.803227e+01
<STATE> 4
<MEAN> 6
 3.215502e+02 7.106686e+00 2.882087e+00 2.245504e+00 1.208874e+00 6.584933e-01
<VARIANCE> 6
 2.001482e+04 1.511062e+02 1.491547e+01 1.216103e+01 3.637599e+00 1.803542e+00
<GCONST> 3.303119e+01
<TRANSP> 5
 0.000000e+00 1.000000e+00 0.000000e+00 0.000000e+00 0.000000e+00
 0.000000e+00 4.298085e-01 5.701915e-01 0.000000e+00 0.000000e+00
 0.000000e+00 0.000000e+00 4.449846e-01 5.550155e-01 0.000000e+00
 0.000000e+00 0.000000e+00 0.000000e+00 8.395654e-01 1.604346e-01
 0.000000e+00 0.000000e+00 0.000000e+00 0.000000e+00 0.000000e+00
<ENDHMM>
~h "bg_dark_0_4"
<BEGINHMM>
<NUMSTATES> 5
<STATE> 2
<MEAN> 6
 4.520210e+02 1.683132e+01 7.228046e+00 5.421422e+00 3.283648e+00 2.175070e+00
<VARIANCE> 6
 6.858219e+04 6.077103e+02 8.144198e+01 3.177894e+01 9.915059e+00 8.936205e+00
<GCONST> 4.091561e+01
<STATE> 3
<MEAN> 6
 6.760788e+02 3.664560e+01 1.582327e+01 1.105292e+01 9.420404e+00 5.607405e+00
<VARIANCE> 6
 2.254914e+04 1.662774e+03 8.507723e+02 1.170746e+02 1.076171e+02 3.637968e+01
<GCONST> 4.824850e+01
<STATE> 4
<MEAN> 6
 2.387912e+02 1.384709e+01 1.440300e+01 5.357090e+00 5.169208e+00 2.006448e+00
<VARIANCE> 6
 5.816395e+03 1.783352e+02 2.095729e+02 1.504284e+01 1.604676e+01 2.988504e+00
<GCONST> 3.680561e+01
<TRANSP> 5
 0.000000e+00 1.000000e+00 0.000000e+00 0.000000e+00 0.000000e+00
 0.000000e+00 2.019005e-01 7.980995e-01 0.000000e+00 0.000000e+00
 0.000000e+00 0.000000e+00 9.359542e-01 6.404585e-02 0.000000e+00
 0.000000e+00 0.000000e+00 0.000000e+00 4.460096e-01 5.539904e-01
 0.000000e+00 0.000000e+00 0.000000e+00 0.000000e+00 0.000000e+00
<ENDHMM>
~h "bg_dark_0_5"
<BEGINHMM>
<NUMSTATES> 5
<STATE> 2
<MEAN> 6
 2.857592e+02 8.332707e+00 9.978395e+00 3.319406e+00 2.983436e+00 1.135146e+00
<VARIANCE> 6
 5.785321e+03 8.414859e+01 2.402062e+02 8.832343e+00 1.158723e+01 1.585075e+00
<GCONST> 3.469338e+01
<STATE> 3
<MEAN> 6
 2.540931e+02 1.918332e+01 1.354359e+01 7.018561e+00 4.410826e+00 2.147752e+00
<VARIANCE> 6
 6.233846e+03 4.186386e+02 2.698363e+02 3.646103e+01 1.997787e+01 4.058540e+00
<GCONST> 3.939153e+01
<STATE> 4
<MEAN> 6
 2.073741e+02 1.158370e+01 8.892139e+00 3.933009e+00 3.040403e+00 1.364434e+00
<VARIANCE> 6
 1.014378e+04 1.911774e+02 9.460034e+01 1.070353e+01 4.972122e+00 1.740605e+00
<GCONST> 3.458340e+01
<TRANSP> 5
 0.000000e+00 1.000000e+00 0.000000e+00 0.000000e+00 0.000000e+00
 0.000000e+00 6.558372e-01 3.441627e-01 0.000000e+00 0.000000e+00
 0.000000e+00 0.000000e+00 3.463677e-01 6.536323e-01 0.000000e+00
 0.000000e+00 0.000000e+00 0.000000e+00 4.544220e-01 5.455780e-01
 0.000000e+00 0.000000e+00 0.000000e+00 0.000000e+00 0.000000e+00
<ENDHMM>
~h "bg_red_0"
<BEGINHMM>
<NUMSTATES> 5
<STATE> 2
<MEAN> 6
 1.439984e+02 9.586288e+00 8.155175e+00 3.097915e+00 2.604675e+00 9.357979e-01
<VARIANCE> 6
 1.666445e+04 9.759045e+01 6.164982e+01 4.876539e+00 3.195714e+00 9.466345e-01
<GCONST> 3.214195e+01
<STATE> 3
<MEAN> 6
 3.115379e+02 1.109286e+01 1.159421e+01 3.839626e+00 3.983558e+00 1.733950e+00
<VARIANCE> 6
 2.216082e+04 1.070858e+02 1.194330e+02 7.786743e+00 6.983902e+00 2.173183e+00
<GCONST> 3.526195e+01
<STATE> 4
<MEAN> 6
 3.432917e+02 6.939548e+00 4.315928e+00 2.564462e+00 2.261038e+00 7.822185e-01
<VARIANCE> 6
 2.162276e+04 5.850232e+01 1.139073e+01 2.759380e+00 2.607069e+00 3.606950e-01
<GCONST> 2.846414e+01
<TRANSP> 5
 0.000000e+00 1.000000e+00 0.000000e+00 0.000000e+00 0.000000e+00
 0.000000e+00 8.769026e-01 1.230974e-01 0.000000e+00 0.000000e+00
 0.000000e+00 0.000000e+00 2.650431e-01 7.349569e-01 0.000000e+00
 0.000000e+00 0.000000e+00 0.000000e+00 1.397047e-01 8.602953e-01
 0.000000e+00 0.000000e+00 0.000000e+00 0.000000e+00 0.000000e+00
<ENDHMM>
~h "bg_board"
<BEGINHMM>
<NUMSTATES> 5
<STATE> 2
<MEAN> 6
 3.097561e+02 2.255447e+01 1.190567e+01 1.059816e+01 5.516418e+00 3.397920e+00
<VARIANCE> 6
 6.740166e+03 4.637518e+02 1.188961e+02 3.672769e+01 1.224653e+01 5.678365e+00
<GCONST> 3.860614e+01
<STATE> 3
<MEAN> 6
 3.881144e+02 6.514240e+01 1.464752e+01 1.424775e+01 5.036200e+00 2.839092e+00
<VARIANCE> 6
 2.327949e+04 5.528501e+03 4.250468e+02 9.498893e+01 2.400072e+01 9.196695e+00
<GCONST> 4.570316e+01
<STATE> 4
<MEAN> 6
 4.322578e+02 4.956144e+00 3.319231e+00 1.037024e+00 7.855414e-01 3.040699e-01
<VARIANCE> 6
 6.050986e+03 5.340181e+01 9.099127e+00 1.803346e+00 4.716593e-01 5.080155e-02
<GCONST> 2.277958e+01
<TRANSP> 5
 0.000000e+00 1.000000e+00 0.000000e+00 0.000000e+00 0.000000e+00
 0.000000e+00 8.475477e-01 1.524523e-01 0.000000e+00 0.000000e+00
 0.000000e+00 0.000000e+00 6.820179e-01 3.179821e-01 0.000000e+00
 0.000000e+00 0.000000e+00 0.000000e+00 9.498625e-01 5.013753e-02
 0.000000e+00 0.000000e+00 0.000000e+00 0.000000e+00 0.000000e+00
<ENDHMM>
~h "fp_key_0"
<BEGINHMM>
<NUMSTATES> 5
<STATE> 2
<MEAN> 6
 2.783901e+02 6.453614e+00 4.981340e+00 1.916135e+00 3.590350e+00 8.218077e-01
<VARIANCE> 6
 3.570488e+03 5.430465e+01 5.829158e+01 5.227079e+00 2.386228e+01 9.508257e-01
<GCONST> 3.204352e+01
<STATE> 3
<MEAN> 6
 3.265075e+02 2.212465e+01 2.165761e+01 8.750273e+00 6.730836e+00 2.272192e+00
<VARIANCE> 6
 8.214824e+03 1.027806e+03 1.415721e+03 1.643516e+02 1.061989e+02 1.104387e+01
<GCONST> 4.640073e+01
<STATE> 4
<MEAN> 6
 3.052472e+02 4.236072e+00 2.380500e+00 1.503111e+00 1.286400e+00 6.960937e-01
<VARIANCE> 6
 1.653495e+03 1.946457e+01 6.480068e+00 3.360336e+00 3.231235e+00 6.444594e-01
<GCONST> 2.522080e+01
<TRANSP> 5
 0.000000e+00 1.000000e+00 0.000000e+00 0.000000e+00 0.000000e+00
 0.000000e+00 8.343428e-02 9.165657e-01 0.000000e+00 0.000000e+00
 0.000000e+00 0.000000e+00 2.364789e-01 7.635211e-01 0.000000e+00
 0.000000e+00 0.000000e+00 0.000000e+00 6.253124e-01 3.746877e-01
 0.000000e+00 0.000000e+00 0.000000e+00 0.000000e+00 0.000000e+00
<ENDHMM>
~h "fp_key_1"
<BEGINHMM>
<NUMSTATES> 5
<STATE> 2
<MEAN> 6
 2.974742e+02 6.870599e+00 3.978671e+00 2.522442e+00 1.747285e+00 1.265301e+00
<VARIANCE> 6
 2.904643e+03 7.777984e+01 3.583007e+01 6.387844e+00 3.084236e+00 1.668592e+00
<GCONST> 3.042668e+01
<STATE> 3
<MEAN> 6
 6.056555e+02 9.560529e+01 2.993081e+01 1.783731e+01 9.970396e+00 4.032733e+00
<VARIANCE> 6
 4.046529e+04 3.263100e+03 2.000148e+03 1.331452e+02 1.681797e+02 2.410299e+01
<GCONST> 5.052568e+01
<STATE> 4
<MEAN> 6
 3.383026e+02 1.737039e+01 1.176743e+01 6.375710e+00 3.633872e+00 1.631420e+00
<VARIANCE> 6
 6.132270e+03 2.902994e+02 3.531325e+02 3.036915e+01 3.155221e+01 3.173329e+00
<GCONST> 3.930619e+01
<TRANSP> 5
 0.000000e+00 1.000000e+00 0.000000e+00 0.000000e+00 0.000000e+00
 0.000000e+00 2.599289e-01 7.400711e-01 0.000000e+00 0.000000e+00
 0.000000e+00 0.000000e+00 8.328607e-01 1.671393e-01 0.000000e+00
 0.000000e+00 0.000000e+00 0.000000e+00 3.560183e-01 6.439817e-01
 0.000000e+00 0.000000e+00 0.000000e+00 0.000000e+00 0.000000e+00
<ENDHMM>
~h "fp_key_2"
<BEGINHMM>
<NUMSTATES> 5
<STATE> 2
<MEAN> 6
 3.134279e+02 7.902896e+00 3.224502e+00 2.878824e+00 1.918805e+00 1.134025e+00
<VARIANCE> 6
 3.798081e+03 1.162253e+02 1.433950e+01 7.708071e+00 6.142296e+00 1.248841e+00
<GCONST> 3.076774e+01
<STATE> 3
<MEAN> 6
 5.873611e+02 9.458290e+01 2.204327e+01 2.545243e+01 9.634112e+00 4.110334e+00
<VARIANCE> 6
 3.097806e+04 3.733898e+03 1.455185e+03 1.640579e+02 1.931182e+02 3.010675e+01
<GCONST> 5.064466e+01
<STATE> 4
<MEAN> 6
 3.280860e+02 2.369913e+01 3.495893e+01 5.875396e+00 9.203527e+00 2.426092e+00
<VARIANCE> 6
 7.166485e+03 7.339479e+02 4.135975e+03 2.631833e+01 1.857431e+02 7.085530e+00
<GCONST> 4.528304e+01
<TRANSP> 5
 0.000000e+00 1.000000e+00 0.000000e+00 0.000000e+00 0.000000e+00
 0.000000e+00 6.105205e-01 3.894795e-01 0.000000e+00 0.000000e+00
 0.000000e+00 0.000000e+00 8.468590e-01 1.531409e-01 0.000000e+00
 0.000000e+00 0.000000e+00 0.000000e+00 2.542226e-01 7.457773e-01
 0.000000e+00 0.000000e+00 0.000000e+00 0.000000e+00 0.000000e+00
<ENDHMM>
~h "fp_key_3"
<BEGINHMM>
<NUMSTATES> 5
<STATE> 2
<MEAN> 6
 3.012270e+02 1.246959e+01 6.314949e+00 2.926956e+00 3.575169e+00 1.302383e+00
<VARIANCE> 6
 2.198838e+03 2.900334e+02 1.002416e+02 9.958592e+00 3.242828e+01 2.848764e+00
<GCONST> 3.582488e+01
<STATE> 3
<MEAN> 6
 5.717248e+02 9.940404e+01 3.200832e+01 3.092482e+01 1.492862e+01 6.306169e+00
<VARIANCE> 6
 2.584216e+04 4.108997e+03 1.860170e+03 2.557512e+02 3.359260e+02 6.455608e+01
<GCONST> 5.256501e+01
<STATE> 4
<MEAN> 6
 2.990426e+02 2.133341e+01 3.203453e+00 6.307847e+00 1.354195e+00 1.018945e+00
<VARIANCE> 6
 2.703119e+04 4.942806e+02 1.557985e+01 6.919127e+01 2.468228e+00 1.762001e+00
<GCONST> 3.588792e+01
<TRANSP> 5
 0.000000e+00 1.000000e+00 0.000000e+00 0.000000e+00 0.000000e+00
 0.000000e+00 5.581950e-01 4.418050e-01 0.000000e+00 0.000000e+00
 0.000000e+00 0.000000e+00 7.088031e-01 2.911969e-01 0.000000e+00
 0.000000e+00 0.000000e+00 0.000000e+00 5.501700e-01 4.498299e-01
 0.000000e+00 0.000000e+00 0.000000e+00 0.000000e+00 0.000000e+00
<ENDHMM>
~h "fp_key_4"
<BEGINHMM>
<NUMSTATES> 5
<STATE> 2
<MEAN> 6
 3.458652e+02 1.179568e+01 3.740928e+00 4.787444e+00 1.562784e+00 1.439010e+00
<VARIANCE> 6
 1.447903e+04 3.028159e+02 1.056191e+01 4.530394e+01 1.917254e+00 2.754003e+00
<GCONST> 3.415544e+01
<STATE> 3
<MEAN> 6
 5.585197e+02 7.085314e+01 5.914689e+01 2.324710e+01 2.507716e+01 9.396949e+00
<VARIANCE> 6
 3.261585e+04 3.898463e+03 4.129894e+03 2.448074e+02 3.394472e+02 5.475165e+01
<GCONST> 5.334476e+01
<STATE> 4
<MEAN> 6
 5.802728e+02 5.923038e+01 8.156313e+00 1.398461e+01 2.273234e+00 1.663693e+00
<VARIANCE> 6
 3.434400e+04 2.131847e+03 7.896954e+01 6.970918e+01 3.731447e+00 3.207285e+00
<GCONST> 4.023180e+01
<TRANSP> 5
 0.000000e+00 1.000000e+00 0.000000e+00 0.000000e+00 0.000000e+00
 0.000000e+00 6.742039e-01 3.257961e-01 0.000000e+00 0.000000e+00
 0.000000e+00 0.000000e+00 6.706165e-01 3.293834e-01 0.000000e+00
 0.000000e+00 0.000000e+00 0.000000e+00 6.460958e-01 3.539042e-01
 0.000000e+00 0.000000e+00 0.000000e+00 0.000000e+00 0.000000e+00
<ENDHMM>
~h "fp_key_5"
<BEGINHMM>
<NUMSTATES> 5
<STATE> 2
<MEAN> 6
 4.574637e+02 4.885377e+01 1.259972e+01 9.850151e+00 3.330808e+00 1.570148e+00
<VARIANCE> 6
 3.325077e+04 3.641281e+03 2.991714e+02 8.433669e+01 1.431963e+01 2.700819e+00
<GCONST> 4.343021e+01
<STATE> 3
<MEAN> 6
 4.212434e+02 2.617365e+01 2.806919e+01 9.311928e+00 5.601558e+00 3.223195e+00
<VARIANCE> 6
 2.799449e+04 1.342823e+03 2.036102e+03 1.395007e+02 4.672744e+01 1.123988e+01
<GCONST> 4.729021e+01
<STATE> 4
<MEAN> 6
 3.489927e+02 3.769198e+00 5.118251e+00 7.266301e-01 1.252524e+00 3.464658e-01
<VARIANCE> 6
 1.987266e+04 1.023709e+01 7.449745e+01 1.583027e-01 5.128610e+00 2.852366e-02
<GCONST> 2.379571e+01
<TRANSP> 5
 0.000000e+00 1.000000e+00 0.000000e+00 0.000000e+00 0.000000e+00
 0.000000e+00 1.173406e-01 8.826594e-01 0.000000e+00 0.000000e+00
 0.000000e+00 0.000000e+00 2.243283e-01 7.756717e-01 0.000000e+00
 0.000000e+00 0.000000e+00 0.000000e+00 9.151227e-01 8.487731e-02
 0.000000e+00 0.000000e+00 0.000000e+00 0.000000e+00 0.000000e+00
<ENDHMM>
~h "bg_red_0_0"
<BEGINHMM>
<NUMSTATES> 5
<STATE> 2
<MEAN> 6
 3.389525e+02 1.155707e+01 8.511709e+00 4.409034e+00 3.956057e+00 1.790810e+00
<VARIANCE> 6
 6.238300e+03 6.936071e+01 4.178307e+01 4.968841e+00 6.783940e+00 1.452099e+00
<GCONST> 3.162829e+01
<STATE> 3
<MEAN> 6
 4.777517e+02 7.263985e+01 1.841561e+01 1.597496e+01 3.689997e+00 1.739794e+00
<VARIANCE> 6
 4.465236e+04 4.972770e+03 8.512288e+02 1.953043e+02 2.425994e+01 2.383385e+00
<GCONST> 4.632425e+01
<STATE> 4
<MEAN> 6
 3.454337e+02 1.587654e+01 6.361519e+00 4.753395e+00 1.858082e+00 9.727142e-01
<VARIANCE> 6
 1.957773e+04 2.661960e+02 2.141345e+01 2.246878e+01 2.292673e+00 5.289456e-01
<GCONST> 3.286264e+01
<TRANSP> 5
 0.000000e+00 1.000000e+00 0.000000e+00 0.000000e+00 0.000000e+00
 0.000000e+00 7.483089e-01 2.516911e-01 0.000000e+00 0.000000e+00
 0.000000e+00 0.000000e+00 5.234589e-01 4.765411e-01 0.000000e+00
 0.000000e+00 0.000000e+00 0.000000e+00 1.603430e-01 8.396570e-01
 0.000000e+00 0.000000e+00 0.000000e+00 0.000000e+00 0.000000e+00
<ENDHMM>
~h "bg_red_0_1"
<BEGINHMM>
<NUMSTATES> 5
<STATE> 2
<MEAN> 6
 3.189758e+02 2.139293e+01 1.079744e+01 4.948824e+00 2.689544e+00 1.672009e+00
<VARIANCE> 6
 1.666883e+04 3.377191e+02 1.069752e+02 1.249936e+01 4.250879e+00 2.031008e+00
<GCONST> 3.592471e+01
<STATE> 3
<MEAN> 6
 3.446948e+02 1.194502e+01 5.346404e+00 3.851301e+00 1.419888e+00 5.631044e-01
<VARIANCE> 6
 2.192098e+04 1.657217e+02 2.303712e+01 9.388226e+00 1.059798e+00 1.068174e-01
<GCONST> 2.933078e+01
<STATE> 4
<MEAN> 6
 3.783856e+02 3.596176e+00 1.683257e+00 1.067318e+00 4.726548e-01 2.945451e-01
<VARIANCE> 6
 5.309755e+03 2.757463e+01 2.138051e+00 1.059529e+00 1.832726e-01 3.167699e-02
<GCONST> 1.859023e+01
<TRANSP> 5
 0.000000e+00 1.000000e+00 0.000000e+00 0.000000e+00 0.000000e+00
 0.000000e+00 3.716147e-01 6.283853e-01 0.000000e+00 0.000000e+00
 0.000000e+00 0.000000e+00 8.606927e-02 9.139308e-01 0.000000e+00
 0.000000e+00 0.000000e+00 0.000000e+00 8.119596e-01 1.880404e-01
 0.000000e+00 0.000000e+00 0.000000e+00 0.000000e+00 0.000000e+00
<ENDHMM>
~h "bg_red_0_2"
<BEGINHMM>
<NUMSTATES> 5
<STATE> 2
<MEAN> 6
 2.919575e+02 1.920319e+01 8.606719e+00 4.649872e+00 2.058407e+00 8.877203e-01
<VARIANCE> 6
 2.008127e+04 4.484086e+02 5.539645e+01 1.845224e+01 2.510022e+00 7.455932e-01
<GCONST> 3.459693e+01
<STATE> 3
<MEAN> 6
 3.382669e+02 6.364111e+00 3.239771e+00 2.192755e+00 8.788832e-01 4.044698e-01
<VARIANCE> 6
 1.578996e+04 9.487487e+01 1.150344e+01 1.422486e+00 3.413379e-01 8.128986e-02
<GCONST> 2.445739e+01
<STATE> 4
<MEAN> 6
 3.442109e+02 4.312132e+00 1.385033e+00 7.472034e-01 3.751183e-01 2.394316e-01
<VARIANCE> 6
 4.475354e+03 1.719517e+01 1.706414e+00 2.337315e-01 7.232661e-02 1.364297e-02
<GCONST> 1.443795e+01
<TRANSP> 5
 0.000000e+00 1.000000e+00 0.000000e+00 0.000000e+00 0.000000e+00
 0.000000e+00 5.574521e-01 4.425479e-01 0.000000e+00 0.000000e+00
 0.000000e+00 0.000000e+00 4.658611e-01 5.341390e-01 0.000000e+00
 0.000000e+00 0.000000e+00 0.000000e+00 9.241784e-01 7.582156e-02
 0.000000e+00 0.000000e+00 0.000000e+00 0.000000e+00 0.000000e+00
<ENDHMM>
~h "bg_red_0_3"
<BEGINHMM>
<NUMSTATES> 5
<STATE> 2
<MEAN> 6
 2.598138e+02 1.512148e+01 2.170862e+00 4.596076e+00 7.890604e-01 4.638835e-01
<VARIANCE> 6
 8.949303e+03 2.084510e+02 2.678680e+00 1.030960e+01 2.843354e-01 4.062353e-02
<GCONST> 2.432369e+01
<STATE> 3
<MEAN> 6
 2.650928e+02 1.452194e+01 6.596967e+00 4.758059e+00 1.906003e+00 7.484041e-01
<VARIANCE> 6
 1.613549e+04 1.650199e+02 3.972415e+01 1.077558e+01 2.118568e+00 2.383839e-01
<GCONST> 3.119822e+01
<STATE> 4
<MEAN> 6
 3.248153e+02 6.370315e+00 2.512529e+00 1.642625e+00 6.248471e-01 3.165905e-01
<VARIANCE> 6
 8.371854e+03 4.297187e+01 6.281479e+00 9.351383e-01 2.044417e-01 2.467863e-02
<GCONST> 2.030170e+01
<TRANSP> 5
 0.000000e+00 1.000000e+00 0.000000e+00 0.000000e+00 0.000000e+00
 0.000000e+00 6.190115e-01 3.809884e-01 0.000000e+00 0.000000e+00
 0.000000e+00 0.000000e+00 3.022267e-01 6.977733e-01 0.000000e+00
 0.000000e+00 0.000000e+00 0.000000e+00 7.586790e-01 2.413210e-01
 0.000000e+00 0.000000e+00 0.000000e+00 0.000000e+00 0.000000e+00
<ENDHMM>
~h "bg_red_0_4"
<BEGINHMM>
<NUMSTATES> 5
<STATE> 2
<MEAN> 6
 2.357754e+02 1.418997e+01 7.931323e+00 3.480429e+00 1.654956e+00 7.667266e-01
<VARIANCE> 6
 9.566141e+03 1.560018e+02 3.360770e+01 4.485127e+00 1.054208e+00 2.115858e-01
<GCONST> 2.875830e+01
<STATE> 3
<MEAN> 6
 1.640818e+02 4.746855e+01 7.606813e+00 8.169144e+00 2.017715e+00 7.256218e-01
<VARIANCE> 6
 3.009431e+04 2.081980e+03 3.842910e+01 6.671170e+01 1.898085e+00 1.886246e-01
<GCONST> 3.580247e+01
<STATE> 4
<MEAN> 6
 1.631694e+02 4.887520e+00 2.438582e+00 1.808097e+00 7.705263e-01 4.373138e-01
<VARIANCE> 6
 1.517412e+04 2.916240e+01 4.541603e+00 3.684120e+00 4.553537e-01 9.893745e-02
<GCONST> 2.374485e+01
<TRANSP> 5
 0.000000e+00 1.000000e+00 0.000000e+00 0.000000e+00 0.000000e+00
 0.000000e+00 7.037058e-01 2.962941e-01 0.000000e+00 0.000000e+00
 0.000000e+00 0.000000e+00 7.333184e-01 2.666816e-01 0.000000e+00
 0.000000e+00 0.000000e+00 0.000000e+00 7.174463e-01 2.825537e-01
 0.000000e+00 0.000000e+00 0.000000e+00 0.000000e+00 0.000000e+00
<ENDHMM>
~h "bg_red_0_5"
<BEGINHMM>
<NUMSTATES> 5
<STATE> 2
<MEAN> 6
 2.303628e+02 8.180490e+00 4.018285e+00 2.608172e+00 1.231435e+00 5.011696e-01
<VARIANCE> 6
 5.070975e+04 8.158051e+01 1.114048e+01 3.969886e+00 9.105778e-01 1.349163e-01
<GCONST> 2.795527e+01
<STATE> 3
<MEAN> 6
 2.004371e+02 3.228811e+01 1.680389e+01 7.491064e+00 5.137558e+00 2.789766e+00
<VARIANCE> 6
 3.292145e+04 2.592521e+03 4.396195e+02 8.215911e+01 4.130663e+01 1.391082e+01
<GCONST> 4.613779e+01
<STATE> 4
<MEAN> 6
 3.241065e+02 1.063405e+01 7.411835e+00 3.907226e+00 3.085174e+00 1.784885e+00
<VARIANCE> 6
 7.568281e+03 1.703975e+02 3.500403e+01 8.918496e+00 3.481636e+00 1.923131e+00
<GCONST> 3.274216e+01
<TRANSP> 5
 0.000000e+00 1.000000e+00 0.000000e+00 0.000000e+00 0.000000e+00
 0.000000e+00 5.456907e-01 4.543093e-01 0.000000e+00 0.000000e+00
 0.000000e+00 0.000000e+00 7.146956e-01 2.853043e-01 0.000000e+00
 0.000000e+00 0.000000e+00 0.000000e+00 5.443406e-01 4.556594e-01
 0.000000e+00 0.000000e+00 0.000000e+00 0.000000e+00 0.000000e+00
<ENDHMM>
~h "fp_screen"
<BEGINHMM>
<NUMSTATES> 5
<STATE> 2
<MEAN> 6
 2.477347e+02 2.934495e+00 7.927632e+00 9.626777e-01 2.753720e+00 3.988502e-01
<VARIANCE> 6
 5.500045e+03 3.735278e+01 2.895352e+02 2.422659e+00 2.689235e+01 2.427202e-01
<GCONST> 3.168932e+01
<STATE> 3
<MEAN> 6
 3.711608e+02 2.767227e+01 1.911167e+01 5.553912e+00 6.224928e+00 1.834083e+00
<VARIANCE> 6
 2.666664e+04 2.201912e+03 7.845359e+02 4.506950e+01 4.918888e+01 1.126055e+01
<GCONST> 4.570578e+01
<STATE> 4
<MEAN> 6
 3.718979e+02 2.775921e+00 3.676998e+00 8.459417e-01 8.222381e-01 3.306709e-01
<VARIANCE> 6
 1.601116e+04 6.234379e+00 1.177800e+01 3.411421e-01 5.219164e-01 3.085281e-02
<GCONST> 1.980038e+01
<TRANSP> 5
 0.000000e+00 1.000000e+00 0.000000e+00 0.000000e+00 0.000000e+00
 0.000000e+00 7.668718e-01 2.331282e-01 0.000000e+00 0.000000e+00
 0.000000e+00 0.000000e+00 3.647503e-01 6.352497e-01 0.000000e+00
 0.000000e+00 0.000000e+00 0.000000e+00 8.862463e-01 1.137538e-01
 0.000000e+00 0.000000e+00 0.000000e+00 0.000000e+00 0.000000e+00
<ENDHMM>
~h "bg_board_0"
<BEGINHMM>
<NUMSTATES> 5
<STATE> 2
<MEAN> 6
 3.269649e+02 2.108108e+01 1.057995e+01 8.551477e+00 4.295218e+00 2.674314e+00
<VARIANCE> 6
 8.524834e+03 4.736516e+02 9.759116e+01 3.411589e+01 8.927422e+00 4.227955e+00
<GCONST> 3.797987e+01
<STATE> 3
<MEAN> 6
 3.809190e+02 4.238939e+01 1.680658e+01 1.263608e+01 6.183084e+00 3.594006e+00
<VARIANCE> 6
 1.355443e+04 2.042963e+03 2.424828e+02 9.083200e+01 2.681449e+01 1.103549e+01
<GCONST> 4.385389e+01
<STATE> 4
<MEAN> 6
 3.559468e+02 1.630194e+01 5.837451e+00 5.639951e+00 2.511068e+00 1.285184e+00
<VARIANCE> 6
 9.521213e+03 4.462610e+02 3.119595e+01 2.134290e+01 3.397743e+00 1.191116e+00
<GCONST> 3.418846e+01
<TRANSP> 5
 0.000000e+00 1.000000e+00 0.000000e+00 0.000000e+00 0.000000e+00
 0.000000e+00 5.509680e-01 4.490320e-01 0.000000e+00 0.000000e+00
 0.000000e+00 0.000000e+00 4.880945e-01 5.119055e-01 0.000000e+00
 0.000000e+00 0.000000e+00 0.000000e+00 2.256031e-01 7.743970e-01
 0.000000e+00 0.000000e+00 0.000000e+00 0.000000e+00 0.000000e+00
<ENDHMM>
~h "bg_board_1"
<BEGINHMM>
<NUMSTATES> 5
<STATE> 2
<MEAN> 6
 3.012485e+02 2.298307e+01 1.138618e+01 1.005220e+01 5.245556e+00 3.299035e+00
<VARIANCE> 6
 6.837818e+03 4.512313e+02 9.734171e+01 4.187260e+01 1.239412e+01 5.999314e+00
<GCONST> 3.859119e+01
<STATE> 3
<MEAN> 6
 3.855924e+02 4.299938e+01 1.598669e+01 1.427035e+01 6.164090e+00 3.778526e+00
<VARIANCE> 6
 1.394436e+04 2.130087e+03 2.700476e+02 1.537785e+02 2.701346e+01 1.297770e+01
<GCONST> 4.472769e+01
<STATE> 4
<MEAN> 6
 3.334003e+02 1.468321e+01 4.766616e+00 5.016901e+00 2.136290e+00 1.196153e+00
<VARIANCE> 6
 8.704957e+03 4.468095e+02 1.817706e+01 1.862905e+01 2.844189e+00 1.439012e+00
<GCONST> 3.343516e+01
<TRANSP> 5
 0.000000e+00 1.000000e+00 0.000000e+00 0.000000e+00 0.000000e+00
 0.000000e+00 6.257249e-01 3.742751e-01 0.000000e+00 0.000000e+00
 0.000000e+00 0.000000e+00 4.310648e-01 5.689352e-01 0.000000e+00
 0.000000e+00 0.000000e+00 0.000000e+00 2.390444e-01 7.609556e-01
 0.000000e+00 0.000000e+00 0.000000e+00 0.000000e+00 0.000000e+00
<ENDHMM>
~h "bg_board_2"
<BEGINHMM>
<NUMSTATES> 5
<STATE> 2
<MEAN> 6
 2.935221e+02 2.387107e+01 1.117191e+01 1.032469e+01 4.787227e+00 3.105323e+00
<VARIANCE> 6
 6.092115e+03 4.870306e+02 8.958775e+01 4.362253e+01 1.005806e+01 5.150430e+00
<GCONST> 3.814859e+01
<STATE> 3
<MEAN> 6
 3.177707e+02 2.683575e+01 1.134789e+01 8.531404e+00 4.360894e+00 2.532223e+00
<VARIANCE> 6
 8.420453e+03 1.015935e+03 1.843282e+02 6.510519e+01 1.816091e+01 9.665949e+00
<GCONST> 4.154985e+01
<STATE> 4
<MEAN> 6
 2.866655e+02 1.224293e+01 5.070528e+00 3.637858e+00 1.875815e+00 6.926673e-01
<VARIANCE> 6
 1.012007e+04 3.304412e+02 1.798206e+01 1.121078e+01 2.047120e+00 3.370304e-01
<GCONST> 3.098507e+01
<TRANSP> 5
 0.000000e+00 1.000000e+00 0.000000e+00 0.000000e+00 0.000000e+00
 0.000000e+00 6.528178e-01 3.471822e-01 0.000000e+00 0.000000e+00
 0.000000e+00 0.000000e+00 1.870326e-01 8.129675e-01 0.000000e+00
 0.000000e+00 0.000000e+00 0.000000e+00 5.219841e-01 4.780159e-01
 0.000000e+00 0.000000e+00 0.000000e+00 0.000000e+00 0.000000e+00
<ENDHMM>
~h "bg_board_3"
<BEGINHMM>
<NUMSTATES> 5
<STATE> 2
<MEAN> 6
 2.619315e+02 2.229819e+01 1.068083e+01 8.666543e+00 4.521350e+00 2.601338e+00
<VARIANCE> 6
 6.104241e+03 4.488716e+02 9.552200e+01 2.788366e+01 8.080432e+00 3.853446e+00
<GCONST> 3.717655e+01
<STATE> 3
<MEAN> 6
 2.915346e+02 5.097979e+01 6.964682e+00 8.635337e+00 2.674361e+00 1.483718e+00
<VARIANCE> 6
 9.230358e+03 5.318594e+03 6.368408e+01 6.613593e+01 9.791754e+00 3.903604e+00
<GCONST> 4.072557e+01
<STATE> 4
<MEAN> 6
 2.828131e+02 1.506302e+01 5.094502e+00 3.761619e+00 1.751282e+00 7.466522e-01
<VARIANCE> 6
 1.170148e+04 4.665799e+02 1.748842e+01 1.178749e+01 1.310359e+00 4.138139e-01
<GCONST> 3.125670e+01
<TRANSP> 5
 0.000000e+00 1.000000e+00 0.000000e+00 0.000000e+00 0.000000e+00
 0.000000e+00 6.950327e-01 3.049673e-01 0.000000e+00 0.000000e+00
 0.000000e+00 0.000000e+00 2.267909e-01 7.732091e-01 0.000000e+00
 0.000000e+00 0.000000e+00 0.000000e+00 4.279447e-01 5.720553e-01
 0.000000e+00 0.000000e+00 0.000000e+00 0.000000e+00 0.000000e+00
<ENDHMM>
~h "bg_board_4"
<BEGINHMM>
<NUMSTATES> 5
<STATE> 2
<MEAN> 6
 2.542850e+02 1.964276e+01 8.408556e+00 7.471575e+00 3.626338e+00 2.062124e+00
<VARIANCE> 6
 5.773670e+03 3.820890e+02 5.398917e+01 2.449361e+01 5.275877e+00 2.635154e+00
<GCONST> 3.545326e+01
<STATE> 3
<MEAN> 6
 3.130654e+02 2.974477e+01 9.861189e+00 7.411295e+00 3.619307e+00 1.602968e+00
<VARIANCE> 6
 8.215261e+03 1.094135e+03 1.064668e+02 4.313235e+01 1.423293e+01 4.251482e+00
<GCONST> 3.957367e+01
<STATE> 4
<MEAN> 6
 2.639078e+02 1.094183e+01 4.123800e+00 2.734025e+00 1.408318e+00 5.570978e-01
<VARIANCE> 6
 6.835089e+03 2.285705e+02 1.232393e+01 5.465280e+00 1.042102e+00 1.892267e-01
<GCONST> 2.787532e+01
<TRANSP> 5
 0.000000e+00 1.000000e+00 0.000000e+00 0.000000e+00 0.000000e+00
 0.000000e+00 7.136360e-01 2.863639e-01 0.000000e+00 0.000000e+00
 0.000000e+00 0.000000e+00 2.760417e-01 7.239583e-01 0.000000e+00
 0.000000e+00 0.000000e+00 0.000000e+00 7.546980e-01 2.453020e-01
 0.000000e+00 0.000000e+00 0.000000e+00 0.000000e+00 0.000000e+00
<ENDHMM>
~h "bg_board_5"
<BEGINHMM>
<NUMSTATES> 5
<STATE> 2
<MEAN> 6
 2.954203e+02 1.857812e+01 7.098886e+00 5.418861e+00 2.646874e+00 1.241956e+00
<VARIANCE> 6
 6.504097e+03 4.477418e+02 3.312578e+01 1.300065e+01 3.201127e+00 1.004490e+00
<GCONST> 3.314496e+01
<STATE> 3
<MEAN> 6
 3.091194e+02 4.628621e+01 8.260869e+00 9.050417e+00 3.054287e+00 1.760846e+00
<VARIANCE> 6
 8.025941e+03 4.824387e+03 9.104201e+01 5.615241e+01 1.064094e+01 4.571603e+00
<GCONST> 4.092310e+01
<STATE> 4
<MEAN> 6
 3.842622e+02 9.346872e+00 5.180335e+00 2.607302e+00 1.455844e+00 5.969810e-01
<VARIANCE> 6
 5.942596e+03 3.352510e+02 2.239091e+01 8.152327e+00 1.821064e+00 4.616014e-01
<GCONST> 3.056537e+01
<TRANSP> 5
 0.000000e+00 1.000000e+00 0.000000e+00 0.000000e+00 0.000000e+00
 0.000000e+00 5.805327e-01 4.194673e-01 0.000000e+00 0.000000e+00
 0.000000e+00 0.000000e+00 4.126892e-01 5.873109e-01 0.000000e+00
 0.000000e+00 0.000000e+00 0.000000e+00 7.203125e-01 2.796875e-01
 0.000000e+00 0.000000e+00 0.000000e+00 0.000000e+00 0.000000e+00
<ENDHMM>
~h "fp_key"
<BEGINHMM>
<NUMSTATES> 5
<STATE> 2
<MEAN> 6
 2.485815e+02 1.015253e+01 1.425457e+01 3.117975e+00 4.739800e+00 1.278002e+00
<VARIANCE> 6
 7.240705e+03 1.842773e+02 2.485020e+02 1.059364e+01 1.403775e+01 1.423024e+00
<GCONST> 3.600142e+01
<STATE> 3
<MEAN> 6
 4.162409e+02 5.265535e+01 4.076033e+01 1.063004e+01 1.095199e+01 3.495877e+00
<VARIANCE> 6
 2.772697e+04 2.880889e+03 2.263315e+03 1.021020e+02 4.787209e+01 8.833060e+00
<GCONST> 4.762087e+01
<STATE> 4
<MEAN> 6
 2.696864e+02 2.735124e+00 1.899351e+00 8.038049e-01 6.222141e-01 3.462557e-01
<VARIANCE> 6
 3.295576e+03 7.460896e+00 1.017987e+01 4.289692e-01 4.638408e-01 1.070261e-01
<GCONST> 1.960842e+01
<TRANSP> 5
 0.000000e+00 1.000000e+00 0.000000e+00 0.000000e+00 0.000000e+00
 0.000000e+00 6.892617e-01 3.107383e-01 0.000000e+00 0.000000e+00
 0.000000e+00 0.000000e+00 6.211471e-01 3.788529e-01 0.000000e+00
 0.000000e+00 0.000000e+00 0.000000e+00 8.849488e-01 1.150512e-01
 0.000000e+00 0.000000e+00 0.000000e+00 0.000000e+00 0.000000e+00
<ENDHMM>
~h "fp_logo"
<BEGINHMM>
<NUMSTATES> 5
<STATE> 2
<MEAN> 6
 2.174023e+02 5.880986e+00 5.204862e+00 2.133901e+00 1.941781e+00 4.173817e-01
<VARIANCE> 6
 7.631131e+03 8.865575e+01 6.585961e+01 1.732411e+01 9.794143e+00 2.255012e-01
<GCONST> 3.228399e+01
<STATE> 3
<MEAN> 6
 2.338826e+02 1.825507e+01 9.219444e+00 5.135054e+00 3.116659e+00 8.090520e-01
<VARIANCE> 6
 5.838164e+03 4.999094e+02 1.788760e+02 4.734036e+01 2.013864e+01 1.928881e+00
<GCONST> 3.861750e+01
<STATE> 4
<MEAN> 6
 1.812268e+02 2.607803e+00 2.259844e+00 6.657196e-01 6.682801e-01 2.836989e-01
<VARIANCE> 6
 2.759096e+03 5.848451e+00 5.850152e+00 2.080369e-01 4.649016e-01 1.869527e-02
<GCONST> 1.616711e+01
<TRANSP> 5
 0.000000e+00 1.000000e+00 0.000000e+00 0.000000e+00 0.000000e+00
 0.000000e+00 4.854718e-01 5.145282e-01 0.000000e+00 0.000000e+00
 0.000000e+00 0.000000e+00 3.319312e-01 6.680688e-01 0.000000e+00
 0.000000e+00 0.000000e+00 0.000000e+00 8.559178e-01 1.440822e-01
 0.000000e+00 0.000000e+00 0.000000e+00 0.000000e+00 0.000000e+00
<ENDHMM>
