~o
<STREAMINFO> 1 6
<VECSIZE> 6<NULLD><MFCC><DIAGC>
~h "fp_screen_0"
<BEGINHMM>
<NUMSTATES> 5
<STATE> 2
<MEAN> 6
 4.515138e+02 1.167335e+01 9.139892e+00 4.652163e+00 3.492999e+00 1.682973e+00
<VARIANCE> 6
 6.345468e+04 2.474519e+02 2.583912e+02 2.670777e+01 1.943723e+01 3.967228e+00
<GCONST> 4.078125e+01
<STATE> 3
<MEAN> 6
 6.248869e+02 4.738157e+01 1.698101e+01 1.399461e+01 8.922591e+00 5.551949e+00
<VARIANCE> 6
 3.204952e+04 2.555445e+03 7.522786e+02 1.286631e+02 9.920240e+01 3.521826e+01
<GCONST> 4.888731e+01
<STATE> 4
<MEAN> 6
 4.592109e+02 4.111031e+00 4.300474e+00 9.853198e-01 1.077448e+00 3.657432e-01
<VARIANCE> 6
 3.420345e+04 3.898996e+01 1.188994e+02 1.632314e+00 4.696265e+00 1.508525e-01
<GCONST> 3.005424e+01
<TRANSP> 5
 0.000000e+00 1.000000e+00 0.000000e+00 0.000000e+00 0.000000e+00
 0.000000e+00 9.629685e-01 3.703155e-02 0.000000e+00 0.000000e+00
 0.000000e+00 0.000000e+00 9.468085e-01 5.319148e-02 0.000000e+00
 0.000000e+00 0.000000e+00 0.000000e+00 9.586709e-01 4.132915e-02
 0.000000e+00 0.000000e+00 0.000000e+00 0.000000e+00 0.000000e+00
<ENDHMM>
