~o
<STREAMINFO> 1 6
<VECSIZE> 6<NULLD><MFCC><DIAGC>
~h "bg_board_4"
<BEGINHMM>
<NUMSTATES> 5
<STATE> 2
<MEAN> 6
 1.779960e+02 1.812469e+01 1.025151e+01 5.227117e+00 3.539797e+00 1.501840e+00
<VARIANCE> 6
 5.649833e+03 3.798898e+02 6.498110e+01 1.029023e+01 4.787154e+00 1.609686e+00
<GCONST> 3.415379e+01
<STATE> 3
<MEAN> 6
 2.219142e+02 5.107182e+01 1.482093e+01 1.076193e+01 5.585462e+00 2.932159e+00
<VARIANCE> 6
 4.769684e+03 3.013773e+03 2.220688e+02 3.998346e+01 1.097616e+01 5.120644e+00
<GCONST> 4.062871e+01
<STATE> 4
<MEAN> 6
 2.816416e+02 1.621554e+01 6.771791e+00 4.572996e+00 2.793484e+00 1.160291e+00
<VARIANCE> 6
 7.786953e+03 4.131660e+02 5.678407e+01 1.231648e+01 3.208958e+00 1.297616e+00
<GCONST> 3.398799e+01
<TRANSP> 5
 0.000000e+00 1.000000e+00 0.000000e+00 0.000000e+00 0.000000e+00
 0.000000e+00 8.193362e-01 1.806639e-01 0.000000e+00 0.000000e+00
 0.000000e+00 0.000000e+00 6.652152e-01 3.347848e-01 0.000000e+00
 0.000000e+00 0.000000e+00 0.000000e+00 7.766794e-01 2.233207e-01
 0.000000e+00 0.000000e+00 0.000000e+00 0.000000e+00 0.000000e+00
<ENDHMM>
