~o
<STREAMINFO> 1 6
<VECSIZE> 6<NULLD><MFCC><DIAGC>
~h "bg_board_0"
<BEGINHMM>
<NUMSTATES> 5
<STATE> 2
<MEAN> 6
 2.278752e+02 8.568712e+00 5.009679e+00 2.860605e+00 1.833292e+00 6.267049e-01
<VARIANCE> 6
 3.530654e+03 1.302489e+02 2.197830e+01 4.935375e+00 2.050364e+00 2.646411e-01
<GCONST> 2.814107e+01
<STATE> 3
<MEAN> 6
 2.121573e+02 3.762896e+01 1.278236e+01 8.446265e+00 3.380817e+00 1.625608e+00
<VARIANCE> 6
 3.808952e+03 1.999097e+03 1.563518e+02 2.754764e+01 6.068062e+00 2.412334e+00
<GCONST> 3.792448e+01
<STATE> 4
<MEAN> 6
 1.663283e+02 1.493715e+01 7.488828e+00 3.486268e+00 2.526917e+00 8.752968e-01
<VARIANCE> 6
 3.287730e+03 2.647963e+02 3.514983e+01 4.996377e+00 1.741311e+00 5.533792e-01
<GCONST> 2.983544e+01
<TRANSP> 5
 0.000000e+00 1.000000e+00 0.000000e+00 0.000000e+00 0.000000e+00
 0.000000e+00 8.289851e-01 1.710149e-01 0.000000e+00 0.000000e+00
 0.000000e+00 0.000000e+00 5.115334e-01 4.884667e-01 0.000000e+00
 0.000000e+00 0.000000e+00 0.000000e+00 7.564145e-01 2.435855e-01
 0.000000e+00 0.000000e+00 0.000000e+00 0.000000e+00 0.000000e+00
<ENDHMM>
