~o
<STREAMINFO> 1 6
<VECSIZE> 6<NULLD><MFCC><DIAGC>
~h "bg_board_3"
<BEGINHMM>
<NUMSTATES> 5
<STATE> 2
<MEAN> 6
 1.338634e+02 1.771792e+01 7.888298e+00 4.712650e+00 2.509520e+00 8.803250e-01
<VARIANCE> 6
 1.005408e+04 5.706339e+02 4.799091e+01 1.970036e+01 3.424072e+00 6.450346e-01
<GCONST> 3.423378e+01
<STATE> 3
<MEAN> 6
 2.429533e+02 5.541926e+01 1.490488e+01 1.177724e+01 4.987835e+00 1.795408e+00
<VARIANCE> 6
 9.097738e+03 4.590692e+03 3.154868e+02 6.422821e+01 1.468236e+01 3.232196e+00
<GCONST> 4.235119e+01
<STATE> 4
<MEAN> 6
 2.457556e+02 1.647571e+01 8.462490e+00 4.045180e+00 2.681752e+00 1.203690e+00
<VARIANCE> 6
 1.523049e+04 3.447354e+02 5.805291e+01 8.858255e+00 3.057710e+00 1.387053e+00
<GCONST> 3.418865e+01
<TRANSP> 5
 0.000000e+00 1.000000e+00 0.000000e+00 0.000000e+00 0.000000e+00
 0.000000e+00 7.308936e-01 2.691065e-01 0.000000e+00 0.000000e+00
 0.000000e+00 0.000000e+00 5.070830e-01 4.929170e-01 0.000000e+00
 0.000000e+00 0.000000e+00 0.000000e+00 8.401345e-01 1.598655e-01
 0.000000e+00 0.000000e+00 0.000000e+00 0.000000e+00 0.000000e+00
<ENDHMM>
