~o
<STREAMINFO> 1 6
<VECSIZE> 6<NULLD><MFCC><DIAGC>
~h "bg_board"
<BEGINHMM>
<NUMSTATES> 5
<STATE> 2
<MEAN> 6
 1.467389e+02 1.638791e+01 9.779008e+00 4.506070e+00 2.900330e+00 1.058890e+00
<VARIANCE> 6
 3.252670e+03 2.132253e+02 7.644595e+01 8.360477e+00 3.594510e+00 8.382421e-01
<GCONST> 3.203990e+01
<STATE> 3
<MEAN> 6
 2.254533e+02 4.614855e+01 1.237124e+01 9.609560e+00 4.664064e+00 2.274390e+00
<VARIANCE> 6
 4.942011e+03 3.065912e+03 2.067120e+02 3.973716e+01 1.479774e+01 4.152425e+00
<GCONST> 4.069267e+01
<STATE> 4
<MEAN> 6
 3.272208e+02 1.035272e+01 5.220813e+00 2.756652e+00 1.986277e+00 7.796074e-01
<VARIANCE> 6
 4.515519e+03 1.650120e+02 3.367002e+01 6.073639e+00 2.033492e+00 6.016335e-01
<GCONST> 3.007077e+01
<TRANSP> 5
 0.000000e+00 1.000000e+00 0.000000e+00 0.000000e+00 0.000000e+00
 0.000000e+00 9.690892e-01 3.091083e-02 0.000000e+00 0.000000e+00
 0.000000e+00 0.000000e+00 9.410360e-01 5.896404e-02 0.000000e+00
 0.000000e+00 0.000000e+00 0.000000e+00 9.516661e-01 4.833395e-02
 0.000000e+00 0.000000e+00 0.000000e+00 0.000000e+00 0.000000e+00
<ENDHMM>
