~o
<STREAMINFO> 1 6
<VECSIZE> 6<NULLD><MFCC><DIAGC>
~h "bg_board_1"
<BEGINHMM>
<NUMSTATES> 5
<STATE> 2
<MEAN> 6
 1.547744e+02 1.744153e+01 9.294627e+00 4.245903e+00 2.544641e+00 8.526887e-01
<VARIANCE> 6
 3.330904e+03 2.584286e+02 5.908466e+01 7.590348e+00 1.925714e+00 4.360952e-01
<GCONST> 3.062413e+01
<STATE> 3
<MEAN> 6
 2.342331e+02 4.856190e+01 1.455425e+01 8.192016e+00 4.211444e+00 1.689931e+00
<VARIANCE> 6
 9.393641e+03 2.388885e+03 2.749276e+02 3.071728e+01 3.309932e+01 2.485553e+00
<GCONST> 4.140497e+01
<STATE> 4
<MEAN> 6
 2.308844e+02 1.068156e+01 5.139300e+00 2.652823e+00 1.610471e+00 5.300883e-01
<VARIANCE> 6
 1.012522e+04 2.499983e+02 3.530197e+01 6.160518e+00 8.777680e-01 1.253532e-01
<GCONST> 2.894661e+01
<TRANSP> 5
 0.000000e+00 1.000000e+00 0.000000e+00 0.000000e+00 0.000000e+00
 0.000000e+00 8.285133e-01 1.714868e-01 0.000000e+00 0.000000e+00
 0.000000e+00 0.000000e+00 5.891537e-01 4.108463e-01 0.000000e+00
 0.000000e+00 0.000000e+00 0.000000e+00 7.887909e-01 2.112091e-01
 0.000000e+00 0.000000e+00 0.000000e+00 0.000000e+00 0.000000e+00
<ENDHMM>
