~o
<STREAMINFO> 1 6
<VECSIZE> 6<NULLD><MFCC><DIAGC>
~h "bg_board_2"
<BEGINHMM>
<NUMSTATES> 5
<STATE> 2
<MEAN> 6
 1.335312e+02 1.646620e+01 7.726652e+00 3.904682e+00 2.374484e+00 7.689894e-01
<VARIANCE> 6
 3.673289e+03 2.783655e+02 4.709999e+01 5.965221e+00 2.435013e+00 2.728220e-01
<GCONST> 3.009427e+01
<STATE> 3
<MEAN> 6
 2.039985e+02 4.663570e+01 1.353841e+01 8.365334e+00 3.337017e+00 1.408847e+00
<VARIANCE> 6
 4.571128e+03 3.537775e+03 2.811338e+02 3.568939e+01 4.843182e+00 1.230087e+00
<GCONST> 3.862437e+01
<STATE> 4
<MEAN> 6
 3.019445e+02 1.488189e+01 6.137988e+00 3.229168e+00 1.989667e+00 7.037133e-01
<VARIANCE> 6
 1.355762e+04 5.313690e+02 3.018547e+01 1.463283e+01 2.171984e+00 4.764667e-01
<GCONST> 3.294234e+01
<TRANSP> 5
 0.000000e+00 1.000000e+00 0.000000e+00 0.000000e+00 0.000000e+00
 0.000000e+00 8.457329e-01 1.542672e-01 0.000000e+00 0.000000e+00
 0.000000e+00 0.000000e+00 6.158759e-01 3.841241e-01 0.000000e+00
 0.000000e+00 0.000000e+00 0.000000e+00 7.445339e-01 2.554661e-01
 0.000000e+00 0.000000e+00 0.000000e+00 0.000000e+00 0.000000e+00
<ENDHMM>
