~o
<STREAMINFO> 1 6
<VECSIZE> 6<NULLD><MFCC><DIAGC>
~h "bg_board_5"
<BEGINHMM>
<NUMSTATES> 5
<STATE> 2
<MEAN> 6
 2.462026e+02 2.026879e+01 1.181308e+01 6.341649e+00 4.483429e+00 2.215422e+00
<VARIANCE> 6
 3.488504e+03 4.484842e+02 1.002580e+02 1.189255e+01 6.066006e+00 2.724872e+00
<GCONST> 3.517915e+01
<STATE> 3
<MEAN> 6
 2.689033e+02 4.692747e+01 1.670797e+01 1.150415e+01 6.485756e+00 3.429458e+00
<VARIANCE> 6
 3.383031e+03 4.207402e+03 3.086849e+02 6.019025e+01 2.468449e+01 7.684806e+00
<GCONST> 4.257365e+01
<STATE> 4
<MEAN> 6
 3.099172e+02 1.567095e+01 6.778540e+00 4.440111e+00 2.851195e+00 1.262975e+00
<VARIANCE> 6
 8.688839e+03 4.553517e+02 5.206868e+01 1.153836e+01 2.826914e+00 1.048404e+00
<GCONST> 3.370282e+01
<TRANSP> 5
 0.000000e+00 1.000000e+00 0.000000e+00 0.000000e+00 0.000000e+00
 0.000000e+00 7.641404e-01 2.358595e-01 0.000000e+00 0.000000e+00
 0.000000e+00 0.000000e+00 5.783985e-01 4.216016e-01 0.000000e+00
 0.000000e+00 0.000000e+00 0.000000e+00 8.144121e-01 1.855880e-01
 0.000000e+00 0.000000e+00 0.000000e+00 0.000000e+00 0.000000e+00
<ENDHMM>
