~o
<STREAMINFO> 1 6
<VECSIZE> 6<NULLD><MFCC><DIAGC>
~h "bg_dark_0_4"
<BEGINHMM>
<NUMSTATES> 5
<STATE> 2
<MEAN> 6
 1.199825e+02 5.480054e+00 5.035176e+00 1.544882e+00 1.883441e+00 6.514509e-01
<VARIANCE> 6
 4.276049e+02 8.330853e+01 3.499215e+01 2.481575e+00 3.758129e+00 5.054623e-01
<GCONST> 2.661367e+01
<STATE> 3
<MEAN> 6
 1.482061e+02 1.486501e+01 2.013561e+01 5.869737e+00 6.905717e+00 2.404524e+00
<VARIANCE> 6
 1.805191e+03 1.638000e+02 2.231741e+02 8.267842e+00 1.092457e+01 2.051641e+00
<GCONST> 3.425431e+01
<STATE> 4
<MEAN> 6
 1.111091e+02 1.600552e+01 9.259048e+00 4.014344e+00 3.612770e+00 1.358935e+00
<VARIANCE> 6
 1.183589e+03 2.987429e+02 8.755911e+01 6.687256e+00 6.287768e+00 1.908029e+00
<GCONST> 3.266035e+01
<TRANSP> 5
 0.000000e+00 1.000000e+00 0.000000e+00 0.000000e+00 0.000000e+00
 0.000000e+00 8.245577e-01 1.754423e-01 0.000000e+00 0.000000e+00
 0.000000e+00 0.000000e+00 6.694426e-01 3.305574e-01 0.000000e+00
 0.000000e+00 0.000000e+00 0.000000e+00 7.660779e-01 2.339222e-01
 0.000000e+00 0.000000e+00 0.000000e+00 0.000000e+00 0.000000e+00
<ENDHMM>
