~o
<STREAMINFO> 1 6
<VECSIZE> 6<NULLD><MFCC><DIAGC>
~h "bg_dark_0_1"
<BEGINHMM>
<NUMSTATES> 5
<STATE> 2
<MEAN> 6
 1.521702e+02 9.745841e+00 8.151280e+00 3.394208e+00 3.867281e+00 1.357399e+00
<VARIANCE> 6
 1.337897e+03 8.768613e+01 4.211852e+01 3.503249e+00 5.732560e+00 6.562672e-01
<GCONST> 2.901904e+01
<STATE> 3
<MEAN> 6
 1.110601e+02 5.478676e+00 7.389006e+00 1.752194e+00 2.745937e+00 7.042387e-01
<VARIANCE> 6
 9.943774e+02 2.043984e+01 8.193586e+01 6.617514e-01 1.876094e+00 2.101134e-01
<GCONST> 2.400902e+01
<STATE> 4
<MEAN> 6
 1.180534e+02 1.555142e+01 1.373337e+01 4.050683e+00 3.839428e+00 1.622167e+00
<VARIANCE> 6
 2.926365e+03 3.412497e+02 1.790322e+02 8.092152e+00 5.577171e+00 1.809679e+00
<GCONST> 3.443169e+01
<TRANSP> 5
 0.000000e+00 1.000000e+00 0.000000e+00 0.000000e+00 0.000000e+00
 0.000000e+00 7.213428e-01 2.786572e-01 0.000000e+00 0.000000e+00
 0.000000e+00 0.000000e+00 8.205211e-01 1.794789e-01 0.000000e+00
 0.000000e+00 0.000000e+00 0.000000e+00 7.395614e-01 2.604387e-01
 0.000000e+00 0.000000e+00 0.000000e+00 0.000000e+00 0.000000e+00
<ENDHMM>
