~o
<STREAMINFO> 1 6
<VECSIZE> 6<NULLD><MFCC><DIAGC>
~h "bg_dark_0"
<BEGINHMM>
<NUMSTATES> 5
<STATE> 2
<MEAN> 6
 1.929197e+02 8.634636e+00 1.057296e+01 3.293367e+00 3.487216e+00 1.343330e+00
<VARIANCE> 6
 3.926721e+03 1.063934e+02 9.813990e+01 4.487025e+00 3.784713e+00 1.023162e+00
<GCONST> 3.141142e+01
<STATE> 3
<MEAN> 6
 9.566345e+01 1.936468e+01 4.649302e+00 3.412415e+00 2.023019e+00 5.829398e-01
<VARIANCE> 6
 9.541602e+02 6.542656e+02 1.943151e+01 1.085088e+01 3.024351e+00 2.073137e-01
<GCONST> 2.925592e+01
<STATE> 4
<MEAN> 6
 1.278536e+02 1.150736e+01 1.241049e+01 4.324763e+00 5.077007e+00 1.796733e+00
<VARIANCE> 6
 1.180256e+03 1.143664e+02 1.400840e+02 8.922210e+00 1.012654e+01 2.051723e+00
<GCONST> 3.300478e+01
<TRANSP> 5
 0.000000e+00 1.000000e+00 0.000000e+00 0.000000e+00 0.000000e+00
 0.000000e+00 9.462537e-01 5.374639e-02 0.000000e+00 0.000000e+00
 0.000000e+00 0.000000e+00 9.365422e-01 6.345779e-02 0.000000e+00
 0.000000e+00 0.000000e+00 0.000000e+00 9.719382e-01 2.806184e-02
 0.000000e+00 0.000000e+00 0.000000e+00 0.000000e+00 0.000000e+00
<ENDHMM>
