~o
<STREAMINFO> 1 6
<VECSIZE> 6<NULLD><MFCC><DIAGC>
~h "bg_dark_0_3"
<BEGINHMM>
<NUMSTATES> 5
<STATE> 2
<MEAN> 6
 1.237325e+02 1.229164e+01 1.387254e+01 5.434865e+00 5.978411e+00 2.146638e+00
<VARIANCE> 6
 1.090124e+03 1.014335e+02 1.591856e+02 9.634691e+00 1.080270e+01 2.835397e+00
<GCONST> 3.339813e+01
<STATE> 3
<MEAN> 6
 1.071252e+02 2.847367e+01 5.179685e+00 5.692807e+00 2.479615e+00 9.155113e-01
<VARIANCE> 6
 1.537449e+03 8.406636e+02 1.885469e+01 1.561770e+01 5.636994e+00 5.514457e-01
<GCONST> 3.191864e+01
<STATE> 4
<MEAN> 6
 1.179830e+02 8.837883e+00 6.862829e+00 2.675911e+00 2.809092e+00 1.034257e+00
<VARIANCE> 6
 5.967527e+02 1.079113e+02 3.841577e+01 3.188041e+00 3.851944e+00 6.218790e-01
<GCONST> 2.778152e+01
<TRANSP> 5
 0.000000e+00 1.000000e+00 0.000000e+00 0.000000e+00 0.000000e+00
 0.000000e+00 7.187477e-01 2.812523e-01 0.000000e+00 0.000000e+00
 0.000000e+00 0.000000e+00 5.730372e-01 4.269628e-01 0.000000e+00
 0.000000e+00 0.000000e+00 0.000000e+00 8.361287e-01 1.638713e-01
 0.000000e+00 0.000000e+00 0.000000e+00 0.000000e+00 0.000000e+00
<ENDHMM>
