~o
<STREAMINFO> 1 6
<VECSIZE> 6<NULLD><MFCC><DIAGC>
~h "bg_dark_0_5"
<BEGINHMM>
<NUMSTATES> 5
<STATE> 2
<MEAN> 6
 1.363715e+02 1.262714e+01 1.311912e+01 4.545121e+00 5.279525e+00 1.511992e+00
<VARIANCE> 6
 1.950266e+03 1.180839e+02 1.354658e+02 5.595637e+00 9.435979e+00 1.229484e+00
<GCONST> 3.245621e+01
<STATE> 3
<MEAN> 6
 1.349548e+02 2.896906e+01 1.383083e+01 8.263401e+00 6.796027e+00 2.868137e+00
<VARIANCE> 6
 2.212404e+03 3.711725e+02 1.697401e+02 1.681742e+01 1.244010e+01 3.317453e+00
<GCONST> 3.632257e+01
<STATE> 4
<MEAN> 6
 1.182867e+02 1.161591e+01 1.300026e+01 5.249551e+00 5.658520e+00 2.113552e+00
<VARIANCE> 6
 6.333115e+02 9.006000e+01 1.514253e+02 4.644861e+00 8.321765e+00 1.693055e+00
<GCONST> 3.117996e+01
<TRANSP> 5
 0.000000e+00 1.000000e+00 0.000000e+00 0.000000e+00 0.000000e+00
 0.000000e+00 7.705148e-01 2.294852e-01 0.000000e+00 0.000000e+00
 0.000000e+00 0.000000e+00 7.125640e-01 2.874360e-01 0.000000e+00
 0.000000e+00 0.000000e+00 0.000000e+00 7.598108e-01 2.401892e-01
 0.000000e+00 0.000000e+00 0.000000e+00 0.000000e+00 0.000000e+00
<ENDHMM>
