~o
<STREAMINFO> 1 6
<VECSIZE> 6<NULLD><MFCC><DIAGC>
~h "bg_dark_0_0"
<BEGINHMM>
<NUMSTATES> 5
<STATE> 2
<MEAN> 6
 2.554962e+02 8.607273e+00 8.100039e+00 3.208861e+00 3.047745e+00 1.132351e+00
<VARIANCE> 6
 1.441069e+03 1.763486e+02 3.957201e+01 3.712878e+00 2.137570e+00 5.241225e-01
<GCONST> 2.857644e+01
<STATE> 3
<MEAN> 6
 1.772342e+02 3.819119e+01 1.373176e+01 7.466541e+00 4.221807e+00 1.617089e+00
<VARIANCE> 6
 4.569162e+03 1.179038e+03 7.879199e+01 1.096702e+01 6.600815e+00 2.231133e+00
<GCONST> 3.597821e+01
<STATE> 4
<MEAN> 6
 1.985883e+02 5.389589e+00 8.971949e+00 2.856671e+00 3.430867e+00 1.250116e+00
<VARIANCE> 6
 2.031709e+03 2.622427e+01 5.326491e+01 2.006302e+00 3.585561e+00 6.463337e-01
<GCONST> 2.742262e+01
<TRANSP> 5
 0.000000e+00 1.000000e+00 0.000000e+00 0.000000e+00 0.000000e+00
 0.000000e+00 8.174339e-01 1.825661e-01 0.000000e+00 0.000000e+00
 0.000000e+00 0.000000e+00 4.691471e-01 5.308530e-01 0.000000e+00
 0.000000e+00 0.000000e+00 0.000000e+00 7.844257e-01 2.155743e-01
 0.000000e+00 0.000000e+00 0.000000e+00 0.000000e+00 0.000000e+00
<ENDHMM>
