~o
<STREAMINFO> 1 6
<VECSIZE> 6<NULLD><MFCC><DIAGC>
~h "bg_dark_0_2"
<BEGINHMM>
<NUMSTATES> 5
<STATE> 2
<MEAN> 6
 1.116754e+02 7.996408e+00 8.867537e+00 2.599669e+00 3.282117e+00 9.764637e-01
<VARIANCE> 6
 5.165173e+02 1.041915e+02 7.689033e+01 3.409193e+00 4.087411e+00 5.166456e-01
<GCONST> 2.823697e+01
<STATE> 3
<MEAN> 6
 1.160423e+02 1.599444e+01 2.492200e+01 4.257561e+00 6.034298e+00 2.571848e+00
<VARIANCE> 6
 1.232159e+03 1.990510e+02 3.680689e+02 3.871332e+00 1.410922e+01 5.220392e+00
<GCONST> 3.499862e+01
<STATE> 4
<MEAN> 6
 1.128435e+02 1.733747e+01 1.096852e+01 4.478823e+00 4.688415e+00 1.438928e+00
<VARIANCE> 6
 2.181770e+03 2.662357e+02 1.101897e+02 9.291201e+00 1.287663e+01 1.998798e+00
<GCONST> 3.447877e+01
<TRANSP> 5
 0.000000e+00 1.000000e+00 0.000000e+00 0.000000e+00 0.000000e+00
 0.000000e+00 8.685347e-01 1.314653e-01 0.000000e+00 0.000000e+00
 0.000000e+00 0.000000e+00 6.022187e-05 9.999398e-01 0.000000e+00
 0.000000e+00 0.000000e+00 0.000000e+00 7.723844e-01 2.276156e-01
 0.000000e+00 0.000000e+00 0.000000e+00 0.000000e+00 0.000000e+00
<ENDHMM>
