~o
<STREAMINFO> 1 6
<VECSIZE> 6<NULLD><MFCC><DIAGC>
~h "bg_red_0"
<BEGINHMM>
<NUMSTATES> 5
<STATE> 2
<MEAN> 6
 4.731269e+02 8.477150e+00 7.211482e+00 3.266208e+00 3.089004e+00 1.599429e+00
<VARIANCE> 6
 1.159767e+04 7.405365e+01 1.168348e+02 5.100019e+00 1.447377e+01 2.218881e+00
<GCONST> 3.454996e+01
<STATE> 3
<MEAN> 6
 4.945810e+02 6.566963e+01 7.964624e+00 1.676080e+01 2.267014e+00 3.083567e+00
<VARIANCE> 6
 8.603282e+03 3.734571e+03 1.836804e+01 9.955623e+01 3.623620e+00 5.599653e+00
<GCONST> 3.883406e+01
<STATE> 4
<MEAN> 6
 2.942445e+02 8.801372e+00 3.173782e+00 2.774571e+00 1.038584e+00 5.495268e-01
<VARIANCE> 6
 3.667098e+03 9.720155e+01 1.169141e+01 1.012766e+01 1.126288e+00 3.592639e-01
<GCONST> 2.768056e+01
<TRANSP> 5
 0.000000e+00 1.000000e+00 0.000000e+00 0.000000e+00 0.000000e+00
 0.000000e+00 9.134892e-01 8.651089e-02 0.000000e+00 0.000000e+00
 0.000000e+00 0.000000e+00 7.159361e-01 2.840639e-01 0.000000e+00
 0.000000e+00 0.000000e+00 0.000000e+00 9.817919e-01 1.820816e-02
 0.000000e+00 0.000000e+00 0.000000e+00 0.000000e+00 0.000000e+00
<ENDHMM>
