~o
<STREAMINFO> 1 6
<VECSIZE> 6<NULLD><MFCC><DIAGC>
~h "bg_red_0_4"
<BEGINHMM>
<NUMSTATES> 5
<STATE> 2
<MEAN> 6
 2.392724e+02 7.142674e+00 1.737187e+00 1.696695e+00 5.089261e-01 3.028364e-01
<VARIANCE> 6
 9.464592e+02 1.900332e+01 1.853192e+00 2.496657e+00 9.358925e-02 1.684769e-02
<GCONST> 1.590409e+01
<STATE> 3
<MEAN> 6
 2.359117e+02 9.581717e+00 1.464201e+00 4.412290e+00 6.877646e-01 4.382287e-01
<VARIANCE> 6
 1.531917e+03 2.877915e+01 7.823014e-01 8.400261e+00 5.026943e-02 1.368920e-02
<GCONST> 1.632243e+01
<STATE> 4
<MEAN> 6
 2.409624e+02 1.530399e+01 4.177436e+00 4.812405e+00 1.250878e+00 7.112115e-01
<VARIANCE> 6
 1.656625e+03 1.312417e+02 1.766874e+01 2.130289e+01 7.982805e-01 3.933228e-01
<GCONST> 2.808906e+01
<TRANSP> 5
 0.000000e+00 1.000000e+00 0.000000e+00 0.000000e+00 0.000000e+00
 0.000000e+00 7.799714e-01 2.200286e-01 0.000000e+00 0.000000e+00
 0.000000e+00 0.000000e+00 1.762803e-04 9.998237e-01 0.000000e+00
 0.000000e+00 0.000000e+00 0.000000e+00 8.658611e-01 1.341389e-01
 0.000000e+00 0.000000e+00 0.000000e+00 0.000000e+00 0.000000e+00
<ENDHMM>
