~o
<STREAMINFO> 1 6
<VECSIZE> 6<NULLD><MFCC><DIAGC>
~h "bg_red_0_2"
<BEGINHMM>
<NUMSTATES> 5
<STATE> 2
<MEAN> 6
 3.727884e+02 3.464748e+01 6.402299e+00 9.658412e+00 1.340109e+00 9.566730e-01
<VARIANCE> 6
 1.628838e+03 2.981713e+03 1.990335e+01 1.546240e+02 7.500566e-01 1.298646e+00
<GCONST> 3.442874e+01
<STATE> 3
<MEAN> 6
 3.288029e+02 3.237957e+00 2.292385e+00 8.695521e-01 5.734825e-01 2.530638e-01
<VARIANCE> 6
 6.648200e+02 5.967860e+00 2.804699e+00 3.954183e-01 1.553767e-01 1.602764e-02
<GCONST> 1.342131e+01
<STATE> 4
<MEAN> 6
 3.180786e+02 6.233347e+00 3.462183e+00 2.142848e+00 1.610198e+00 3.945302e-01
<VARIANCE> 6
 9.965095e+02 1.404854e+01 1.274509e+01 2.121656e+00 1.679173e+00 5.393565e-02
<GCONST> 2.146972e+01
<TRANSP> 5
 0.000000e+00 1.000000e+00 0.000000e+00 0.000000e+00 0.000000e+00
 0.000000e+00 3.076962e-01 6.923038e-01 0.000000e+00 0.000000e+00
 0.000000e+00 0.000000e+00 8.674775e-01 1.325225e-01 0.000000e+00
 0.000000e+00 0.000000e+00 0.000000e+00 7.506024e-01 2.493977e-01
 0.000000e+00 0.000000e+00 0.000000e+00 0.000000e+00 0.000000e+00
<ENDHMM>
