~o
<STREAMINFO> 1 6
<VECSIZE> 6<NULLD><MFCC><DIAGC>
~h "bg_red_0_3"
<BEGINHMM>
<NUMSTATES> 5
<STATE> 2
<MEAN> 6
 2.793334e+02 4.495378e+00 1.492268e+00 1.165071e+00 4.426749e-01 2.874035e-01
<VARIANCE> 6
 8.020796e+02 7.188811e+00 1.050136e+00 3.843397e-01 1.463239e-01 3.361095e-02
<GCONST> 1.346485e+01
<STATE> 3
<MEAN> 6
 2.363790e+02 2.170678e+01 3.632401e+00 4.978889e+00 8.850649e-01 4.311052e-01
<VARIANCE> 6
 2.378225e+03 3.175307e+02 4.386559e+00 1.619661e+01 4.196726e-01 5.935696e-02
<GCONST> 2.513283e+01
<STATE> 4
<MEAN> 6
 2.694487e+02 6.749309e+00 1.314085e+00 1.575167e+00 5.408981e-01 2.624510e-01
<VARIANCE> 6
 9.494436e+02 1.536239e+01 1.029261e+00 2.009775e+00 1.215689e-01 1.298744e-02
<GCONST> 1.489088e+01
<TRANSP> 5
 0.000000e+00 1.000000e+00 0.000000e+00 0.000000e+00 0.000000e+00
 0.000000e+00 8.096936e-01 1.903064e-01 0.000000e+00 0.000000e+00
 0.000000e+00 0.000000e+00 6.087302e-01 3.912698e-01 0.000000e+00
 0.000000e+00 0.000000e+00 0.000000e+00 7.613101e-01 2.386899e-01
 0.000000e+00 0.000000e+00 0.000000e+00 0.000000e+00 0.000000e+00
<ENDHMM>
