~o
<STREAMINFO> 1 6
<VECSIZE> 6<NULLD><MFCC><DIAGC>
~h "bg_red_0_0"
<BEGINHMM>
<NUMSTATES> 5
<STATE> 2
<MEAN> 6
 4.485918e+02 6.796916e+00 4.421703e+00 2.872886e+00 2.398533e+00 1.607936e+00
<VARIANCE> 6
 2.388198e+03 4.155411e+01 1.390163e+01 3.830781e+00 4.523225e+00 2.733262e+00
<GCONST> 2.902235e+01
<STATE> 3
<MEAN> 6
 5.363854e+02 2.725974e+01 1.699163e+01 1.011103e+01 6.189882e+00 2.172663e+00
<VARIANCE> 6
 1.810365e+04 1.019797e+03 5.123243e+02 6.228688e+01 6.590224e+01 3.039853e+00
<GCONST> 4.342918e+01
<STATE> 4
<MEAN> 6
 4.696837e+02 1.234953e+01 6.700824e+00 3.983355e+00 2.311132e+00 1.474456e+00
<VARIANCE> 6
 1.559408e+04 5.356096e+02 3.571180e+01 1.397583e+01 2.611830e+00 2.326957e+00
<GCONST> 3.498274e+01
<TRANSP> 5
 0.000000e+00 1.000000e+00 0.000000e+00 0.000000e+00 0.000000e+00
 0.000000e+00 8.222119e-01 1.777882e-01 0.000000e+00 0.000000e+00
 0.000000e+00 0.000000e+00 4.093628e-01 5.906371e-01 0.000000e+00
 0.000000e+00 0.000000e+00 0.000000e+00 7.864271e-01 2.135729e-01
 0.000000e+00 0.000000e+00 0.000000e+00 0.000000e+00 0.000000e+00
<ENDHMM>
