~o
<STREAMINFO> 1 6
<VECSIZE> 6<NULLD><MFCC><DIAGC>
~h "bg_red_0_1"
<BEGINHMM>
<NUMSTATES> 5
<STATE> 2
<MEAN> 6
 5.231513e+02 1.276864e+01 5.926519e+00 4.388490e+00 2.209027e+00 1.932470e+00
<VARIANCE> 6
 1.512620e+04 9.462132e+02 3.631316e+01 2.596557e+01 3.739018e+00 4.425934e+00
<GCONST> 3.715917e+01
<STATE> 3
<MEAN> 6
 4.772075e+02 6.391822e+01 6.885209e+00 1.490375e+01 2.612248e+00 3.233255e+00
<VARIANCE> 6
 4.444536e+03 4.231515e+03 2.035254e+01 1.021559e+02 4.385041e+00 5.182676e+00
<GCONST> 3.854023e+01
<STATE> 4
<MEAN> 6
 3.848339e+02 5.904692e+00 2.666574e+00 1.730748e+00 1.242291e+00 5.933006e-01
<VARIANCE> 6
 5.624459e+02 3.499303e+02 5.217659e+00 1.131472e+01 1.425905e+00 5.110227e-01
<GCONST> 2.697891e+01
<TRANSP> 5
 0.000000e+00 1.000000e+00 0.000000e+00 0.000000e+00 0.000000e+00
 0.000000e+00 5.566295e-01 4.433705e-01 0.000000e+00 0.000000e+00
 0.000000e+00 0.000000e+00 5.147271e-01 4.852730e-01 0.000000e+00
 0.000000e+00 0.000000e+00 0.000000e+00 8.848437e-01 1.151563e-01
 0.000000e+00 0.000000e+00 0.000000e+00 0.000000e+00 0.000000e+00
<ENDHMM>
