~o
<STREAMINFO> 1 6
<VECSIZE> 6<NULLD><MFCC><DIAGC>
~h "bg_red_0_5"
<BEGINHMM>
<NUMSTATES> 5
<STATE> 2
<MEAN> 6
 2.542562e+02 1.333863e+01 3.233403e+00 3.504092e+00 8.285540e-01 5.190736e-01
<VARIANCE> 6
 9.489130e+02 7.504227e+01 6.562596e+00 9.363559e+00 2.157556e-01 1.924972e-01
<GCONST> 2.313756e+01
<STATE> 3
<MEAN> 6
 2.502220e+02 2.188807e+01 6.601475e+00 8.068838e+00 1.309656e+00 1.241194e+00
<VARIANCE> 6
 1.548464e+03 2.312121e+02 9.146971e+00 1.489423e+01 3.406653e-01 4.497391e-01
<GCONST> 2.685407e+01
<STATE> 4
<MEAN> 6
 2.908816e+02 1.051450e+01 5.688148e+00 4.066010e+00 2.038621e+00 1.213950e+00
<VARIANCE> 6
 8.911588e+02 1.008525e+02 3.502969e+01 9.699880e+00 3.109275e+00 1.181231e+00
<GCONST> 2.956270e+01
<TRANSP> 5
 0.000000e+00 1.000000e+00 0.000000e+00 0.000000e+00 0.000000e+00
 0.000000e+00 7.067750e-01 2.932250e-01 0.000000e+00 0.000000e+00
 0.000000e+00 0.000000e+00 6.295496e-01 3.704504e-01 0.000000e+00
 0.000000e+00 0.000000e+00 0.000000e+00 8.302274e-01 1.697726e-01
 0.000000e+00 0.000000e+00 0.000000e+00 0.000000e+00 0.000000e+00
<ENDHMM>
