~o
<STREAMINFO> 1 6
<VECSIZE> 6<NULLD><MFCC><DIAGC>
~h "bg_white_0_0"
<BEGINHMM>
<NUMSTATES> 5
<STATE> 2
<MEAN> 6
 7.243912e+02 2.750124e+00 8.961346e+00 9.203739e-01 2.383532e+00 3.251147e-01
<VARIANCE> 6
 1.146429e+04 5.594578e+01 8.489883e+02 3.647332e+00 3.813035e+01 1.154991e-01
<GCONST> 3.391920e+01
<STATE> 3
<MEAN> 6
 7.075654e+02 3.339460e+01 1.333693e+01 1.044250e+01 8.221183e+00 5.389235e+00
<VARIANCE> 6
 6.730789e+03 1.961781e+03 5.349407e+02 1.349526e+02 1.036552e+02 3.937444e+01
<GCONST> 4.692458e+01
<STATE> 4
<MEAN> 6
 7.292388e+02 1.965869e+01 5.506942e+00 7.103798e+00 4.856547e+00 3.787371e+00
<VARIANCE> 6
 2.971338e+03 1.019973e+03 6.208169e+01 7.413697e+01 4.031321e+01 2.440344e+01
<GCONST> 4.127733e+01
<TRANSP> 5
 0.000000e+00 1.000000e+00 0.000000e+00 0.000000e+00 0.000000e+00
 0.000000e+00 8.658879e-01 1.341121e-01 0.000000e+00 0.000000e+00
 0.000000e+00 0.000000e+00 4.865781e-01 5.134219e-01 0.000000e+00
 0.000000e+00 0.000000e+00 0.000000e+00 6.147678e-01 3.852322e-01
 0.000000e+00 0.000000e+00 0.000000e+00 0.000000e+00 0.000000e+00
<ENDHMM>
