~o
<STREAMINFO> 1 6
<VECSIZE> 6<NULLD><MFCC><DIAGC>
~h "bg_white_0_1"
<BEGINHMM>
<NUMSTATES> 5
<STATE> 2
<MEAN> 6
 7.509875e+02 8.354911e+00 3.160645e+00 3.386401e+00 2.535586e+00 2.088063e+00
<VARIANCE> 6
 1.629326e+03 3.869292e+02 2.840372e+01 3.105641e+01 1.908919e+01 1.067846e+01
<GCONST> 3.648110e+01
<STATE> 3
<MEAN> 6
 6.811821e+02 5.695084e+01 1.724002e+01 1.789559e+01 1.387186e+01 1.070617e+01
<VARIANCE> 6
 3.765976e+03 2.035808e+03 2.772391e+02 9.782201e+01 8.562493e+01 4.307397e+01
<GCONST> 4.530060e+01
<STATE> 4
<MEAN> 6
 7.050878e+02 1.686859e+01 7.713412e+00 7.620225e+00 5.794835e+00 4.950776e+00
<VARIANCE> 6
 2.021396e+04 7.426495e+02 1.062720e+02 6.635156e+01 4.318981e+01 3.339502e+01
<GCONST> 4.368660e+01
<TRANSP> 5
 0.000000e+00 1.000000e+00 0.000000e+00 0.000000e+00 0.000000e+00
 0.000000e+00 8.433500e-01 1.566500e-01 0.000000e+00 0.000000e+00
 0.000000e+00 0.000000e+00 7.752941e-01 2.247059e-01 0.000000e+00
 0.000000e+00 0.000000e+00 0.000000e+00 5.383364e-01 4.616636e-01
 0.000000e+00 0.000000e+00 0.000000e+00 0.000000e+00 0.000000e+00
<ENDHMM>
