~o
<STREAMINFO> 1 6
<VECSIZE> 6<NULLD><MFCC><DIAGC>
~h "bg_white_0_5"
<BEGINHMM>
<NUMSTATES> 5
<STATE> 2
<MEAN> 6
 7.539150e+02 3.472308e+00 3.621599e+00 1.296769e+00 1.878555e+00 7.274844e-01
<VARIANCE> 6
 1.152330e+03 1.269586e+02 3.593958e+01 9.648314e+00 1.232240e+01 4.810710e+00
<GCONST> 3.285155e+01
<STATE> 3
<MEAN> 6
 5.996199e+02 3.004591e+01 7.093559e+01 8.562838e+00 1.971784e+01 3.574357e+00
<VARIANCE> 6
 2.311707e+04 1.568443e+03 4.895895e+03 9.092300e+01 1.740915e+02 2.319294e+01
<GCONST> 4.974302e+01
<STATE> 4
<MEAN> 6
 5.575137e+02 6.658557e+00 1.273700e+01 2.847137e+00 4.545991e+00 8.112711e-01
<VARIANCE> 6
 5.497519e+04 2.486328e+02 9.508800e+02 2.079677e+01 5.609406e+01 1.790911e+00
<GCONST> 4.195982e+01
<TRANSP> 5
 0.000000e+00 1.000000e+00 0.000000e+00 0.000000e+00 0.000000e+00
 0.000000e+00 8.740319e-01 1.259681e-01 0.000000e+00 0.000000e+00
 0.000000e+00 0.000000e+00 2.824461e-01 7.175539e-01 0.000000e+00
 0.000000e+00 0.000000e+00 0.000000e+00 6.251675e-01 3.748325e-01
 0.000000e+00 0.000000e+00 0.000000e+00 0.000000e+00 0.000000e+00
<ENDHMM>
