~o
<STREAMINFO> 1 6
<VECSIZE> 6<NULLD><MFCC><DIAGC>
~h "bg_white_0_2"
<BEGINHMM>
<NUMSTATES> 5
<STATE> 2
<MEAN> 6
 7.494500e+02 9.280161e+00 4.526193e+00 4.054920e+00 3.766116e+00 2.880996e+00
<VARIANCE> 6
 1.392376e+03 2.717834e+02 5.556044e+01 2.756846e+01 2.621033e+01 1.635715e+01
<GCONST> 3.726600e+01
<STATE> 3
<MEAN> 6
 6.735427e+02 5.755971e+01 1.914999e+01 1.936147e+01 1.413343e+01 9.886624e+00
<VARIANCE> 6
 4.298769e+03 2.447485e+03 3.884211e+02 1.260315e+02 1.013495e+02 4.233976e+01
<GCONST> 4.635909e+01
<STATE> 4
<MEAN> 6
 6.826936e+02 2.866762e+01 7.560707e+00 9.511459e+00 7.347481e+00 5.013792e+00
<VARIANCE> 6
 2.645073e+04 1.579263e+03 9.709228e+01 8.415883e+01 8.376466e+01 2.936725e+01
<GCONST> 4.539127e+01
<TRANSP> 5
 0.000000e+00 1.000000e+00 0.000000e+00 0.000000e+00 0.000000e+00
 0.000000e+00 8.626921e-01 1.373080e-01 0.000000e+00 0.000000e+00
 0.000000e+00 0.000000e+00 7.623101e-01 2.376899e-01 0.000000e+00
 0.000000e+00 0.000000e+00 0.000000e+00 3.377210e-01 6.622790e-01
 0.000000e+00 0.000000e+00 0.000000e+00 0.000000e+00 0.000000e+00
<ENDHMM>
