~o
<STREAMINFO> 1 6
<VECSIZE> 6<NULLD><MFCC><DIAGC>
~h "bg_white_0_4"
<BEGINHMM>
<NUMSTATES> 5
<STATE> 2
<MEAN> 6
 7.569753e+02 5.675575e+00 2.576246e+00 2.703290e+00 1.868826e+00 1.550433e+00
<VARIANCE> 6
 1.131466e+03 2.041272e+02 2.700042e+01 2.203014e+01 9.691636e+00 6.319224e+00
<GCONST> 3.388040e+01
<STATE> 3
<MEAN> 6
 6.907261e+02 4.834624e+01 1.788327e+01 1.659004e+01 1.195490e+01 8.472333e+00
<VARIANCE> 6
 5.511337e+03 2.065289e+03 4.061548e+02 1.353908e+02 9.732200e+01 4.573333e+01
<GCONST> 4.659060e+01
<STATE> 4
<MEAN> 6
 7.150741e+02 9.355021e+00 5.089262e+00 3.856676e+00 3.579045e+00 2.095928e+00
<VARIANCE> 6
 2.345384e+04 4.631664e+02 9.348739e+01 3.525116e+01 4.155137e+01 1.803003e+01
<GCONST> 4.194743e+01
<TRANSP> 5
 0.000000e+00 1.000000e+00 0.000000e+00 0.000000e+00 0.000000e+00
 0.000000e+00 8.683361e-01 1.316639e-01 0.000000e+00 0.000000e+00
 0.000000e+00 0.000000e+00 7.141421e-01 2.858579e-01 0.000000e+00
 0.000000e+00 0.000000e+00 0.000000e+00 4.755241e-01 5.244759e-01
 0.000000e+00 0.000000e+00 0.000000e+00 0.000000e+00 0.000000e+00
<ENDHMM>
