~o
<STREAMINFO> 1 6
<VECSIZE> 6<NULLD><MFCC><DIAGC>
~h "bg_white_0"
<BEGINHMM>
<NUMSTATES> 5
<STATE> 2
<MEAN> 6
 7.471014e+02 3.393251e+00 4.654447e+00 1.556817e+00 1.908030e+00 1.001490e+00
<VARIANCE> 6
 3.377393e+03 3.602951e+01 3.130381e+02 5.166283e+00 1.701687e+01 2.792978e+00
<GCONST> 3.398625e+01
<STATE> 3
<MEAN> 6
 6.984830e+02 4.499149e+01 1.515940e+01 1.524956e+01 1.151387e+01 8.284070e+00
<VARIANCE> 6
 4.029203e+03 2.026891e+03 3.026208e+02 1.189965e+02 9.124229e+01 4.197506e+01
<GCONST> 4.568502e+01
<STATE> 4
<MEAN> 6
 7.085923e+02 4.266574e+00 8.347737e+00 1.986255e+00 3.146025e+00 1.131977e+00
<VARIANCE> 6
 2.306670e+04 7.090433e+01 7.239935e+02 8.226727e+00 3.895570e+01 2.832603e+00
<GCONST> 3.873053e+01
<TRANSP> 5
 0.000000e+00 1.000000e+00 0.000000e+00 0.000000e+00 0.000000e+00
 0.000000e+00 9.556686e-01 4.433138e-02 0.000000e+00 0.000000e+00
 0.000000e+00 0.000000e+00 9.617623e-01 3.823767e-02 0.000000e+00
 0.000000e+00 0.000000e+00 0.000000e+00 9.530305e-01 4.696948e-02
 0.000000e+00 0.000000e+00 0.000000e+00 0.000000e+00 0.000000e+00
<ENDHMM>
