~o
<STREAMINFO> 1 6
<VECSIZE> 6<NULLD><MFCC><DIAGC>
~h "bg_white_0_3"
<BEGINHMM>
<NUMSTATES> 5
<STATE> 2
<MEAN> 6
 7.331813e+02 2.410237e+01 8.925221e+00 8.466082e+00 8.491959e+00 5.640827e+00
<VARIANCE> 6
 2.952969e+03 1.128614e+03 1.169865e+02 6.436367e+01 7.738924e+01 2.749432e+01
<GCONST> 4.263601e+01
<STATE> 3
<MEAN> 6
 6.780267e+02 5.488708e+01 1.903434e+01 1.848391e+01 1.395396e+01 9.765485e+00
<VARIANCE> 6
 6.024954e+03 2.225422e+03 3.032197e+02 1.211203e+02 8.867393e+01 3.721033e+01
<GCONST> 4.605142e+01
<STATE> 4
<MEAN> 6
 7.433799e+02 7.710322e+00 3.497119e+00 3.487132e+00 2.457402e+00 2.100091e+00
<VARIANCE> 6
 7.909305e+03 2.750185e+02 3.904457e+01 2.849755e+01 1.221940e+01 7.989380e+00
<GCONST> 3.721556e+01
<TRANSP> 5
 0.000000e+00 1.000000e+00 0.000000e+00 0.000000e+00 0.000000e+00
 0.000000e+00 6.212254e-01 3.787746e-01 0.000000e+00 0.000000e+00
 0.000000e+00 0.000000e+00 7.389536e-01 2.610464e-01 0.000000e+00
 0.000000e+00 0.000000e+00 0.000000e+00 8.191411e-01 1.808589e-01
 0.000000e+00 0.000000e+00 0.000000e+00 0.000000e+00 0.000000e+00
<ENDHMM>
