~o
<STREAMINFO> 1 6
<VECSIZE> 6<NULLD><MFCC><DIAGC>
~h "fp_key_4"
<BEGINHMM>
<NUMSTATES> 5
<STATE> 2
<MEAN> 6
 3.921499e+02 6.573963e+01 7.744001e+00 1.260021e+01 2.773211e+00 1.587251e+00
<VARIANCE> 6
 4.053029e+04 3.063824e+03 8.400375e+01 9.597879e+01 8.743842e+00 2.330177e+00
<GCONST> 4.167377e+01
<STATE> 3
<MEAN> 6
 4.195002e+02 8.395615e+01 5.196173e+01 2.083192e+01 1.539184e+01 7.153369e+00
<VARIANCE> 6
 2.295460e+04 3.442664e+03 2.581557e+03 1.621930e+02 1.799278e+02 4.062539e+01
<GCONST> 5.105442e+01
<STATE> 4
<MEAN> 6
 2.347479e+02 1.190312e+01 8.599320e+00 3.439386e+00 2.865211e+00 1.406383e+00
<VARIANCE> 6
 9.897749e+03 3.752845e+02 3.967100e+02 1.193393e+01 2.255565e+01 3.882394e+00
<GCONST> 3.909004e+01
<TRANSP> 5
 0.000000e+00 1.000000e+00 0.000000e+00 0.000000e+00 0.000000e+00
 0.000000e+00 7.706669e-01 2.293331e-01 0.000000e+00 0.000000e+00
 0.000000e+00 0.000000e+00 6.675345e-01 3.324655e-01 0.000000e+00
 0.000000e+00 0.000000e+00 0.000000e+00 8.224337e-01 1.775663e-01
 0.000000e+00 0.000000e+00 0.000000e+00 0.000000e+00 0.000000e+00
<ENDHMM>
