~o
<STREAMINFO> 1 6
<VECSIZE> 6<NULLD><MFCC><DIAGC>
~h "fp_key_0"
<BEGINHMM>
<NUMSTATES> 5
<STATE> 2
<MEAN> 6
 1.862455e+02 4.227046e+00 3.731288e+00 1.266182e+00 1.268383e+00 4.577380e-01
<VARIANCE> 6
 2.541577e+03 1.817425e+01 1.094413e+01 9.836577e-01 8.531460e-01 1.647303e-01
<GCONST> 2.218186e+01
<STATE> 3
<MEAN> 6
 2.424878e+02 4.782332e+01 3.225609e+01 1.196729e+01 1.199341e+01 3.718436e+00
<VARIANCE> 6
 1.458510e+04 2.757611e+03 1.677504e+03 1.019799e+02 1.462365e+02 1.351420e+01
<GCONST> 4.817594e+01
<STATE> 4
<MEAN> 6
 3.679920e+02 8.212875e+01 7.630509e+00 1.444455e+01 2.366616e+00 1.339977e+00
<VARIANCE> 6
 5.003048e+04 5.152694e+03 1.586026e+02 1.719478e+02 8.182634e+00 4.071871e+00
<GCONST> 4.411463e+01
<TRANSP> 5
 0.000000e+00 1.000000e+00 0.000000e+00 0.000000e+00 0.000000e+00
 0.000000e+00 8.141019e-01 1.858981e-01 0.000000e+00 0.000000e+00
 0.000000e+00 0.000000e+00 5.956407e-01 4.043593e-01 0.000000e+00
 0.000000e+00 0.000000e+00 0.000000e+00 7.589002e-01 2.410998e-01
 0.000000e+00 0.000000e+00 0.000000e+00 0.000000e+00 0.000000e+00
<ENDHMM>
