~o
<STREAMINFO> 1 6
<VECSIZE> 6<NULLD><MFCC><DIAGC>
~h "fp_key_1"
<BEGINHMM>
<NUMSTATES> 5
<STATE> 2
<MEAN> 6
 1.413113e+02 1.502176e+01 5.282031e+00 3.179328e+00 1.805794e+00 8.221749e-01
<VARIANCE> 6
 9.528285e+03 1.111058e+03 1.101732e+02 3.475708e+01 1.232490e+01 2.736448e+00
<GCONST> 3.897107e+01
<STATE> 3
<MEAN> 6
 3.268058e+02 7.420770e+01 5.126546e+01 2.061531e+01 1.514408e+01 5.638770e+00
<VARIANCE> 6
 3.508111e+04 4.051183e+03 4.256359e+03 2.743885e+02 2.554074e+02 4.143583e+01
<GCONST> 5.303716e+01
<STATE> 4
<MEAN> 6
 3.793592e+02 6.814192e+01 1.096011e+01 1.794494e+01 5.342705e+00 2.416777e+00
<VARIANCE> 6
 4.556690e+04 3.159088e+03 3.057353e+02 1.765608e+02 9.339484e+01 9.529368e+00
<GCONST> 4.749984e+01
<TRANSP> 5
 0.000000e+00 1.000000e+00 0.000000e+00 0.000000e+00 0.000000e+00
 0.000000e+00 8.695115e-01 1.304885e-01 0.000000e+00 0.000000e+00
 0.000000e+00 0.000000e+00 6.300818e-01 3.699182e-01 0.000000e+00
 0.000000e+00 0.000000e+00 0.000000e+00 6.202319e-01 3.797681e-01
 0.000000e+00 0.000000e+00 0.000000e+00 0.000000e+00 0.000000e+00
<ENDHMM>
