~o
<STREAMINFO> 1 6
<VECSIZE> 6<NULLD><MFCC><DIAGC>
~h "fp_key_2"
<BEGINHMM>
<NUMSTATES> 5
<STATE> 2
<MEAN> 6
 2.554843e+02 4.993854e+01 9.802572e+00 1.356620e+01 5.358308e+00 2.345271e+00
<VARIANCE> 6
 3.538948e+04 2.537261e+03 3.194749e+02 1.610300e+02 9.658470e+01 1.244922e+01
<GCONST> 4.728062e+01
<STATE> 3
<MEAN> 6
 3.178109e+02 8.722430e+01 5.221570e+01 1.866608e+01 1.614235e+01 5.191882e+00
<VARIANCE> 6
 2.665694e+04 4.381722e+03 4.157491e+03 2.200167e+02 2.633186e+02 3.013306e+01
<GCONST> 5.230862e+01
<STATE> 4
<MEAN> 6
 1.350799e+02 1.760874e+01 7.000507e+00 5.309228e+00 2.551766e+00 1.493069e+00
<VARIANCE> 6
 1.445513e+04 1.265475e+03 2.890901e+02 1.127840e+02 2.487681e+01 1.395972e+01
<GCONST> 4.399160e+01
<TRANSP> 5
 0.000000e+00 1.000000e+00 0.000000e+00 0.000000e+00 0.000000e+00
 0.000000e+00 7.546321e-01 2.453679e-01 0.000000e+00 0.000000e+00
 0.000000e+00 0.000000e+00 6.434125e-01 3.565875e-01 0.000000e+00
 0.000000e+00 0.000000e+00 0.000000e+00 8.366047e-01 1.633953e-01
 0.000000e+00 0.000000e+00 0.000000e+00 0.000000e+00 0.000000e+00
<ENDHMM>
