~o
<STREAMINFO> 1 6
<VECSIZE> 6<NULLD><MFCC><DIAGC>
~h "fp_key_3"
<BEGINHMM>
<NUMSTATES> 5
<STATE> 2
<MEAN> 6
 3.894755e+02 8.729208e+01 1.239257e+01 2.072155e+01 4.932333e+00 3.182034e+00
<VARIANCE> 6
 3.311433e+04 3.927476e+03 5.102896e+02 2.214959e+02 3.931051e+01 2.340609e+01
<GCONST> 4.817060e+01
<STATE> 3
<MEAN> 6
 2.978200e+02 6.423351e+01 7.346599e+01 1.567989e+01 2.377289e+01 7.132432e+00
<VARIANCE> 6
 2.488986e+04 3.367271e+03 5.618595e+03 1.337179e+02 3.423777e+02 3.204222e+01
<GCONST> 5.210388e+01
<STATE> 4
<MEAN> 6
 1.545230e+02 1.677942e+01 4.843647e+00 4.158448e+00 2.153911e+00 1.063619e+00
<VARIANCE> 6
 8.890899e+03 9.322449e+02 4.629162e+01 4.421402e+01 6.923242e+00 1.734261e+00
<GCONST> 3.706711e+01
<TRANSP> 5
 0.000000e+00 1.000000e+00 0.000000e+00 0.000000e+00 0.000000e+00
 0.000000e+00 7.135860e-01 2.864140e-01 0.000000e+00 0.000000e+00
 0.000000e+00 0.000000e+00 5.695994e-01 4.304006e-01 0.000000e+00
 0.000000e+00 0.000000e+00 0.000000e+00 8.383220e-01 1.616780e-01
 0.000000e+00 0.000000e+00 0.000000e+00 0.000000e+00 0.000000e+00
<ENDHMM>
