~o
<STREAMINFO> 1 6
<VECSIZE> 6<NULLD><MFCC><DIAGC>
~h "fp_key"
<BEGINHMM>
<NUMSTATES> 5
<STATE> 2
<MEAN> 6
 1.521822e+02 3.865636e+00 3.327675e+00 1.167743e+00 1.074184e+00 3.931124e-01
<VARIANCE> 6
 4.285819e+03 1.398440e+01 8.283747e+00 6.602265e-01 6.540025e-01 1.239255e-01
<GCONST> 2.121468e+01
<STATE> 3
<MEAN> 6
 3.347584e+02 6.815125e+01 2.722013e+01 1.603857e+01 9.102581e+00 3.707401e+00
<VARIANCE> 6
 3.872546e+04 3.908256e+03 2.178872e+03 1.778764e+02 1.619819e+02 2.253984e+01
<GCONST> 5.093278e+01
<STATE> 4
<MEAN> 6
 2.212198e+02 1.133543e+01 6.038891e+00 2.330594e+00 1.801860e+00 6.802641e-01
<VARIANCE> 6
 1.120177e+04 2.703942e+02 8.039760e+01 4.855618e+00 3.749073e+00 7.090505e-01
<GCONST> 3.289577e+01
<TRANSP> 5
 0.000000e+00 1.000000e+00 0.000000e+00 0.000000e+00 0.000000e+00
 0.000000e+00 9.174192e-01 8.258079e-02 0.000000e+00 0.000000e+00
 0.000000e+00 0.000000e+00 9.695790e-01 3.042102e-02 0.000000e+00
 0.000000e+00 0.000000e+00 0.000000e+00 9.600298e-01 3.997020e-02
 0.000000e+00 0.000000e+00 0.000000e+00 0.000000e+00 0.000000e+00
<ENDHMM>
