~o
<STREAMINFO> 1 6
<VECSIZE> 6<NULLD><MFCC><DIAGC>
~h "fp_key_5"
<BEGINHMM>
<NUMSTATES> 5
<STATE> 2
<MEAN> 6
 3.319128e+02 2.132168e+01 2.963706e+01 5.980137e+00 7.787654e+00 2.849318e+00
<VARIANCE> 6
 2.007185e+04 1.284909e+03 2.552523e+03 4.061869e+01 1.078167e+02 1.489324e+01
<GCONST> 4.702319e+01
<STATE> 3
<MEAN> 6
 2.648816e+02 1.929022e+01 7.853144e+00 3.692337e+00 2.920378e+00 1.205780e+00
<VARIANCE> 6
 4.067246e+03 5.722503e+02 1.011431e+02 7.718227e+00 4.877229e+00 1.100355e+00
<GCONST> 3.402789e+01
<STATE> 4
<MEAN> 6
 3.124765e+02 3.966729e+00 7.240323e+00 1.059623e+00 1.630849e+00 4.050338e-01
<VARIANCE> 6
 6.721741e+03 4.499339e+01 1.603801e+02 1.117154e+00 5.987217e+00 1.105146e-01
<GCONST> 2.842223e+01
<TRANSP> 5
 0.000000e+00 1.000000e+00 0.000000e+00 0.000000e+00 0.000000e+00
 0.000000e+00 6.546294e-02 9.345371e-01 0.000000e+00 0.000000e+00
 0.000000e+00 0.000000e+00 5.504410e-01 4.495590e-01 0.000000e+00
 0.000000e+00 0.000000e+00 0.000000e+00 8.851308e-01 1.148693e-01
 0.000000e+00 0.000000e+00 0.000000e+00 0.000000e+00 0.000000e+00
<ENDHMM>
