~o
<STREAMINFO> 1 6
<VECSIZE> 6<NULLD><MFCC><DIAGC>
~h "fp_logo"
<BEGINHMM>
<NUMSTATES> 5
<STATE> 2
<MEAN> 6
 1.026993e+02 3.095425e+00 2.688414e+00 9.129854e-01 9.453150e-01 3.385416e-01
<VARIANCE> 6
 4.995067e+02 9.219913e+00 7.483018e+00 4.993867e-01 1.052852e+00 4.869050e-02
<GCONST> 1.780974e+01
<STATE> 3
<MEAN> 6
 2.016012e+02 4.244799e+01 2.911856e+01 1.387105e+01 9.173114e+00 3.953944e+00
<VARIANCE> 6
 1.363614e+04 2.185393e+03 3.211150e+03 1.200116e+02 1.850807e+02 2.326833e+01
<GCONST> 4.946715e+01
<STATE> 4
<MEAN> 6
 2.120164e+02 3.925854e+00 3.705155e+00 1.541132e+00 1.549096e+00 5.614243e-01
<VARIANCE> 6
 4.309134e+03 9.298475e+00 1.061151e+01 9.563435e-01 1.151740e+00 2.432911e-01
<GCONST> 2.267068e+01
<TRANSP> 5
 0.000000e+00 1.000000e+00 0.000000e+00 0.000000e+00 0.000000e+00
 0.000000e+00 9.501436e-01 4.985644e-02 0.000000e+00 0.000000e+00
 0.000000e+00 0.000000e+00 9.421238e-01 5.787621e-02 0.000000e+00
 0.000000e+00 0.000000e+00 0.000000e+00 9.693854e-01 3.061461e-02
 0.000000e+00 0.000000e+00 0.000000e+00 0.000000e+00 0.000000e+00
<ENDHMM>
