~o
<STREAMINFO> 1 6
<VECSIZE> 6<NULLD><MFCC><DIAGC>
~h "fp_logo_0"
<BEGINHMM>
<NUMSTATES> 5
<STATE> 2
<MEAN> 6
 1.001260e+02 4.746903e+00 3.386441e+00 1.114133e+00 9.522663e-01 4.252577e-01
<VARIANCE> 6
 4.010042e+02 4.539254e+01 8.485314e+00 1.519085e+00 8.999900e-01 1.217429e-01
<GCONST> 2.118181e+01
<STATE> 3
<MEAN> 6
 1.289062e+02 2.264781e+01 5.399216e+00 6.342876e+00 3.009758e+00 1.325920e+00
<VARIANCE> 6
 7.242515e+02 4.739549e+02 2.050739e+01 2.561897e+01 5.415391e+00 1.339045e+00
<GCONST> 3.201883e+01
<STATE> 4
<MEAN> 6
 1.081894e+02 3.414262e+00 2.238540e+00 1.041959e+00 7.743995e-01 3.155445e-01
<VARIANCE> 6
 4.172744e+02 3.576751e+01 3.839464e+00 2.960113e+00 3.173953e-01 6.787064e-02
<GCONST> 1.923085e+01
<TRANSP> 5
 0.000000e+00 1.000000e+00 0.000000e+00 0.000000e+00 0.000000e+00
 0.000000e+00 3.459677e-01 6.540323e-01 0.000000e+00 0.000000e+00
 0.000000e+00 0.000000e+00 6.481113e-01 3.518887e-01 0.000000e+00
 0.000000e+00 0.000000e+00 0.000000e+00 8.689249e-01 1.310751e-01
 0.000000e+00 0.000000e+00 0.000000e+00 0.000000e+00 0.000000e+00
<ENDHMM>
