~o
<STREAMINFO> 1 6
<VECSIZE> 6<NULLD><MFCC><DIAGC>
~h "fp_logo_2"
<BEGINHMM>
<NUMSTATES> 5
<STATE> 2
<MEAN> 6
 1.557893e+02 2.377453e+01 2.621335e+01 7.731961e+00 7.988792e+00 3.739189e+00
<VARIANCE> 6
 9.645275e+03 1.440632e+03 2.075233e+03 9.042056e+01 1.610481e+02 3.371267e+01
<GCONST> 4.821620e+01
<STATE> 3
<MEAN> 6
 2.909388e+02 6.120956e+01 8.508761e+01 1.671163e+01 2.387410e+01 7.400061e+00
<VARIANCE> 6
 2.640268e+04 3.532658e+03 7.075260e+03 1.829268e+02 3.208158e+02 3.279337e+01
<GCONST> 5.271283e+01
<STATE> 4
<MEAN> 6
 1.226564e+02 1.394942e+01 3.680408e+00 5.553941e+00 1.447046e+00 1.139237e+00
<VARIANCE> 6
 1.985635e+03 9.012348e+02 4.825951e+01 8.302567e+01 1.940492e+00 3.603418e+00
<GCONST> 3.566529e+01
<TRANSP> 5
 0.000000e+00 1.000000e+00 0.000000e+00 0.000000e+00 0.000000e+00
 0.000000e+00 1.140702e-01 8.859298e-01 0.000000e+00 0.000000e+00
 0.000000e+00 0.000000e+00 7.120042e-01 2.879959e-01 0.000000e+00
 0.000000e+00 0.000000e+00 0.000000e+00 8.809378e-01 1.190622e-01
 0.000000e+00 0.000000e+00 0.000000e+00 0.000000e+00 0.000000e+00
<ENDHMM>
