~o
<STREAMINFO> 1 6
<VECSIZE> 6<NULLD><MFCC><DIAGC>
~h "fp_logo_5"
<BEGINHMM>
<NUMSTATES> 5
<STATE> 2
<MEAN> 6
 2.478068e+02 5.030849e+00 4.456394e+00 2.317195e+00 1.568026e+00 9.448525e-01
<VARIANCE> 6
 8.531169e+02 3.535433e+01 2.434731e+01 3.401966e+00 1.363476e+00 1.916232e+00
<GCONST> 2.671875e+01
<STATE> 3
<MEAN> 6
 2.542130e+02 7.900259e+00 5.282699e+00 3.162884e+00 2.864858e+00 2.357006e+00
<VARIANCE> 6
 9.325446e+02 6.340809e+01 2.180721e+01 2.837592e+00 4.577265e+00 9.581644e+00
<GCONST> 2.992092e+01
<STATE> 4
<MEAN> 6
 2.871182e+02 3.084261e+00 3.558021e+00 1.456687e+00 1.717574e+00 5.340230e-01
<VARIANCE> 6
 3.258127e+02 6.530742e+00 8.950856e+00 5.462028e-01 1.030174e+00 2.864214e-01
<GCONST> 1.905653e+01
<TRANSP> 5
 0.000000e+00 1.000000e+00 0.000000e+00 0.000000e+00 0.000000e+00
 0.000000e+00 5.139899e-01 4.860102e-01 0.000000e+00 0.000000e+00
 0.000000e+00 0.000000e+00 2.263588e-01 7.736412e-01 0.000000e+00
 0.000000e+00 0.000000e+00 0.000000e+00 8.843910e-01 1.156091e-01
 0.000000e+00 0.000000e+00 0.000000e+00 0.000000e+00 0.000000e+00
<ENDHMM>
