~o
<STREAMINFO> 1 6
<VECSIZE> 6<NULLD><MFCC><DIAGC>
~h "fp_logo_1"
<BEGINHMM>
<NUMSTATES> 5
<STATE> 2
<MEAN> 6
 1.075170e+02 4.210735e+00 3.120171e+00 1.444177e+00 1.234650e+00 5.276986e-01
<VARIANCE> 6
 8.289121e+02 5.020472e+01 9.082370e+00 3.356403e+00 1.365482e+00 2.921804e-01
<GCONST> 2.416182e+01
<STATE> 3
<MEAN> 6
 2.751664e+02 5.348680e+01 5.764188e+01 1.486114e+01 1.709508e+01 7.344555e+00
<VARIANCE> 6
 2.899971e+04 3.353243e+03 5.682572e+03 1.659839e+02 2.724259e+02 4.120392e+01
<GCONST> 5.250294e+01
<STATE> 4
<MEAN> 6
 1.472356e+02 2.541788e+01 1.260293e+01 9.922551e+00 5.181915e+00 2.944568e+00
<VARIANCE> 6
 4.051282e+03 7.586768e+02 7.982135e+02 5.640536e+01 6.220406e+01 1.547806e+01
<GCONST> 4.355041e+01
<TRANSP> 5
 0.000000e+00 1.000000e+00 0.000000e+00 0.000000e+00 0.000000e+00
 0.000000e+00 8.745822e-01 1.254178e-01 0.000000e+00 0.000000e+00
 0.000000e+00 0.000000e+00 4.006374e-01 5.993626e-01 0.000000e+00
 0.000000e+00 0.000000e+00 0.000000e+00 7.022224e-01 2.977776e-01
 0.000000e+00 0.000000e+00 0.000000e+00 0.000000e+00 0.000000e+00
<ENDHMM>
