~o
<STREAMINFO> 1 6
<VECSIZE> 6<NULLD><MFCC><DIAGC>
~h "fp_logo_4"
<BEGINHMM>
<NUMSTATES> 5
<STATE> 2
<MEAN> 6
 1.795208e+02 1.229307e+01 4.746574e+00 4.440332e+00 1.524881e+00 5.152340e-01
<VARIANCE> 6
 7.117049e+02 2.465381e+02 8.645288e+00 2.857653e+01 7.267123e-01 1.024124e-01
<GCONST> 2.601407e+01
<STATE> 3
<MEAN> 6
 2.129386e+02 4.692681e+01 1.000195e+01 1.243913e+01 2.341583e+00 9.635573e-01
<VARIANCE> 6
 3.293623e+03 3.283168e+03 1.096675e+02 1.886750e+02 2.541267e+00 4.817308e-01
<GCONST> 3.736334e+01
<STATE> 4
<MEAN> 6
 2.309048e+02 4.455217e+00 4.419016e+00 1.745501e+00 1.898360e+00 6.476082e-01
<VARIANCE> 6
 5.731498e+02 1.462034e+01 1.527760e+01 1.542907e+00 1.974687e+00 6.249337e-01
<GCONST> 2.343118e+01
<TRANSP> 5
 0.000000e+00 1.000000e+00 0.000000e+00 0.000000e+00 0.000000e+00
 0.000000e+00 5.951861e-01 4.048140e-01 0.000000e+00 0.000000e+00
 0.000000e+00 0.000000e+00 4.066526e-01 5.933474e-01 0.000000e+00
 0.000000e+00 0.000000e+00 0.000000e+00 8.869338e-01 1.130662e-01
 0.000000e+00 0.000000e+00 0.000000e+00 0.000000e+00 0.000000e+00
<ENDHMM>
