~o
<STREAMINFO> 1 6
<VECSIZE> 6<NULLD><MFCC><DIAGC>
~h "fp_logo_3"
<BEGINHMM>
<NUMSTATES> 5
<STATE> 2
<MEAN> 6
 1.597741e+02 4.788579e+01 6.606594e+00 1.510354e+01 2.341865e+00 1.943538e+00
<VARIANCE> 6
 4.358483e+03 3.061997e+03 1.557373e+02 2.173863e+02 3.821354e+00 7.550638e+00
<GCONST> 4.122605e+01
<STATE> 3
<MEAN> 6
 1.542777e+02 2.399918e+01 1.579489e+01 1.014418e+01 5.479543e+00 3.040894e+00
<VARIANCE> 6
 6.904188e+03 1.696635e+03 8.986852e+02 2.258448e+02 1.747146e+02 3.654409e+01
<GCONST> 4.828600e+01
<STATE> 4
<MEAN> 6
 1.450392e+02 4.975367e+00 3.519947e+00 2.284079e+00 1.176410e+00 4.361281e-01
<VARIANCE> 6
 1.100373e+03 6.583618e+01 7.846434e+00 1.359138e+01 5.508322e-01 6.623300e-02
<GCONST> 2.357643e+01
<TRANSP> 5
 0.000000e+00 1.000000e+00 0.000000e+00 0.000000e+00 0.000000e+00
 0.000000e+00 4.554848e-01 5.445152e-01 0.000000e+00 0.000000e+00
 0.000000e+00 0.000000e+00 6.548075e-02 9.345192e-01 0.000000e+00
 0.000000e+00 0.000000e+00 0.000000e+00 8.900306e-01 1.099694e-01
 0.000000e+00 0.000000e+00 0.000000e+00 0.000000e+00 0.000000e+00
<ENDHMM>
