~o
<STREAMINFO> 1 6
<VECSIZE> 6<NULLD><MFCC><DIAGC>
~h "fp_screen_2"
<BEGINHMM>
<NUMSTATES> 5
<STATE> 2
<MEAN> 6
 4.815811e+02 1.883330e+01 2.113981e+01 4.621445e+00 5.757055e+00 3.261694e+00
<VARIANCE> 6
 3.442395e+04 8.503517e+02 1.676287e+03 3.078852e+01 5.677889e+01 2.135124e+01
<GCONST> 4.617118e+01
<STATE> 3
<MEAN> 6
 6.199904e+02 6.022164e+01 4.056066e+01 1.761783e+01 1.515954e+01 7.318321e+00
<VARIANCE> 6
 3.092849e+04 2.742856e+03 2.322799e+03 1.501508e+02 2.516298e+02 4.169638e+01
<GCONST> 5.130400e+01
<STATE> 4
<MEAN> 6
 3.591773e+02 1.935093e+01 5.472066e+00 3.506349e+00 1.638208e+00 1.093212e+00
<VARIANCE> 6
 2.201154e+04 5.657205e+02 2.652972e+02 2.140303e+01 8.070328e+00 3.340395e+00
<GCONST> 3.930335e+01
<TRANSP> 5
 0.000000e+00 1.000000e+00 0.000000e+00 0.000000e+00 0.000000e+00
 0.000000e+00 3.708817e-01 6.291183e-01 0.000000e+00 0.000000e+00
 0.000000e+00 0.000000e+00 7.717544e-01 2.282457e-01 0.000000e+00
 0.000000e+00 0.000000e+00 0.000000e+00 8.577369e-01 1.422631e-01
 0.000000e+00 0.000000e+00 0.000000e+00 0.000000e+00 0.000000e+00
<ENDHMM>
