~o
<STREAMINFO> 1 6
<VECSIZE> 6<NULLD><MFCC><DIAGC>
~h "fp_screen_5"
<BEGINHMM>
<NUMSTATES> 5
<STATE> 2
<MEAN> 6
 1.867396e+02 5.866163e+00 9.045126e+00 2.443092e+00 3.432417e+00 1.235552e+00
<VARIANCE> 6
 1.912420e+03 4.213671e+01 7.923512e+01 1.095300e+01 6.893235e+00 1.778289e+00
<GCONST> 3.159653e+01
<STATE> 3
<MEAN> 6
 2.569997e+02 8.159095e+00 2.590567e+01 2.708546e+00 8.387707e+00 1.452092e+00
<VARIANCE> 6
 1.674703e+03 1.077009e+02 3.210717e+02 4.001929e+00 2.557773e+01 1.637414e+00
<GCONST> 3.402329e+01
<STATE> 4
<MEAN> 6
 3.459931e+02 2.458310e+00 3.070507e+00 1.155056e+00 1.355023e+00 3.868256e-01
<VARIANCE> 6
 7.640959e+02 4.407170e+00 5.649106e+00 4.512158e-01 7.326192e-01 6.301232e-02
<GCONST> 1.700932e+01
<TRANSP> 5
 0.000000e+00 1.000000e+00 0.000000e+00 0.000000e+00 0.000000e+00
 0.000000e+00 3.458832e-01 6.541168e-01 0.000000e+00 0.000000e+00
 0.000000e+00 0.000000e+00 3.609412e-01 6.390588e-01 0.000000e+00
 0.000000e+00 0.000000e+00 0.000000e+00 8.877215e-01 1.122785e-01
 0.000000e+00 0.000000e+00 0.000000e+00 0.000000e+00 0.000000e+00
<ENDHMM>
