~o
<STREAMINFO> 1 6
<VECSIZE> 6<NULLD><MFCC><DIAGC>
~h "fp_screen_0"
<BEGINHMM>
<NUMSTATES> 5
<STATE> 2
<MEAN> 6
 1.270540e+02 4.887474e+00 1.522373e+01 1.545642e+00 5.155200e+00 9.178264e-01
<VARIANCE> 6
 2.303073e+03 2.810677e+01 5.367198e+02 1.486743e+00 6.554279e+01 1.617858e+00
<GCONST> 3.345114e+01
<STATE> 3
<MEAN> 6
 4.193658e+02 2.530200e+01 4.355331e+01 8.020566e+00 1.456115e+01 5.904994e+00
<VARIANCE> 6
 3.166246e+04 1.205202e+03 1.426465e+03 6.012682e+01 1.111939e+02 4.308178e+01
<GCONST> 4.831834e+01
<STATE> 4
<MEAN> 6
 3.980612e+02 7.181018e+00 2.469151e+00 2.466834e+00 1.218169e+00 6.706084e-01
<VARIANCE> 6
 2.249630e+04 1.547208e+02 1.164790e+01 1.523330e+01 7.742056e+00 2.609833e+00
<GCONST> 3.427456e+01
<TRANSP> 5
 0.000000e+00 1.000000e+00 0.000000e+00 0.000000e+00 0.000000e+00
 0.000000e+00 6.905494e-01 3.094505e-01 0.000000e+00 0.000000e+00
 0.000000e+00 0.000000e+00 6.042199e-01 3.957801e-01 0.000000e+00
 0.000000e+00 0.000000e+00 0.000000e+00 8.397900e-01 1.602099e-01
 0.000000e+00 0.000000e+00 0.000000e+00 0.000000e+00 0.000000e+00
<ENDHMM>
