~o
<STREAMINFO> 1 6
<VECSIZE> 6<NULLD><MFCC><DIAGC>
~h "fp_screen_3"
<BEGINHMM>
<NUMSTATES> 5
<STATE> 2
<MEAN> 6
 3.193585e+02 3.258776e+01 1.054495e+01 7.710330e+00 3.198565e+00 1.678334e+00
<VARIANCE> 6
 3.504707e+04 7.456808e+02 5.897663e+02 5.360593e+01 1.712316e+01 5.431186e+00
<GCONST> 4.299998e+01
<STATE> 3
<MEAN> 6
 4.938676e+02 4.189872e+01 2.605744e+01 9.601474e+00 4.426966e+00 3.035489e+00
<VARIANCE> 6
 4.411905e+04 2.821387e+03 2.277272e+03 1.124519e+02 2.760485e+01 1.796945e+01
<GCONST> 4.832682e+01
<STATE> 4
<MEAN> 6
 3.854970e+02 7.637346e+00 3.262300e+00 1.235802e+00 8.555056e-01 4.906226e-01
<VARIANCE> 6
 8.529504e+03 5.520563e+01 9.902648e+00 1.777450e+00 5.872511e-01 2.588879e-01
<GCONST> 2.507393e+01
<TRANSP> 5
 0.000000e+00 1.000000e+00 0.000000e+00 0.000000e+00 0.000000e+00
 0.000000e+00 6.630688e-01 3.369312e-01 0.000000e+00 0.000000e+00
 0.000000e+00 0.000000e+00 2.538176e-01 7.461824e-01 0.000000e+00
 0.000000e+00 0.000000e+00 0.000000e+00 8.699928e-01 1.300072e-01
 0.000000e+00 0.000000e+00 0.000000e+00 0.000000e+00 0.000000e+00
<ENDHMM>
