~o
<STREAMINFO> 1 6
<VECSIZE> 6<NULLD><MFCC><DIAGC>
~h "fp_screen_1"
<BEGINHMM>
<NUMSTATES> 5
<STATE> 2
<MEAN> 6
 4.141287e+02 6.292481e+00 1.882404e+00 1.529621e+00 9.159753e-01 5.787451e-01
<VARIANCE> 6
 1.728821e+04 1.052053e+02 8.757366e+00 5.964855e+00 5.949637e+00 2.085438e+00
<GCONST> 3.191505e+01
<STATE> 3
<MEAN> 6
 4.868652e+02 4.077689e+01 2.391411e+01 1.190752e+01 8.603640e+00 4.987933e+00
<VARIANCE> 6
 4.356794e+04 1.890981e+03 1.076932e+03 8.460471e+01 9.342394e+01 4.445712e+01
<GCONST> 4.900572e+01
<STATE> 4
<MEAN> 6
 3.966943e+02 2.129248e+01 1.229369e+01 5.482056e+00 3.494365e+00 1.949709e+00
<VARIANCE> 6
 3.246824e+04 6.218070e+02 1.028415e+03 2.926662e+01 3.462233e+01 1.321804e+01
<GCONST> 4.428621e+01
<TRANSP> 5
 0.000000e+00 1.000000e+00 0.000000e+00 0.000000e+00 0.000000e+00
 0.000000e+00 8.749400e-01 1.250600e-01 0.000000e+00 0.000000e+00
 0.000000e+00 0.000000e+00 5.778522e-01 4.221478e-01 0.000000e+00
 0.000000e+00 0.000000e+00 0.000000e+00 6.204926e-01 3.795074e-01
 0.000000e+00 0.000000e+00 0.000000e+00 0.000000e+00 0.000000e+00
<ENDHMM>
