~o
<STREAMINFO> 1 6
<VECSIZE> 6<NULLD><MFCC><DIAGC>
~h "fp_screen"
<BEGINHMM>
<NUMSTATES> 5
<STATE> 2
<MEAN> 6
 3.314068e+02 5.356128e+00 7.438338e+00 1.310273e+00 2.642195e+00 8.168908e-01
<VARIANCE> 6
 3.056791e+04 2.114221e+01 3.355435e+02 1.550800e+00 3.065488e+01 1.696130e+00
<GCONST> 3.461190e+01
<STATE> 3
<MEAN> 6
 4.851835e+02 4.357237e+01 2.784290e+01 1.213813e+01 9.183435e+00 4.738700e+00
<VARIANCE> 6
 4.547714e+04 1.822066e+03 1.817619e+03 9.730135e+01 1.410514e+02 3.382170e+01
<GCONST> 4.981327e+01
<STATE> 4
<MEAN> 6
 3.356627e+02 6.202266e+00 5.370124e+00 1.579072e+00 1.625577e+00 5.648243e-01
<VARIANCE> 6
 1.038049e+04 4.101643e+01 6.663559e+01 2.578912e+00 5.176702e+00 3.330068e-01
<GCONST> 2.968010e+01
<TRANSP> 5
 0.000000e+00 1.000000e+00 0.000000e+00 0.000000e+00 0.000000e+00
 0.000000e+00 9.309998e-01 6.900027e-02 0.000000e+00 0.000000e+00
 0.000000e+00 0.000000e+00 9.405218e-01 5.947816e-02 0.000000e+00
 0.000000e+00 0.000000e+00 0.000000e+00 9.741565e-01 2.584353e-02
 0.000000e+00 0.000000e+00 0.000000e+00 0.000000e+00 0.000000e+00
<ENDHMM>
