~o
<STREAMINFO> 1 6
<VECSIZE> 6<NULLD><MFCC><DIAGC>
~h "fp_screen_4"
<BEGINHMM>
<NUMSTATES> 5
<STATE> 2
<MEAN> 6
 3.610869e+02 7.241572e+00 4.497615e+00 1.319098e+00 9.344215e-01 5.099295e-01
<VARIANCE> 6
 8.171097e+03 5.846275e+01 1.914425e+01 2.543435e+00 6.696002e-01 2.294849e-01
<GCONST> 2.611654e+01
<STATE> 3
<MEAN> 6
 3.731451e+02 2.250777e+01 4.158044e+01 8.929800e+00 9.086675e+00 2.983721e+00
<VARIANCE> 6
 4.394437e+04 8.799379e+02 2.725923e+03 8.343921e+01 1.169628e+02 1.274623e+01
<GCONST> 4.813956e+01
<STATE> 4
<MEAN> 6
 1.997181e+02 6.262672e+00 8.164879e+00 2.456061e+00 2.531870e+00 9.485754e-01
<VARIANCE> 6
 2.041684e+03 3.315154e+01 5.874986e+01 6.224793e+00 4.550160e+00 8.381808e-01
<GCONST> 2.939035e+01
<TRANSP> 5
 0.000000e+00 1.000000e+00 0.000000e+00 0.000000e+00 0.000000e+00
 0.000000e+00 8.488930e-01 1.511070e-01 0.000000e+00 0.000000e+00
 0.000000e+00 0.000000e+00 4.642006e-01 5.357994e-01 0.000000e+00
 0.000000e+00 0.000000e+00 0.000000e+00 7.785555e-01 2.214445e-01
 0.000000e+00 0.000000e+00 0.000000e+00 0.000000e+00 0.000000e+00
<ENDHMM>
