~o
<STREAMINFO> 1 6
<VECSIZE> 6<NULLD><MFCC><DIAGC>
~h "bg_red_0"
<BEGINHMM>
<NUMSTATES> 5
<STATE> 2
<MEAN> 6
 4.731269e+02 8.477150e+00 7.211482e+00 3.266208e+00 3.089004e+00 1.599429e+00
<VARIANCE> 6
 1.159767e+04 7.405365e+01 1.168348e+02 5.100019e+00 1.447377e+01 2.218881e+00
<GCONST> 3.454996e+01
<STATE> 3
<MEAN> 6
 4.945810e+02 6.566963e+01 7.964624e+00 1.676080e+01 2.267014e+00 3.083567e+00
<VARIANCE> 6
 8.603282e+03 3.734571e+03 1.836804e+01 9.955623e+01 3.623620e+00 5.599653e+00
<GCONST> 3.883406e+01
<STATE> 4
<MEAN> 6
 2.942445e+02 8.801372e+00 3.173782e+00 2.774571e+00 1.038584e+00 5.495268e-01
<VARIANCE> 6
 3.667098e+03 9.720155e+01 1.169141e+01 1.012766e+01 1.126288e+00 3.592639e-01
<GCONST> 2.768056e+01
<TRANSP> 5
 0.000000e+00 1.000000e+00 0.000000e+00 0.000000e+00 0.000000e+00
 0.000000e+00 9.134892e-01 8.651089e-02 0.000000e+00 0.000000e+00
 0.000000e+00 0.000000e+00 7.159361e-01 2.840639e-01 0.000000e+00
 0.000000e+00 0.000000e+00 0.000000e+00 9.817919e-01 1.820816e-02
 0.000000e+00 0.000000e+00 0.000000e+00 0.000000e+00 0.000000e+00
<ENDHMM>
~h "bg_red_0_0"
<BEGINHMM>
<NUMSTATES> 5
<STATE> 2
<MEAN> 6
 4.485918e+02 6.796916e+00 4.421703e+00 2.872886e+00 2.398533e+00 1.607936e+00
<VARIANCE> 6
 2.388198e+03 4.155411e+01 1.390163e+01 3.830781e+00 4.523225e+00 2.733262e+00
<GCONST> 2.902235e+01
<STATE> 3
<MEAN> 6
 5.363854e+02 2.725974e+01 1.699163e+01 1.011103e+01 6.189882e+00 2.172663e+00
<VARIANCE> 6
 1.810365e+04 1.019797e+03 5.123243e+02 6.228688e+01 6.590224e+01 3.039853e+00
<GCONST> 4.342918e+01
<STATE> 4
<MEAN> 6
 4.696837e+02 1.234953e+01 6.700824e+00 3.983355e+00 2.311132e+00 1.474456e+00
<VARIANCE> 6
 1.559408e+04 5.356096e+02 3.571180e+01 1.397583e+01 2.611830e+00 2.326957e+00
<GCONST> 3.498274e+01
<TRANSP> 5
 0.000000e+00 1.000000e+00 0.000000e+00 0.000000e+00 0.000000e+00
 0.000000e+00 8.222119e-01 1.777882e-01 0.000000e+00 0.000000e+00
 0.000000e+00 0.000000e+00 4.093628e-01 5.906371e-01 0.000000e+00
 0.000000e+00 0.000000e+00 0.000000e+00 7.864271e-01 2.135729e-01
 0.000000e+00 0.000000e+00 0.000000e+00 0.000000e+00 0.000000e+00
<ENDHMM>
~h "bg_red_0_1"
<BEGINHMM>
<NUMSTATES> 5
<STATE> 2
<MEAN> 6
 5.231513e+02 1.276864e+01 5.926519e+00 4.388490e+00 2.209027e+00 1.932470e+00
<VARIANCE> 6
 1.512620e+04 9.462132e+02 3.631316e+01 2.596557e+01 3.739018e+00 4.425934e+00
<GCONST> 3.715917e+01
<STATE> 3
<MEAN> 6
 4.772075e+02 6.391822e+01 6.885209e+00 1.490375e+01 2.612248e+00 3.233255e+00
<VARIANCE> 6
 4.444536e+03 4.231515e+03 2.035254e+01 1.021559e+02 4.385041e+00 5.182676e+00
<GCONST> 3.854023e+01
<STATE> 4
<MEAN> 6
 3.848339e+02 5.904692e+00 2.666574e+00 1.730748e+00 1.242291e+00 5.933006e-01
<VARIANCE> 6
 5.624459e+02 3.499303e+02 5.217659e+00 1.131472e+01 1.425905e+00 5.110227e-01
<GCONST> 2.697891e+01
<TRANSP> 5
 0.000000e+00 1.000000e+00 0.000000e+00 0.000000e+00 0.000000e+00
 0.000000e+00 5.566295e-01 4.433705e-01 0.000000e+00 0.000000e+00
 0.000000e+00 0.000000e+00 5.147271e-01 4.852730e-01 0.000000e+00
 0.000000e+00 0.000000e+00 0.000000e+00 8.848437e-01 1.151563e-01
 0.000000e+00 0.000000e+00 0.000000e+00 0.000000e+00 0.000000e+00
<ENDHMM>
~h "bg_red_0_2"
<BEGINHMM>
<NUMSTATES> 5
<STATE> 2
<MEAN> 6
 3.727884e+02 3.464748e+01 6.402299e+00 9.658412e+00 1.340109e+00 9.566730e-01
<VARIANCE> 6
 1.628838e+03 2.981713e+03 1.990335e+01 1.546240e+02 7.500566e-01 1.298646e+00
<GCONST> 3.442874e+01
<STATE> 3
<MEAN> 6
 3.288029e+02 3.237957e+00 2.292385e+00 8.695521e-01 5.734825e-01 2.530638e-01
<VARIANCE> 6
 6.648200e+02 5.967860e+00 2.804699e+00 3.954183e-01 1.553767e-01 1.602764e-02
<GCONST> 1.342131e+01
<STATE> 4
<MEAN> 6
 3.180786e+02 6.233347e+00 3.462183e+00 2.142848e+00 1.610198e+00 3.945302e-01
<VARIANCE> 6
 9.965095e+02 1.404854e+01 1.274509e+01 2.121656e+00 1.679173e+00 5.393565e-02
<GCONST> 2.146972e+01
<TRANSP> 5
 0.000000e+00 1.000000e+00 0.000000e+00 0.000000e+00 0.000000e+00
 0.000000e+00 3.076962e-01 6.923038e-01 0.000000e+00 0.000000e+00
 0.000000e+00 0.000000e+00 8.674775e-01 1.325225e-01 0.000000e+00
 0.000000e+00 0.000000e+00 0.000000e+00 7.506024e-01 2.493977e-01
 0.000000e+00 0.000000e+00 0.000000e+00 0.000000e+00 0.000000e+00
<ENDHMM>
~h "bg_red_0_3"
<BEGINHMM>
<NUMSTATES> 5
<STATE> 2
<MEAN> 6
 2.793334e+02 4.495378e+00 1.492268e+00 1.165071e+00 4.426749e-01 2.874035e-01
<VARIANCE> 6
 8.020796e+02 7.188811e+00 1.050136e+00 3.843397e-01 1.463239e-01 3.361095e-02
<GCONST> 1.346485e+01
<STATE> 3
<MEAN> 6
 2.363790e+02 2.170678e+01 3.632401e+00 4.978889e+00 8.850649e-01 4.311052e-01
<VARIANCE> 6
 2.378225e+03 3.175307e+02 4.386559e+00 1.619661e+01 4.196726e-01 5.935696e-02
<GCONST> 2.513283e+01
<STATE> 4
<MEAN> 6
 2.694487e+02 6.749309e+00 1.314085e+00 1.575167e+00 5.408981e-01 2.624510e-01
<VARIANCE> 6
 9.494436e+02 1.536239e+01 1.029261e+00 2.009775e+00 1.215689e-01 1.298744e-02
<GCONST> 1.489088e+01
<TRANSP> 5
 0.000000e+00 1.000000e+00 0.000000e+00 0.000000e+00 0.000000e+00
 0.000000e+00 8.096936e-01 1.903064e-01 0.000000e+00 0.000000e+00
 0.000000e+00 0.000000e+00 6.087302e-01 3.912698e-01 0.000000e+00
 0.000000e+00 0.000000e+00 0.000000e+00 7.613101e-01 2.386899e-01
 0.000000e+00 0.000000e+00 0.000000e+00 0.000000e+00 0.000000e+00
<ENDHMM>
~h "bg_red_0_4"
<BEGINHMM>
<NUMSTATES> 5
<STATE> 2
<MEAN> 6
 2.392724e+02 7.142674e+00 1.737187e+00 1.696695e+00 5.089261e-01 3.028364e-01
<VARIANCE> 6
 9.464592e+02 1.900332e+01 1.853192e+00 2.496657e+00 9.358925e-02 1.684769e-02
<GCONST> 1.590409e+01
<STATE> 3
<MEAN> 6
 2.359117e+02 9.581717e+00 1.464201e+00 4.412290e+00 6.877646e-01 4.382287e-01
<VARIANCE> 6
 1.531917e+03 2.877915e+01 7.823014e-01 8.400261e+00 5.026943e-02 1.368920e-02
<GCONST> 1.632243e+01
<STATE> 4
<MEAN> 6
 2.409624e+02 1.530399e+01 4.177436e+00 4.812405e+00 1.250878e+00 7.112115e-01
<VARIANCE> 6
 1.656625e+03 1.312417e+02 1.766874e+01 2.130289e+01 7.982805e-01 3.933228e-01
<GCONST> 2.808906e+01
<TRANSP> 5
 0.000000e+00 1.000000e+00 0.000000e+00 0.000000e+00 0.000000e+00
 0.000000e+00 7.799714e-01 2.200286e-01 0.000000e+00 0.000000e+00
 0.000000e+00 0.000000e+00 1.762803e-04 9.998237e-01 0.000000e+00
 0.000000e+00 0.000000e+00 0.000000e+00 8.658611e-01 1.341389e-01
 0.000000e+00 0.000000e+00 0.000000e+00 0.000000e+00 0.000000e+00
<ENDHMM>
~h "bg_red_0_5"
<BEGINHMM>
<NUMSTATES> 5
<STATE> 2
<MEAN> 6
 2.542562e+02 1.333863e+01 3.233403e+00 3.504092e+00 8.285540e-01 5.190736e-01
<VARIANCE> 6
 9.489130e+02 7.504227e+01 6.562596e+00 9.363559e+00 2.157556e-01 1.924972e-01
<GCONST> 2.313756e+01
<STATE> 3
<MEAN> 6
 2.502220e+02 2.188807e+01 6.601475e+00 8.068838e+00 1.309656e+00 1.241194e+00
<VARIANCE> 6
 1.548464e+03 2.312121e+02 9.146971e+00 1.489423e+01 3.406653e-01 4.497391e-01
<GCONST> 2.685407e+01
<STATE> 4
<MEAN> 6
 2.908816e+02 1.051450e+01 5.688148e+00 4.066010e+00 2.038621e+00 1.213950e+00
<VARIANCE> 6
 8.911588e+02 1.008525e+02 3.502969e+01 9.699880e+00 3.109275e+00 1.181231e+00
<GCONST> 2.956270e+01
<TRANSP> 5
 0.000000e+00 1.000000e+00 0.000000e+00 0.000000e+00 0.000000e+00
 0.000000e+00 7.067750e-01 2.932250e-01 0.000000e+00 0.000000e+00
 0.000000e+00 0.000000e+00 6.295496e-01 3.704504e-01 0.000000e+00
 0.000000e+00 0.000000e+00 0.000000e+00 8.302274e-01 1.697726e-01
 0.000000e+00 0.000000e+00 0.000000e+00 0.000000e+00 0.000000e+00
<ENDHMM>
~h "bg_dark_0"
<BEGINHMM>
<NUMSTATES> 5
<STATE> 2
<MEAN> 6
 1.929197e+02 8.634636e+00 1.057296e+01 3.293367e+00 3.487216e+00 1.343330e+00
<VARIANCE> 6
 3.926721e+03 1.063934e+02 9.813990e+01 4.487025e+00 3.784713e+00 1.023162e+00
<GCONST> 3.141142e+01
<STATE> 3
<MEAN> 6
 9.566345e+01 1.936468e+01 4.649302e+00 3.412415e+00 2.023019e+00 5.829398e-01
<VARIANCE> 6
 9.541602e+02 6.542656e+02 1.943151e+01 1.085088e+01 3.024351e+00 2.073137e-01
<GCONST> 2.925592e+01
<STATE> 4
<MEAN> 6
 1.278536e+02 1.150736e+01 1.241049e+01 4.324763e+00 5.077007e+00 1.796733e+00
<VARIANCE> 6
 1.180256e+03 1.143664e+02 1.400840e+02 8.922210e+00 1.012654e+01 2.051723e+00
<GCONST> 3.300478e+01
<TRANSP> 5
 0.000000e+00 1.000000e+00 0.000000e+00 0.000000e+00 0.000000e+00
 0.000000e+00 9.462537e-01 5.374639e-02 0.000000e+00 0.000000e+00
 0.000000e+00 0.000000e+00 9.365422e-01 6.345779e-02 0.000000e+00
 0.000000e+00 0.000000e+00 0.000000e+00 9.719382e-01 2.806184e-02
 0.000000e+00 0.000000e+00 0.000000e+00 0.000000e+00 0.000000e+00
<ENDHMM>
~h "bg_dark_0_0"
<BEGINHMM>
<NUMSTATES> 5
<STATE> 2
<MEAN> 6
 2.554962e+02 8.607273e+00 8.100039e+00 3.208861e+00 3.047745e+00 1.132351e+00
<VARIANCE> 6
 1.441069e+03 1.763486e+02 3.957201e+01 3.712878e+00 2.137570e+00 5.241225e-01
<GCONST> 2.857644e+01
<STATE> 3
<MEAN> 6
 1.772342e+02 3.819119e+01 1.373176e+01 7.466541e+00 4.221807e+00 1.617089e+00
<VARIANCE> 6
 4.569162e+03 1.179038e+03 7.879199e+01 1.096702e+01 6.600815e+00 2.231133e+00
<GCONST> 3.597821e+01
<STATE> 4
<MEAN> 6
 1.985883e+02 5.389589e+00 8.971949e+00 2.856671e+00 3.430867e+00 1.250116e+00
<VARIANCE> 6
 2.031709e+03 2.622427e+01 5.326491e+01 2.006302e+00 3.585561e+00 6.463337e-01
<GCONST> 2.742262e+01
<TRANSP> 5
 0.000000e+00 1.000000e+00 0.000000e+00 0.000000e+00 0.000000e+00
 0.000000e+00 8.174339e-01 1.825661e-01 0.000000e+00 0.000000e+00
 0.000000e+00 0.000000e+00 4.691471e-01 5.308530e-01 0.000000e+00
 0.000000e+00 0.000000e+00 0.000000e+00 7.844257e-01 2.155743e-01
 0.000000e+00 0.000000e+00 0.000000e+00 0.000000e+00 0.000000e+00
<ENDHMM>
~h "bg_dark_0_1"
<BEGINHMM>
<NUMSTATES> 5
<STATE> 2
<MEAN> 6
 1.521702e+02 9.745841e+00 8.151280e+00 3.394208e+00 3.867281e+00 1.357399e+00
<VARIANCE> 6
 1.337897e+03 8.768613e+01 4.211852e+01 3.503249e+00 5.732560e+00 6.562672e-01
<GCONST> 2.901904e+01
<STATE> 3
<MEAN> 6
 1.110601e+02 5.478676e+00 7.389006e+00 1.752194e+00 2.745937e+00 7.042387e-01
<VARIANCE> 6
 9.943774e+02 2.043984e+01 8.193586e+01 6.617514e-01 1.876094e+00 2.101134e-01
<GCONST> 2.400902e+01
<STATE> 4
<MEAN> 6
 1.180534e+02 1.555142e+01 1.373337e+01 4.050683e+00 3.839428e+00 1.622167e+00
<VARIANCE> 6
 2.926365e+03 3.412497e+02 1.790322e+02 8.092152e+00 5.577171e+00 1.809679e+00
<GCONST> 3.443169e+01
<TRANSP> 5
 0.000000e+00 1.000000e+00 0.000000e+00 0.000000e+00 0.000000e+00
 0.000000e+00 7.213428e-01 2.786572e-01 0.000000e+00 0.000000e+00
 0.000000e+00 0.000000e+00 8.205211e-01 1.794789e-01 0.000000e+00
 0.000000e+00 0.000000e+00 0.000000e+00 7.395614e-01 2.604387e-01
 0.000000e+00 0.000000e+00 0.000000e+00 0.000000e+00 0.000000e+00
<ENDHMM>
~h "bg_dark_0_2"
<BEGINHMM>
<NUMSTATES> 5
<STATE> 2
<MEAN> 6
 1.116754e+02 7.996408e+00 8.867537e+00 2.599669e+00 3.282117e+00 9.764637e-01
<VARIANCE> 6
 5.165173e+02 1.041915e+02 7.689033e+01 3.409193e+00 4.087411e+00 5.166456e-01
<GCONST> 2.823697e+01
<STATE> 3
<MEAN> 6
 1.160423e+02 1.599444e+01 2.492200e+01 4.257561e+00 6.034298e+00 2.571848e+00
<VARIANCE> 6
 1.232159e+03 1.990510e+02 3.680689e+02 3.871332e+00 1.410922e+01 5.220392e+00
<GCONST> 3.499862e+01
<STATE> 4
<MEAN> 6
 1.128435e+02 1.733747e+01 1.096852e+01 4.478823e+00 4.688415e+00 1.438928e+00
<VARIANCE> 6
 2.181770e+03 2.662357e+02 1.101897e+02 9.291201e+00 1.287663e+01 1.998798e+00
<GCONST> 3.447877e+01
<TRANSP> 5
 0.000000e+00 1.000000e+00 0.000000e+00 0.000000e+00 0.000000e+00
 0.000000e+00 8.685347e-01 1.314653e-01 0.000000e+00 0.000000e+00
 0.000000e+00 0.000000e+00 6.022187e-05 9.999398e-01 0.000000e+00
 0.000000e+00 0.000000e+00 0.000000e+00 7.723844e-01 2.276156e-01
 0.000000e+00 0.000000e+00 0.000000e+00 0.000000e+00 0.000000e+00
<ENDHMM>
~h "bg_dark_0_3"
<BEGINHMM>
<NUMSTATES> 5
<STATE> 2
<MEAN> 6
 1.237325e+02 1.229164e+01 1.387254e+01 5.434865e+00 5.978411e+00 2.146638e+00
<VARIANCE> 6
 1.090124e+03 1.014335e+02 1.591856e+02 9.634691e+00 1.080270e+01 2.835397e+00
<GCONST> 3.339813e+01
<STATE> 3
<MEAN> 6
 1.071252e+02 2.847367e+01 5.179685e+00 5.692807e+00 2.479615e+00 9.155113e-01
<VARIANCE> 6
 1.537449e+03 8.406636e+02 1.885469e+01 1.561770e+01 5.636994e+00 5.514457e-01
<GCONST> 3.191864e+01
<STATE> 4
<MEAN> 6
 1.179830e+02 8.837883e+00 6.862829e+00 2.675911e+00 2.809092e+00 1.034257e+00
<VARIANCE> 6
 5.967527e+02 1.079113e+02 3.841577e+01 3.188041e+00 3.851944e+00 6.218790e-01
<GCONST> 2.778152e+01
<TRANSP> 5
 0.000000e+00 1.000000e+00 0.000000e+00 0.000000e+00 0.000000e+00
 0.000000e+00 7.187477e-01 2.812523e-01 0.000000e+00 0.000000e+00
 0.000000e+00 0.000000e+00 5.730372e-01 4.269628e-01 0.000000e+00
 0.000000e+00 0.000000e+00 0.000000e+00 8.361287e-01 1.638713e-01
 0.000000e+00 0.000000e+00 0.000000e+00 0.000000e+00 0.000000e+00
<ENDHMM>
~h "bg_dark_0_4"
<BEGINHMM>
<NUMSTATES> 5
<STATE> 2
<MEAN> 6
 1.199825e+02 5.480054e+00 5.035176e+00 1.544882e+00 1.883441e+00 6.514509e-01
<VARIANCE> 6
 4.276049e+02 8.330853e+01 3.499215e+01 2.481575e+00 3.758129e+00 5.054623e-01
<GCONST> 2.661367e+01
<STATE> 3
<MEAN> 6
 1.482061e+02 1.486501e+01 2.013561e+01 5.869737e+00 6.905717e+00 2.404524e+00
<VARIANCE> 6
 1.805191e+03 1.638000e+02 2.231741e+02 8.267842e+00 1.092457e+01 2.051641e+00
<GCONST> 3.425431e+01
<STATE> 4
<MEAN> 6
 1.111091e+02 1.600552e+01 9.259048e+00 4.014344e+00 3.612770e+00 1.358935e+00
<VARIANCE> 6
 1.183589e+03 2.987429e+02 8.755911e+01 6.687256e+00 6.287768e+00 1.908029e+00
<GCONST> 3.266035e+01
<TRANSP> 5
 0.000000e+00 1.000000e+00 0.000000e+00 0.000000e+00 0.000000e+00
 0.000000e+00 8.245577e-01 1.754423e-01 0.000000e+00 0.000000e+00
 0.000000e+00 0.000000e+00 6.694426e-01 3.305574e-01 0.000000e+00
 0.000000e+00 0.000000e+00 0.000000e+00 7.660779e-01 2.339222e-01
 0.000000e+00 0.000000e+00 0.000000e+00 0.000000e+00 0.000000e+00
<ENDHMM>
~h "bg_dark_0_5"
<BEGINHMM>
<NUMSTATES> 5
<STATE> 2
<MEAN> 6
 1.363715e+02 1.262714e+01 1.311912e+01 4.545121e+00 5.279525e+00 1.511992e+00
<VARIANCE> 6
 1.950266e+03 1.180839e+02 1.354658e+02 5.595637e+00 9.435979e+00 1.229484e+00
<GCONST> 3.245621e+01
<STATE> 3
<MEAN> 6
 1.349548e+02 2.896906e+01 1.383083e+01 8.263401e+00 6.796027e+00 2.868137e+00
<VARIANCE> 6
 2.212404e+03 3.711725e+02 1.697401e+02 1.681742e+01 1.244010e+01 3.317453e+00
<GCONST> 3.632257e+01
<STATE> 4
<MEAN> 6
 1.182867e+02 1.161591e+01 1.300026e+01 5.249551e+00 5.658520e+00 2.113552e+00
<VARIANCE> 6
 6.333115e+02 9.006000e+01 1.514253e+02 4.644861e+00 8.321765e+00 1.693055e+00
<GCONST> 3.117996e+01
<TRANSP> 5
 0.000000e+00 1.000000e+00 0.000000e+00 0.000000e+00 0.000000e+00
 0.000000e+00 7.705148e-01 2.294852e-01 0.000000e+00 0.000000e+00
 0.000000e+00 0.000000e+00 7.125640e-01 2.874360e-01 0.000000e+00
 0.000000e+00 0.000000e+00 0.000000e+00 7.598108e-01 2.401892e-01
 0.000000e+00 0.000000e+00 0.000000e+00 0.000000e+00 0.000000e+00
<ENDHMM>
~h "bg_white_0"
<BEGINHMM>
<NUMSTATES> 5
<STATE> 2
<MEAN> 6
 7.471014e+02 3.393251e+00 4.654447e+00 1.556817e+00 1.908030e+00 1.001490e+00
<VARIANCE> 6
 3.377393e+03 3.602951e+01 3.130381e+02 5.166283e+00 1.701687e+01 2.792978e+00
<GCONST> 3.398625e+01
<STATE> 3
<MEAN> 6
 6.984830e+02 4.499149e+01 1.515940e+01 1.524956e+01 1.151387e+01 8.284070e+00
<VARIANCE> 6
 4.029203e+03 2.026891e+03 3.026208e+02 1.189965e+02 9.124229e+01 4.197506e+01
<GCONST> 4.568502e+01
<STATE> 4
<MEAN> 6
 7.085923e+02 4.266574e+00 8.347737e+00 1.986255e+00 3.146025e+00 1.131977e+00
<VARIANCE> 6
 2.306670e+04 7.090433e+01 7.239935e+02 8.226727e+00 3.895570e+01 2.832603e+00
<GCONST> 3.873053e+01
<TRANSP> 5
 0.000000e+00 1.000000e+00 0.000000e+00 0.000000e+00 0.000000e+00
 0.000000e+00 9.556686e-01 4.433138e-02 0.000000e+00 0.000000e+00
 0.000000e+00 0.000000e+00 9.617623e-01 3.823767e-02 0.000000e+00
 0.000000e+00 0.000000e+00 0.000000e+00 9.530305e-01 4.696948e-02
 0.000000e+00 0.000000e+00 0.000000e+00 0.000000e+00 0.000000e+00
<ENDHMM>
~h "bg_white_0_0"
<BEGINHMM>
<NUMSTATES> 5
<STATE> 2
<MEAN> 6
 7.243912e+02 2.750124e+00 8.961346e+00 9.203739e-01 2.383532e+00 3.251147e-01
<VARIANCE> 6
 1.146429e+04 5.594578e+01 8.489883e+02 3.647332e+00 3.813035e+01 1.154991e-01
<GCONST> 3.391920e+01
<STATE> 3
<MEAN> 6
 7.075654e+02 3.339460e+01 1.333693e+01 1.044250e+01 8.221183e+00 5.389235e+00
<VARIANCE> 6
 6.730789e+03 1.961781e+03 5.349407e+02 1.349526e+02 1.036552e+02 3.937444e+01
<GCONST> 4.692458e+01
<STATE> 4
<MEAN> 6
 7.292388e+02 1.965869e+01 5.506942e+00 7.103798e+00 4.856547e+00 3.787371e+00
<VARIANCE> 6
 2.971338e+03 1.019973e+03 6.208169e+01 7.413697e+01 4.031321e+01 2.440344e+01
<GCONST> 4.127733e+01
<TRANSP> 5
 0.000000e+00 1.000000e+00 0.000000e+00 0.000000e+00 0.000000e+00
 0.000000e+00 8.658879e-01 1.341121e-01 0.000000e+00 0.000000e+00
 0.000000e+00 0.000000e+00 4.865781e-01 5.134219e-01 0.000000e+00
 0.000000e+00 0.000000e+00 0.000000e+00 6.147678e-01 3.852322e-01
 0.000000e+00 0.000000e+00 0.000000e+00 0.000000e+00 0.000000e+00
<ENDHMM>
~h "bg_white_0_1"
<BEGINHMM>
<NUMSTATES> 5
<STATE> 2
<MEAN> 6
 7.509875e+02 8.354911e+00 3.160645e+00 3.386401e+00 2.535586e+00 2.088063e+00
<VARIANCE> 6
 1.629326e+03 3.869292e+02 2.840372e+01 3.105641e+01 1.908919e+01 1.067846e+01
<GCONST> 3.648110e+01
<STATE> 3
<MEAN> 6
 6.811821e+02 5.695084e+01 1.724002e+01 1.789559e+01 1.387186e+01 1.070617e+01
<VARIANCE> 6
 3.765976e+03 2.035808e+03 2.772391e+02 9.782201e+01 8.562493e+01 4.307397e+01
<GCONST> 4.530060e+01
<STATE> 4
<MEAN> 6
 7.050878e+02 1.686859e+01 7.713412e+00 7.620225e+00 5.794835e+00 4.950776e+00
<VARIANCE> 6
 2.021396e+04 7.426495e+02 1.062720e+02 6.635156e+01 4.318981e+01 3.339502e+01
<GCONST> 4.368660e+01
<TRANSP> 5
 0.000000e+00 1.000000e+00 0.000000e+00 0.000000e+00 0.000000e+00
 0.000000e+00 8.433500e-01 1.566500e-01 0.000000e+00 0.000000e+00
 0.000000e+00 0.000000e+00 7.752941e-01 2.247059e-01 0.000000e+00
 0.000000e+00 0.000000e+00 0.000000e+00 5.383364e-01 4.616636e-01
 0.000000e+00 0.000000e+00 0.000000e+00 0.000000e+00 0.000000e+00
<ENDHMM>
~h "bg_white_0_2"
<BEGINHMM>
<NUMSTATES> 5
<STATE> 2
<MEAN> 6
 7.494500e+02 9.280161e+00 4.526193e+00 4.054920e+00 3.766116e+00 2.880996e+00
<VARIANCE> 6
 1.392376e+03 2.717834e+02 5.556044e+01 2.756846e+01 2.621033e+01 1.635715e+01
<GCONST> 3.726600e+01
<STATE> 3
<MEAN> 6
 6.735427e+02 5.755971e+01 1.914999e+01 1.936147e+01 1.413343e+01 9.886624e+00
<VARIANCE> 6
 4.298769e+03 2.447485e+03 3.884211e+02 1.260315e+02 1.013495e+02 4.233976e+01
<GCONST> 4.635909e+01
<STATE> 4
<MEAN> 6
 6.826936e+02 2.866762e+01 7.560707e+00 9.511459e+00 7.347481e+00 5.013792e+00
<VARIANCE> 6
 2.645073e+04 1.579263e+03 9.709228e+01 8.415883e+01 8.376466e+01 2.936725e+01
<GCONST> 4.539127e+01
<TRANSP> 5
 0.000000e+00 1.000000e+00 0.000000e+00 0.000000e+00 0.000000e+00
 0.000000e+00 8.626921e-01 1.373080e-01 0.000000e+00 0.000000e+00
 0.000000e+00 0.000000e+00 7.623101e-01 2.376899e-01 0.000000e+00
 0.000000e+00 0.000000e+00 0.000000e+00 3.377210e-01 6.622790e-01
 0.000000e+00 0.000000e+00 0.000000e+00 0.000000e+00 0.000000e+00
<ENDHMM>
~h "bg_white_0_3"
<BEGINHMM>
<NUMSTATES> 5
<STATE> 2
<MEAN> 6
 7.331813e+02 2.410237e+01 8.925221e+00 8.466082e+00 8.491959e+00 5.640827e+00
<VARIANCE> 6
 2.952969e+03 1.128614e+03 1.169865e+02 6.436367e+01 7.738924e+01 2.749432e+01
<GCONST> 4.263601e+01
<STATE> 3
<MEAN> 6
 6.780267e+02 5.488708e+01 1.903434e+01 1.848391e+01 1.395396e+01 9.765485e+00
<VARIANCE> 6
 6.024954e+03 2.225422e+03 3.032197e+02 1.211203e+02 8.867393e+01 3.721033e+01
<GCONST> 4.605142e+01
<STATE> 4
<MEAN> 6
 7.433799e+02 7.710322e+00 3.497119e+00 3.487132e+00 2.457402e+00 2.100091e+00
<VARIANCE> 6
 7.909305e+03 2.750185e+02 3.904457e+01 2.849755e+01 1.221940e+01 7.989380e+00
<GCONST> 3.721556e+01
<TRANSP> 5
 0.000000e+00 1.000000e+00 0.000000e+00 0.000000e+00 0.000000e+00
 0.000000e+00 6.212254e-01 3.787746e-01 0.000000e+00 0.000000e+00
 0.000000e+00 0.000000e+00 7.389536e-01 2.610464e-01 0.000000e+00
 0.000000e+00 0.000000e+00 0.000000e+00 8.191411e-01 1.808589e-01
 0.000000e+00 0.000000e+00 0.000000e+00 0.000000e+00 0.000000e+00
<ENDHMM>
~h "bg_white_0_4"
<BEGINHMM>
<NUMSTATES> 5
<STATE> 2
<MEAN> 6
 7.569753e+02 5.675575e+00 2.576246e+00 2.703290e+00 1.868826e+00 1.550433e+00
<VARIANCE> 6
 1.131466e+03 2.041272e+02 2.700042e+01 2.203014e+01 9.691636e+00 6.319224e+00
<GCONST> 3.388040e+01
<STATE> 3
<MEAN> 6
 6.907261e+02 4.834624e+01 1.788327e+01 1.659004e+01 1.195490e+01 8.472333e+00
<VARIANCE> 6
 5.511337e+03 2.065289e+03 4.061548e+02 1.353908e+02 9.732200e+01 4.573333e+01
<GCONST> 4.659060e+01
<STATE> 4
<MEAN> 6
 7.150741e+02 9.355021e+00 5.089262e+00 3.856676e+00 3.579045e+00 2.095928e+00
<VARIANCE> 6
 2.345384e+04 4.631664e+02 9.348739e+01 3.525116e+01 4.155137e+01 1.803003e+01
<GCONST> 4.194743e+01
<TRANSP> 5
 0.000000e+00 1.000000e+00 0.000000e+00 0.000000e+00 0.000000e+00
 0.000000e+00 8.683361e-01 1.316639e-01 0.000000e+00 0.000000e+00
 0.000000e+00 0.000000e+00 7.141421e-01 2.858579e-01 0.000000e+00
 0.000000e+00 0.000000e+00 0.000000e+00 4.755241e-01 5.244759e-01
 0.000000e+00 0.000000e+00 0.000000e+00 0.000000e+00 0.000000e+00
<ENDHMM>
~h "bg_white_0_5"
<BEGINHMM>
<NUMSTATES> 5
<STATE> 2
<MEAN> 6
 7.539150e+02 3.472308e+00 3.621599e+00 1.296769e+00 1.878555e+00 7.274844e-01
<VARIANCE> 6
 1.152330e+03 1.269586e+02 3.593958e+01 9.648314e+00 1.232240e+01 4.810710e+00
<GCONST> 3.285155e+01
<STATE> 3
<MEAN> 6
 5.996199e+02 3.004591e+01 7.093559e+01 8.562838e+00 1.971784e+01 3.574357e+00
<VARIANCE> 6
 2.311707e+04 1.568443e+03 4.895895e+03 9.092300e+01 1.740915e+02 2.319294e+01
<GCONST> 4.974302e+01
<STATE> 4
<MEAN> 6
 5.575137e+02 6.658557e+00 1.273700e+01 2.847137e+00 4.545991e+00 8.112711e-01
<VARIANCE> 6
 5.497519e+04 2.486328e+02 9.508800e+02 2.079677e+01 5.609406e+01 1.790911e+00
<GCONST> 4.195982e+01
<TRANSP> 5
 0.000000e+00 1.000000e+00 0.000000e+00 0.000000e+00 0.000000e+00
 0.000000e+00 8.740319e-01 1.259681e-01 0.000000e+00 0.000000e+00
 0.000000e+00 0.000000e+00 2.824461e-01 7.175539e-01 0.000000e+00
 0.000000e+00 0.000000e+00 0.000000e+00 6.251675e-01 3.748325e-01
 0.000000e+00 0.000000e+00 0.000000e+00 0.000000e+00 0.000000e+00
<ENDHMM>
~h "bg_board"
<BEGINHMM>
<NUMSTATES> 5
<STATE> 2
<MEAN> 6
 1.467389e+02 1.638791e+01 9.779008e+00 4.506070e+00 2.900330e+00 1.058890e+00
<VARIANCE> 6
 3.252670e+03 2.132253e+02 7.644595e+01 8.360477e+00 3.594510e+00 8.382421e-01
<GCONST> 3.203990e+01
<STATE> 3
<MEAN> 6
 2.254533e+02 4.614855e+01 1.237124e+01 9.609560e+00 4.664064e+00 2.274390e+00
<VARIANCE> 6
 4.942011e+03 3.065912e+03 2.067120e+02 3.973716e+01 1.479774e+01 4.152425e+00
<GCONST> 4.069267e+01
<STATE> 4
<MEAN> 6
 3.272208e+02 1.035272e+01 5.220813e+00 2.756652e+00 1.986277e+00 7.796074e-01
<VARIANCE> 6
 4.515519e+03 1.650120e+02 3.367002e+01 6.073639e+00 2.033492e+00 6.016335e-01
<GCONST> 3.007077e+01
<TRANSP> 5
 0.000000e+00 1.000000e+00 0.000000e+00 0.000000e+00 0.000000e+00
 0.000000e+00 9.690892e-01 3.091083e-02 0.000000e+00 0.000000e+00
 0.000000e+00 0.000000e+00 9.410360e-01 5.896404e-02 0.000000e+00
 0.000000e+00 0.000000e+00 0.000000e+00 9.516661e-01 4.833395e-02
 0.000000e+00 0.000000e+00 0.000000e+00 0.000000e+00 0.000000e+00
<ENDHMM>
~h "bg_board_0"
<BEGINHMM>
<NUMSTATES> 5
<STATE> 2
<MEAN> 6
 2.278752e+02 8.568712e+00 5.009679e+00 2.860605e+00 1.833292e+00 6.267049e-01
<VARIANCE> 6
 3.530654e+03 1.302489e+02 2.197830e+01 4.935375e+00 2.050364e+00 2.646411e-01
<GCONST> 2.814107e+01
<STATE> 3
<MEAN> 6
 2.121573e+02 3.762896e+01 1.278236e+01 8.446265e+00 3.380817e+00 1.625608e+00
<VARIANCE> 6
 3.808952e+03 1.999097e+03 1.563518e+02 2.754764e+01 6.068062e+00 2.412334e+00
<GCONST> 3.792448e+01
<STATE> 4
<MEAN> 6
 1.663283e+02 1.493715e+01 7.488828e+00 3.486268e+00 2.526917e+00 8.752968e-01
<VARIANCE> 6
 3.287730e+03 2.647963e+02 3.514983e+01 4.996377e+00 1.741311e+00 5.533792e-01
<GCONST> 2.983544e+01
<TRANSP> 5
 0.000000e+00 1.000000e+00 0.000000e+00 0.000000e+00 0.000000e+00
 0.000000e+00 8.289851e-01 1.710149e-01 0.000000e+00 0.000000e+00
 0.000000e+00 0.000000e+00 5.115334e-01 4.884667e-01 0.000000e+00
 0.000000e+00 0.000000e+00 0.000000e+00 7.564145e-01 2.435855e-01
 0.000000e+00 0.000000e+00 0.000000e+00 0.000000e+00 0.000000e+00
<ENDHMM>
~h "bg_board_1"
<BEGINHMM>
<NUMSTATES> 5
<STATE> 2
<MEAN> 6
 1.547744e+02 1.744153e+01 9.294627e+00 4.245903e+00 2.544641e+00 8.526887e-01
<VARIANCE> 6
 3.330904e+03 2.584286e+02 5.908466e+01 7.590348e+00 1.925714e+00 4.360952e-01
<GCONST> 3.062413e+01
<STATE> 3
<MEAN> 6
 2.342331e+02 4.856190e+01 1.455425e+01 8.192016e+00 4.211444e+00 1.689931e+00
<VARIANCE> 6
 9.393641e+03 2.388885e+03 2.749276e+02 3.071728e+01 3.309932e+01 2.485553e+00
<GCONST> 4.140497e+01
<STATE> 4
<MEAN> 6
 2.308844e+02 1.068156e+01 5.139300e+00 2.652823e+00 1.610471e+00 5.300883e-01
<VARIANCE> 6
 1.012522e+04 2.499983e+02 3.530197e+01 6.160518e+00 8.777680e-01 1.253532e-01
<GCONST> 2.894661e+01
<TRANSP> 5
 0.000000e+00 1.000000e+00 0.000000e+00 0.000000e+00 0.000000e+00
 0.000000e+00 8.285133e-01 1.714868e-01 0.000000e+00 0.000000e+00
 0.000000e+00 0.000000e+00 5.891537e-01 4.108463e-01 0.000000e+00
 0.000000e+00 0.000000e+00 0.000000e+00 7.887909e-01 2.112091e-01
 0.000000e+00 0.000000e+00 0.000000e+00 0.000000e+00 0.000000e+00
<ENDHMM>
~h "bg_board_2"
<BEGINHMM>
<NUMSTATES> 5
<STATE> 2
<MEAN> 6
 1.335312e+02 1.646620e+01 7.726652e+00 3.904682e+00 2.374484e+00 7.689894e-01
<VARIANCE> 6
 3.673289e+03 2.783655e+02 4.709999e+01 5.965221e+00 2.435013e+00 2.728220e-01
<GCONST> 3.009427e+01
<STATE> 3
<MEAN> 6
 2.039985e+02 4.663570e+01 1.353841e+01 8.365334e+00 3.337017e+00 1.408847e+00
<VARIANCE> 6
 4.571128e+03 3.537775e+03 2.811338e+02 3.568939e+01 4.843182e+00 1.230087e+00
<GCONST> 3.862437e+01
<STATE> 4
<MEAN> 6
 3.019445e+02 1.488189e+01 6.137988e+00 3.229168e+00 1.989667e+00 7.037133e-01
<VARIANCE> 6
 1.355762e+04 5.313690e+02 3.018547e+01 1.463283e+01 2.171984e+00 4.764667e-01
<GCONST> 3.294234e+01
<TRANSP> 5
 0.000000e+00 1.000000e+00 0.000000e+00 0.000000e+00 0.000000e+00
 0.000000e+00 8.457329e-01 1.542672e-01 0.000000e+00 0.000000e+00
 0.000000e+00 0.000000e+00 6.158759e-01 3.841241e-01 0.000000e+00
 0.000000e+00 0.000000e+00 0.000000e+00 7.445339e-01 2.554661e-01
 0.000000e+00 0.000000e+00 0.000000e+00 0.000000e+00 0.000000e+00
<ENDHMM>
~h "bg_board_3"
<BEGINHMM>
<NUMSTATES> 5
<STATE> 2
<MEAN> 6
 1.338634e+02 1.771792e+01 7.888298e+00 4.712650e+00 2.509520e+00 8.803250e-01
<VARIANCE> 6
 1.005408e+04 5.706339e+02 4.799091e+01 1.970036e+01 3.424072e+00 6.450346e-01
<GCONST> 3.423378e+01
<STATE> 3
<MEAN> 6
 2.429533e+02 5.541926e+01 1.490488e+01 1.177724e+01 4.987835e+00 1.795408e+00
<VARIANCE> 6
 9.097738e+03 4.590692e+03 3.154868e+02 6.422821e+01 1.468236e+01 3.232196e+00
<GCONST> 4.235119e+01
<STATE> 4
<MEAN> 6
 2.457556e+02 1.647571e+01 8.462490e+00 4.045180e+00 2.681752e+00 1.203690e+00
<VARIANCE> 6
 1.523049e+04 3.447354e+02 5.805291e+01 8.858255e+00 3.057710e+00 1.387053e+00
<GCONST> 3.418865e+01
<TRANSP> 5
 0.000000e+00 1.000000e+00 0.000000e+00 0.000000e+00 0.000000e+00
 0.000000e+00 7.308936e-01 2.691065e-01 0.000000e+00 0.000000e+00
 0.000000e+00 0.000000e+00 5.070830e-01 4.929170e-01 0.000000e+00
 0.000000e+00 0.000000e+00 0.000000e+00 8.401345e-01 1.598655e-01
 0.000000e+00 0.000000e+00 0.000000e+00 0.000000e+00 0.000000e+00
<ENDHMM>
~h "bg_board_4"
<BEGINHMM>
<NUMSTATES> 5
<STATE> 2
<MEAN> 6
 1.779960e+02 1.812469e+01 1.025151e+01 5.227117e+00 3.539797e+00 1.501840e+00
<VARIANCE> 6
 5.649833e+03 3.798898e+02 6.498110e+01 1.029023e+01 4.787154e+00 1.609686e+00
<GCONST> 3.415379e+01
<STATE> 3
<MEAN> 6
 2.219142e+02 5.107182e+01 1.482093e+01 1.076193e+01 5.585462e+00 2.932159e+00
<VARIANCE> 6
 4.769684e+03 3.013773e+03 2.220688e+02 3.998346e+01 1.097616e+01 5.120644e+00
<GCONST> 4.062871e+01
<STATE> 4
<MEAN> 6
 2.816416e+02 1.621554e+01 6.771791e+00 4.572996e+00 2.793484e+00 1.160291e+00
<VARIANCE> 6
 7.786953e+03 4.131660e+02 5.678407e+01 1.231648e+01 3.208958e+00 1.297616e+00
<GCONST> 3.398799e+01
<TRANSP> 5
 0.000000e+00 1.000000e+00 0.000000e+00 0.000000e+00 0.000000e+00
 0.000000e+00 8.193362e-01 1.806639e-01 0.000000e+00 0.000000e+00
 0.000000e+00 0.000000e+00 6.652152e-01 3.347848e-01 0.000000e+00
 0.000000e+00 0.000000e+00 0.000000e+00 7.766794e-01 2.233207e-01
 0.000000e+00 0.000000e+00 0.000000e+00 0.000000e+00 0.000000e+00
<ENDHMM>
~h "bg_board_5"
<BEGINHMM>
<NUMSTATES> 5
<STATE> 2
<MEAN> 6
 2.462026e+02 2.026879e+01 1.181308e+01 6.341649e+00 4.483429e+00 2.215422e+00
<VARIANCE> 6
 3.488504e+03 4.484842e+02 1.002580e+02 1.189255e+01 6.066006e+00 2.724872e+00
<GCONST> 3.517915e+01
<STATE> 3
<MEAN> 6
 2.689033e+02 4.692747e+01 1.670797e+01 1.150415e+01 6.485756e+00 3.429458e+00
<VARIANCE> 6
 3.383031e+03 4.207402e+03 3.086849e+02 6.019025e+01 2.468449e+01 7.684806e+00
<GCONST> 4.257365e+01
<STATE> 4
<MEAN> 6
 3.099172e+02 1.567095e+01 6.778540e+00 4.440111e+00 2.851195e+00 1.262975e+00
<VARIANCE> 6
 8.688839e+03 4.553517e+02 5.206868e+01 1.153836e+01 2.826914e+00 1.048404e+00
<GCONST> 3.370282e+01
<TRANSP> 5
 0.000000e+00 1.000000e+00 0.000000e+00 0.000000e+00 0.000000e+00
 0.000000e+00 7.641404e-01 2.358595e-01 0.000000e+00 0.000000e+00
 0.000000e+00 0.000000e+00 5.783985e-01 4.216016e-01 0.000000e+00
 0.000000e+00 0.000000e+00 0.000000e+00 8.144121e-01 1.855880e-01
 0.000000e+00 0.000000e+00 0.000000e+00 0.000000e+00 0.000000e+00
<ENDHMM>
~h "fp_logo"
<BEGINHMM>
<NUMSTATES> 5
<STATE> 2
<MEAN> 6
 1.026993e+02 3.095425e+00 2.688414e+00 9.129854e-01 9.453150e-01 3.385416e-01
<VARIANCE> 6
 4.995067e+02 9.219913e+00 7.483018e+00 4.993867e-01 1.052852e+00 4.869050e-02
<GCONST> 1.780974e+01
<STATE> 3
<MEAN> 6
 2.016012e+02 4.244799e+01 2.911856e+01 1.387105e+01 9.173114e+00 3.953944e+00
<VARIANCE> 6
 1.363614e+04 2.185393e+03 3.211150e+03 1.200116e+02 1.850807e+02 2.326833e+01
<GCONST> 4.946715e+01
<STATE> 4
<MEAN> 6
 2.120164e+02 3.925854e+00 3.705155e+00 1.541132e+00 1.549096e+00 5.614243e-01
<VARIANCE> 6
 4.309134e+03 9.298475e+00 1.061151e+01 9.563435e-01 1.151740e+00 2.432911e-01
<GCONST> 2.267068e+01
<TRANSP> 5
 0.000000e+00 1.000000e+00 0.000000e+00 0.000000e+00 0.000000e+00
 0.000000e+00 9.501436e-01 4.985644e-02 0.000000e+00 0.000000e+00
 0.000000e+00 0.000000e+00 9.421238e-01 5.787621e-02 0.000000e+00
 0.000000e+00 0.000000e+00 0.000000e+00 9.693854e-01 3.061461e-02
 0.000000e+00 0.000000e+00 0.000000e+00 0.000000e+00 0.000000e+00
<ENDHMM>
~h "fp_logo_0"
<BEGINHMM>
<NUMSTATES> 5
<STATE> 2
<MEAN> 6
 1.001260e+02 4.746903e+00 3.386441e+00 1.114133e+00 9.522663e-01 4.252577e-01
<VARIANCE> 6
 4.010042e+02 4.539254e+01 8.485314e+00 1.519085e+00 8.999900e-01 1.217429e-01
<GCONST> 2.118181e+01
<STATE> 3
<MEAN> 6
 1.289062e+02 2.264781e+01 5.399216e+00 6.342876e+00 3.009758e+00 1.325920e+00
<VARIANCE> 6
 7.242515e+02 4.739549e+02 2.050739e+01 2.561897e+01 5.415391e+00 1.339045e+00
<GCONST> 3.201883e+01
<STATE> 4
<MEAN> 6
 1.081894e+02 3.414262e+00 2.238540e+00 1.041959e+00 7.743995e-01 3.155445e-01
<VARIANCE> 6
 4.172744e+02 3.576751e+01 3.839464e+00 2.960113e+00 3.173953e-01 6.787064e-02
<GCONST> 1.923085e+01
<TRANSP> 5
 0.000000e+00 1.000000e+00 0.000000e+00 0.000000e+00 0.000000e+00
 0.000000e+00 3.459677e-01 6.540323e-01 0.000000e+00 0.000000e+00
 0.000000e+00 0.000000e+00 6.481113e-01 3.518887e-01 0.000000e+00
 0.000000e+00 0.000000e+00 0.000000e+00 8.689249e-01 1.310751e-01
 0.000000e+00 0.000000e+00 0.000000e+00 0.000000e+00 0.000000e+00
<ENDHMM>
~h "fp_logo_1"
<BEGINHMM>
<NUMSTATES> 5
<STATE> 2
<MEAN> 6
 1.075170e+02 4.210735e+00 3.120171e+00 1.444177e+00 1.234650e+00 5.276986e-01
<VARIANCE> 6
 8.289121e+02 5.020472e+01 9.082370e+00 3.356403e+00 1.365482e+00 2.921804e-01
<GCONST> 2.416182e+01
<STATE> 3
<MEAN> 6
 2.751664e+02 5.348680e+01 5.764188e+01 1.486114e+01 1.709508e+01 7.344555e+00
<VARIANCE> 6
 2.899971e+04 3.353243e+03 5.682572e+03 1.659839e+02 2.724259e+02 4.120392e+01
<GCONST> 5.250294e+01
<STATE> 4
<MEAN> 6
 1.472356e+02 2.541788e+01 1.260293e+01 9.922551e+00 5.181915e+00 2.944568e+00
<VARIANCE> 6
 4.051282e+03 7.586768e+02 7.982135e+02 5.640536e+01 6.220406e+01 1.547806e+01
<GCONST> 4.355041e+01
<TRANSP> 5
 0.000000e+00 1.000000e+00 0.000000e+00 0.000000e+00 0.000000e+00
 0.000000e+00 8.745822e-01 1.254178e-01 0.000000e+00 0.000000e+00
 0.000000e+00 0.000000e+00 4.006374e-01 5.993626e-01 0.000000e+00
 0.000000e+00 0.000000e+00 0.000000e+00 7.022224e-01 2.977776e-01
 0.000000e+00 0.000000e+00 0.000000e+00 0.000000e+00 0.000000e+00
<ENDHMM>
~h "fp_logo_2"
<BEGINHMM>
<NUMSTATES> 5
<STATE> 2
<MEAN> 6
 1.557893e+02 2.377453e+01 2.621335e+01 7.731961e+00 7.988792e+00 3.739189e+00
<VARIANCE> 6
 9.645275e+03 1.440632e+03 2.075233e+03 9.042056e+01 1.610481e+02 3.371267e+01
<GCONST> 4.821620e+01
<STATE> 3
<MEAN> 6
 2.909388e+02 6.120956e+01 8.508761e+01 1.671163e+01 2.387410e+01 7.400061e+00
<VARIANCE> 6
 2.640268e+04 3.532658e+03 7.075260e+03 1.829268e+02 3.208158e+02 3.279337e+01
<GCONST> 5.271283e+01
<STATE> 4
<MEAN> 6
 1.226564e+02 1.394942e+01 3.680408e+00 5.553941e+00 1.447046e+00 1.139237e+00
<VARIANCE> 6
 1.985635e+03 9.012348e+02 4.825951e+01 8.302567e+01 1.940492e+00 3.603418e+00
<GCONST> 3.566529e+01
<TRANSP> 5
 0.000000e+00 1.000000e+00 0.000000e+00 0.000000e+00 0.000000e+00
 0.000000e+00 1.140702e-01 8.859298e-01 0.000000e+00 0.000000e+00
 0.000000e+00 0.000000e+00 7.120042e-01 2.879959e-01 0.000000e+00
 0.000000e+00 0.000000e+00 0.000000e+00 8.809378e-01 1.190622e-01
 0.000000e+00 0.000000e+00 0.000000e+00 0.000000e+00 0.000000e+00
<ENDHMM>
~h "fp_logo_3"
<BEGINHMM>
<NUMSTATES> 5
<STATE> 2
<MEAN> 6
 1.597741e+02 4.788579e+01 6.606594e+00 1.510354e+01 2.341865e+00 1.943538e+00
<VARIANCE> 6
 4.358483e+03 3.061997e+03 1.557373e+02 2.173863e+02 3.821354e+00 7.550638e+00
<GCONST> 4.122605e+01
<STATE> 3
<MEAN> 6
 1.542777e+02 2.399918e+01 1.579489e+01 1.014418e+01 5.479543e+00 3.040894e+00
<VARIANCE> 6
 6.904188e+03 1.696635e+03 8.986852e+02 2.258448e+02 1.747146e+02 3.654409e+01
<GCONST> 4.828600e+01
<STATE> 4
<MEAN> 6
 1.450392e+02 4.975367e+00 3.519947e+00 2.284079e+00 1.176410e+00 4.361281e-01
<VARIANCE> 6
 1.100373e+03 6.583618e+01 7.846434e+00 1.359138e+01 5.508322e-01 6.623300e-02
<GCONST> 2.357643e+01
<TRANSP> 5
 0.000000e+00 1.000000e+00 0.000000e+00 0.000000e+00 0.000000e+00
 0.000000e+00 4.554848e-01 5.445152e-01 0.000000e+00 0.000000e+00
 0.000000e+00 0.000000e+00 6.548075e-02 9.345192e-01 0.000000e+00
 0.000000e+00 0.000000e+00 0.000000e+00 8.900306e-01 1.099694e-01
 0.000000e+00 0.000000e+00 0.000000e+00 0.000000e+00 0.000000e+00
<ENDHMM>
~h "fp_logo_4"
<BEGINHMM>
<NUMSTATES> 5
<STATE> 2
<MEAN> 6
 1.795208e+02 1.229307e+01 4.746574e+00 4.440332e+00 1.524881e+00 5.152340e-01
<VARIANCE> 6
 7.117049e+02 2.465381e+02 8.645288e+00 2.857653e+01 7.267123e-01 1.024124e-01
<GCONST> 2.601407e+01
<STATE> 3
<MEAN> 6
 2.129386e+02 4.692681e+01 1.000195e+01 1.243913e+01 2.341583e+00 9.635573e-01
<VARIANCE> 6
 3.293623e+03 3.283168e+03 1.096675e+02 1.886750e+02 2.541267e+00 4.817308e-01
<GCONST> 3.736334e+01
<STATE> 4
<MEAN> 6
 2.309048e+02 4.455217e+00 4.419016e+00 1.745501e+00 1.898360e+00 6.476082e-01
<VARIANCE> 6
 5.731498e+02 1.462034e+01 1.527760e+01 1.542907e+00 1.974687e+00 6.249337e-01
<GCONST> 2.343118e+01
<TRANSP> 5
 0.000000e+00 1.000000e+00 0.000000e+00 0.000000e+00 0.000000e+00
 0.000000e+00 5.951861e-01 4.048140e-01 0.000000e+00 0.000000e+00
 0.000000e+00 0.000000e+00 4.066526e-01 5.933474e-01 0.000000e+00
 0.000000e+00 0.000000e+00 0.000000e+00 8.869338e-01 1.130662e-01
 0.000000e+00 0.000000e+00 0.000000e+00 0.000000e+00 0.000000e+00
<ENDHMM>
~h "fp_logo_5"
<BEGINHMM>
<NUMSTATES> 5
<STATE> 2
<MEAN> 6
 2.478068e+02 5.030849e+00 4.456394e+00 2.317195e+00 1.568026e+00 9.448525e-01
<VARIANCE> 6
 8.531169e+02 3.535433e+01 2.434731e+01 3.401966e+00 1.363476e+00 1.916232e+00
<GCONST> 2.671875e+01
<STATE> 3
<MEAN> 6
 2.542130e+02 7.900259e+00 5.282699e+00 3.162884e+00 2.864858e+00 2.357006e+00
<VARIANCE> 6
 9.325446e+02 6.340809e+01 2.180721e+01 2.837592e+00 4.577265e+00 9.581644e+00
<GCONST> 2.992092e+01
<STATE> 4
<MEAN> 6
 2.871182e+02 3.084261e+00 3.558021e+00 1.456687e+00 1.717574e+00 5.340230e-01
<VARIANCE> 6
 3.258127e+02 6.530742e+00 8.950856e+00 5.462028e-01 1.030174e+00 2.864214e-01
<GCONST> 1.905653e+01
<TRANSP> 5
 0.000000e+00 1.000000e+00 0.000000e+00 0.000000e+00 0.000000e+00
 0.000000e+00 5.139899e-01 4.860102e-01 0.000000e+00 0.000000e+00
 0.000000e+00 0.000000e+00 2.263588e-01 7.736412e-01 0.000000e+00
 0.000000e+00 0.000000e+00 0.000000e+00 8.843910e-01 1.156091e-01
 0.000000e+00 0.000000e+00 0.000000e+00 0.000000e+00 0.000000e+00
<ENDHMM>
~h "fp_screen"
<BEGINHMM>
<NUMSTATES> 5
<STATE> 2
<MEAN> 6
 3.314068e+02 5.356128e+00 7.438338e+00 1.310273e+00 2.642195e+00 8.168908e-01
<VARIANCE> 6
 3.056791e+04 2.114221e+01 3.355435e+02 1.550800e+00 3.065488e+01 1.696130e+00
<GCONST> 3.461190e+01
<STATE> 3
<MEAN> 6
 4.851835e+02 4.357237e+01 2.784290e+01 1.213813e+01 9.183435e+00 4.738700e+00
<VARIANCE> 6
 4.547714e+04 1.822066e+03 1.817619e+03 9.730135e+01 1.410514e+02 3.382170e+01
<GCONST> 4.981327e+01
<STATE> 4
<MEAN> 6
 3.356627e+02 6.202266e+00 5.370124e+00 1.579072e+00 1.625577e+00 5.648243e-01
<VARIANCE> 6
 1.038049e+04 4.101643e+01 6.663559e+01 2.578912e+00 5.176702e+00 3.330068e-01
<GCONST> 2.968010e+01
<TRANSP> 5
 0.000000e+00 1.000000e+00 0.000000e+00 0.000000e+00 0.000000e+00
 0.000000e+00 9.309998e-01 6.900027e-02 0.000000e+00 0.000000e+00
 0.000000e+00 0.000000e+00 9.405218e-01 5.947816e-02 0.000000e+00
 0.000000e+00 0.000000e+00 0.000000e+00 9.741565e-01 2.584353e-02
 0.000000e+00 0.000000e+00 0.000000e+00 0.000000e+00 0.000000e+00
<ENDHMM>
~h "fp_screen_0"
<BEGINHMM>
<NUMSTATES> 5
<STATE> 2
<MEAN> 6
 1.270540e+02 4.887474e+00 1.522373e+01 1.545642e+00 5.155200e+00 9.178264e-01
<VARIANCE> 6
 2.303073e+03 2.810677e+01 5.367198e+02 1.486743e+00 6.554279e+01 1.617858e+00
<GCONST> 3.345114e+01
<STATE> 3
<MEAN> 6
 4.193658e+02 2.530200e+01 4.355331e+01 8.020566e+00 1.456115e+01 5.904994e+00
<VARIANCE> 6
 3.166246e+04 1.205202e+03 1.426465e+03 6.012682e+01 1.111939e+02 4.308178e+01
<GCONST> 4.831834e+01
<STATE> 4
<MEAN> 6
 3.980612e+02 7.181018e+00 2.469151e+00 2.466834e+00 1.218169e+00 6.706084e-01
<VARIANCE> 6
 2.249630e+04 1.547208e+02 1.164790e+01 1.523330e+01 7.742056e+00 2.609833e+00
<GCONST> 3.427456e+01
<TRANSP> 5
 0.000000e+00 1.000000e+00 0.000000e+00 0.000000e+00 0.000000e+00
 0.000000e+00 6.905494e-01 3.094505e-01 0.000000e+00 0.000000e+00
 0.000000e+00 0.000000e+00 6.042199e-01 3.957801e-01 0.000000e+00
 0.000000e+00 0.000000e+00 0.000000e+00 8.397900e-01 1.602099e-01
 0.000000e+00 0.000000e+00 0.000000e+00 0.000000e+00 0.000000e+00
<ENDHMM>
~h "fp_screen_1"
<BEGINHMM>
<NUMSTATES> 5
<STATE> 2
<MEAN> 6
 4.141287e+02 6.292481e+00 1.882404e+00 1.529621e+00 9.159753e-01 5.787451e-01
<VARIANCE> 6
 1.728821e+04 1.052053e+02 8.757366e+00 5.964855e+00 5.949637e+00 2.085438e+00
<GCONST> 3.191505e+01
<STATE> 3
<MEAN> 6
 4.868652e+02 4.077689e+01 2.391411e+01 1.190752e+01 8.603640e+00 4.987933e+00
<VARIANCE> 6
 4.356794e+04 1.890981e+03 1.076932e+03 8.460471e+01 9.342394e+01 4.445712e+01
<GCONST> 4.900572e+01
<STATE> 4
<MEAN> 6
 3.966943e+02 2.129248e+01 1.229369e+01 5.482056e+00 3.494365e+00 1.949709e+00
<VARIANCE> 6
 3.246824e+04 6.218070e+02 1.028415e+03 2.926662e+01 3.462233e+01 1.321804e+01
<GCONST> 4.428621e+01
<TRANSP> 5
 0.000000e+00 1.000000e+00 0.000000e+00 0.000000e+00 0.000000e+00
 0.000000e+00 8.749400e-01 1.250600e-01 0.000000e+00 0.000000e+00
 0.000000e+00 0.000000e+00 5.778522e-01 4.221478e-01 0.000000e+00
 0.000000e+00 0.000000e+00 0.000000e+00 6.204926e-01 3.795074e-01
 0.000000e+00 0.000000e+00 0.000000e+00 0.000000e+00 0.000000e+00
<ENDHMM>
~h "fp_screen_2"
<BEGINHMM>
<NUMSTATES> 5
<STATE> 2
<MEAN> 6
 4.815811e+02 1.883330e+01 2.113981e+01 4.621445e+00 5.757055e+00 3.261694e+00
<VARIANCE> 6
 3.442395e+04 8.503517e+02 1.676287e+03 3.078852e+01 5.677889e+01 2.135124e+01
<GCONST> 4.617118e+01
<STATE> 3
<MEAN> 6
 6.199904e+02 6.022164e+01 4.056066e+01 1.761783e+01 1.515954e+01 7.318321e+00
<VARIANCE> 6
 3.092849e+04 2.742856e+03 2.322799e+03 1.501508e+02 2.516298e+02 4.169638e+01
<GCONST> 5.130400e+01
<STATE> 4
<MEAN> 6
 3.591773e+02 1.935093e+01 5.472066e+00 3.506349e+00 1.638208e+00 1.093212e+00
<VARIANCE> 6
 2.201154e+04 5.657205e+02 2.652972e+02 2.140303e+01 8.070328e+00 3.340395e+00
<GCONST> 3.930335e+01
<TRANSP> 5
 0.000000e+00 1.000000e+00 0.000000e+00 0.000000e+00 0.000000e+00
 0.000000e+00 3.708817e-01 6.291183e-01 0.000000e+00 0.000000e+00
 0.000000e+00 0.000000e+00 7.717544e-01 2.282457e-01 0.000000e+00
 0.000000e+00 0.000000e+00 0.000000e+00 8.577369e-01 1.422631e-01
 0.000000e+00 0.000000e+00 0.000000e+00 0.000000e+00 0.000000e+00
<ENDHMM>
~h "fp_screen_3"
<BEGINHMM>
<NUMSTATES> 5
<STATE> 2
<MEAN> 6
 3.193585e+02 3.258776e+01 1.054495e+01 7.710330e+00 3.198565e+00 1.678334e+00
<VARIANCE> 6
 3.504707e+04 7.456808e+02 5.897663e+02 5.360593e+01 1.712316e+01 5.431186e+00
<GCONST> 4.299998e+01
<STATE> 3
<MEAN> 6
 4.938676e+02 4.189872e+01 2.605744e+01 9.601474e+00 4.426966e+00 3.035489e+00
<VARIANCE> 6
 4.411905e+04 2.821387e+03 2.277272e+03 1.124519e+02 2.760485e+01 1.796945e+01
<GCONST> 4.832682e+01
<STATE> 4
<MEAN> 6
 3.854970e+02 7.637346e+00 3.262300e+00 1.235802e+00 8.555056e-01 4.906226e-01
<VARIANCE> 6
 8.529504e+03 5.520563e+01 9.902648e+00 1.777450e+00 5.872511e-01 2.588879e-01
<GCONST> 2.507393e+01
<TRANSP> 5
 0.000000e+00 1.000000e+00 0.000000e+00 0.000000e+00 0.000000e+00
 0.000000e+00 6.630688e-01 3.369312e-01 0.000000e+00 0.000000e+00
 0.000000e+00 0.000000e+00 2.538176e-01 7.461824e-01 0.000000e+00
 0.000000e+00 0.000000e+00 0.000000e+00 8.699928e-01 1.300072e-01
 0.000000e+00 0.000000e+00 0.000000e+00 0.000000e+00 0.000000e+00
<ENDHMM>
~h "fp_screen_4"
<BEGINHMM>
<NUMSTATES> 5
<STATE> 2
<MEAN> 6
 3.610869e+02 7.241572e+00 4.497615e+00 1.319098e+00 9.344215e-01 5.099295e-01
<VARIANCE> 6
 8.171097e+03 5.846275e+01 1.914425e+01 2.543435e+00 6.696002e-01 2.294849e-01
<GCONST> 2.611654e+01
<STATE> 3
<MEAN> 6
 3.731451e+02 2.250777e+01 4.158044e+01 8.929800e+00 9.086675e+00 2.983721e+00
<VARIANCE> 6
 4.394437e+04 8.799379e+02 2.725923e+03 8.343921e+01 1.169628e+02 1.274623e+01
<GCONST> 4.813956e+01
<STATE> 4
<MEAN> 6
 1.997181e+02 6.262672e+00 8.164879e+00 2.456061e+00 2.531870e+00 9.485754e-01
<VARIANCE> 6
 2.041684e+03 3.315154e+01 5.874986e+01 6.224793e+00 4.550160e+00 8.381808e-01
<GCONST> 2.939035e+01
<TRANSP> 5
 0.000000e+00 1.000000e+00 0.000000e+00 0.000000e+00 0.000000e+00
 0.000000e+00 8.488930e-01 1.511070e-01 0.000000e+00 0.000000e+00
 0.000000e+00 0.000000e+00 4.642006e-01 5.357994e-01 0.000000e+00
 0.000000e+00 0.000000e+00 0.000000e+00 7.785555e-01 2.214445e-01
 0.000000e+00 0.000000e+00 0.000000e+00 0.000000e+00 0.000000e+00
<ENDHMM>
~h "fp_screen_5"
<BEGINHMM>
<NUMSTATES> 5
<STATE> 2
<MEAN> 6
 1.867396e+02 5.866163e+00 9.045126e+00 2.443092e+00 3.432417e+00 1.235552e+00
<VARIANCE> 6
 1.912420e+03 4.213671e+01 7.923512e+01 1.095300e+01 6.893235e+00 1.778289e+00
<GCONST> 3.159653e+01
<STATE> 3
<MEAN> 6
 2.569997e+02 8.159095e+00 2.590567e+01 2.708546e+00 8.387707e+00 1.452092e+00
<VARIANCE> 6
 1.674703e+03 1.077009e+02 3.210717e+02 4.001929e+00 2.557773e+01 1.637414e+00
<GCONST> 3.402329e+01
<STATE> 4
<MEAN> 6
 3.459931e+02 2.458310e+00 3.070507e+00 1.155056e+00 1.355023e+00 3.868256e-01
<VARIANCE> 6
 7.640959e+02 4.407170e+00 5.649106e+00 4.512158e-01 7.326192e-01 6.301232e-02
<GCONST> 1.700932e+01
<TRANSP> 5
 0.000000e+00 1.000000e+00 0.000000e+00 0.000000e+00 0.000000e+00
 0.000000e+00 3.458832e-01 6.541168e-01 0.000000e+00 0.000000e+00
 0.000000e+00 0.000000e+00 3.609412e-01 6.390588e-01 0.000000e+00
 0.000000e+00 0.000000e+00 0.000000e+00 8.877215e-01 1.122785e-01
 0.000000e+00 0.000000e+00 0.000000e+00 0.000000e+00 0.000000e+00
<ENDHMM>
~h "fp_key"
<BEGINHMM>
<NUMSTATES> 5
<STATE> 2
<MEAN> 6
 1.521822e+02 3.865636e+00 3.327675e+00 1.167743e+00 1.074184e+00 3.931124e-01
<VARIANCE> 6
 4.285819e+03 1.398440e+01 8.283747e+00 6.602265e-01 6.540025e-01 1.239255e-01
<GCONST> 2.121468e+01
<STATE> 3
<MEAN> 6
 3.347584e+02 6.815125e+01 2.722013e+01 1.603857e+01 9.102581e+00 3.707401e+00
<VARIANCE> 6
 3.872546e+04 3.908256e+03 2.178872e+03 1.778764e+02 1.619819e+02 2.253984e+01
<GCONST> 5.093278e+01
<STATE> 4
<MEAN> 6
 2.212198e+02 1.133543e+01 6.038891e+00 2.330594e+00 1.801860e+00 6.802641e-01
<VARIANCE> 6
 1.120177e+04 2.703942e+02 8.039760e+01 4.855618e+00 3.749073e+00 7.090505e-01
<GCONST> 3.289577e+01
<TRANSP> 5
 0.000000e+00 1.000000e+00 0.000000e+00 0.000000e+00 0.000000e+00
 0.000000e+00 9.174192e-01 8.258079e-02 0.000000e+00 0.000000e+00
 0.000000e+00 0.000000e+00 9.695790e-01 3.042102e-02 0.000000e+00
 0.000000e+00 0.000000e+00 0.000000e+00 9.600298e-01 3.997020e-02
 0.000000e+00 0.000000e+00 0.000000e+00 0.000000e+00 0.000000e+00
<ENDHMM>
~h "fp_key_0"
<BEGINHMM>
<NUMSTATES> 5
<STATE> 2
<MEAN> 6
 1.862455e+02 4.227046e+00 3.731288e+00 1.266182e+00 1.268383e+00 4.577380e-01
<VARIANCE> 6
 2.541577e+03 1.817425e+01 1.094413e+01 9.836577e-01 8.531460e-01 1.647303e-01
<GCONST> 2.218186e+01
<STATE> 3
<MEAN> 6
 2.424878e+02 4.782332e+01 3.225609e+01 1.196729e+01 1.199341e+01 3.718436e+00
<VARIANCE> 6
 1.458510e+04 2.757611e+03 1.677504e+03 1.019799e+02 1.462365e+02 1.351420e+01
<GCONST> 4.817594e+01
<STATE> 4
<MEAN> 6
 3.679920e+02 8.212875e+01 7.630509e+00 1.444455e+01 2.366616e+00 1.339977e+00
<VARIANCE> 6
 5.003048e+04 5.152694e+03 1.586026e+02 1.719478e+02 8.182634e+00 4.071871e+00
<GCONST> 4.411463e+01
<TRANSP> 5
 0.000000e+00 1.000000e+00 0.000000e+00 0.000000e+00 0.000000e+00
 0.000000e+00 8.141019e-01 1.858981e-01 0.000000e+00 0.000000e+00
 0.000000e+00 0.000000e+00 5.956407e-01 4.043593e-01 0.000000e+00
 0.000000e+00 0.000000e+00 0.000000e+00 7.589002e-01 2.410998e-01
 0.000000e+00 0.000000e+00 0.000000e+00 0.000000e+00 0.000000e+00
<ENDHMM>
~h "fp_key_1"
<BEGINHMM>
<NUMSTATES> 5
<STATE> 2
<MEAN> 6
 1.413113e+02 1.502176e+01 5.282031e+00 3.179328e+00 1.805794e+00 8.221749e-01
<VARIANCE> 6
 9.528285e+03 1.111058e+03 1.101732e+02 3.475708e+01 1.232490e+01 2.736448e+00
<GCONST> 3.897107e+01
<STATE> 3
<MEAN> 6
 3.268058e+02 7.420770e+01 5.126546e+01 2.061531e+01 1.514408e+01 5.638770e+00
<VARIANCE> 6
 3.508111e+04 4.051183e+03 4.256359e+03 2.743885e+02 2.554074e+02 4.143583e+01
<GCONST> 5.303716e+01
<STATE> 4
<MEAN> 6
 3.793592e+02 6.814192e+01 1.096011e+01 1.794494e+01 5.342705e+00 2.416777e+00
<VARIANCE> 6
 4.556690e+04 3.159088e+03 3.057353e+02 1.765608e+02 9.339484e+01 9.529368e+00
<GCONST> 4.749984e+01
<TRANSP> 5
 0.000000e+00 1.000000e+00 0.000000e+00 0.000000e+00 0.000000e+00
 0.000000e+00 8.695115e-01 1.304885e-01 0.000000e+00 0.000000e+00
 0.000000e+00 0.000000e+00 6.300818e-01 3.699182e-01 0.000000e+00
 0.000000e+00 0.000000e+00 0.000000e+00 6.202319e-01 3.797681e-01
 0.000000e+00 0.000000e+00 0.000000e+00 0.000000e+00 0.000000e+00
<ENDHMM>
~h "fp_key_2"
<BEGINHMM>
<NUMSTATES> 5
<STATE> 2
<MEAN> 6
 2.554843e+02 4.993854e+01 9.802572e+00 1.356620e+01 5.358308e+00 2.345271e+00
<VARIANCE> 6
 3.538948e+04 2.537261e+03 3.194749e+02 1.610300e+02 9.658470e+01 1.244922e+01
<GCONST> 4.728062e+01
<STATE> 3
<MEAN> 6
 3.178109e+02 8.722430e+01 5.221570e+01 1.866608e+01 1.614235e+01 5.191882e+00
<VARIANCE> 6
 2.665694e+04 4.381722e+03 4.157491e+03 2.200167e+02 2.633186e+02 3.013306e+01
<GCONST> 5.230862e+01
<STATE> 4
<MEAN> 6
 1.350799e+02 1.760874e+01 7.000507e+00 5.309228e+00 2.551766e+00 1.493069e+00
<VARIANCE> 6
 1.445513e+04 1.265475e+03 2.890901e+02 1.127840e+02 2.487681e+01 1.395972e+01
<GCONST> 4.399160e+01
<TRANSP> 5
 0.000000e+00 1.000000e+00 0.000000e+00 0.000000e+00 0.000000e+00
 0.000000e+00 7.546321e-01 2.453679e-01 0.000000e+00 0.000000e+00
 0.000000e+00 0.000000e+00 6.434125e-01 3.565875e-01 0.000000e+00
 0.000000e+00 0.000000e+00 0.000000e+00 8.366047e-01 1.633953e-01
 0.000000e+00 0.000000e+00 0.000000e+00 0.000000e+00 0.000000e+00
<ENDHMM>
~h "fp_key_3"
<BEGINHMM>
<NUMSTATES> 5
<STATE> 2
<MEAN> 6
 3.894755e+02 8.729208e+01 1.239257e+01 2.072155e+01 4.932333e+00 3.182034e+00
<VARIANCE> 6
 3.311433e+04 3.927476e+03 5.102896e+02 2.214959e+02 3.931051e+01 2.340609e+01
<GCONST> 4.817060e+01
<STATE> 3
<MEAN> 6
 2.978200e+02 6.423351e+01 7.346599e+01 1.567989e+01 2.377289e+01 7.132432e+00
<VARIANCE> 6
 2.488986e+04 3.367271e+03 5.618595e+03 1.337179e+02 3.423777e+02 3.204222e+01
<GCONST> 5.210388e+01
<STATE> 4
<MEAN> 6
 1.545230e+02 1.677942e+01 4.843647e+00 4.158448e+00 2.153911e+00 1.063619e+00
<VARIANCE> 6
 8.890899e+03 9.322449e+02 4.629162e+01 4.421402e+01 6.923242e+00 1.734261e+00
<GCONST> 3.706711e+01
<TRANSP> 5
 0.000000e+00 1.000000e+00 0.000000e+00 0.000000e+00 0.000000e+00
 0.000000e+00 7.135860e-01 2.864140e-01 0.000000e+00 0.000000e+00
 0.000000e+00 0.000000e+00 5.695994e-01 4.304006e-01 0.000000e+00
 0.000000e+00 0.000000e+00 0.000000e+00 8.383220e-01 1.616780e-01
 0.000000e+00 0.000000e+00 0.000000e+00 0.000000e+00 0.000000e+00
<ENDHMM>
~h "fp_key_4"
<BEGINHMM>
<NUMSTATES> 5
<STATE> 2
<MEAN> 6
 3.921499e+02 6.573963e+01 7.744001e+00 1.260021e+01 2.773211e+00 1.587251e+00
<VARIANCE> 6
 4.053029e+04 3.063824e+03 8.400375e+01 9.597879e+01 8.743842e+00 2.330177e+00
<GCONST> 4.167377e+01
<STATE> 3
<MEAN> 6
 4.195002e+02 8.395615e+01 5.196173e+01 2.083192e+01 1.539184e+01 7.153369e+00
<VARIANCE> 6
 2.295460e+04 3.442664e+03 2.581557e+03 1.621930e+02 1.799278e+02 4.062539e+01
<GCONST> 5.105442e+01
<STATE> 4
<MEAN> 6
 2.347479e+02 1.190312e+01 8.599320e+00 3.439386e+00 2.865211e+00 1.406383e+00
<VARIANCE> 6
 9.897749e+03 3.752845e+02 3.967100e+02 1.193393e+01 2.255565e+01 3.882394e+00
<GCONST> 3.909004e+01
<TRANSP> 5
 0.000000e+00 1.000000e+00 0.000000e+00 0.000000e+00 0.000000e+00
 0.000000e+00 7.706669e-01 2.293331e-01 0.000000e+00 0.000000e+00
 0.000000e+00 0.000000e+00 6.675345e-01 3.324655e-01 0.000000e+00
 0.000000e+00 0.000000e+00 0.000000e+00 8.224337e-01 1.775663e-01
 0.000000e+00 0.000000e+00 0.000000e+00 0.000000e+00 0.000000e+00
<ENDHMM>
~h "fp_key_5"
<BEGINHMM>
<NUMSTATES> 5
<STATE> 2
<MEAN> 6
 3.319128e+02 2.132168e+01 2.963706e+01 5.980137e+00 7.787654e+00 2.849318e+00
<VARIANCE> 6
 2.007185e+04 1.284909e+03 2.552523e+03 4.061869e+01 1.078167e+02 1.489324e+01
<GCONST> 4.702319e+01
<STATE> 3
<MEAN> 6
 2.648816e+02 1.929022e+01 7.853144e+00 3.692337e+00 2.920378e+00 1.205780e+00
<VARIANCE> 6
 4.067246e+03 5.722503e+02 1.011431e+02 7.718227e+00 4.877229e+00 1.100355e+00
<GCONST> 3.402789e+01
<STATE> 4
<MEAN> 6
 3.124765e+02 3.966729e+00 7.240323e+00 1.059623e+00 1.630849e+00 4.050338e-01
<VARIANCE> 6
 6.721741e+03 4.499339e+01 1.603801e+02 1.117154e+00 5.987217e+00 1.105146e-01
<GCONST> 2.842223e+01
<TRANSP> 5
 0.000000e+00 1.000000e+00 0.000000e+00 0.000000e+00 0.000000e+00
 0.000000e+00 6.546294e-02 9.345371e-01 0.000000e+00 0.000000e+00
 0.000000e+00 0.000000e+00 5.504410e-01 4.495590e-01 0.000000e+00
 0.000000e+00 0.000000e+00 0.000000e+00 8.851308e-01 1.148693e-01
 0.000000e+00 0.000000e+00 0.000000e+00 0.000000e+00 0.000000e+00
<ENDHMM>
