~o
<STREAMINFO> 1 6
<VECSIZE> 6<NULLD><MFCC><DIAGC>
~h "fp_logo_0"
<BEGINHMM>
<NUMSTATES> 5
<STATE> 2
<MEAN> 6
 1.586143e+02 7.681301e+00 3.608986e+00 7.074469e+00 1.801540e+00 8.070062e-01
<VARIANCE> 6
 2.318610e+03 7.033785e+01 9.085008e+00 3.549589e+01 1.476091e+00 4.110514e-01
<GCONST> 2.830570e+01
<STATE> 3
<MEAN> 6
 1.681478e+02 1.056731e+01 6.660470e+00 4.876069e+00 3.097667e+00 1.379191e+00
<VARIANCE> 6
 5.909392e+03 1.542969e+02 3.509175e+01 2.186860e+01 4.825084e+00 1.188802e+00
<GCONST> 3.314023e+01
<STATE> 4
<MEAN> 6
 1.242992e+02 5.295537e+00 2.533033e+00 1.580643e+00 1.110389e+00 3.644223e-01
<VARIANCE> 6
 1.744522e+03 4.469692e+01 4.184544e+00 3.448266e+00 5.935076e-01 6.819974e-02
<GCONST> 2.175365e+01
<TRANSP> 5
 0.000000e+00 1.000000e+00 0.000000e+00 0.000000e+00 0.000000e+00
 0.000000e+00 5.073891e-01 4.926109e-01 0.000000e+00 0.000000e+00
 0.000000e+00 0.000000e+00 1.487531e-01 8.512469e-01 0.000000e+00
 0.000000e+00 0.000000e+00 0.000000e+00 8.040656e-01 1.959345e-01
 0.000000e+00 0.000000e+00 0.000000e+00 0.000000e+00 0.000000e+00
<ENDHMM>
~h "fp_logo_1"
<BEGINHMM>
<NUMSTATES> 5
<STATE> 2
<MEAN> 6
 1.578167e+02 7.724166e+00 3.721563e+00 3.310589e+00 2.162601e+00 1.601988e+00
<VARIANCE> 6
 2.865490e+03 8.935372e+01 8.332910e+00 7.899789e+00 1.331832e+00 2.152754e+00
<GCONST> 2.872071e+01
<STATE> 3
<MEAN> 6
 3.687179e+02 8.702230e+01 7.902731e+01 2.455790e+01 2.203265e+01 9.951525e+00
<VARIANCE> 6
 3.451455e+04 6.035422e+03 5.680962e+03 3.956704e+02 2.789964e+02 5.370733e+01
<GCONST> 5.442201e+01
<STATE> 4
<MEAN> 6
 1.845781e+02 1.378854e+01 6.600887e+00 5.914361e+00 4.784679e+00 2.603575e+00
<VARIANCE> 6
 6.412683e+03 7.885903e+02 1.006536e+02 5.465353e+01 5.129092e+01 6.662483e+00
<GCONST> 4.091025e+01
<TRANSP> 5
 0.000000e+00 1.000000e+00 0.000000e+00 0.000000e+00 0.000000e+00
 0.000000e+00 4.926352e-01 5.073648e-01 0.000000e+00 0.000000e+00
 0.000000e+00 0.000000e+00 6.355851e-01 3.644149e-01 0.000000e+00
 0.000000e+00 0.000000e+00 0.000000e+00 7.370917e-02 9.262908e-01
 0.000000e+00 0.000000e+00 0.000000e+00 0.000000e+00 0.000000e+00
<ENDHMM>
~h "fp_logo_2"
<BEGINHMM>
<NUMSTATES> 5
<STATE> 2
<MEAN> 6
 2.433172e+02 2.376704e+01 2.642189e+01 8.578482e+00 9.802332e+00 3.413574e+00
<VARIANCE> 6
 2.908030e+04 1.357995e+03 2.132169e+03 1.100113e+02 1.843811e+02 1.918196e+01
<GCONST> 4.905530e+01
<STATE> 3
<MEAN> 6
 3.832122e+02 6.313162e+01 9.266960e+01 1.892281e+01 2.400177e+01 7.460155e+00
<VARIANCE> 6
 4.005555e+04 4.944084e+03 9.429552e+03 4.191899e+02 4.210542e+02 4.141387e+01
<GCONST> 5.508754e+01
<STATE> 4
<MEAN> 6
 1.693349e+02 1.376888e+01 4.745278e+00 5.373281e+00 2.831603e+00 2.168259e+00
<VARIANCE> 6
 3.448089e+03 3.135258e+02 1.530949e+01 2.055532e+01 2.630699e+00 2.935571e+00
<GCONST> 3.271646e+01
<TRANSP> 5
 0.000000e+00 1.000000e+00 0.000000e+00 0.000000e+00 0.000000e+00
 0.000000e+00 8.720444e-02 9.127955e-01 0.000000e+00 0.000000e+00
 0.000000e+00 0.000000e+00 6.151276e-01 3.848724e-01 0.000000e+00
 0.000000e+00 0.000000e+00 0.000000e+00 4.123433e-01 5.876567e-01
 0.000000e+00 0.000000e+00 0.000000e+00 0.000000e+00 0.000000e+00
<ENDHMM>
~h "fp_logo_3"
<BEGINHMM>
<NUMSTATES> 5
<STATE> 2
<MEAN> 6
 1.945654e+02 2.648841e+01 1.072617e+01 9.509327e+00 5.206081e+00 2.803749e+00
<VARIANCE> 6
 3.711032e+03 2.104598e+03 1.819472e+02 1.385682e+02 7.598390e+01 1.317114e+01
<GCONST> 4.394184e+01
<STATE> 3
<MEAN> 6
 3.069575e+02 6.185270e+01 5.095220e+00 1.327284e+01 1.838953e+00 1.271863e+00
<VARIANCE> 6
 4.011543e+04 8.232775e+03 1.519515e+01 3.033560e+02 1.030036e+00 1.108340e+00
<GCONST> 3.921100e+01
<STATE> 4
<MEAN> 6
 1.734017e+02 5.536489e+00 3.450221e+00 2.035909e+00 1.262937e+00 5.163326e-01
<VARIANCE> 6
 4.301719e+03 8.657500e+01 6.679293e+00 3.313769e+00 5.041384e-01 1.310364e-01
<GCONST> 2.423495e+01
<TRANSP> 5
 0.000000e+00 1.000000e+00 0.000000e+00 0.000000e+00 0.000000e+00
 0.000000e+00 1.263698e-01 8.736302e-01 0.000000e+00 0.000000e+00
 0.000000e+00 0.000000e+00 4.399827e-01 5.600173e-01 0.000000e+00
 0.000000e+00 0.000000e+00 0.000000e+00 6.460915e-01 3.539085e-01
 0.000000e+00 0.000000e+00 0.000000e+00 0.000000e+00 0.000000e+00
<ENDHMM>
~h "fp_logo_4"
<BEGINHMM>
<NUMSTATES> 5
<STATE> 2
<MEAN> 6
 2.077395e+02 2.942497e+01 4.790719e+00 9.593686e+00 2.059018e+00 9.720766e-01
<VARIANCE> 6
 4.164338e+03 9.933471e+02 2.618194e+01 8.077922e+01 1.545932e+00 8.736793e-01
<GCONST> 3.422004e+01
<STATE> 3
<MEAN> 6
 3.464329e+02 5.535946e+01 1.800669e+01 1.446664e+01 4.887159e+00 2.751589e+00
<VARIANCE> 6
 5.063264e+04 6.824450e+03 8.092228e+02 2.911744e+02 4.071862e+01 8.663803e+00
<GCONST> 4.892372e+01
<STATE> 4
<MEAN> 6
 2.271408e+02 4.090746e+00 4.135768e+00 1.796101e+00 1.770465e+00 5.498662e-01
<VARIANCE> 6
 2.669455e+03 8.927165e+00 1.154740e+01 8.538133e-01 9.113975e-01 2.078763e-01
<GCONST> 2.173082e+01
<TRANSP> 5
 0.000000e+00 1.000000e+00 0.000000e+00 0.000000e+00 0.000000e+00
 0.000000e+00 4.707645e-01 5.292355e-01 0.000000e+00 0.000000e+00
 0.000000e+00 0.000000e+00 4.369214e-01 5.630786e-01 0.000000e+00
 0.000000e+00 0.000000e+00 0.000000e+00 8.632720e-01 1.367280e-01
 0.000000e+00 0.000000e+00 0.000000e+00 0.000000e+00 0.000000e+00
<ENDHMM>
~h "fp_logo_5"
<BEGINHMM>
<NUMSTATES> 5
<STATE> 2
<MEAN> 6
 2.664932e+02 5.182936e+00 5.375655e+00 2.435000e+00 2.678896e+00 1.087568e+00
<VARIANCE> 6
 4.345950e+03 1.886068e+01 2.719736e+01 2.114062e+00 4.866058e+00 8.334578e-01
<GCONST> 2.779318e+01
<STATE> 3
<MEAN> 6
 2.788210e+02 6.779914e+00 8.991452e+00 3.047508e+00 3.298340e+00 2.021057e+00
<VARIANCE> 6
 4.686215e+03 4.589402e+01 2.401914e+02 6.567430e+00 9.309744e+00 1.032492e+01
<GCONST> 3.523516e+01
<STATE> 4
<MEAN> 6
 3.714517e+02 2.727421e+00 3.247014e+00 1.250526e+00 1.170216e+00 3.938369e-01
<VARIANCE> 6
 8.717055e+03 4.691628e+00 6.434521e+00 6.064585e-01 6.705567e-01 1.122609e-01
<GCONST> 2.042106e+01
<TRANSP> 5
 0.000000e+00 1.000000e+00 0.000000e+00 0.000000e+00 0.000000e+00
 0.000000e+00 5.389217e-02 9.461079e-01 0.000000e+00 0.000000e+00
 0.000000e+00 0.000000e+00 1.404857e-01 8.595142e-01 0.000000e+00
 0.000000e+00 0.000000e+00 0.000000e+00 9.308961e-01 6.910393e-02
 0.000000e+00 0.000000e+00 0.000000e+00 0.000000e+00 0.000000e+00
<ENDHMM>
~h "bg_white_0"
<BEGINHMM>
<NUMSTATES> 5
<STATE> 2
<MEAN> 6
 7.453019e+02 2.423829e+00 4.092662e+00 1.156113e+00 1.476370e+00 8.612281e-01
<VARIANCE> 6
 6.287146e+03 2.583786e+01 3.358071e+02 2.883852e+00 1.114893e+01 1.899511e+00
<GCONST> 3.295397e+01
<STATE> 3
<MEAN> 6
 6.933544e+02 4.076061e+01 2.877214e+01 1.638960e+01 1.992317e+01 1.324414e+01
<VARIANCE> 6
 5.543402e+03 1.548920e+03 1.510650e+03 1.468492e+02 2.666783e+02 1.511478e+02
<GCONST> 4.990694e+01
<STATE> 4
<MEAN> 6
 7.372892e+02 4.866260e+00 4.871007e+00 2.893465e+00 3.073828e+00 2.442295e+00
<VARIANCE> 6
 1.395524e+04 5.713375e+01 8.617063e+01 1.186044e+01 2.015551e+01 6.938598e+00
<GCONST> 3.648639e+01
<TRANSP> 5
 0.000000e+00 1.000000e+00 0.000000e+00 0.000000e+00 0.000000e+00
 0.000000e+00 9.103033e-01 8.969671e-02 0.000000e+00 0.000000e+00
 0.000000e+00 0.000000e+00 6.628663e-01 3.371337e-01 0.000000e+00
 0.000000e+00 0.000000e+00 0.000000e+00 4.596759e-01 5.403240e-01
 0.000000e+00 0.000000e+00 0.000000e+00 0.000000e+00 0.000000e+00
<ENDHMM>
~h "fp_screen_0"
<BEGINHMM>
<NUMSTATES> 5
<STATE> 2
<MEAN> 6
 3.085090e+02 1.099389e+01 1.228329e+01 3.588146e+00 3.936602e+00 1.226535e+00
<VARIANCE> 6
 2.736138e+04 1.561991e+02 3.978788e+02 1.512480e+01 2.057650e+01 1.492839e+00
<GCONST> 3.842260e+01
<STATE> 3
<MEAN> 6
 4.654360e+02 4.300957e+01 2.632940e+01 8.025690e+00 6.235787e+00 3.752861e+00
<VARIANCE> 6
 3.708985e+04 2.774841e+03 1.290434e+03 5.213085e+01 3.961124e+01 2.927396e+01
<GCONST> 4.764901e+01
<STATE> 4
<MEAN> 6
 4.539345e+02 1.323536e+01 3.391028e+00 2.813640e+00 1.851335e+00 8.587814e-01
<VARIANCE> 6
 1.247891e+04 2.325507e+02 1.069137e+01 8.904880e+00 2.052513e+00 7.542135e-01
<GCONST> 3.090119e+01
<TRANSP> 5
 0.000000e+00 1.000000e+00 0.000000e+00 0.000000e+00 0.000000e+00
 0.000000e+00 3.199641e-01 6.800359e-01 0.000000e+00 0.000000e+00
 0.000000e+00 0.000000e+00 3.001707e-01 6.998294e-01 0.000000e+00
 0.000000e+00 0.000000e+00 0.000000e+00 5.804228e-01 4.195772e-01
 0.000000e+00 0.000000e+00 0.000000e+00 0.000000e+00 0.000000e+00
<ENDHMM>
~h "fp_screen_1"
<BEGINHMM>
<NUMSTATES> 5
<STATE> 2
<MEAN> 6
 3.588823e+02 2.876395e+01 4.559514e+00 6.915098e+00 1.964375e+00 1.107999e+00
<VARIANCE> 6
 2.035641e+04 9.894213e+02 3.656883e+01 3.915393e+01 3.427698e+00 1.895528e+00
<GCONST> 3.698361e+01
<STATE> 3
<MEAN> 6
 4.724936e+02 4.436084e+01 2.320452e+01 1.274385e+01 6.343186e+00 2.748096e+00
<VARIANCE> 6
 3.347443e+04 4.248855e+03 1.256363e+03 2.951836e+02 5.638740e+01 1.449381e+01
<GCONST> 4.932975e+01
<STATE> 4
<MEAN> 6
 3.792314e+02 9.557522e+00 4.447002e+00 3.077752e+00 2.174973e+00 9.366251e-01
<VARIANCE> 6
 1.432572e+04 1.590196e+02 2.245527e+01 1.416683e+01 3.618791e+00 8.964338e-01
<GCONST> 3.260534e+01
<TRANSP> 5
 0.000000e+00 1.000000e+00 0.000000e+00 0.000000e+00 0.000000e+00
 0.000000e+00 3.414473e-01 6.585527e-01 0.000000e+00 0.000000e+00
 0.000000e+00 0.000000e+00 3.178107e-01 6.821892e-01 0.000000e+00
 0.000000e+00 0.000000e+00 0.000000e+00 4.523926e-01 5.476074e-01
 0.000000e+00 0.000000e+00 0.000000e+00 0.000000e+00 0.000000e+00
<ENDHMM>
~h "fp_screen_2"
<BEGINHMM>
<NUMSTATES> 5
<STATE> 2
<MEAN> 6
 3.669322e+02 1.284793e+01 8.030653e+00 4.217453e+00 3.651487e+00 1.408558e+00
<VARIANCE> 6
 1.395110e+04 2.335922e+02 1.548425e+02 2.206016e+01 1.618854e+01 2.018609e+00
<GCONST> 3.764705e+01
<STATE> 3
<MEAN> 6
 6.331403e+02 8.642255e+01 4.536499e+01 2.077919e+01 1.940093e+01 9.818732e+00
<VARIANCE> 6
 3.895004e+04 5.680804e+03 2.684042e+03 1.609629e+02 2.312305e+02 5.297497e+01
<GCONST> 5.263163e+01
<STATE> 4
<MEAN> 6
 4.505813e+02 4.130523e+01 1.970627e+01 1.344777e+01 7.885020e+00 3.935771e+00
<VARIANCE> 6
 3.090096e+04 2.102217e+03 8.415331e+02 1.364487e+02 7.972981e+01 1.591201e+01
<GCONST> 4.781344e+01
<TRANSP> 5
 0.000000e+00 1.000000e+00 0.000000e+00 0.000000e+00 0.000000e+00
 0.000000e+00 2.669378e-01 7.330621e-01 0.000000e+00 0.000000e+00
 0.000000e+00 0.000000e+00 6.854363e-01 3.145637e-01 0.000000e+00
 0.000000e+00 0.000000e+00 0.000000e+00 2.032098e-01 7.967902e-01
 0.000000e+00 0.000000e+00 0.000000e+00 0.000000e+00 0.000000e+00
<ENDHMM>
~h "fp_screen_3"
<BEGINHMM>
<NUMSTATES> 5
<STATE> 2
<MEAN> 6
 4.292968e+02 3.133277e+01 1.704978e+01 1.023356e+01 7.586144e+00 3.897988e+00
<VARIANCE> 6
 3.062043e+04 1.380011e+03 9.474645e+02 9.707912e+01 9.031337e+01 1.723936e+01
<GCONST> 4.736633e+01
<STATE> 3
<MEAN> 6
 4.870679e+02 7.526559e+01 3.172059e+01 1.590561e+01 1.212118e+01 6.400689e+00
<VARIANCE> 6
 2.892473e+04 6.781508e+03 1.998623e+03 1.587695e+02 1.928255e+02 4.712976e+01
<GCONST> 5.190403e+01
<STATE> 4
<MEAN> 6
 3.870341e+02 8.619984e+00 3.662471e+00 2.032757e+00 1.479352e+00 7.211740e-01
<VARIANCE> 6
 5.567504e+03 7.998148e+01 1.085705e+01 4.102668e+00 1.337725e+00 5.943223e-01
<GCONST> 2.760085e+01
<TRANSP> 5
 0.000000e+00 1.000000e+00 0.000000e+00 0.000000e+00 0.000000e+00
 0.000000e+00 8.688240e-02 9.131176e-01 0.000000e+00 0.000000e+00
 0.000000e+00 0.000000e+00 3.826046e-01 6.173955e-01 0.000000e+00
 0.000000e+00 0.000000e+00 0.000000e+00 8.860564e-01 1.139436e-01
 0.000000e+00 0.000000e+00 0.000000e+00 0.000000e+00 0.000000e+00
<ENDHMM>
~h "fp_screen_4"
<BEGINHMM>
<NUMSTATES> 5
<STATE> 2
<MEAN> 6
 3.249318e+02 2.798532e+01 7.317945e+00 6.655395e+00 2.963819e+00 1.523795e+00
<VARIANCE> 6
 1.074714e+04 6.475142e+02 5.399480e+01 2.750613e+01 4.602084e+00 2.165823e+00
<GCONST> 3.638540e+01
<STATE> 3
<MEAN> 6
 4.162676e+02 2.008788e+01 3.105844e+01 7.191149e+00 7.225919e+00 2.878623e+00
<VARIANCE> 6
 3.641984e+04 1.073844e+03 2.417213e+03 7.977561e+01 9.233440e+01 1.025579e+01
<GCONST> 4.753198e+01
<STATE> 4
<MEAN> 6
 2.906624e+02 5.242909e+00 7.512786e+00 2.013860e+00 2.009589e+00 7.115013e-01
<VARIANCE> 6
 9.803021e+03 2.058993e+01 7.618012e+01 2.197528e+00 2.924198e+00 3.092234e-01
<GCONST> 2.826228e+01
<TRANSP> 5
 0.000000e+00 1.000000e+00 0.000000e+00 0.000000e+00 0.000000e+00
 0.000000e+00 6.225767e-01 3.774233e-01 0.000000e+00 0.000000e+00
 0.000000e+00 0.000000e+00 2.116427e-01 7.883573e-01 0.000000e+00
 0.000000e+00 0.000000e+00 0.000000e+00 8.860641e-01 1.139359e-01
 0.000000e+00 0.000000e+00 0.000000e+00 0.000000e+00 0.000000e+00
<ENDHMM>
~h "fp_screen_5"
<BEGINHMM>
<NUMSTATES> 5
<STATE> 2
<MEAN> 6
 2.712222e+02 1.208600e+01 2.398981e+01 4.486671e+00 9.194499e+00 2.030137e+00
<VARIANCE> 6
 1.060693e+04 1.608233e+02 6.499643e+02 1.150771e+01 3.550996e+01 2.295025e+00
<GCONST> 3.869732e+01
<STATE> 3
<MEAN> 6
 3.028618e+02 3.697057e+00 2.292752e+01 1.820821e+00 4.754932e+00 7.997350e-01
<VARIANCE> 6
 1.185282e+04 7.789889e+00 6.543932e+02 1.030705e+00 1.681750e+01 3.498208e-01
<GCONST> 3.074645e+01
<STATE> 4
<MEAN> 6
 4.390131e+02 2.333300e+00 3.001530e+00 1.032554e+00 9.758310e-01 3.376630e-01
<VARIANCE> 6
 1.585738e+04 3.765742e+00 4.581791e+00 4.530619e-01 5.312369e-01 4.938376e-02
<GCONST> 1.911428e+01
<TRANSP> 5
 0.000000e+00 1.000000e+00 0.000000e+00 0.000000e+00 0.000000e+00
 0.000000e+00 2.312635e-01 7.687365e-01 0.000000e+00 0.000000e+00
 0.000000e+00 0.000000e+00 4.505664e-01 5.494336e-01 0.000000e+00
 0.000000e+00 0.000000e+00 0.000000e+00 8.836029e-01 1.163971e-01
 0.000000e+00 0.000000e+00 0.000000e+00 0.000000e+00 0.000000e+00
<ENDHMM>
~h "bg_white_0_0"
<BEGINHMM>
<NUMSTATES> 5
<STATE> 2
<MEAN> 6
 7.772946e+02 2.278794e+00 2.186266e+00 1.123724e+00 1.169135e+00 6.505086e-01
<VARIANCE> 6
 1.587558e+03 1.675999e+01 1.892120e+01 2.772873e+00 6.130401e+00 1.184199e+00
<GCONST> 2.715870e+01
<STATE> 3
<MEAN> 6
 7.070022e+02 3.929948e+01 2.605222e+01 1.516426e+01 1.924857e+01 1.321997e+01
<VARIANCE> 6
 4.763685e+03 1.468168e+03 6.762806e+02 1.342914e+02 2.367918e+02 1.271048e+02
<GCONST> 4.851663e+01
<STATE> 4
<MEAN> 6
 7.420342e+02 2.664500e+01 9.385989e+00 1.145424e+01 9.783209e+00 7.566966e+00
<VARIANCE> 6
 3.262510e+03 9.126960e+02 1.061055e+02 9.230040e+01 8.160190e+01 3.855252e+01
<GCONST> 4.317728e+01
<TRANSP> 5
 0.000000e+00 1.000000e+00 0.000000e+00 0.000000e+00 0.000000e+00
 0.000000e+00 7.989846e-01 2.010154e-01 0.000000e+00 0.000000e+00
 0.000000e+00 0.000000e+00 4.439981e-01 5.560019e-01 0.000000e+00
 0.000000e+00 0.000000e+00 0.000000e+00 2.487433e-01 7.512567e-01
 0.000000e+00 0.000000e+00 0.000000e+00 0.000000e+00 0.000000e+00
<ENDHMM>
~h "bg_white_0_1"
<BEGINHMM>
<NUMSTATES> 5
<STATE> 2
<MEAN> 6
 7.422734e+02 3.722768e+01 1.289965e+01 1.317773e+01 1.211907e+01 8.844659e+00
<VARIANCE> 6
 2.400799e+03 9.880087e+02 1.618637e+02 7.009654e+01 8.993393e+01 3.810781e+01
<GCONST> 4.318264e+01
<STATE> 3
<MEAN> 6
 6.773701e+02 6.790799e+01 2.250634e+01 2.152718e+01 2.289598e+01 1.641257e+01
<VARIANCE> 6
 4.037014e+03 2.349620e+03 4.889036e+02 1.484267e+02 2.585407e+02 1.455970e+02
<GCONST> 4.882069e+01
<STATE> 4
<MEAN> 6
 7.659141e+02 1.052394e+01 4.765316e+00 5.604867e+00 4.790625e+00 4.306628e+00
<VARIANCE> 6
 2.489832e+03 2.220065e+02 3.583915e+01 3.064659e+01 2.632833e+01 1.475616e+01
<GCONST> 3.721381e+01
<TRANSP> 5
 0.000000e+00 1.000000e+00 0.000000e+00 0.000000e+00 0.000000e+00
 0.000000e+00 5.479559e-01 4.520442e-01 0.000000e+00 0.000000e+00
 0.000000e+00 0.000000e+00 7.542859e-01 2.457140e-01 0.000000e+00
 0.000000e+00 0.000000e+00 0.000000e+00 5.440325e-01 4.559676e-01
 0.000000e+00 0.000000e+00 0.000000e+00 0.000000e+00 0.000000e+00
<ENDHMM>
~h "bg_white_0_2"
<BEGINHMM>
<NUMSTATES> 5
<STATE> 2
<MEAN> 6
 7.365416e+02 2.547120e+01 1.305800e+01 1.128643e+01 1.144026e+01 8.207971e+00
<VARIANCE> 6
 3.860812e+03 6.940291e+02 2.233938e+02 7.970759e+01 1.061469e+02 5.104630e+01
<GCONST> 4.421327e+01
<STATE> 3
<MEAN> 6
 6.948970e+02 5.128926e+01 2.421636e+01 1.997141e+01 2.043126e+01 1.505857e+01
<VARIANCE> 6
 3.418343e+03 1.366844e+03 4.907726e+02 1.410520e+02 1.821147e+02 1.091012e+02
<GCONST> 4.742645e+01
<STATE> 4
<MEAN> 6
 7.635172e+02 1.243931e+01 5.459911e+00 6.591877e+00 5.531197e+00 4.656687e+00
<VARIANCE> 6
 1.971791e+03 3.278116e+02 4.429683e+01 4.101197e+01 3.403936e+01 1.556379e+01
<GCONST> 3.818364e+01
<TRANSP> 5
 0.000000e+00 1.000000e+00 0.000000e+00 0.000000e+00 0.000000e+00
 0.000000e+00 1.708996e-01 8.291004e-01 0.000000e+00 0.000000e+00
 0.000000e+00 0.000000e+00 7.050534e-01 2.949465e-01 0.000000e+00
 0.000000e+00 0.000000e+00 0.000000e+00 6.086844e-01 3.913156e-01
 0.000000e+00 0.000000e+00 0.000000e+00 0.000000e+00 0.000000e+00
<ENDHMM>
~h "bg_white_0_3"
<BEGINHMM>
<NUMSTATES> 5
<STATE> 2
<MEAN> 6
 7.309261e+02 3.909550e+01 1.428122e+01 1.425873e+01 1.328973e+01 9.069963e+00
<VARIANCE> 6
 3.113250e+03 1.033874e+03 1.921497e+02 7.160775e+01 1.081106e+02 4.008178e+01
<GCONST> 4.391531e+01
<STATE> 3
<MEAN> 6
 6.664723e+02 5.879257e+01 2.503639e+01 2.195635e+01 2.195033e+01 1.646405e+01
<VARIANCE> 6
 9.685712e+03 2.884387e+03 6.064607e+02 1.872863e+02 2.956018e+02 1.910808e+02
<GCONST> 5.075473e+01
<STATE> 4
<MEAN> 6
 7.629910e+02 9.067451e+00 5.145432e+00 5.286037e+00 4.266484e+00 3.552148e+00
<VARIANCE> 6
 2.742363e+03 1.858467e+02 6.195130e+01 3.563515e+01 2.320698e+01 1.281285e+01
<GCONST> 3.756334e+01
<TRANSP> 5
 0.000000e+00 1.000000e+00 0.000000e+00 0.000000e+00 0.000000e+00
 0.000000e+00 5.246069e-01 4.753931e-01 0.000000e+00 0.000000e+00
 0.000000e+00 0.000000e+00 6.006030e-01 3.993970e-01 0.000000e+00
 0.000000e+00 0.000000e+00 0.000000e+00 6.081715e-01 3.918285e-01
 0.000000e+00 0.000000e+00 0.000000e+00 0.000000e+00 0.000000e+00
<ENDHMM>
~h "bg_white_0_4"
<BEGINHMM>
<NUMSTATES> 5
<STATE> 2
<MEAN> 6
 7.297078e+02 2.134530e+01 1.281983e+01 9.649390e+00 9.487978e+00 6.269496e+00
<VARIANCE> 6
 1.103423e+04 5.504686e+02 2.793765e+02 7.718608e+01 9.194650e+01 3.631969e+01
<GCONST> 4.473914e+01
<STATE> 3
<MEAN> 6
 7.010028e+02 4.797082e+01 2.237579e+01 1.723032e+01 1.895372e+01 1.365413e+01
<VARIANCE> 6
 4.752928e+03 1.379070e+03 4.399948e+02 1.093056e+02 1.884662e+02 1.074715e+02
<GCONST> 4.742000e+01
<STATE> 4
<MEAN> 6
 7.752864e+02 2.974693e+00 1.879979e+00 1.669353e+00 1.415632e+00 1.300833e+00
<VARIANCE> 6
 1.592993e+03 2.798620e+01 8.652558e+00 6.254339e+00 5.291040e+00 4.459346e+00
<GCONST> 2.888449e+01
<TRANSP> 5
 0.000000e+00 1.000000e+00 0.000000e+00 0.000000e+00 0.000000e+00
 0.000000e+00 1.235421e-01 8.764579e-01 0.000000e+00 0.000000e+00
 0.000000e+00 0.000000e+00 7.057963e-01 2.942037e-01 0.000000e+00
 0.000000e+00 0.000000e+00 0.000000e+00 9.051201e-01 9.487987e-02
 0.000000e+00 0.000000e+00 0.000000e+00 0.000000e+00 0.000000e+00
<ENDHMM>
~h "bg_white_0_5"
<BEGINHMM>
<NUMSTATES> 5
<STATE> 2
<MEAN> 6
 7.702218e+02 2.724867e+00 3.393515e+00 1.322027e+00 1.995618e+00 8.695143e-01
<VARIANCE> 6
 3.193643e+03 3.884041e+01 2.895353e+01 9.385931e+00 1.364696e+01 4.049545e+00
<GCONST> 3.237267e+01
<STATE> 3
<MEAN> 6
 6.318294e+02 5.224746e+01 4.502296e+01 1.724734e+01 2.321132e+01 1.169161e+01
<VARIANCE> 6
 1.955410e+04 4.354863e+03 3.674192e+03 3.023687e+02 3.556013e+02 1.720269e+02
<GCONST> 5.422945e+01
<STATE> 4
<MEAN> 6
 4.607404e+02 7.271883e+00 9.753986e+00 2.946472e+00 3.779274e+00 1.582167e+00
<VARIANCE> 6
 6.142399e+04 2.583400e+02 8.041132e+02 3.003278e+01 5.936426e+01 1.644234e+01
<GCONST> 4.458267e+01
<TRANSP> 5
 0.000000e+00 1.000000e+00 0.000000e+00 0.000000e+00 0.000000e+00
 0.000000e+00 6.840271e-01 3.159730e-01 0.000000e+00 0.000000e+00
 0.000000e+00 0.000000e+00 5.645288e-01 4.354711e-01 0.000000e+00
 0.000000e+00 0.000000e+00 0.000000e+00 6.157286e-01 3.842714e-01
 0.000000e+00 0.000000e+00 0.000000e+00 0.000000e+00 0.000000e+00
<ENDHMM>
~h "bg_dark_0"
<BEGINHMM>
<NUMSTATES> 5
<STATE> 2
<MEAN> 6
 2.122147e+02 9.671633e+00 9.460704e+00 2.926166e+00 2.862208e+00 9.995984e-01
<VARIANCE> 6
 3.927280e+03 4.871830e+02 6.850719e+01 8.421223e+00 2.661209e+00 5.496217e-01
<GCONST> 3.222955e+01
<STATE> 3
<MEAN> 6
 1.357036e+02 4.171964e+01 1.228444e+01 8.862406e+00 3.633838e+00 1.732057e+00
<VARIANCE> 6
 5.137125e+03 2.694573e+03 1.121095e+02 1.479945e+02 5.107768e+00 2.419645e+00
<GCONST> 3.970154e+01
<STATE> 4
<MEAN> 6
 9.329227e+01 8.874233e+00 5.881945e+00 2.349714e+00 2.172750e+00 8.667638e-01
<VARIANCE> 6
 2.726846e+03 6.678883e+01 3.402602e+01 1.994115e+00 2.570204e+00 6.871017e-01
<GCONST> 2.792574e+01
<TRANSP> 5
 0.000000e+00 1.000000e+00 0.000000e+00 0.000000e+00 0.000000e+00
 0.000000e+00 7.926377e-01 2.073622e-01 0.000000e+00 0.000000e+00
 0.000000e+00 0.000000e+00 5.053028e-01 4.946972e-01 0.000000e+00
 0.000000e+00 0.000000e+00 0.000000e+00 7.634385e-01 2.365614e-01
 0.000000e+00 0.000000e+00 0.000000e+00 0.000000e+00 0.000000e+00
<ENDHMM>
~h "bg_dark_0_0"
<BEGINHMM>
<NUMSTATES> 5
<STATE> 2
<MEAN> 6
 1.329134e+02 2.661137e+01 7.657251e+00 4.807176e+00 2.360296e+00 8.225261e-01
<VARIANCE> 6
 4.734005e+03 6.119145e+02 4.583426e+01 1.118762e+01 2.226948e+00 5.196455e-01
<GCONST> 3.229224e+01
<STATE> 3
<MEAN> 6
 1.610618e+02 2.155077e+01 1.774144e+01 4.927862e+00 4.605803e+00 1.699288e+00
<VARIANCE> 6
 3.783319e+03 5.311898e+02 2.082598e+02 1.116227e+01 7.859967e+00 2.274653e+00
<GCONST> 3.617567e+01
<STATE> 4
<MEAN> 6
 1.788026e+02 8.639556e+00 1.127401e+01 2.305232e+00 2.637697e+00 8.565158e-01
<VARIANCE> 6
 5.412533e+03 5.915322e+01 1.039737e+02 2.070017e+00 2.401741e+00 4.186406e-01
<GCONST> 2.908101e+01
<TRANSP> 5
 0.000000e+00 1.000000e+00 0.000000e+00 0.000000e+00 0.000000e+00
 0.000000e+00 4.795464e-01 5.204536e-01 0.000000e+00 0.000000e+00
 0.000000e+00 0.000000e+00 1.973655e-01 8.026345e-01 0.000000e+00
 0.000000e+00 0.000000e+00 0.000000e+00 6.899700e-01 3.100300e-01
 0.000000e+00 0.000000e+00 0.000000e+00 0.000000e+00 0.000000e+00
<ENDHMM>
~h "bg_dark_0_1"
<BEGINHMM>
<NUMSTATES> 5
<STATE> 2
<MEAN> 6
 1.614418e+02 6.827834e+00 6.357303e+00 1.877670e+00 2.206138e+00 7.030569e-01
<VARIANCE> 6
 7.492238e+03 4.045051e+01 2.741215e+01 1.369573e+00 1.784775e+00 2.773965e-01
<GCONST> 2.657144e+01
<STATE> 3
<MEAN> 6
 1.398884e+02 2.149441e+01 2.059965e+01 4.672994e+00 4.445257e+00 1.707943e+00
<VARIANCE> 6
 3.532650e+03 3.356068e+02 4.330321e+02 5.781418e+00 8.811975e+00 1.907918e+00
<GCONST> 3.566059e+01
<STATE> 4
<MEAN> 6
 1.561358e+02 7.146993e+00 7.220642e+00 1.852267e+00 1.949502e+00 6.303659e-01
<VARIANCE> 6
 7.620819e+03 4.317216e+01 5.455323e+01 1.143144e+00 1.790682e+00 2.296797e-01
<GCONST> 2.697558e+01
<TRANSP> 5
 0.000000e+00 1.000000e+00 0.000000e+00 0.000000e+00 0.000000e+00
 0.000000e+00 7.046033e-01 2.953967e-01 0.000000e+00 0.000000e+00
 0.000000e+00 0.000000e+00 5.222562e-01 4.777438e-01 0.000000e+00
 0.000000e+00 0.000000e+00 0.000000e+00 7.609918e-01 2.390082e-01
 0.000000e+00 0.000000e+00 0.000000e+00 0.000000e+00 0.000000e+00
<ENDHMM>
~h "bg_dark_0_2"
<BEGINHMM>
<NUMSTATES> 5
<STATE> 2
<MEAN> 6
 1.464792e+02 1.349410e+01 1.052536e+01 3.322746e+00 3.488168e+00 1.151573e+00
<VARIANCE> 6
 4.421510e+03 1.749630e+02 8.496252e+01 3.305282e+00 4.896911e+00 6.033050e-01
<GCONST> 3.130708e+01
<STATE> 3
<MEAN> 6
 1.409855e+02 1.878218e+01 1.577730e+01 5.250899e+00 5.528249e+00 2.727466e+00
<VARIANCE> 6
 2.614837e+03 2.261370e+02 1.702580e+02 9.812947e+00 1.232151e+01 4.414702e+00
<GCONST> 3.573466e+01
<STATE> 4
<MEAN> 6
 9.621723e+01 8.724484e+00 5.943820e+00 2.316230e+00 1.827277e+00 6.700732e-01
<VARIANCE> 6
 2.045412e+03 7.327761e+01 2.969218e+01 2.516478e+00 1.644931e+00 3.304104e-01
<GCONST> 2.664890e+01
<TRANSP> 5
 0.000000e+00 1.000000e+00 0.000000e+00 0.000000e+00 0.000000e+00
 0.000000e+00 4.781812e-01 5.218188e-01 0.000000e+00 0.000000e+00
 0.000000e+00 0.000000e+00 6.193720e-01 3.806280e-01 0.000000e+00
 0.000000e+00 0.000000e+00 0.000000e+00 7.077492e-01 2.922508e-01
 0.000000e+00 0.000000e+00 0.000000e+00 0.000000e+00 0.000000e+00
<ENDHMM>
~h "bg_dark_0_3"
<BEGINHMM>
<NUMSTATES> 5
<STATE> 2
<MEAN> 6
 9.672182e+01 9.717018e+00 8.458927e+00 3.623422e+00 3.006542e+00 1.486109e+00
<VARIANCE> 6
 1.569823e+03 9.047453e+01 4.591449e+01 4.657781e+00 3.298623e+00 1.360711e+00
<GCONST> 2.975788e+01
<STATE> 3
<MEAN> 6
 1.939600e+02 2.418896e+01 1.734254e+01 5.772954e+00 5.285832e+00 2.375090e+00
<VARIANCE> 6
 9.248012e+03 3.797503e+02 1.674858e+02 1.833764e+01 1.367483e+01 4.529726e+00
<GCONST> 3.825502e+01
<STATE> 4
<MEAN> 6
 1.239969e+02 1.009494e+01 8.665736e+00 2.528655e+00 2.575723e+00 9.619287e-01
<VARIANCE> 6
 3.308514e+03 1.080972e+02 5.701103e+01 1.980307e+00 2.505382e+00 5.280500e-01
<GCONST> 2.882092e+01
<TRANSP> 5
 0.000000e+00 1.000000e+00 0.000000e+00 0.000000e+00 0.000000e+00
 0.000000e+00 6.082719e-01 3.917281e-01 0.000000e+00 0.000000e+00
 0.000000e+00 0.000000e+00 6.204513e-01 3.795487e-01 0.000000e+00
 0.000000e+00 0.000000e+00 0.000000e+00 6.242231e-01 3.757769e-01
 0.000000e+00 0.000000e+00 0.000000e+00 0.000000e+00 0.000000e+00
<ENDHMM>
~h "bg_dark_0_4"
<BEGINHMM>
<NUMSTATES> 5
<STATE> 2
<MEAN> 6
 1.048852e+02 1.283435e+01 7.467694e+00 2.892507e+00 2.416568e+00 1.085586e+00
<VARIANCE> 6
 2.876756e+03 1.721897e+02 3.720217e+01 2.953928e+00 2.363465e+00 6.370606e-01
<GCONST> 2.924902e+01
<STATE> 3
<MEAN> 6
 1.584330e+02 1.810994e+01 2.128317e+01 4.805750e+00 5.252055e+00 2.451419e+00
<VARIANCE> 6
 6.489142e+03 1.969393e+02 2.660750e+02 6.391179e+00 1.072431e+01 3.095208e+00
<GCONST> 3.602911e+01
<STATE> 4
<MEAN> 6
 8.224233e+01 6.120829e+00 6.691769e+00 1.515710e+00 1.755100e+00 4.892428e-01
<VARIANCE> 6
 1.234281e+03 4.955024e+01 4.999704e+01 1.244835e+00 1.625525e+00 1.343981e-01
<GCONST> 2.465834e+01
<TRANSP> 5
 0.000000e+00 1.000000e+00 0.000000e+00 0.000000e+00 0.000000e+00
 0.000000e+00 5.346195e-01 4.653805e-01 0.000000e+00 0.000000e+00
 0.000000e+00 0.000000e+00 6.314896e-01 3.685104e-01 0.000000e+00
 0.000000e+00 0.000000e+00 0.000000e+00 8.835537e-01 1.164463e-01
 0.000000e+00 0.000000e+00 0.000000e+00 0.000000e+00 0.000000e+00
<ENDHMM>
~h "bg_dark_0_5"
<BEGINHMM>
<NUMSTATES> 5
<STATE> 2
<MEAN> 6
 1.427573e+02 1.104814e+01 1.135354e+01 2.328377e+00 2.657246e+00 6.345242e-01
<VARIANCE> 6
 3.897660e+03 1.050346e+02 1.091119e+02 1.985097e+00 2.295611e+00 2.236174e-01
<GCONST> 2.866091e+01
<STATE> 3
<MEAN> 6
 1.279582e+02 1.707729e+01 1.551672e+01 5.468563e+00 5.644680e+00 2.261614e+00
<VARIANCE> 6
 1.974322e+03 2.166157e+02 1.620507e+02 1.140852e+01 1.039432e+01 3.253031e+00
<GCONST> 3.503648e+01
<STATE> 4
<MEAN> 6
 6.126538e+01 6.090199e+00 4.692670e+00 1.673503e+00 1.602482e+00 5.129507e-01
<VARIANCE> 6
 9.132328e+02 5.608353e+01 2.250262e+01 2.281132e+00 3.240025e+00 4.968945e-01
<GCONST> 2.628560e+01
<TRANSP> 5
 0.000000e+00 1.000000e+00 0.000000e+00 0.000000e+00 0.000000e+00
 0.000000e+00 6.530693e-01 3.469308e-01 0.000000e+00 0.000000e+00
 0.000000e+00 0.000000e+00 8.081920e-01 1.918080e-01 0.000000e+00
 0.000000e+00 0.000000e+00 0.000000e+00 8.186201e-01 1.813799e-01
 0.000000e+00 0.000000e+00 0.000000e+00 0.000000e+00 0.000000e+00
<ENDHMM>
~h "bg_red_0"
<BEGINHMM>
<NUMSTATES> 5
<STATE> 2
<MEAN> 6
 3.859744e+02 9.612704e+00 4.675837e+00 5.572195e+00 3.579856e+00 3.918499e+00
<VARIANCE> 6
 4.830290e+03 2.587061e+02 2.567314e+01 4.606644e+01 4.706228e+00 8.251119e+00
<GCONST> 3.580038e+01
<STATE> 3
<MEAN> 6
 4.558450e+02 4.094820e+01 7.427399e+00 1.367869e+01 2.939335e+00 2.192730e+00
<VARIANCE> 6
 1.528241e+04 2.301365e+03 2.199703e+02 1.776874e+02 2.380890e+01 5.490703e+00
<GCONST> 4.384961e+01
<STATE> 4
<MEAN> 6
 4.817238e+02 5.675199e+00 2.856948e+00 2.628193e+00 1.388532e+00 6.513552e-01
<VARIANCE> 6
 2.337156e+04 7.399921e+01 5.563673e+00 8.843443e+00 1.613832e+00 3.401053e-01
<GCONST> 2.868664e+01
<TRANSP> 5
 0.000000e+00 1.000000e+00 0.000000e+00 0.000000e+00 0.000000e+00
 0.000000e+00 6.429734e-01 3.570266e-01 0.000000e+00 0.000000e+00
 0.000000e+00 0.000000e+00 3.801449e-01 6.198551e-01 0.000000e+00
 0.000000e+00 0.000000e+00 0.000000e+00 5.429352e-01 4.570648e-01
 0.000000e+00 0.000000e+00 0.000000e+00 0.000000e+00 0.000000e+00
<ENDHMM>
~h "bg_board"
<BEGINHMM>
<NUMSTATES> 5
<STATE> 2
<MEAN> 6
 1.554967e+02 1.548906e+01 9.226041e+00 4.590723e+00 2.586079e+00 9.498938e-01
<VARIANCE> 6
 2.716889e+03 2.067613e+02 6.499800e+01 7.211135e+00 2.223840e+00 5.622437e-01
<GCONST> 3.063947e+01
<STATE> 3
<MEAN> 6
 2.253833e+02 2.953090e+01 1.660766e+01 9.066821e+00 4.898314e+00 2.268061e+00
<VARIANCE> 6
 4.756726e+03 6.912064e+02 2.638979e+02 3.433478e+01 1.013384e+01 3.517753e+00
<GCONST> 3.871844e+01
<STATE> 4
<MEAN> 6
 3.053750e+02 1.152066e+01 5.176691e+00 2.781996e+00 1.845797e+00 7.398924e-01
<VARIANCE> 6
 7.663259e+03 2.189065e+02 2.463447e+01 6.318449e+00 1.783766e+00 5.244540e-01
<GCONST> 3.034105e+01
<TRANSP> 5
 0.000000e+00 1.000000e+00 0.000000e+00 0.000000e+00 0.000000e+00
 0.000000e+00 8.489544e-01 1.510455e-01 0.000000e+00 0.000000e+00
 0.000000e+00 0.000000e+00 5.600181e-01 4.399820e-01 0.000000e+00
 0.000000e+00 0.000000e+00 0.000000e+00 7.811580e-01 2.188421e-01
 0.000000e+00 0.000000e+00 0.000000e+00 0.000000e+00 0.000000e+00
<ENDHMM>
~h "fp_key_0"
<BEGINHMM>
<NUMSTATES> 5
<STATE> 2
<MEAN> 6
 1.585892e+02 1.981791e+01 7.853929e+00 4.540879e+00 2.322708e+00 7.812606e-01
<VARIANCE> 6
 6.554091e+03 4.324204e+02 2.515235e+02 1.835846e+01 1.612834e+01 8.729689e-01
<GCONST> 3.696685e+01
<STATE> 3
<MEAN> 6
 2.781879e+02 5.643297e+01 4.181007e+01 1.330282e+01 1.404323e+01 4.407630e+00
<VARIANCE> 6
 2.797991e+04 3.524558e+03 3.681929e+03 1.725782e+02 2.581793e+02 2.507633e+01
<GCONST> 5.157164e+01
<STATE> 4
<MEAN> 6
 3.486639e+02 1.015523e+02 8.061474e+00 1.422777e+01 2.783477e+00 1.568803e+00
<VARIANCE> 6
 3.793699e+04 6.059353e+03 1.078424e+02 1.217556e+02 7.408032e+00 2.397286e+00
<GCONST> 4.263989e+01
<TRANSP> 5
 0.000000e+00 1.000000e+00 0.000000e+00 0.000000e+00 0.000000e+00
 0.000000e+00 5.387312e-01 4.612689e-01 0.000000e+00 0.000000e+00
 0.000000e+00 0.000000e+00 2.897775e-01 7.102224e-01 0.000000e+00
 0.000000e+00 0.000000e+00 0.000000e+00 5.335102e-01 4.664898e-01
 0.000000e+00 0.000000e+00 0.000000e+00 0.000000e+00 0.000000e+00
<ENDHMM>
~h "fp_key_1"
<BEGINHMM>
<NUMSTATES> 5
<STATE> 2
<MEAN> 6
 1.692173e+02 1.879520e+01 4.636410e+00 4.678220e+00 2.180659e+00 1.328160e+00
<VARIANCE> 6
 1.337651e+04 1.277720e+03 4.216512e+01 3.603966e+01 4.388745e+00 1.749377e+00
<GCONST> 3.704587e+01
<STATE> 3
<MEAN> 6
 3.663444e+02 7.578851e+01 6.970975e+01 2.460596e+01 2.380815e+01 9.294097e+00
<VARIANCE> 6
 2.826294e+04 4.615474e+03 4.315700e+03 3.552472e+02 3.421337e+02 5.729286e+01
<GCONST> 5.383995e+01
<STATE> 4
<MEAN> 6
 3.590601e+02 9.042950e+01 1.225675e+01 1.795553e+01 4.657462e+00 2.280193e+00
<VARIANCE> 6
 3.603329e+04 5.660615e+03 3.610796e+02 1.698081e+02 4.540646e+01 6.353675e+00
<GCONST> 4.684921e+01
<TRANSP> 5
 0.000000e+00 1.000000e+00 0.000000e+00 0.000000e+00 0.000000e+00
 0.000000e+00 6.337706e-01 3.662294e-01 0.000000e+00 0.000000e+00
 0.000000e+00 0.000000e+00 6.004683e-01 3.995317e-01 0.000000e+00
 0.000000e+00 0.000000e+00 0.000000e+00 5.119197e-01 4.880802e-01
 0.000000e+00 0.000000e+00 0.000000e+00 0.000000e+00 0.000000e+00
<ENDHMM>
~h "fp_key_2"
<BEGINHMM>
<NUMSTATES> 5
<STATE> 2
<MEAN> 6
 1.983530e+02 1.970236e+01 5.855055e+00 6.060211e+00 2.690799e+00 1.502150e+00
<VARIANCE> 6
 1.563321e+04 1.058251e+03 6.625412e+01 5.806411e+01 9.485734e+00 3.828424e+00
<GCONST> 3.949607e+01
<STATE> 3
<MEAN> 6
 3.988325e+02 7.869884e+01 6.803763e+01 2.535850e+01 2.433105e+01 9.425035e+00
<VARIANCE> 6
 4.074939e+04 4.423256e+03 5.093496e+03 3.879301e+02 4.071554e+02 6.849201e+01
<GCONST> 5.476955e+01
<STATE> 4
<MEAN> 6
 3.432276e+02 7.607837e+01 2.435248e+01 1.641659e+01 8.720436e+00 3.696223e+00
<VARIANCE> 6
 3.508488e+04 5.011333e+03 1.237805e+03 1.919637e+02 1.185281e+02 1.673072e+01
<GCONST> 4.998304e+01
<TRANSP> 5
 0.000000e+00 1.000000e+00 0.000000e+00 0.000000e+00 0.000000e+00
 0.000000e+00 6.494828e-01 3.505172e-01 0.000000e+00 0.000000e+00
 0.000000e+00 0.000000e+00 4.468228e-01 5.531772e-01 0.000000e+00
 0.000000e+00 0.000000e+00 0.000000e+00 1.664481e-01 8.335519e-01
 0.000000e+00 0.000000e+00 0.000000e+00 0.000000e+00 0.000000e+00
<ENDHMM>
~h "fp_key_3"
<BEGINHMM>
<NUMSTATES> 5
<STATE> 2
<MEAN> 6
 4.351714e+02 8.144534e+01 1.235806e+01 2.026849e+01 4.977760e+00 2.649432e+00
<VARIANCE> 6
 3.649984e+04 3.808473e+03 3.120050e+02 1.898356e+02 4.737686e+01 9.970609e+00
<GCONST> 4.692426e+01
<STATE> 3
<MEAN> 6
 3.783115e+02 4.575460e+01 6.201821e+01 1.283812e+01 1.788905e+01 5.512592e+00
<VARIANCE> 6
 4.247093e+04 2.206751e+03 5.786910e+03 1.218591e+02 3.291122e+02 2.440091e+01
<GCONST> 5.184035e+01
<STATE> 4
<MEAN> 6
 2.528040e+02 1.515667e+01 5.062799e+00 4.137638e+00 2.129522e+00 1.176753e+00
<VARIANCE> 6
 1.931661e+04 8.593452e+02 3.067451e+01 3.497285e+01 4.067363e+00 1.728282e+00
<GCONST> 3.658028e+01
<TRANSP> 5
 0.000000e+00 1.000000e+00 0.000000e+00 0.000000e+00 0.000000e+00
 0.000000e+00 5.019838e-01 4.980163e-01 0.000000e+00 0.000000e+00
 0.000000e+00 0.000000e+00 3.925032e-01 6.074969e-01 0.000000e+00
 0.000000e+00 0.000000e+00 0.000000e+00 7.006400e-01 2.993599e-01
 0.000000e+00 0.000000e+00 0.000000e+00 0.000000e+00 0.000000e+00
<ENDHMM>
~h "fp_key_4"
<BEGINHMM>
<NUMSTATES> 5
<STATE> 2
<MEAN> 6
 5.069043e+02 7.893668e+01 8.334545e+00 1.456462e+01 2.682654e+00 1.490144e+00
<VARIANCE> 6
 4.333849e+04 3.291576e+03 5.463298e+01 8.287291e+01 6.272976e+00 2.176340e+00
<GCONST> 4.083502e+01
<STATE> 3
<MEAN> 6
 4.963315e+02 8.062364e+01 5.854938e+01 2.046347e+01 1.856641e+01 8.593926e+00
<VARIANCE> 6
 4.041324e+04 4.077667e+03 3.407602e+03 2.034159e+02 1.964074e+02 4.806132e+01
<GCONST> 5.254914e+01
<STATE> 4
<MEAN> 6
 3.105397e+02 1.270358e+01 8.570882e+00 3.966818e+00 2.939877e+00 1.795343e+00
<VARIANCE> 6
 1.165124e+04 3.536909e+02 1.082136e+02 1.433979e+01 1.033545e+01 2.910379e+00
<GCONST> 3.700986e+01
<TRANSP> 5
 0.000000e+00 1.000000e+00 0.000000e+00 0.000000e+00 0.000000e+00
 0.000000e+00 6.925434e-01 3.074566e-01 0.000000e+00 0.000000e+00
 0.000000e+00 0.000000e+00 5.529660e-01 4.470341e-01 0.000000e+00
 0.000000e+00 0.000000e+00 0.000000e+00 4.403626e-01 5.596374e-01
 0.000000e+00 0.000000e+00 0.000000e+00 0.000000e+00 0.000000e+00
<ENDHMM>
~h "fp_key_5"
<BEGINHMM>
<NUMSTATES> 5
<STATE> 2
<MEAN> 6
 3.377402e+02 1.368582e+01 1.129329e+01 3.419353e+00 2.484425e+00 1.485731e+00
<VARIANCE> 6
 1.631056e+04 7.239760e+02 8.461934e+02 1.905881e+01 1.732041e+01 4.504231e+00
<GCONST> 4.135677e+01
<STATE> 3
<MEAN> 6
 3.542697e+02 2.599151e+00 2.997311e+00 8.793590e-01 7.506507e-01 2.927870e-01
<VARIANCE> 6
 1.440187e+04 5.109733e+00 4.942280e+00 3.046209e-01 2.378811e-01 1.781697e-02
<GCONST> 1.717908e+01
<STATE> 4
<MEAN> 6
 3.139573e+02 1.143052e+01 2.167214e+01 2.083498e+00 4.555200e+00 7.341987e-01
<VARIANCE> 6
 1.298081e+04 2.208080e+02 6.801245e+02 4.352189e+00 1.900456e+01 4.027804e-01
<GCONST> 3.592406e+01
<TRANSP> 5
 0.000000e+00 1.000000e+00 0.000000e+00 0.000000e+00 0.000000e+00
 0.000000e+00 9.132009e-02 9.086799e-01 0.000000e+00 0.000000e+00
 0.000000e+00 0.000000e+00 8.990873e-01 1.009126e-01 0.000000e+00
 0.000000e+00 0.000000e+00 0.000000e+00 6.120042e-01 3.879958e-01
 0.000000e+00 0.000000e+00 0.000000e+00 0.000000e+00 0.000000e+00
<ENDHMM>
~h "bg_red_0_0"
<BEGINHMM>
<NUMSTATES> 5
<STATE> 2
<MEAN> 6
 4.281862e+02 1.064088e+01 6.412666e+00 4.454519e+00 2.570272e+00 1.588401e+00
<VARIANCE> 6
 1.247582e+04 1.707923e+02 4.900674e+01 1.629125e+01 2.853275e+00 2.628199e+00
<GCONST> 3.429661e+01
<STATE> 3
<MEAN> 6
 4.671325e+02 4.269480e+01 7.901292e+00 1.072610e+01 3.478682e+00 3.301988e+00
<VARIANCE> 6
 1.584818e+04 3.112221e+03 1.018538e+02 1.136436e+02 1.516958e+01 8.898064e+00
<GCONST> 4.300290e+01
<STATE> 4
<MEAN> 6
 3.836832e+02 5.393765e+00 3.342856e+00 4.413380e+00 3.151676e+00 5.284352e+00
<VARIANCE> 6
 6.816953e+03 4.566455e+01 7.391812e+00 9.322314e+00 3.885716e+00 1.272949e+01
<GCONST> 3.180976e+01
<TRANSP> 5
 0.000000e+00 1.000000e+00 0.000000e+00 0.000000e+00 0.000000e+00
 0.000000e+00 1.797687e-01 8.202313e-01 0.000000e+00 0.000000e+00
 0.000000e+00 0.000000e+00 3.429986e-01 6.570014e-01 0.000000e+00
 0.000000e+00 0.000000e+00 0.000000e+00 6.187108e-01 3.812893e-01
 0.000000e+00 0.000000e+00 0.000000e+00 0.000000e+00 0.000000e+00
<ENDHMM>
~h "bg_red_0_1"
<BEGINHMM>
<NUMSTATES> 5
<STATE> 2
<MEAN> 6
 4.487874e+02 6.533103e+00 3.818478e+00 4.957811e+00 2.284333e+00 2.553394e+00
<VARIANCE> 6
 2.348708e+04 8.192013e+01 1.013613e+01 1.986501e+01 2.385135e+00 6.690863e+00
<GCONST> 3.357228e+01
<STATE> 3
<MEAN> 6
 5.712748e+02 4.098115e+01 7.047385e+00 1.414062e+01 6.979391e+00 6.119263e+00
<VARIANCE> 6
 3.952662e+04 2.161137e+03 6.738599e+01 1.258415e+02 1.395038e+02 6.745835e+01
<GCONST> 4.748544e+01
<STATE> 4
<MEAN> 6
 3.581329e+02 4.397802e+00 2.746322e+00 3.154883e+00 2.429926e+00 3.271750e+00
<VARIANCE> 6
 2.748041e+03 2.175743e+01 3.983699e+00 6.665933e+00 1.857428e+00 9.161836e+00
<GCONST> 2.813932e+01
<TRANSP> 5
 0.000000e+00 1.000000e+00 0.000000e+00 0.000000e+00 0.000000e+00
 0.000000e+00 1.474552e-01 8.525447e-01 0.000000e+00 0.000000e+00
 0.000000e+00 0.000000e+00 5.135434e-01 4.864566e-01 0.000000e+00
 0.000000e+00 0.000000e+00 0.000000e+00 8.088502e-01 1.911499e-01
 0.000000e+00 0.000000e+00 0.000000e+00 0.000000e+00 0.000000e+00
<ENDHMM>
~h "bg_red_0_2"
<BEGINHMM>
<NUMSTATES> 5
<STATE> 2
<MEAN> 6
 3.837141e+02 6.518525e+00 3.000458e+00 3.504533e+00 1.813865e+00 1.198853e+00
<VARIANCE> 6
 9.786771e+03 5.741063e+01 4.854582e+00 1.091008e+01 1.829308e+00 1.200371e+00
<GCONST> 2.902246e+01
<STATE> 3
<MEAN> 6
 3.741257e+02 1.244091e+01 3.943890e+00 6.249673e+00 2.576786e+00 2.818298e+00
<VARIANCE> 6
 1.063571e+04 2.425574e+02 1.448841e+01 4.239374e+01 3.606930e+00 1.076813e+01
<GCONST> 3.587027e+01
<STATE> 4
<MEAN> 6
 3.387452e+02 3.952047e+00 2.048624e+00 2.592258e+00 1.924310e+00 2.324953e+00
<VARIANCE> 6
 3.726914e+03 2.058507e+01 2.672678e+00 2.824489e+00 1.372489e+00 5.593619e+00
<GCONST> 2.633483e+01
<TRANSP> 5
 0.000000e+00 1.000000e+00 0.000000e+00 0.000000e+00 0.000000e+00
 0.000000e+00 1.543258e-02 9.845675e-01 0.000000e+00 0.000000e+00
 0.000000e+00 0.000000e+00 1.685077e-01 8.314923e-01 0.000000e+00
 0.000000e+00 0.000000e+00 0.000000e+00 7.061672e-01 2.938329e-01
 0.000000e+00 0.000000e+00 0.000000e+00 0.000000e+00 0.000000e+00
<ENDHMM>
~h "bg_red_0_3"
<BEGINHMM>
<NUMSTATES> 5
<STATE> 2
<MEAN> 6
 3.046397e+02 1.543139e+01 2.673167e+00 4.756902e+00 1.156951e+00 8.584036e-01
<VARIANCE> 6
 1.114932e+04 2.174038e+02 3.751415e+00 2.404599e+01 9.146712e-01 1.681322e+00
<GCONST> 3.066064e+01
<STATE> 3
<MEAN> 6
 3.697289e+02 5.446827e+00 3.577070e+00 2.658471e+00 1.408489e+00 5.497041e-01
<VARIANCE> 6
 1.174858e+04 5.455737e+01 9.821016e+00 7.377701e+00 9.605697e-01 2.401427e-01
<GCONST> 2.721424e+01
<STATE> 4
<MEAN> 6
 3.419965e+02 2.758337e+00 2.139725e+00 1.320591e+00 1.379177e+00 5.078804e-01
<VARIANCE> 6
 1.561870e+03 6.515801e+00 3.820683e+00 8.286946e-01 8.685607e-01 4.618655e-01
<GCONST> 2.049426e+01
<TRANSP> 5
 0.000000e+00 1.000000e+00 0.000000e+00 0.000000e+00 0.000000e+00
 0.000000e+00 4.711186e-01 5.288814e-01 0.000000e+00 0.000000e+00
 0.000000e+00 0.000000e+00 3.317461e-02 9.668254e-01 0.000000e+00
 0.000000e+00 0.000000e+00 0.000000e+00 8.794690e-01 1.205310e-01
 0.000000e+00 0.000000e+00 0.000000e+00 0.000000e+00 0.000000e+00
<ENDHMM>
~h "bg_red_0_4"
<BEGINHMM>
<NUMSTATES> 5
<STATE> 2
<MEAN> 6
 3.014456e+02 4.741964e+00 1.808410e+00 1.413562e+00 6.619478e-01 3.346735e-01
<VARIANCE> 6
 2.353353e+03 2.008221e+01 2.305545e+00 2.078865e+00 3.003647e-01 8.618625e-02
<GCONST> 1.970383e+01
<STATE> 3
<MEAN> 6
 3.343585e+02 3.956753e+01 4.035677e+00 1.204257e+01 8.646783e-01 6.113537e-01
<VARIANCE> 6
 1.105451e+04 1.823707e+03 2.437232e+01 1.219326e+02 3.655639e-01 2.253316e-01
<GCONST> 3.334690e+01
<STATE> 4
<MEAN> 6
 2.940577e+02 1.974949e+01 2.314374e+00 7.121719e+00 1.426607e+00 1.474897e+00
<VARIANCE> 6
 1.642465e+04 7.588950e+02 3.185084e+00 3.828624e+01 1.819196e+00 5.025870e+00
<GCONST> 3.438223e+01
<TRANSP> 5
 0.000000e+00 1.000000e+00 0.000000e+00 0.000000e+00 0.000000e+00
 0.000000e+00 9.459621e-01 5.403784e-02 0.000000e+00 0.000000e+00
 0.000000e+00 0.000000e+00 4.207352e-01 5.792648e-01 0.000000e+00
 0.000000e+00 0.000000e+00 0.000000e+00 2.728658e-01 7.271342e-01
 0.000000e+00 0.000000e+00 0.000000e+00 0.000000e+00 0.000000e+00
<ENDHMM>
~h "bg_red_0_5"
<BEGINHMM>
<NUMSTATES> 5
<STATE> 2
<MEAN> 6
 2.715898e+02 1.972079e+01 5.172997e+00 6.334332e+00 1.398696e+00 1.237060e+00
<VARIANCE> 6
 7.139387e+03 4.116477e+02 1.459060e+01 2.930345e+01 1.031677e+00 2.265594e+00
<GCONST> 3.282792e+01
<STATE> 3
<MEAN> 6
 4.937889e+02 1.147614e+02 7.239506e+00 3.671125e+01 2.433165e+00 2.276172e+00
<VARIANCE> 6
 2.955572e+04 8.482327e+03 6.368185e+01 7.309633e+02 1.012790e+01 6.716360e+00
<GCONST> 4.533514e+01
<STATE> 4
<MEAN> 6
 5.749111e+02 7.167192e+00 2.130043e+00 2.801741e+00 7.846847e-01 4.921532e-01
<VARIANCE> 6
 5.652277e+04 2.107156e+02 8.356816e+00 6.559998e+01 5.103036e-01 4.120224e-01
<GCONST> 3.206740e+01
<TRANSP> 5
 0.000000e+00 1.000000e+00 0.000000e+00 0.000000e+00 0.000000e+00
 0.000000e+00 7.114709e-01 2.885291e-01 0.000000e+00 0.000000e+00
 0.000000e+00 0.000000e+00 7.072844e-01 2.927156e-01 0.000000e+00
 0.000000e+00 0.000000e+00 0.000000e+00 7.642481e-01 2.357519e-01
 0.000000e+00 0.000000e+00 0.000000e+00 0.000000e+00 0.000000e+00
<ENDHMM>
~h "fp_screen"
<BEGINHMM>
<NUMSTATES> 5
<STATE> 2
<MEAN> 6
 2.109201e+02 9.941807e+00 1.730832e+01 3.237173e+00 5.954717e+00 1.515152e+00
<VARIANCE> 6
 2.437933e+04 3.620789e+02 5.290317e+02 1.611715e+01 4.803573e+01 3.877216e+00
<GCONST> 4.129861e+01
<STATE> 3
<MEAN> 6
 5.308463e+02 5.090071e+01 2.991219e+01 1.893609e+01 9.657272e+00 4.286105e+00
<VARIANCE> 6
 3.946039e+04 2.599237e+03 1.244002e+03 2.834696e+02 8.168333e+01 3.327626e+01
<GCONST> 5.015418e+01
<STATE> 4
<MEAN> 6
 3.972778e+02 3.938106e+00 2.971771e+00 1.401987e+00 1.193966e+00 4.929120e-01
<VARIANCE> 6
 1.380138e+04 1.748043e+01 1.354881e+01 2.064790e+00 2.070162e+00 2.219614e-01
<GCONST> 2.597457e+01
<TRANSP> 5
 0.000000e+00 1.000000e+00 0.000000e+00 0.000000e+00 0.000000e+00
 0.000000e+00 6.085294e-01 3.914706e-01 0.000000e+00 0.000000e+00
 0.000000e+00 0.000000e+00 6.956773e-01 3.043227e-01 0.000000e+00
 0.000000e+00 0.000000e+00 0.000000e+00 9.191582e-01 8.084174e-02
 0.000000e+00 0.000000e+00 0.000000e+00 0.000000e+00 0.000000e+00
<ENDHMM>
~h "bg_board_0"
<BEGINHMM>
<NUMSTATES> 5
<STATE> 2
<MEAN> 6
 1.776273e+02 1.780686e+01 7.998143e+00 4.987311e+00 2.618837e+00 1.004293e+00
<VARIANCE> 6
 3.178270e+03 3.297514e+02 4.010515e+01 7.170025e+00 1.754366e+00 4.162923e-01
<GCONST> 3.023685e+01
<STATE> 3
<MEAN> 6
 2.023204e+02 3.151022e+01 1.210019e+01 8.058016e+00 3.974529e+00 1.941466e+00
<VARIANCE> 6
 3.472407e+03 8.120516e+02 1.249392e+02 2.125659e+01 4.712489e+00 1.940166e+00
<GCONST> 3.597691e+01
<STATE> 4
<MEAN> 6
 1.740334e+02 1.365018e+01 6.113121e+00 3.235926e+00 1.968310e+00 6.368558e-01
<VARIANCE> 6
 3.628203e+03 2.030858e+02 2.432307e+01 4.895597e+00 1.295042e+00 1.865727e-01
<GCONST> 2.789676e+01
<TRANSP> 5
 0.000000e+00 1.000000e+00 0.000000e+00 0.000000e+00 0.000000e+00
 0.000000e+00 6.231853e-01 3.768148e-01 0.000000e+00 0.000000e+00
 0.000000e+00 0.000000e+00 5.103675e-01 4.896325e-01 0.000000e+00
 0.000000e+00 0.000000e+00 0.000000e+00 7.956460e-01 2.043540e-01
 0.000000e+00 0.000000e+00 0.000000e+00 0.000000e+00 0.000000e+00
<ENDHMM>
~h "bg_board_1"
<BEGINHMM>
<NUMSTATES> 5
<STATE> 2
<MEAN> 6
 1.717462e+02 2.354861e+01 1.032385e+01 6.254099e+00 3.036494e+00 1.159630e+00
<VARIANCE> 6
 2.982202e+03 4.096383e+02 5.778085e+01 1.130411e+01 2.228536e+00 5.934697e-01
<GCONST> 3.180435e+01
<STATE> 3
<MEAN> 6
 2.165051e+02 3.483470e+01 2.090691e+01 1.041760e+01 6.310446e+00 2.712891e+00
<VARIANCE> 6
 5.833520e+03 1.060960e+03 4.878092e+02 3.932115e+01 3.979530e+01 6.066004e+00
<GCONST> 4.201371e+01
<STATE> 4
<MEAN> 6
 1.587785e+02 1.180527e+01 5.536582e+00 2.956463e+00 1.779032e+00 5.907767e-01
<VARIANCE> 6
 6.893550e+03 1.794536e+02 2.472477e+01 4.429090e+00 1.132236e+00 1.833884e-01
<GCONST> 2.817956e+01
<TRANSP> 5
 0.000000e+00 1.000000e+00 0.000000e+00 0.000000e+00 0.000000e+00
 0.000000e+00 6.383279e-01 3.616721e-01 0.000000e+00 0.000000e+00
 0.000000e+00 0.000000e+00 5.164955e-01 4.835046e-01 0.000000e+00
 0.000000e+00 0.000000e+00 0.000000e+00 8.452238e-01 1.547761e-01
 0.000000e+00 0.000000e+00 0.000000e+00 0.000000e+00 0.000000e+00
<ENDHMM>
~h "bg_board_2"
<BEGINHMM>
<NUMSTATES> 5
<STATE> 2
<MEAN> 6
 1.342673e+02 1.727359e+01 7.727796e+00 4.344489e+00 2.275555e+00 8.493187e-01
<VARIANCE> 6
 3.280069e+03 2.715962e+02 3.798466e+01 6.691878e+00 1.968507e+00 3.534568e-01
<GCONST> 2.990256e+01
<STATE> 3
<MEAN> 6
 1.998899e+02 5.634411e+01 1.391449e+01 1.177183e+01 4.228009e+00 1.894824e+00
<VARIANCE> 6
 4.162237e+03 2.798684e+03 1.872841e+02 3.920351e+01 1.048436e+01 2.646421e+00
<GCONST> 3.952246e+01
<STATE> 4
<MEAN> 6
 2.121122e+02 2.354126e+01 1.108958e+01 6.569847e+00 3.392132e+00 1.651528e+00
<VARIANCE> 6
 6.326750e+03 5.337275e+02 9.480158e+01 1.219930e+01 3.274772e+00 1.121525e+00
<GCONST> 3.441379e+01
<TRANSP> 5
 0.000000e+00 1.000000e+00 0.000000e+00 0.000000e+00 0.000000e+00
 0.000000e+00 8.002418e-01 1.997583e-01 0.000000e+00 0.000000e+00
 0.000000e+00 0.000000e+00 5.463217e-01 4.536783e-01 0.000000e+00
 0.000000e+00 0.000000e+00 0.000000e+00 4.629536e-01 5.370464e-01
 0.000000e+00 0.000000e+00 0.000000e+00 0.000000e+00 0.000000e+00
<ENDHMM>
~h "bg_board_3"
<BEGINHMM>
<NUMSTATES> 5
<STATE> 2
<MEAN> 6
 1.587903e+02 2.146287e+01 8.434797e+00 5.199472e+00 2.918754e+00 1.126670e+00
<VARIANCE> 6
 5.377738e+03 4.741695e+02 5.482427e+01 8.957516e+00 2.962486e+00 5.974774e-01
<GCONST> 3.254647e+01
<STATE> 3
<MEAN> 6
 2.298303e+02 5.961831e+01 1.388438e+01 1.366433e+01 5.075433e+00 2.668118e+00
<VARIANCE> 6
 4.358015e+03 4.121438e+03 1.698802e+02 7.863805e+01 9.756580e+00 4.254401e+00
<GCONST> 4.095684e+01
<STATE> 4
<MEAN> 6
 2.418610e+02 2.101887e+01 8.716723e+00 5.774614e+00 3.198719e+00 1.401530e+00
<VARIANCE> 6
 6.652860e+03 4.981751e+02 5.480695e+01 1.423347e+01 2.568281e+00 1.093443e+00
<GCONST> 3.373300e+01
<TRANSP> 5
 0.000000e+00 1.000000e+00 0.000000e+00 0.000000e+00 0.000000e+00
 0.000000e+00 5.730883e-01 4.269117e-01 0.000000e+00 0.000000e+00
 0.000000e+00 0.000000e+00 6.320447e-01 3.679554e-01 0.000000e+00
 0.000000e+00 0.000000e+00 0.000000e+00 4.480845e-01 5.519155e-01
 0.000000e+00 0.000000e+00 0.000000e+00 0.000000e+00 0.000000e+00
<ENDHMM>
~h "bg_board_4"
<BEGINHMM>
<NUMSTATES> 5
<STATE> 2
<MEAN> 6
 2.004771e+02 2.062206e+01 1.017702e+01 6.187551e+00 3.738768e+00 1.913396e+00
<VARIANCE> 6
 3.625838e+03 3.479389e+02 6.223431e+01 1.001750e+01 3.610850e+00 1.732526e+00
<GCONST> 3.334389e+01
<STATE> 3
<MEAN> 6
 2.828234e+02 3.858252e+01 1.990582e+01 1.376245e+01 6.251414e+00 3.563064e+00
<VARIANCE> 6
 5.996473e+03 1.229959e+03 2.639102e+02 9.461646e+01 1.219700e+01 5.612131e+00
<GCONST> 4.119248e+01
<STATE> 4
<MEAN> 6
 2.823328e+02 2.064613e+01 9.133384e+00 6.609194e+00 3.461946e+00 1.433327e+00
<VARIANCE> 6
 5.342329e+03 4.901824e+02 6.382731e+01 1.784114e+01 3.134343e+00 1.043836e+00
<GCONST> 3.402847e+01
<TRANSP> 5
 0.000000e+00 1.000000e+00 0.000000e+00 0.000000e+00 0.000000e+00
 0.000000e+00 7.258324e-01 2.741676e-01 0.000000e+00 0.000000e+00
 0.000000e+00 0.000000e+00 6.507108e-01 3.492891e-01 0.000000e+00
 0.000000e+00 0.000000e+00 0.000000e+00 5.307307e-01 4.692693e-01
 0.000000e+00 0.000000e+00 0.000000e+00 0.000000e+00 0.000000e+00
<ENDHMM>
~h "bg_board_5"
<BEGINHMM>
<NUMSTATES> 5
<STATE> 2
<MEAN> 6
 3.096070e+02 2.282652e+01 1.129075e+01 8.228617e+00 4.570267e+00 2.508952e+00
<VARIANCE> 6
 7.050026e+03 4.484998e+02 7.999013e+01 2.008703e+01 5.770168e+00 2.651609e+00
<GCONST> 3.610380e+01
<STATE> 3
<MEAN> 6
 2.786945e+02 7.517918e+01 1.410613e+01 1.317496e+01 5.381977e+00 2.694166e+00
<VARIANCE> 6
 7.440355e+03 6.142109e+03 2.961704e+02 5.519023e+01 2.087379e+01 7.283528e+00
<GCONST> 4.339069e+01
<STATE> 4
<MEAN> 6
 3.463358e+02 1.584933e+01 7.200718e+00 4.797614e+00 2.996147e+00 1.440102e+00
<VARIANCE> 6
 8.474809e+03 3.867328e+02 4.637991e+01 1.299442e+01 4.013667e+00 1.656413e+00
<GCONST> 3.432560e+01
<TRANSP> 5
 0.000000e+00 1.000000e+00 0.000000e+00 0.000000e+00 0.000000e+00
 0.000000e+00 6.945382e-01 3.054618e-01 0.000000e+00 0.000000e+00
 0.000000e+00 0.000000e+00 5.641206e-01 4.358794e-01 0.000000e+00
 0.000000e+00 0.000000e+00 0.000000e+00 8.181628e-01 1.818372e-01
 0.000000e+00 0.000000e+00 0.000000e+00 0.000000e+00 0.000000e+00
<ENDHMM>
~h "fp_key"
<BEGINHMM>
<NUMSTATES> 5
<STATE> 2
<MEAN> 6
 1.879107e+02 2.039983e+01 5.779118e+00 4.146160e+00 1.772939e+00 6.887110e-01
<VARIANCE> 6
 8.636756e+03 7.975760e+02 2.071451e+02 3.043016e+01 3.309688e+00 5.475461e-01
<GCONST> 3.611602e+01
<STATE> 3
<MEAN> 6
 4.612679e+02 9.684349e+01 2.639553e+01 1.897390e+01 8.204054e+00 2.884300e+00
<VARIANCE> 6
 4.663400e+04 4.333049e+03 2.312500e+03 1.427304e+02 1.392497e+02 1.210358e+01
<GCONST> 5.028819e+01
<STATE> 4
<MEAN> 6
 1.361342e+02 3.781375e+00 3.589809e+00 1.222964e+00 1.108962e+00 3.911964e-01
<VARIANCE> 6
 4.947254e+03 1.486422e+01 1.137023e+02 1.235959e+00 2.706384e+00 1.464581e-01
<GCONST> 2.625284e+01
<TRANSP> 5
 0.000000e+00 1.000000e+00 0.000000e+00 0.000000e+00 0.000000e+00
 0.000000e+00 7.767920e-01 2.232080e-01 0.000000e+00 0.000000e+00
 0.000000e+00 0.000000e+00 8.927910e-01 1.072091e-01 0.000000e+00
 0.000000e+00 0.000000e+00 0.000000e+00 8.944236e-01 1.055764e-01
 0.000000e+00 0.000000e+00 0.000000e+00 0.000000e+00 0.000000e+00
<ENDHMM>
~h "fp_logo"
<BEGINHMM>
<NUMSTATES> 5
<STATE> 2
<MEAN> 6
 1.370604e+02 1.501408e+01 4.234106e+00 6.176171e+00 2.067807e+00 1.091025e+00
<VARIANCE> 6
 1.073766e+03 2.868108e+02 1.073021e+01 3.333850e+01 3.114252e+00 1.683053e+00
<GCONST> 3.120139e+01
<STATE> 3
<MEAN> 6
 3.303799e+02 6.342862e+01 5.775547e+00 1.156210e+01 2.626825e+00 1.261626e+00
<VARIANCE> 6
 6.199129e+04 8.796140e+03 3.044482e+01 2.594273e+02 5.601700e+00 2.263733e+00
<GCONST> 4.265856e+01
<STATE> 4
<MEAN> 6
 1.240462e+02 3.066061e+00 2.527198e+00 1.145364e+00 9.862447e-01 3.813139e-01
<VARIANCE> 6
 2.198003e+03 8.501619e+00 5.283822e+00 1.071228e+00 5.881189e-01 1.178937e-01
<GCONST> 1.992748e+01
<TRANSP> 5
 0.000000e+00 1.000000e+00 0.000000e+00 0.000000e+00 0.000000e+00
 0.000000e+00 7.209588e-01 2.790412e-01 0.000000e+00 0.000000e+00
 0.000000e+00 0.000000e+00 4.458880e-01 5.541119e-01 0.000000e+00
 0.000000e+00 0.000000e+00 0.000000e+00 9.144306e-01 8.556944e-02
 0.000000e+00 0.000000e+00 0.000000e+00 0.000000e+00 0.000000e+00
<ENDHMM>
