~o
<STREAMINFO> 1 6
<VECSIZE> 6<NULLD><MFCC><DIAGC>
~h "bg_dark_0"
<BEGINHMM>
<NUMSTATES> 5
<STATE> 2
<MEAN> 6
 3.920509e+02 1.446478e+01 8.947439e+00 4.815516e+00 2.968679e+00 1.398447e+00
<VARIANCE> 6
 6.545573e+04 3.750799e+02 2.595479e+02 2.845367e+01 1.392525e+01 2.689002e+00
<GCONST> 4.057363e+01
<STATE> 3
<MEAN> 6
 6.302827e+02 5.309071e+01 2.250926e+01 1.426439e+01 1.110406e+01 6.420956e+00
<VARIANCE> 6
 3.924658e+04 3.404186e+03 1.462882e+03 1.503667e+02 1.416414e+02 4.021391e+01
<GCONST> 5.068639e+01
<STATE> 4
<MEAN> 6
 4.379420e+02 4.467004e+00 6.144097e+00 1.495967e+00 1.746198e+00 5.644815e-01
<VARIANCE> 6
 5.404193e+04 5.030495e+01 3.088871e+02 2.903774e+00 1.219649e+01 6.084774e-01
<GCONST> 3.464622e+01
<TRANSP> 5
 0.000000e+00 1.000000e+00 0.000000e+00 0.000000e+00 0.000000e+00
 0.000000e+00 9.561138e-01 4.388621e-02 0.000000e+00 0.000000e+00
 0.000000e+00 0.000000e+00 9.566979e-01 4.330204e-02 0.000000e+00
 0.000000e+00 0.000000e+00 0.000000e+00 9.585410e-01 4.145902e-02
 0.000000e+00 0.000000e+00 0.000000e+00 0.000000e+00 0.000000e+00
<ENDHMM>
