~o
<STREAMINFO> 1 6
<VECSIZE> 6<NULLD><MFCC><DIAGC>
~h "fp_logo_0"
<BEGINHMM>
<NUMSTATES> 5
<STATE> 2
<MEAN> 6
 1.142213e+02 4.510067e+00 3.164423e+00 2.852101e+00 1.575763e+00 5.515515e-01
<VARIANCE> 6
 4.068720e+02 1.401948e+01 6.919803e+00 1.117016e+01 1.051353e+00 2.117338e-01
<GCONST> 2.252149e+01
<STATE> 3
<MEAN> 6
 1.203564e+02 6.198586e+00 4.556436e+00 3.310409e+00 2.958478e+00 1.550981e+00
<VARIANCE> 6
 5.767686e+02 3.997729e+01 3.398449e+01 1.237083e+01 9.242947e+00 3.185996e+00
<GCONST> 3.049689e+01
<STATE> 4
<MEAN> 6
 1.080180e+02 3.336513e+00 2.576838e+00 1.734869e+00 1.384266e+00 5.400631e-01
<VARIANCE> 6
 2.365034e+02 7.470222e+00 4.547781e+00 1.575468e+00 1.081084e+00 2.782388e-01
<GCONST> 1.927203e+01
<TRANSP> 5
 0.000000e+00 1.000000e+00 0.000000e+00 0.000000e+00 0.000000e+00
 0.000000e+00 1.795668e-01 8.204332e-01 0.000000e+00 0.000000e+00
 0.000000e+00 0.000000e+00 2.119712e-01 7.880288e-01 0.000000e+00
 0.000000e+00 0.000000e+00 0.000000e+00 8.870268e-01 1.129732e-01
 0.000000e+00 0.000000e+00 0.000000e+00 0.000000e+00 0.000000e+00
<ENDHMM>
~h "fp_logo_1"
<BEGINHMM>
<NUMSTATES> 5
<STATE> 2
<MEAN> 6
 1.392357e+02 3.543961e+00 3.350244e+00 2.158556e+00 1.849355e+00 7.085810e-01
<VARIANCE> 6
 6.107929e+02 7.751360e+00 7.507117e+00 1.920575e+00 1.405745e+00 5.900049e-01
<GCONST> 2.197131e+01
<STATE> 3
<MEAN> 6
 1.497825e+02 1.407667e+01 4.763054e+00 6.947228e+00 3.077237e+00 1.987023e+00
<VARIANCE> 6
 3.774758e+02 1.840591e+02 1.846923e+01 2.596542e+01 3.806180e+00 2.923447e+00
<GCONST> 3.075829e+01
<STATE> 4
<MEAN> 6
 1.786486e+02 2.560616e+01 1.102123e+01 1.185461e+01 5.280875e+00 3.853915e+00
<VARIANCE> 6
 2.259607e+03 2.356792e+03 2.265824e+02 2.240089e+02 1.863742e+01 1.292899e+01
<GCONST> 4.283470e+01
<TRANSP> 5
 0.000000e+00 1.000000e+00 0.000000e+00 0.000000e+00 0.000000e+00
 0.000000e+00 8.310264e-01 1.689736e-01 0.000000e+00 0.000000e+00
 0.000000e+00 0.000000e+00 6.859324e-01 3.140676e-01 0.000000e+00
 0.000000e+00 0.000000e+00 0.000000e+00 1.594314e-01 8.405686e-01
 0.000000e+00 0.000000e+00 0.000000e+00 0.000000e+00 0.000000e+00
<ENDHMM>
~h "fp_logo_2"
<BEGINHMM>
<NUMSTATES> 5
<STATE> 2
<MEAN> 6
 1.797650e+02 2.497321e+01 1.267202e+01 9.608949e+00 4.365145e+00 4.400560e+00
<VARIANCE> 6
 2.041872e+03 2.657921e+03 3.720832e+02 1.135303e+02 1.725537e+01 3.430860e+01
<GCONST> 4.356890e+01
<STATE> 3
<MEAN> 6
 3.929255e+02 7.667079e+01 8.105386e+01 2.065449e+01 2.351334e+01 9.921955e+00
<VARIANCE> 6
 3.863032e+04 5.460562e+03 6.322503e+03 3.376344e+02 2.200407e+02 6.162682e+01
<GCONST> 5.428311e+01
<STATE> 4
<MEAN> 6
 1.789845e+02 5.745869e+00 4.746142e+00 3.707661e+00 3.169360e+00 1.713261e+00
<VARIANCE> 6
 7.466705e+02 3.432530e+01 5.487167e+01 5.905972e+00 4.268200e+00 2.587644e+00
<GCONST> 2.936167e+01
<TRANSP> 5
 0.000000e+00 1.000000e+00 0.000000e+00 0.000000e+00 0.000000e+00
 0.000000e+00 5.547381e-02 9.445262e-01 0.000000e+00 0.000000e+00
 0.000000e+00 0.000000e+00 7.493349e-01 2.506651e-01 0.000000e+00
 0.000000e+00 0.000000e+00 0.000000e+00 4.031030e-01 5.968969e-01
 0.000000e+00 0.000000e+00 0.000000e+00 0.000000e+00 0.000000e+00
<ENDHMM>
~h "fp_logo_3"
<BEGINHMM>
<NUMSTATES> 5
<STATE> 2
<MEAN> 6
 2.013747e+02 5.892883e+00 1.101780e+01 3.764679e+00 4.765016e+00 1.774925e+00
<VARIANCE> 6
 5.995571e+03 3.730010e+01 3.077802e+02 1.038506e+01 3.872982e+01 3.580738e+00
<GCONST> 3.634697e+01
<STATE> 3
<MEAN> 6
 3.591111e+02 7.155249e+01 7.301907e+01 1.698727e+01 1.864025e+01 8.544521e+00
<VARIANCE> 6
 3.234960e+04 6.676905e+03 6.569986e+03 2.832995e+02 3.132075e+02 5.966947e+01
<GCONST> 5.449049e+01
<STATE> 4
<MEAN> 6
 2.010653e+02 4.241519e+00 3.410793e+00 2.445621e+00 2.373089e+00 1.192195e+00
<VARIANCE> 6
 6.496246e+02 1.610926e+01 5.683456e+00 2.594584e+00 2.012904e+00 1.887254e+00
<GCONST> 2.430874e+01
<TRANSP> 5
 0.000000e+00 1.000000e+00 0.000000e+00 0.000000e+00 0.000000e+00
 0.000000e+00 1.917088e-02 9.808291e-01 0.000000e+00 0.000000e+00
 0.000000e+00 0.000000e+00 5.466500e-01 4.533500e-01 0.000000e+00
 0.000000e+00 0.000000e+00 0.000000e+00 8.866724e-01 1.133276e-01
 0.000000e+00 0.000000e+00 0.000000e+00 0.000000e+00 0.000000e+00
<ENDHMM>
~h "fp_logo_4"
<BEGINHMM>
<NUMSTATES> 5
<STATE> 2
<MEAN> 6
 2.485361e+02 5.441377e+00 6.492622e+00 2.564845e+00 3.397928e+00 1.647638e+00
<VARIANCE> 6
 4.166330e+02 1.725888e+01 2.359843e+01 2.881714e+00 2.702862e+00 1.297725e+00
<GCONST> 2.538228e+01
<STATE> 3
<MEAN> 6
 2.569178e+02 2.336386e+01 4.262374e+00 8.684527e+00 2.813137e+00 1.317046e+00
<VARIANCE> 6
 1.997092e+03 5.006330e+02 8.834817e+00 3.152003e+01 1.200450e+00 7.493427e-01
<GCONST> 3.036604e+01
<STATE> 4
<MEAN> 6
 3.019942e+02 3.634848e+00 3.256792e+00 1.963100e+00 2.270588e+00 7.461151e-01
<VARIANCE> 6
 6.759672e+02 7.228270e+00 6.112686e+00 1.303489e+00 1.583341e+00 2.041743e-01
<GCONST> 2.046758e+01
<TRANSP> 5
 0.000000e+00 1.000000e+00 0.000000e+00 0.000000e+00 0.000000e+00
 0.000000e+00 6.176065e-01 3.823935e-01 0.000000e+00 0.000000e+00
 0.000000e+00 0.000000e+00 5.873918e-01 4.126082e-01 0.000000e+00
 0.000000e+00 0.000000e+00 0.000000e+00 8.737495e-01 1.262505e-01
 0.000000e+00 0.000000e+00 0.000000e+00 0.000000e+00 0.000000e+00
<ENDHMM>
~h "fp_logo_5"
<BEGINHMM>
<NUMSTATES> 5
<STATE> 2
<MEAN> 6
 3.184972e+02 6.863570e+00 4.475974e+00 4.533499e+00 2.316205e+00 1.151041e+00
<VARIANCE> 6
 2.966360e+03 7.874103e+01 9.835299e+00 2.436461e+01 1.020749e+00 4.382412e-01
<GCONST> 2.806318e+01
<STATE> 3
<MEAN> 6
 3.631119e+02 3.621332e+00 2.531239e+00 2.033099e+00 1.933594e+00 9.149193e-01
<VARIANCE> 6
 6.806420e+02 2.942227e+01 2.747983e+00 6.850747e+00 8.329095e-01 5.314718e-01
<GCONST> 2.305234e+01
<STATE> 4
<MEAN> 6
 3.875793e+02 2.504685e+00 2.419477e+00 1.111498e+00 9.829682e-01 2.971841e-01
<VARIANCE> 6
 4.630358e+02 1.986036e+01 4.541843e+00 6.700669e+00 1.524513e+00 3.439528e-02
<GCONST> 2.062117e+01
<TRANSP> 5
 0.000000e+00 1.000000e+00 0.000000e+00 0.000000e+00 0.000000e+00
 0.000000e+00 1.697222e-01 8.302777e-01 0.000000e+00 0.000000e+00
 0.000000e+00 0.000000e+00 7.567776e-01 2.432224e-01 0.000000e+00
 0.000000e+00 0.000000e+00 0.000000e+00 8.144688e-01 1.855312e-01
 0.000000e+00 0.000000e+00 0.000000e+00 0.000000e+00 0.000000e+00
<ENDHMM>
~h "bg_white_0"
<BEGINHMM>
<NUMSTATES> 5
<STATE> 2
<MEAN> 6
 7.814277e+02 2.438400e+00 7.868119e+00 9.687624e-01 2.647347e+00 5.708866e-01
<VARIANCE> 6
 1.996252e+03 1.007713e+02 6.284951e+02 3.469602e+00 5.261798e+01 9.839209e-01
<GCONST> 3.487336e+01
<STATE> 3
<MEAN> 6
 7.330223e+02 2.843504e+01 8.937868e+00 8.767234e+00 5.587866e+00 3.776934e+00
<VARIANCE> 6
 1.409064e+04 2.773994e+03 2.787452e+02 1.371528e+02 6.156114e+01 3.764457e+01
<GCONST> 4.680819e+01
<STATE> 4
<MEAN> 6
 7.219542e+02 3.553675e+00 1.728838e+00 1.560298e+00 9.214539e-01 4.500561e-01
<VARIANCE> 6
 2.803258e+04 3.153916e+01 4.374137e+00 7.108659e+00 1.106333e+00 3.188533e-01
<GCONST> 2.711466e+01
<TRANSP> 5
 0.000000e+00 1.000000e+00 0.000000e+00 0.000000e+00 0.000000e+00
 0.000000e+00 8.763753e-01 1.236247e-01 0.000000e+00 0.000000e+00
 0.000000e+00 0.000000e+00 3.401213e-01 6.598787e-01 0.000000e+00
 0.000000e+00 0.000000e+00 0.000000e+00 1.270895e-01 8.729105e-01
 0.000000e+00 0.000000e+00 0.000000e+00 0.000000e+00 0.000000e+00
<ENDHMM>
~h "fp_screen_0"
<BEGINHMM>
<NUMSTATES> 5
<STATE> 2
<MEAN> 6
 3.187145e+02 6.652070e+00 3.370909e+00 2.914960e+00 2.046077e+00 8.416954e-01
<VARIANCE> 6
 1.941730e+04 5.226310e+01 2.459425e+01 6.317905e+00 8.882412e+00 5.919734e-01
<GCONST> 3.156315e+01
<STATE> 3
<MEAN> 6
 3.769901e+02 2.429201e+01 1.907692e+01 7.218736e+00 6.724145e+00 3.346542e+00
<VARIANCE> 6
 2.435690e+04 1.505035e+03 1.079535e+03 7.409249e+01 1.262240e+02 2.288095e+01
<GCONST> 4.770237e+01
<STATE> 4
<MEAN> 6
 3.283129e+02 4.514439e+00 2.628402e+00 1.712240e+00 1.379019e+00 6.435573e-01
<VARIANCE> 6
 2.858843e+04 2.120293e+01 9.968772e+00 2.740667e+00 2.249814e+00 6.859249e-01
<GCONST> 2.808368e+01
<TRANSP> 5
 0.000000e+00 1.000000e+00 0.000000e+00 0.000000e+00 0.000000e+00
 0.000000e+00 8.922557e-02 9.107745e-01 0.000000e+00 0.000000e+00
 0.000000e+00 0.000000e+00 1.270102e-01 8.729898e-01 0.000000e+00
 0.000000e+00 0.000000e+00 0.000000e+00 8.475665e-01 1.524335e-01
 0.000000e+00 0.000000e+00 0.000000e+00 0.000000e+00 0.000000e+00
<ENDHMM>
~h "fp_screen_1"
<BEGINHMM>
<NUMSTATES> 5
<STATE> 2
<MEAN> 6
 2.683373e+02 1.746788e+01 5.373801e+00 5.297510e+00 2.960726e+00 2.322745e+00
<VARIANCE> 6
 2.098858e+04 3.026831e+02 4.857312e+01 1.664105e+01 6.303482e+00 6.508276e+00
<GCONST> 3.710080e+01
<STATE> 3
<MEAN> 6
 4.334522e+02 2.463393e+01 1.584999e+01 7.201360e+00 5.904943e+00 2.849776e+00
<VARIANCE> 6
 5.684980e+04 1.416340e+03 5.167603e+02 9.191103e+01 4.974704e+01 1.593128e+01
<GCONST> 4.667490e+01
<STATE> 4
<MEAN> 6
 3.355376e+02 1.131950e+01 4.082100e+00 3.402483e+00 1.952919e+00 1.230477e+00
<VARIANCE> 6
 1.386262e+04 1.906786e+02 2.292670e+01 1.019711e+01 2.556799e+00 1.532178e+00
<GCONST> 3.263465e+01
<TRANSP> 5
 0.000000e+00 1.000000e+00 0.000000e+00 0.000000e+00 0.000000e+00
 0.000000e+00 4.209477e-01 5.790524e-01 0.000000e+00 0.000000e+00
 0.000000e+00 0.000000e+00 1.114202e-01 8.885799e-01 0.000000e+00
 0.000000e+00 0.000000e+00 0.000000e+00 3.104770e-01 6.895230e-01
 0.000000e+00 0.000000e+00 0.000000e+00 0.000000e+00 0.000000e+00
<ENDHMM>
~h "fp_screen_2"
<BEGINHMM>
<NUMSTATES> 5
<STATE> 2
<MEAN> 6
 2.644181e+02 2.653814e+01 4.571358e+00 5.798326e+00 3.018202e+00 2.008711e+00
<VARIANCE> 6
 1.683526e+04 7.694208e+02 1.683349e+01 1.744057e+01 3.856921e+00 2.654033e+00
<GCONST> 3.541225e+01
<STATE> 3
<MEAN> 6
 5.246389e+02 6.985284e+01 4.152602e+01 2.424521e+01 2.087037e+01 8.235916e+00
<VARIANCE> 6
 3.499619e+04 3.779767e+03 2.309948e+03 3.076396e+02 5.272601e+02 8.024541e+01
<GCONST> 5.385437e+01
<STATE> 4
<MEAN> 6
 4.775341e+02 2.798980e+01 3.973219e+01 8.427408e+00 1.373989e+01 3.228709e+00
<VARIANCE> 6
 4.081025e+04 1.220357e+03 3.099783e+03 9.292902e+01 2.009979e+02 9.569575e+00
<GCONST> 4.888366e+01
<TRANSP> 5
 0.000000e+00 1.000000e+00 0.000000e+00 0.000000e+00 0.000000e+00
 0.000000e+00 6.995295e-01 3.004705e-01 0.000000e+00 0.000000e+00
 0.000000e+00 0.000000e+00 6.626898e-01 3.373102e-01 0.000000e+00
 0.000000e+00 0.000000e+00 0.000000e+00 4.212995e-01 5.787005e-01
 0.000000e+00 0.000000e+00 0.000000e+00 0.000000e+00 0.000000e+00
<ENDHMM>
~h "fp_screen_3"
<BEGINHMM>
<NUMSTATES> 5
<STATE> 2
<MEAN> 6
 3.497972e+02 1.981649e+01 9.182755e+00 7.153538e+00 5.223410e+00 3.075677e+00
<VARIANCE> 6
 1.032309e+04 5.597495e+02 1.844083e+02 4.145312e+01 4.216558e+01 9.265215e+00
<GCONST> 4.150648e+01
<STATE> 3
<MEAN> 6
 5.221036e+02 5.915031e+01 6.590679e+01 1.380487e+01 1.818270e+01 8.064619e+00
<VARIANCE> 6
 4.228441e+04 3.352562e+03 5.557522e+03 1.618833e+02 2.188964e+02 4.708084e+01
<GCONST> 5.274717e+01
<STATE> 4
<MEAN> 6
 3.165492e+02 6.503938e+00 3.259389e+00 1.977784e+00 1.520033e+00 5.757313e-01
<VARIANCE> 6
 3.645036e+03 3.642354e+01 7.677683e+00 2.175241e+00 1.175945e+00 1.985490e-01
<GCONST> 2.418441e+01
<TRANSP> 5
 0.000000e+00 1.000000e+00 0.000000e+00 0.000000e+00 0.000000e+00
 0.000000e+00 2.933399e-01 7.066602e-01 0.000000e+00 0.000000e+00
 0.000000e+00 0.000000e+00 6.098432e-01 3.901568e-01 0.000000e+00
 0.000000e+00 0.000000e+00 0.000000e+00 9.190462e-01 8.095383e-02
 0.000000e+00 0.000000e+00 0.000000e+00 0.000000e+00 0.000000e+00
<ENDHMM>
~h "fp_screen_4"
<BEGINHMM>
<NUMSTATES> 5
<STATE> 2
<MEAN> 6
 3.180482e+02 5.551605e+00 4.533100e+00 2.203841e+00 1.886532e+00 6.565800e-01
<VARIANCE> 6
 4.028985e+03 4.337553e+01 1.396400e+01 3.737716e+00 9.621897e-01 1.475635e-01
<GCONST> 2.510135e+01
<STATE> 3
<MEAN> 6
 3.375936e+02 1.007187e+01 1.579033e+01 4.544822e+00 4.133974e+00 2.368597e+00
<VARIANCE> 6
 5.335764e+03 6.711504e+01 1.926399e+02 2.394143e+01 8.478925e+00 4.573496e+00
<GCONST> 3.591016e+01
<STATE> 4
<MEAN> 6
 3.472531e+02 4.651479e+00 3.730399e+00 2.070745e+00 2.101280e+00 7.766145e-01
<VARIANCE> 6
 1.544311e+03 1.534631e+01 8.968817e+00 4.192776e+00 1.091294e+00 3.336025e-01
<GCONST> 2.371715e+01
<TRANSP> 5
 0.000000e+00 1.000000e+00 0.000000e+00 0.000000e+00 0.000000e+00
 0.000000e+00 5.800524e-01 4.199477e-01 0.000000e+00 0.000000e+00
 0.000000e+00 0.000000e+00 4.846614e-01 5.153386e-01 0.000000e+00
 0.000000e+00 0.000000e+00 0.000000e+00 8.497713e-01 1.502288e-01
 0.000000e+00 0.000000e+00 0.000000e+00 0.000000e+00 0.000000e+00
<ENDHMM>
~h "fp_screen_5"
<BEGINHMM>
<NUMSTATES> 5
<STATE> 2
<MEAN> 6
 3.525677e+02 6.003948e+00 7.477660e+00 3.408595e+00 3.017175e+00 1.506962e+00
<VARIANCE> 6
 2.339011e+03 2.271629e+01 3.176093e+01 1.118749e+01 2.226416e+00 1.372664e+00
<GCONST> 2.889801e+01
<STATE> 3
<MEAN> 6
 4.345331e+02 4.799242e+01 2.517701e+01 1.466895e+01 1.175120e+01 5.879942e+00
<VARIANCE> 6
 2.175529e+04 3.679039e+03 1.492246e+03 1.695283e+02 1.782280e+02 3.085940e+01
<GCONST> 5.027884e+01
<STATE> 4
<MEAN> 6
 3.205066e+02 5.587297e+00 8.284101e+00 3.221285e+00 3.588749e+00 1.984505e+00
<VARIANCE> 6
 2.480584e+03 2.031846e+01 4.748826e+01 3.840600e+00 4.114762e+00 2.072301e+00
<GCONST> 2.920440e+01
<TRANSP> 5
 0.000000e+00 1.000000e+00 0.000000e+00 0.000000e+00 0.000000e+00
 0.000000e+00 6.472974e-01 3.527026e-01 0.000000e+00 0.000000e+00
 0.000000e+00 0.000000e+00 4.480187e-01 5.519813e-01 0.000000e+00
 0.000000e+00 0.000000e+00 0.000000e+00 8.233010e-01 1.766990e-01
 0.000000e+00 0.000000e+00 0.000000e+00 0.000000e+00 0.000000e+00
<ENDHMM>
~h "bg_white_0_0"
<BEGINHMM>
<NUMSTATES> 5
<STATE> 2
<MEAN> 6
 7.889898e+02 1.711452e+00 1.269949e+00 5.420695e-01 4.376764e-01 2.159920e-01
<VARIANCE> 6
 1.505399e+03 6.654585e+00 3.394730e+00 8.291203e-01 5.242734e-01 4.667095e-02
<GCONST> 1.756384e+01
<STATE> 3
<MEAN> 6
 7.502285e+02 3.086279e+01 1.256833e+01 9.702269e+00 9.752919e+00 6.276052e+00
<VARIANCE> 6
 3.139029e+03 1.380453e+03 3.075920e+02 8.577930e+01 9.970526e+01 3.825279e+01
<GCONST> 4.473608e+01
<STATE> 4
<MEAN> 6
 7.596404e+02 2.025526e+01 7.570894e+00 7.510735e+00 6.393136e+00 4.433565e+00
<VARIANCE> 6
 2.548874e+03 5.928770e+02 1.446412e+02 5.523971e+01 5.093591e+01 2.283415e+01
<GCONST> 4.130042e+01
<TRANSP> 5
 0.000000e+00 1.000000e+00 0.000000e+00 0.000000e+00 0.000000e+00
 0.000000e+00 8.002231e-01 1.997768e-01 0.000000e+00 0.000000e+00
 0.000000e+00 0.000000e+00 3.854106e-01 6.145893e-01 0.000000e+00
 0.000000e+00 0.000000e+00 0.000000e+00 2.187970e-01 7.812030e-01
 0.000000e+00 0.000000e+00 0.000000e+00 0.000000e+00 0.000000e+00
<ENDHMM>
~h "bg_white_0_1"
<BEGINHMM>
<NUMSTATES> 5
<STATE> 2
<MEAN> 6
 7.734522e+02 7.429808e+00 3.400199e+00 3.892619e+00 3.022266e+00 2.872203e+00
<VARIANCE> 6
 1.862796e+03 1.496252e+02 3.180969e+01 1.897273e+01 1.047207e+01 6.328514e+00
<GCONST> 3.416178e+01
<STATE> 3
<MEAN> 6
 7.054144e+02 5.811837e+01 1.763892e+01 1.586075e+01 1.517203e+01 1.021728e+01
<VARIANCE> 6
 2.064906e+03 1.145785e+03 2.644202e+02 5.681485e+01 8.759620e+01 3.328564e+01
<GCONST> 4.329915e+01
<STATE> 4
<MEAN> 6
 7.394482e+02 2.517239e+01 7.363394e+00 9.661177e+00 7.096247e+00 5.496295e+00
<VARIANCE> 6
 2.881957e+03 7.850500e+02 6.210237e+01 6.307740e+01 4.900185e+01 2.068887e+01
<GCONST> 4.085384e+01
<TRANSP> 5
 0.000000e+00 1.000000e+00 0.000000e+00 0.000000e+00 0.000000e+00
 0.000000e+00 4.142182e-01 5.857819e-01 0.000000e+00 0.000000e+00
 0.000000e+00 0.000000e+00 8.352033e-01 1.647967e-01 0.000000e+00
 0.000000e+00 0.000000e+00 0.000000e+00 2.667399e-01 7.332601e-01
 0.000000e+00 0.000000e+00 0.000000e+00 0.000000e+00 0.000000e+00
<ENDHMM>
~h "bg_white_0_2"
<BEGINHMM>
<NUMSTATES> 5
<STATE> 2
<MEAN> 6
 7.595987e+02 1.283721e+01 3.325217e+00 5.278162e+00 3.447952e+00 3.290203e+00
<VARIANCE> 6
 1.848449e+03 4.217374e+02 1.367703e+01 2.867488e+01 1.143342e+01 6.941805e+00
<GCONST> 3.493959e+01
<STATE> 3
<MEAN> 6
 6.807326e+02 5.321782e+01 1.793553e+01 1.710239e+01 1.528150e+01 1.034749e+01
<VARIANCE> 6
 3.356495e+03 1.588544e+03 2.982958e+02 8.140659e+01 1.105998e+02 3.978842e+01
<GCONST> 4.500352e+01
<STATE> 4
<MEAN> 6
 7.332812e+02 1.941241e+01 9.338566e+00 8.376161e+00 6.466418e+00 5.047952e+00
<VARIANCE> 6
 3.214546e+03 4.591140e+02 1.436229e+02 5.433178e+01 4.303473e+01 2.219740e+01
<GCONST> 4.105629e+01
<TRANSP> 5
 0.000000e+00 1.000000e+00 0.000000e+00 0.000000e+00 0.000000e+00
 0.000000e+00 5.246182e-01 4.753818e-01 0.000000e+00 0.000000e+00
 0.000000e+00 0.000000e+00 7.412615e-01 2.587385e-01 0.000000e+00
 0.000000e+00 0.000000e+00 0.000000e+00 2.017408e-01 7.982591e-01
 0.000000e+00 0.000000e+00 0.000000e+00 0.000000e+00 0.000000e+00
<ENDHMM>
~h "bg_white_0_3"
<BEGINHMM>
<NUMSTATES> 5
<STATE> 2
<MEAN> 6
 7.452492e+02 6.140424e+00 2.706637e+00 3.639862e+00 2.561913e+00 2.508862e+00
<VARIANCE> 6
 1.211385e+03 6.249585e+01 1.060340e+01 1.498889e+01 6.743806e+00 6.170078e+00
<GCONST> 3.105870e+01
<STATE> 3
<MEAN> 6
 7.089990e+02 3.858985e+01 1.621832e+01 1.272142e+01 1.161852e+01 7.705276e+00
<VARIANCE> 6
 2.266472e+03 9.662358e+02 2.292966e+02 5.468413e+01 7.147509e+01 2.911256e+01
<GCONST> 4.270376e+01
<STATE> 4
<MEAN> 6
 7.182725e+02 2.258225e+01 5.442368e+00 8.814092e+00 4.736300e+00 4.053429e+00
<VARIANCE> 6
 4.393704e+03 7.585795e+02 4.278308e+01 6.408636e+01 2.479390e+01 1.705546e+01
<GCONST> 4.001008e+01
<TRANSP> 5
 0.000000e+00 1.000000e+00 0.000000e+00 0.000000e+00 0.000000e+00
 0.000000e+00 6.756490e-01 3.243510e-01 0.000000e+00 0.000000e+00
 0.000000e+00 0.000000e+00 6.600078e-01 3.399922e-01 0.000000e+00
 0.000000e+00 0.000000e+00 0.000000e+00 3.511478e-02 9.648852e-01
 0.000000e+00 0.000000e+00 0.000000e+00 0.000000e+00 0.000000e+00
<ENDHMM>
~h "bg_white_0_4"
<BEGINHMM>
<NUMSTATES> 5
<STATE> 2
<MEAN> 6
 7.269725e+02 1.670893e+01 4.580458e+00 7.011368e+00 4.892872e+00 3.862715e+00
<VARIANCE> 6
 3.159496e+03 4.342353e+02 3.300610e+01 4.168301e+01 2.546191e+01 1.749847e+01
<GCONST> 3.848510e+01
<STATE> 3
<MEAN> 6
 6.650087e+02 4.566283e+01 1.601150e+01 1.545986e+01 1.154267e+01 8.112971e+00
<VARIANCE> 6
 7.358321e+03 1.614499e+03 2.521587e+02 9.072787e+01 7.265370e+01 3.618391e+01
<GCONST> 4.522988e+01
<STATE> 4
<MEAN> 6
 7.353811e+02 3.389613e+00 1.322432e+00 1.382255e+00 7.852291e-01 5.870705e-01
<VARIANCE> 6
 2.932906e+03 1.612399e+01 1.732364e+00 2.040826e+00 8.560075e-01 1.008776e+00
<GCONST> 2.290742e+01
<TRANSP> 5
 0.000000e+00 1.000000e+00 0.000000e+00 0.000000e+00 0.000000e+00
 0.000000e+00 2.268665e-01 7.731335e-01 0.000000e+00 0.000000e+00
 0.000000e+00 0.000000e+00 6.831918e-01 3.168082e-01 0.000000e+00
 0.000000e+00 0.000000e+00 0.000000e+00 9.153950e-01 8.460508e-02
 0.000000e+00 0.000000e+00 0.000000e+00 0.000000e+00 0.000000e+00
<ENDHMM>
~h "bg_white_0_5"
<BEGINHMM>
<NUMSTATES> 5
<STATE> 2
<MEAN> 6
 7.273947e+02 2.692258e+00 3.530341e+00 9.143100e-01 1.642239e+00 4.107251e-01
<VARIANCE> 6
 3.437599e+03 3.748908e+01 1.502361e+01 3.425318e+00 4.010232e+00 6.692548e-01
<GCONST> 2.772192e+01
<STATE> 3
<MEAN> 6
 3.925247e+02 2.260078e+01 6.526272e+01 6.658721e+00 1.502045e+01 1.179598e+00
<VARIANCE> 6
 2.665126e+04 8.076248e+02 6.168156e+03 5.497541e+01 2.275600e+02 1.896345e+00
<GCONST> 4.671333e+01
<STATE> 4
<MEAN> 6
 2.845564e+02 6.064703e+00 3.662328e+00 2.138357e+00 1.327879e+00 5.503361e-01
<VARIANCE> 6
 1.941210e+03 4.731213e+01 1.678455e+01 4.992240e+00 1.273173e+00 3.977571e-01
<GCONST> 2.620304e+01
<TRANSP> 5
 0.000000e+00 1.000000e+00 0.000000e+00 0.000000e+00 0.000000e+00
 0.000000e+00 4.503621e-01 5.496379e-01 0.000000e+00 0.000000e+00
 0.000000e+00 0.000000e+00 5.531952e-01 4.468048e-01 0.000000e+00
 0.000000e+00 0.000000e+00 0.000000e+00 8.682337e-01 1.317663e-01
 0.000000e+00 0.000000e+00 0.000000e+00 0.000000e+00 0.000000e+00
<ENDHMM>
~h "bg_dark_0"
<BEGINHMM>
<NUMSTATES> 5
<STATE> 2
<MEAN> 6
 1.256054e+02 1.088669e+01 8.753049e+00 3.089483e+00 2.727968e+00 1.088450e+00
<VARIANCE> 6
 5.590825e+03 1.651507e+02 8.587849e+01 4.396148e+00 2.378763e+00 9.995375e-01
<GCONST> 3.156278e+01
<STATE> 3
<MEAN> 6
 3.016724e+02 2.850759e+01 8.721638e+00 7.312456e+00 3.851974e+00 2.238985e+00
<VARIANCE> 6
 9.454104e+03 5.203717e+02 5.667615e+01 2.363956e+01 4.876317e+00 2.568418e+00
<GCONST> 3.616396e+01
<STATE> 4
<MEAN> 6
 1.936346e+02 4.223250e+00 1.876219e+00 1.293433e+00 9.543610e-01 3.772100e-01
<VARIANCE> 6
 6.953511e+03 2.115531e+01 4.307230e+00 1.104553e+00 7.501429e-01 8.513023e-02
<GCONST> 2.173483e+01
<TRANSP> 5
 0.000000e+00 1.000000e+00 0.000000e+00 0.000000e+00 0.000000e+00
 0.000000e+00 8.410699e-01 1.589300e-01 0.000000e+00 0.000000e+00
 0.000000e+00 0.000000e+00 7.337618e-01 2.662381e-01 0.000000e+00
 0.000000e+00 0.000000e+00 0.000000e+00 8.114754e-01 1.885246e-01
 0.000000e+00 0.000000e+00 0.000000e+00 0.000000e+00 0.000000e+00
<ENDHMM>
~h "bg_dark_0_0"
<BEGINHMM>
<NUMSTATES> 5
<STATE> 2
<MEAN> 6
 2.969661e+02 1.122156e+01 9.930593e+00 4.233634e+00 3.602262e+00 1.969803e+00
<VARIANCE> 6
 1.338879e+04 7.864375e+01 6.714962e+01 4.181497e+00 3.456740e+00 2.443377e+00
<GCONST> 3.266566e+01
<STATE> 3
<MEAN> 6
 2.471433e+02 1.401276e+01 9.960094e+00 5.121654e+00 4.389405e+00 1.916941e+00
<VARIANCE> 6
 1.520010e+04 1.531216e+02 1.368301e+02 8.891575e+00 1.068926e+01 2.389802e+00
<GCONST> 3.603185e+01
<STATE> 4
<MEAN> 6
 1.450558e+02 1.543609e+01 9.426828e+00 3.711947e+00 2.571680e+00 7.298529e-01
<VARIANCE> 6
 9.205237e+03 2.060734e+02 6.810422e+01 4.436472e+00 2.890539e+00 2.110161e-01
<GCONST> 3.069954e+01
<TRANSP> 5
 0.000000e+00 1.000000e+00 0.000000e+00 0.000000e+00 0.000000e+00
 0.000000e+00 5.609115e-01 4.390885e-01 0.000000e+00 0.000000e+00
 0.000000e+00 0.000000e+00 2.834593e-01 7.165406e-01 0.000000e+00
 0.000000e+00 0.000000e+00 0.000000e+00 7.418595e-01 2.581405e-01
 0.000000e+00 0.000000e+00 0.000000e+00 0.000000e+00 0.000000e+00
<ENDHMM>
~h "bg_dark_0_1"
<BEGINHMM>
<NUMSTATES> 5
<STATE> 2
<MEAN> 6
 1.269974e+02 3.228433e+01 6.385755e+00 5.233310e+00 2.004338e+00 6.528989e-01
<VARIANCE> 6
 1.243964e+04 6.431367e+02 3.091952e+01 7.618673e+00 2.141809e+00 1.626317e-01
<GCONST> 3.132964e+01
<STATE> 3
<MEAN> 6
 2.971072e+02 2.484609e+01 1.453029e+01 7.862591e+00 4.240729e+00 1.711976e+00
<VARIANCE> 6
 1.332574e+04 5.880716e+02 1.635734e+02 3.347784e+01 6.421209e+00 9.144410e-01
<GCONST> 3.727987e+01
<STATE> 4
<MEAN> 6
 2.872488e+02 1.007015e+01 8.864742e+00 3.378420e+00 2.928359e+00 1.115806e+00
<VARIANCE> 6
 1.354318e+04 5.669702e+01 5.507196e+01 2.622548e+00 1.974948e+00 5.926442e-01
<GCONST> 2.970879e+01
<TRANSP> 5
 0.000000e+00 1.000000e+00 0.000000e+00 0.000000e+00 0.000000e+00
 0.000000e+00 7.193343e-01 2.806657e-01 0.000000e+00 0.000000e+00
 0.000000e+00 0.000000e+00 4.466204e-01 5.533796e-01 0.000000e+00
 0.000000e+00 0.000000e+00 0.000000e+00 6.760783e-01 3.239216e-01
 0.000000e+00 0.000000e+00 0.000000e+00 0.000000e+00 0.000000e+00
<ENDHMM>
~h "bg_dark_0_2"
<BEGINHMM>
<NUMSTATES> 5
<STATE> 2
<MEAN> 6
 1.432578e+02 1.303027e+01 8.491622e+00 2.882923e+00 2.077076e+00 6.855193e-01
<VARIANCE> 6
 1.165488e+04 1.739676e+02 4.684240e+01 3.047839e+00 2.108830e+00 1.565842e-01
<GCONST> 2.940281e+01
<STATE> 3
<MEAN> 6
 2.580789e+02 3.384017e+01 1.430543e+01 8.350760e+00 4.895747e+00 2.339916e+00
<VARIANCE> 6
 1.291318e+04 8.434050e+02 8.880563e+01 3.321576e+01 1.803953e+01 2.148726e+00
<GCONST> 3.887763e+01
<STATE> 4
<MEAN> 6
 3.688477e+02 9.670020e+00 3.278541e+00 2.321119e+00 1.426921e+00 6.245390e-01
<VARIANCE> 6
 1.827103e+04 1.108565e+02 1.005364e+01 3.776608e+00 1.359304e+00 3.309961e-01
<GCONST> 2.838666e+01
<TRANSP> 5
 0.000000e+00 1.000000e+00 0.000000e+00 0.000000e+00 0.000000e+00
 0.000000e+00 7.522359e-01 2.477641e-01 0.000000e+00 0.000000e+00
 0.000000e+00 0.000000e+00 6.025231e-01 3.974769e-01 0.000000e+00
 0.000000e+00 0.000000e+00 0.000000e+00 8.115199e-01 1.884801e-01
 0.000000e+00 0.000000e+00 0.000000e+00 0.000000e+00 0.000000e+00
<ENDHMM>
~h "bg_dark_0_3"
<BEGINHMM>
<NUMSTATES> 5
<STATE> 2
<MEAN> 6
 2.088474e+02 1.821464e+01 7.794493e+00 3.339548e+00 2.506447e+00 9.564950e-01
<VARIANCE> 6
 2.629560e+04 2.752980e+02 4.398670e+01 3.742582e+00 2.955104e+00 5.204490e-01
<GCONST> 3.235641e+01
<STATE> 3
<MEAN> 6
 2.999429e+02 5.150738e+01 1.465146e+01 1.024385e+01 4.343560e+00 2.510918e+00
<VARIANCE> 6
 1.475302e+04 1.425328e+03 1.141479e+02 4.170256e+01 5.966317e+00 3.883502e+00
<GCONST> 3.949955e+01
<STATE> 4
<MEAN> 6
 3.302149e+02 1.175938e+01 5.915175e+00 3.239271e+00 2.500665e+00 8.574032e-01
<VARIANCE> 6
 2.652930e+04 1.168051e+02 2.437790e+01 5.091525e+00 1.713688e+00 5.751792e-01
<GCONST> 3.078060e+01
<TRANSP> 5
 0.000000e+00 1.000000e+00 0.000000e+00 0.000000e+00 0.000000e+00
 0.000000e+00 4.384836e-01 5.615164e-01 0.000000e+00 0.000000e+00
 0.000000e+00 0.000000e+00 7.313864e-01 2.686137e-01 0.000000e+00
 0.000000e+00 0.000000e+00 0.000000e+00 6.107048e-01 3.892952e-01
 0.000000e+00 0.000000e+00 0.000000e+00 0.000000e+00 0.000000e+00
<ENDHMM>
~h "bg_dark_0_4"
<BEGINHMM>
<NUMSTATES> 5
<STATE> 2
<MEAN> 6
 2.433012e+02 1.470504e+01 8.032368e+00 4.395624e+00 3.765076e+00 1.603445e+00
<VARIANCE> 6
 2.913272e+04 2.219297e+02 3.654188e+01 7.497292e+00 3.360965e+00 1.249346e+00
<GCONST> 3.375709e+01
<STATE> 3
<MEAN> 6
 2.673818e+02 4.266636e+01 2.245665e+01 9.491961e+00 6.200502e+00 3.266680e+00
<VARIANCE> 6
 1.692093e+04 1.101459e+03 5.618547e+02 3.540638e+01 2.740117e+01 5.980883e+00
<GCONST> 4.276525e+01
<STATE> 4
<MEAN> 6
 6.876574e+01 6.643616e+00 5.225276e+00 1.762348e+00 1.879255e+00 4.619078e-01
<VARIANCE> 6
 1.054547e+03 5.196061e+01 1.684549e+01 1.431767e+00 1.453621e+00 1.172158e-01
<GCONST> 2.335193e+01
<TRANSP> 5
 0.000000e+00 1.000000e+00 0.000000e+00 0.000000e+00 0.000000e+00
 0.000000e+00 5.210412e-01 4.789588e-01 0.000000e+00 0.000000e+00
 0.000000e+00 0.000000e+00 5.668645e-01 4.331355e-01 0.000000e+00
 0.000000e+00 0.000000e+00 0.000000e+00 6.712702e-01 3.287298e-01
 0.000000e+00 0.000000e+00 0.000000e+00 0.000000e+00 0.000000e+00
<ENDHMM>
~h "bg_dark_0_5"
<BEGINHMM>
<NUMSTATES> 5
<STATE> 2
<MEAN> 6
 8.362630e+01 7.311595e+00 5.334673e+00 2.002087e+00 1.267486e+00 4.685792e-01
<VARIANCE> 6
 1.165169e+03 5.736887e+01 2.609167e+01 1.152053e+00 3.976578e-01 7.491491e-02
<GCONST> 2.202698e+01
<STATE> 3
<MEAN> 6
 1.192746e+02 4.913262e+00 4.362711e+00 1.996653e+00 1.430332e+00 6.158905e-01
<VARIANCE> 6
 1.345543e+03 2.309880e+01 1.215868e+01 1.959161e+00 8.553363e-01 1.451796e-01
<GCONST> 2.245611e+01
<STATE> 4
<MEAN> 6
 1.325865e+02 2.207070e+00 1.726285e+00 4.801133e-01 3.916807e-01 2.635311e-01
<VARIANCE> 6
 1.192132e+03 7.554467e+00 4.018798e+00 1.253090e-01 1.164033e-01 2.229564e-02
<GCONST> 1.349285e+01
<TRANSP> 5
 0.000000e+00 1.000000e+00 0.000000e+00 0.000000e+00 0.000000e+00
 0.000000e+00 5.901858e-01 4.098142e-01 0.000000e+00 0.000000e+00
 0.000000e+00 0.000000e+00 4.023530e-01 5.976470e-01 0.000000e+00
 0.000000e+00 0.000000e+00 0.000000e+00 8.603512e-01 1.396487e-01
 0.000000e+00 0.000000e+00 0.000000e+00 0.000000e+00 0.000000e+00
<ENDHMM>
~h "bg_red_0"
<BEGINHMM>
<NUMSTATES> 5
<STATE> 2
<MEAN> 6
 2.323140e+02 5.981437e+00 3.775066e+00 2.182806e+00 2.019064e+00 7.160301e-01
<VARIANCE> 6
 7.834196e+03 5.365888e+01 1.744147e+01 2.754401e+00 2.234636e+00 6.108116e-01
<GCONST> 2.815932e+01
<STATE> 3
<MEAN> 6
 2.474727e+02 1.111168e+01 7.013964e+00 3.849480e+00 4.335004e+00 1.872544e+00
<VARIANCE> 6
 3.857338e+03 9.252138e+01 5.395980e+01 8.723192e+00 1.390878e+01 4.645532e+00
<GCONST> 3.413509e+01
<STATE> 4
<MEAN> 6
 2.395848e+02 4.251061e+00 2.156361e+00 1.215731e+00 1.105882e+00 4.319935e-01
<VARIANCE> 6
 1.778356e+03 1.974580e+01 4.755344e+00 2.094431e+00 1.712746e+00 1.830998e-01
<GCONST> 2.263257e+01
<TRANSP> 5
 0.000000e+00 1.000000e+00 0.000000e+00 0.000000e+00 0.000000e+00
 0.000000e+00 4.285846e-01 5.714155e-01 0.000000e+00 0.000000e+00
 0.000000e+00 0.000000e+00 3.268330e-01 6.731670e-01 0.000000e+00
 0.000000e+00 0.000000e+00 0.000000e+00 7.310269e-01 2.689732e-01
 0.000000e+00 0.000000e+00 0.000000e+00 0.000000e+00 0.000000e+00
<ENDHMM>
~h "bg_board"
<BEGINHMM>
<NUMSTATES> 5
<STATE> 2
<MEAN> 6
 1.197754e+02 1.149743e+01 5.642311e+00 5.241457e+00 1.760300e+00 1.025884e+00
<VARIANCE> 6
 1.386359e+03 8.911739e+01 1.893062e+01 9.705940e+00 1.454826e+00 6.606168e-01
<GCONST> 2.792548e+01
<STATE> 3
<MEAN> 6
 1.654127e+02 2.499117e+01 1.947181e+01 1.072879e+01 4.744250e+00 2.145071e+00
<VARIANCE> 6
 2.504657e+03 5.396093e+02 2.415292e+02 6.408184e+01 1.404995e+01 1.781184e+00
<GCONST> 3.801107e+01
<STATE> 4
<MEAN> 6
 1.366002e+02 1.371873e+01 1.235376e+01 5.473777e+00 2.551695e+00 1.609279e+00
<VARIANCE> 6
 1.372486e+03 1.231575e+02 5.732812e+01 1.198301e+01 2.504439e+00 1.860044e+00
<GCONST> 3.113605e+01
<TRANSP> 5
 0.000000e+00 1.000000e+00 0.000000e+00 0.000000e+00 0.000000e+00
 0.000000e+00 7.179499e-01 2.820501e-01 0.000000e+00 0.000000e+00
 0.000000e+00 0.000000e+00 4.379607e-01 5.620393e-01 0.000000e+00
 0.000000e+00 0.000000e+00 0.000000e+00 3.230011e-01 6.769989e-01
 0.000000e+00 0.000000e+00 0.000000e+00 0.000000e+00 0.000000e+00
<ENDHMM>
~h "fp_key_0"
<BEGINHMM>
<NUMSTATES> 5
<STATE> 2
<MEAN> 6
 2.751141e+02 6.628071e+01 6.439518e+00 1.333737e+01 2.353721e+00 1.334431e+00
<VARIANCE> 6
 2.336437e+04 2.611036e+03 3.519547e+01 8.625147e+01 2.770911e+00 1.466290e+00
<GCONST> 3.837383e+01
<STATE> 3
<MEAN> 6
 2.345292e+02 4.835344e+01 2.906861e+01 1.123752e+01 1.182558e+01 3.491098e+00
<VARIANCE> 6
 1.720240e+04 2.552759e+03 1.817791e+03 8.801368e+01 1.696514e+02 1.440841e+01
<GCONST> 4.840943e+01
<STATE> 4
<MEAN> 6
 1.459474e+02 1.593688e+01 2.920217e+00 4.118305e+00 1.440430e+00 8.241722e-01
<VARIANCE> 6
 1.095019e+04 7.985438e+02 9.168221e+00 3.080428e+01 1.168367e+00 7.461733e-01
<GCONST> 3.251738e+01
<TRANSP> 5
 0.000000e+00 1.000000e+00 0.000000e+00 0.000000e+00 0.000000e+00
 0.000000e+00 6.031618e-01 3.968382e-01 0.000000e+00 0.000000e+00
 0.000000e+00 0.000000e+00 5.197471e-01 4.802530e-01 0.000000e+00
 0.000000e+00 0.000000e+00 0.000000e+00 4.470962e-01 5.529038e-01
 0.000000e+00 0.000000e+00 0.000000e+00 0.000000e+00 0.000000e+00
<ENDHMM>
~h "fp_key_1"
<BEGINHMM>
<NUMSTATES> 5
<STATE> 2
<MEAN> 6
 1.051237e+02 8.991915e+00 2.441978e+00 2.041793e+00 1.232256e+00 4.748676e-01
<VARIANCE> 6
 3.809532e+03 2.774095e+02 7.074093e+00 8.835217e+00 1.325651e+00 2.694052e-01
<GCONST> 2.800357e+01
<STATE> 3
<MEAN> 6
 2.924813e+02 6.426002e+01 5.501158e+01 2.010681e+01 2.136537e+01 9.564007e+00
<VARIANCE> 6
 1.648556e+04 2.841724e+03 3.806309e+03 3.156151e+02 4.527382e+02 1.080441e+02
<GCONST> 5.348646e+01
<STATE> 4
<MEAN> 6
 2.881238e+02 7.624609e+01 1.513389e+01 1.405891e+01 7.194849e+00 2.884882e+00
<VARIANCE> 6
 1.558648e+04 3.281264e+03 3.518428e+02 9.283601e+01 8.366470e+01 9.213287e+00
<GCONST> 4.581889e+01
<TRANSP> 5
 0.000000e+00 1.000000e+00 0.000000e+00 0.000000e+00 0.000000e+00
 0.000000e+00 8.650922e-01 1.349078e-01 0.000000e+00 0.000000e+00
 0.000000e+00 0.000000e+00 3.018302e-01 6.981698e-01 0.000000e+00
 0.000000e+00 0.000000e+00 0.000000e+00 4.336303e-01 5.663697e-01
 0.000000e+00 0.000000e+00 0.000000e+00 0.000000e+00 0.000000e+00
<ENDHMM>
~h "fp_key_2"
<BEGINHMM>
<NUMSTATES> 5
<STATE> 2
<MEAN> 6
 2.590408e+02 6.352759e+01 1.748009e+01 1.172095e+01 7.716491e+00 2.778927e+00
<VARIANCE> 6
 1.139696e+04 2.791402e+03 5.426231e+02 8.629245e+01 1.233483e+02 7.433986e+00
<GCONST> 4.587790e+01
<STATE> 3
<MEAN> 6
 2.689377e+02 5.349755e+01 3.094758e+01 1.550509e+01 1.647093e+01 5.436308e+00
<VARIANCE> 6
 1.639550e+04 3.301578e+03 1.570756e+03 3.001878e+02 3.693817e+02 3.859153e+01
<GCONST> 5.146276e+01
<STATE> 4
<MEAN> 6
 1.709011e+02 8.552778e+00 3.859398e+00 3.353844e+00 2.371803e+00 1.322190e+00
<VARIANCE> 6
 4.090758e+03 2.986819e+02 1.220359e+01 2.435984e+01 2.505966e+00 1.850704e+00
<GCONST> 3.227203e+01
<TRANSP> 5
 0.000000e+00 1.000000e+00 0.000000e+00 0.000000e+00 0.000000e+00
 0.000000e+00 3.638817e-01 6.361183e-01 0.000000e+00 0.000000e+00
 0.000000e+00 0.000000e+00 2.860813e-01 7.139187e-01 0.000000e+00
 0.000000e+00 0.000000e+00 0.000000e+00 7.807059e-01 2.192941e-01
 0.000000e+00 0.000000e+00 0.000000e+00 0.000000e+00 0.000000e+00
<ENDHMM>
~h "fp_key_3"
<BEGINHMM>
<NUMSTATES> 5
<STATE> 2
<MEAN> 6
 2.513888e+02 2.060996e+01 6.065361e+00 9.077340e+00 3.429502e+00 2.129287e+00
<VARIANCE> 6
 8.399026e+03 6.616176e+02 2.648229e+01 7.542310e+01 3.740566e+00 3.850933e+00
<GCONST> 3.682496e+01
<STATE> 3
<MEAN> 6
 4.270296e+02 8.824256e+01 7.535715e+01 2.981383e+01 2.878921e+01 1.153743e+01
<VARIANCE> 6
 2.547651e+04 5.714426e+03 4.737673e+03 4.831499e+02 4.961727e+02 7.192043e+01
<GCONST> 5.494964e+01
<STATE> 4
<MEAN> 6
 4.016006e+02 5.213656e+01 8.455317e+00 1.398635e+01 3.176948e+00 1.760220e+00
<VARIANCE> 6
 1.896827e+04 1.823020e+03 8.983078e+01 9.734062e+01 4.607086e+00 2.111108e+00
<GCONST> 3.973698e+01
<TRANSP> 5
 0.000000e+00 1.000000e+00 0.000000e+00 0.000000e+00 0.000000e+00
 0.000000e+00 5.477602e-01 4.522398e-01 0.000000e+00 0.000000e+00
 0.000000e+00 0.000000e+00 7.397183e-01 2.602818e-01 0.000000e+00
 0.000000e+00 0.000000e+00 0.000000e+00 6.880869e-01 3.119131e-01
 0.000000e+00 0.000000e+00 0.000000e+00 0.000000e+00 0.000000e+00
<ENDHMM>
~h "fp_key_4"
<BEGINHMM>
<NUMSTATES> 5
<STATE> 2
<MEAN> 6
 3.013577e+02 1.182181e+01 5.190052e+00 3.816534e+00 2.435123e+00 1.321360e+00
<VARIANCE> 6
 7.668953e+03 4.769460e+02 2.470950e+01 1.462182e+01 2.690682e+00 2.086598e+00
<GCONST> 3.375463e+01
<STATE> 3
<MEAN> 6
 4.619709e+02 6.290288e+01 6.015029e+01 1.577319e+01 2.249912e+01 7.392746e+00
<VARIANCE> 6
 3.143726e+04 4.326929e+03 4.167661e+03 1.980299e+02 3.586599e+02 3.165824e+01
<GCONST> 5.271652e+01
<STATE> 4
<MEAN> 6
 3.913876e+02 5.381129e+01 1.875679e+01 1.224744e+01 5.444726e+00 3.335996e+00
<VARIANCE> 6
 2.033159e+04 2.158101e+03 4.910314e+02 7.868504e+01 3.321278e+01 9.025455e+00
<GCONST> 4.488912e+01
<TRANSP> 5
 0.000000e+00 1.000000e+00 0.000000e+00 0.000000e+00 0.000000e+00
 0.000000e+00 7.744336e-01 2.255664e-01 0.000000e+00 0.000000e+00
 0.000000e+00 0.000000e+00 5.422985e-01 4.577015e-01 0.000000e+00
 0.000000e+00 0.000000e+00 0.000000e+00 5.486320e-01 4.513681e-01
 0.000000e+00 0.000000e+00 0.000000e+00 0.000000e+00 0.000000e+00
<ENDHMM>
~h "fp_key_5"
<BEGINHMM>
<NUMSTATES> 5
<STATE> 2
<MEAN> 6
 5.207375e+02 7.843546e+01 1.068159e+01 1.454908e+01 3.056894e+00 1.840354e+00
<VARIANCE> 6
 2.618116e+04 2.993083e+03 1.718467e+02 6.622871e+01 1.358759e+01 4.054170e+00
<GCONST> 4.255274e+01
<STATE> 3
<MEAN> 6
 5.635662e+02 7.454578e+01 6.840313e+01 2.345530e+01 2.132664e+01 9.074025e+00
<VARIANCE> 6
 3.542015e+04 3.887104e+03 4.243880e+03 3.564372e+02 3.015204e+02 5.915174e+01
<GCONST> 5.378605e+01
<STATE> 4
<MEAN> 6
 3.924510e+02 3.959131e+00 4.379097e+00 1.503740e+00 1.517089e+00 8.086081e-01
<VARIANCE> 6
 2.291850e+03 1.245374e+02 2.113406e+02 3.851160e+00 5.651638e+00 2.030880e+00
<GCONST> 3.273124e+01
<TRANSP> 5
 0.000000e+00 1.000000e+00 0.000000e+00 0.000000e+00 0.000000e+00
 0.000000e+00 7.614586e-01 2.385414e-01 0.000000e+00 0.000000e+00
 0.000000e+00 0.000000e+00 4.813078e-01 5.186922e-01 0.000000e+00
 0.000000e+00 0.000000e+00 0.000000e+00 8.449755e-01 1.550245e-01
 0.000000e+00 0.000000e+00 0.000000e+00 0.000000e+00 0.000000e+00
<ENDHMM>
~h "bg_red_0_0"
<BEGINHMM>
<NUMSTATES> 5
<STATE> 2
<MEAN> 6
 2.515329e+02 1.629979e+01 5.195469e+00 3.052202e+00 2.262639e+00 8.173394e-01
<VARIANCE> 6
 1.121192e+04 2.890531e+02 1.980203e+01 3.076155e+00 2.187040e+00 3.032892e-01
<GCONST> 2.971755e+01
<STATE> 3
<MEAN> 6
 2.920800e+02 1.124992e+01 1.327936e+01 6.710225e+00 4.663093e+00 3.357592e+00
<VARIANCE> 6
 7.087621e+03 8.538928e+01 1.569413e+02 1.442206e+01 7.837710e+00 1.172607e+01
<GCONST> 3.658598e+01
<STATE> 4
<MEAN> 6
 2.583327e+02 4.086750e+00 3.041330e+00 2.879909e+00 1.915175e+00 9.182177e-01
<VARIANCE> 6
 3.033621e+03 1.514742e+01 8.065431e+00 4.873128e+00 2.254571e+00 7.756423e-01
<GCONST> 2.599282e+01
<TRANSP> 5
 0.000000e+00 1.000000e+00 0.000000e+00 0.000000e+00 0.000000e+00
 0.000000e+00 6.377669e-01 3.622330e-01 0.000000e+00 0.000000e+00
 0.000000e+00 0.000000e+00 4.756918e-01 5.243081e-01 0.000000e+00
 0.000000e+00 0.000000e+00 0.000000e+00 5.259627e-01 4.740373e-01
 0.000000e+00 0.000000e+00 0.000000e+00 0.000000e+00 0.000000e+00
<ENDHMM>
~h "bg_red_0_1"
<BEGINHMM>
<NUMSTATES> 5
<STATE> 2
<MEAN> 6
 2.743875e+02 7.309238e+00 5.028352e+00 5.114532e+00 2.270672e+00 1.889826e+00
<VARIANCE> 6
 4.498080e+03 5.566872e+01 2.837431e+01 1.561557e+01 3.498404e+00 2.500104e+00
<GCONST> 3.172048e+01
<STATE> 3
<MEAN> 6
 2.781689e+02 1.766502e+01 7.113339e+00 3.915893e+00 2.655993e+00 1.090389e+00
<VARIANCE> 6
 7.953956e+03 1.675384e+02 1.307669e+01 7.089509e+00 7.067423e+00 1.885650e+00
<GCONST> 3.224911e+01
<STATE> 4
<MEAN> 6
 2.880507e+02 2.644857e+00 1.599215e+00 1.325464e+00 6.544508e-01 3.350418e-01
<VARIANCE> 6
 5.494244e+03 7.425521e+00 1.135105e+00 8.858968e-01 3.749166e-01 2.628470e-02
<GCONST> 1.702939e+01
<TRANSP> 5
 0.000000e+00 1.000000e+00 0.000000e+00 0.000000e+00 0.000000e+00
 0.000000e+00 4.771016e-01 5.228984e-01 0.000000e+00 0.000000e+00
 0.000000e+00 0.000000e+00 3.217064e-01 6.782937e-01 0.000000e+00
 0.000000e+00 0.000000e+00 0.000000e+00 8.086129e-01 1.913871e-01
 0.000000e+00 0.000000e+00 0.000000e+00 0.000000e+00 0.000000e+00
<ENDHMM>
~h "bg_red_0_2"
<BEGINHMM>
<NUMSTATES> 5
<STATE> 2
<MEAN> 6
 2.742773e+02 1.125585e+01 3.381603e+00 4.141627e+00 1.191805e+00 5.371512e-01
<VARIANCE> 6
 5.055319e+03 6.934020e+01 6.403611e+00 8.460153e+00 1.076476e+00 1.567728e-01
<GCONST> 2.600745e+01
<STATE> 3
<MEAN> 6
 3.123250e+02 5.753520e+00 1.712261e+00 2.445808e+00 1.501330e+00 4.934056e-01
<VARIANCE> 6
 5.949364e+03 2.152767e+01 1.439690e+00 2.517269e+00 1.884240e+00 1.976820e-01
<GCONST> 2.308767e+01
<STATE> 4
<MEAN> 6
 3.465201e+02 3.313588e+00 1.781258e+00 9.488165e-01 5.614717e-01 2.670701e-01
<VARIANCE> 6
 4.774224e+03 7.834702e+00 1.999758e+00 3.345048e-01 1.814689e-01 1.459965e-02
<GCONST> 1.522130e+01
<TRANSP> 5
 0.000000e+00 1.000000e+00 0.000000e+00 0.000000e+00 0.000000e+00
 0.000000e+00 6.478236e-01 3.521764e-01 0.000000e+00 0.000000e+00
 0.000000e+00 0.000000e+00 1.546814e-01 8.453186e-01 0.000000e+00
 0.000000e+00 0.000000e+00 0.000000e+00 8.778082e-01 1.221918e-01
 0.000000e+00 0.000000e+00 0.000000e+00 0.000000e+00 0.000000e+00
<ENDHMM>
~h "bg_red_0_3"
<BEGINHMM>
<NUMSTATES> 5
<STATE> 2
<MEAN> 6
 3.597414e+02 5.968560e+00 2.372720e+00 2.531413e+00 8.660507e-01 2.830045e-01
<VARIANCE> 6
 5.193745e+03 1.429498e+01 4.431648e+00 2.331166e+00 6.174316e-01 9.660921e-03
<GCONST> 1.945567e+01
<STATE> 3
<MEAN> 6
 2.974395e+02 8.291064e+00 3.298192e+00 3.136332e+00 2.209202e+00 9.326258e-01
<VARIANCE> 6
 5.254134e+03 5.043083e+01 7.032208e+00 5.278863e+00 2.380261e+00 3.885127e-01
<GCONST> 2.705063e+01
<STATE> 4
<MEAN> 6
 3.095351e+02 4.211834e+00 1.691745e+00 7.538333e-01 4.888606e-01 2.744824e-01
<VARIANCE> 6
 2.281502e+03 7.451787e+00 1.582557e+00 1.970274e-01 1.294438e-01 1.873828e-02
<GCONST> 1.358124e+01
<TRANSP> 5
 0.000000e+00 1.000000e+00 0.000000e+00 0.000000e+00 0.000000e+00
 0.000000e+00 6.514215e-01 3.485784e-01 0.000000e+00 0.000000e+00
 0.000000e+00 0.000000e+00 5.524969e-01 4.475031e-01 0.000000e+00
 0.000000e+00 0.000000e+00 0.000000e+00 8.782653e-01 1.217347e-01
 0.000000e+00 0.000000e+00 0.000000e+00 0.000000e+00 0.000000e+00
<ENDHMM>
~h "bg_red_0_4"
<BEGINHMM>
<NUMSTATES> 5
<STATE> 2
<MEAN> 6
 2.553056e+02 3.675441e+00 1.498101e+00 8.798978e-01 4.744157e-01 2.650968e-01
<VARIANCE> 6
 2.746117e+03 9.485391e+00 1.049561e+00 6.653699e-01 1.066072e-01 1.682764e-02
<GCONST> 1.451258e+01
<STATE> 3
<MEAN> 6
 3.038723e+02 3.769253e+00 3.801477e+00 9.920892e-01 8.273049e-01 3.011447e-01
<VARIANCE> 6
 3.468576e+03 8.530838e+00 9.127187e+00 2.566529e-01 1.524699e-01 1.707014e-02
<GCONST> 1.622246e+01
<STATE> 4
<MEAN> 6
 2.228910e+02 1.004582e+01 7.106991e+00 2.533514e+00 1.679885e+00 7.215750e-01
<VARIANCE> 6
 1.171730e+03 4.288937e+01 3.538244e+01 2.505030e+00 1.499248e+00 2.671318e-01
<GCONST> 2.542159e+01
<TRANSP> 5
 0.000000e+00 1.000000e+00 0.000000e+00 0.000000e+00 0.000000e+00
 0.000000e+00 7.857274e-01 2.142727e-01 0.000000e+00 0.000000e+00
 0.000000e+00 0.000000e+00 7.058995e-01 2.941005e-01 0.000000e+00
 0.000000e+00 0.000000e+00 0.000000e+00 7.377327e-01 2.622673e-01
 0.000000e+00 0.000000e+00 0.000000e+00 0.000000e+00 0.000000e+00
<ENDHMM>
~h "bg_red_0_5"
<BEGINHMM>
<NUMSTATES> 5
<STATE> 2
<MEAN> 6
 1.839480e+02 5.334946e+00 3.583898e+00 1.970755e+00 1.326014e+00 5.431608e-01
<VARIANCE> 6
 2.834028e+03 2.451593e+01 8.681086e+00 2.600642e+00 9.532543e-01 1.330735e-01
<GCONST> 2.322822e+01
<STATE> 3
<MEAN> 6
 2.101978e+02 1.577453e+01 1.592118e+01 6.073246e+00 4.328562e+00 3.162683e+00
<VARIANCE> 6
 4.439615e+03 3.224043e+02 2.358689e+02 2.383954e+01 9.035436e+00 1.123627e+01
<GCONST> 3.845631e+01
<STATE> 4
<MEAN> 6
 2.196167e+02 1.074935e+01 1.064073e+01 4.086762e+00 3.729591e+00 2.638606e+00
<VARIANCE> 6
 3.745855e+03 1.159116e+02 8.383903e+01 1.008687e+01 8.624825e+00 8.868992e+00
<GCONST> 3.508583e+01
<TRANSP> 5
 0.000000e+00 1.000000e+00 0.000000e+00 0.000000e+00 0.000000e+00
 0.000000e+00 8.605472e-01 1.394528e-01 0.000000e+00 0.000000e+00
 0.000000e+00 0.000000e+00 2.099962e-01 7.900038e-01 0.000000e+00
 0.000000e+00 0.000000e+00 0.000000e+00 4.493704e-01 5.506296e-01
 0.000000e+00 0.000000e+00 0.000000e+00 0.000000e+00 0.000000e+00
<ENDHMM>
~h "fp_screen"
<BEGINHMM>
<NUMSTATES> 5
<STATE> 2
<MEAN> 6
 1.626019e+02 5.798755e+00 2.107193e+01 3.145666e+00 8.437584e+00 1.591659e+00
<VARIANCE> 6
 1.068262e+04 4.473735e+01 6.228113e+02 6.656684e+00 6.072446e+01 3.140168e+00
<GCONST> 3.768493e+01
<STATE> 3
<MEAN> 6
 4.289894e+02 6.165376e+01 3.849683e+01 1.831864e+01 1.541899e+01 6.192022e+00
<VARIANCE> 6
 3.634746e+04 5.409936e+03 1.821504e+03 2.443727e+02 2.499351e+02 6.200700e+01
<GCONST> 5.277870e+01
<STATE> 4
<MEAN> 6
 3.493711e+02 5.295072e+00 2.193906e+00 1.511950e+00 1.090022e+00 6.388983e-01
<VARIANCE> 6
 7.517496e+03 1.320633e+01 7.220972e+00 1.738494e+00 8.647211e-01 4.692880e-01
<GCONST> 2.416107e+01
<TRANSP> 5
 0.000000e+00 1.000000e+00 0.000000e+00 0.000000e+00 0.000000e+00
 0.000000e+00 4.217005e-01 5.782994e-01 0.000000e+00 0.000000e+00
 0.000000e+00 0.000000e+00 6.392888e-01 3.607113e-01 0.000000e+00
 0.000000e+00 0.000000e+00 0.000000e+00 8.519743e-01 1.480257e-01
 0.000000e+00 0.000000e+00 0.000000e+00 0.000000e+00 0.000000e+00
<ENDHMM>
~h "bg_board_0"
<BEGINHMM>
<NUMSTATES> 5
<STATE> 2
<MEAN> 6
 8.797507e+01 7.896223e+00 4.151884e+00 2.786447e+00 1.206910e+00 5.730829e-01
<VARIANCE> 6
 1.146214e+03 6.005966e+01 1.416927e+01 3.739954e+00 6.678916e-01 1.491241e-01
<GCONST> 2.383036e+01
<STATE> 3
<MEAN> 6
 1.432985e+02 2.011220e+01 1.023284e+01 6.429690e+00 4.119517e+00 1.389923e+00
<VARIANCE> 6
 1.436415e+03 2.405580e+02 6.057677e+01 8.440350e+00 7.899920e+00 1.059718e+00
<GCONST> 3.214192e+01
<STATE> 4
<MEAN> 6
 1.318489e+02 1.653611e+01 7.317671e+00 5.678699e+00 2.380565e+00 1.155456e+00
<VARIANCE> 6
 8.375119e+02 1.531886e+02 3.144213e+01 5.542423e+00 2.225054e+00 4.803038e-01
<GCONST> 2.801639e+01
<TRANSP> 5
 0.000000e+00 1.000000e+00 0.000000e+00 0.000000e+00 0.000000e+00
 0.000000e+00 8.145143e-01 1.854857e-01 0.000000e+00 0.000000e+00
 0.000000e+00 0.000000e+00 2.126531e-01 7.873469e-01 0.000000e+00
 0.000000e+00 0.000000e+00 0.000000e+00 6.568118e-01 3.431882e-01
 0.000000e+00 0.000000e+00 0.000000e+00 0.000000e+00 0.000000e+00
<ENDHMM>
~h "bg_board_1"
<BEGINHMM>
<NUMSTATES> 5
<STATE> 2
<MEAN> 6
 1.313262e+02 1.537091e+01 7.442077e+00 4.747900e+00 2.255436e+00 9.853149e-01
<VARIANCE> 6
 1.149944e+03 1.088720e+02 3.999403e+01 4.121116e+00 1.567491e+00 4.492648e-01
<GCONST> 2.751909e+01
<STATE> 3
<MEAN> 6
 1.609168e+02 3.597912e+01 1.029778e+01 9.861691e+00 3.480258e+00 1.593731e+00
<VARIANCE> 6
 1.238539e+03 3.501692e+02 5.662254e+01 3.605113e+01 5.073814e+00 1.612569e+00
<GCONST> 3.373063e+01
<STATE> 4
<MEAN> 6
 1.154088e+02 9.685498e+00 6.088904e+00 4.279705e+00 1.788652e+00 7.788827e-01
<VARIANCE> 6
 1.732379e+03 8.949606e+01 3.640655e+01 5.608356e+00 1.015809e+00 2.989525e-01
<GCONST> 2.710593e+01
<TRANSP> 5
 0.000000e+00 1.000000e+00 0.000000e+00 0.000000e+00 0.000000e+00
 0.000000e+00 6.972924e-01 3.027076e-01 0.000000e+00 0.000000e+00
 0.000000e+00 0.000000e+00 4.479753e-01 5.520247e-01 0.000000e+00
 0.000000e+00 0.000000e+00 0.000000e+00 7.620761e-01 2.379239e-01
 0.000000e+00 0.000000e+00 0.000000e+00 0.000000e+00 0.000000e+00
<ENDHMM>
~h "bg_board_2"
<BEGINHMM>
<NUMSTATES> 5
<STATE> 2
<MEAN> 6
 1.876059e+02 1.949333e+01 1.415841e+01 6.981040e+00 3.449552e+00 1.830406e+00
<VARIANCE> 6
 2.008928e+03 1.588721e+02 8.788558e+01 8.866735e+00 2.341881e+00 1.359291e+00
<GCONST> 3.151698e+01
<STATE> 3
<MEAN> 6
 2.250164e+02 4.123505e+01 2.704927e+01 1.343660e+01 5.195429e+00 3.200203e+00
<VARIANCE> 6
 4.453455e+03 8.626794e+02 1.069527e+03 4.312590e+01 1.529194e+01 8.033350e+00
<GCONST> 4.173877e+01
<STATE> 4
<MEAN> 6
 1.391660e+02 1.411103e+01 8.046875e+00 4.994906e+00 2.021178e+00 9.430749e-01
<VARIANCE> 6
 1.199362e+03 1.164068e+02 4.752641e+01 7.639960e+00 1.161944e+00 5.605143e-01
<GCONST> 2.833977e+01
<TRANSP> 5
 0.000000e+00 1.000000e+00 0.000000e+00 0.000000e+00 0.000000e+00
 0.000000e+00 4.967980e-01 5.032020e-01 0.000000e+00 0.000000e+00
 0.000000e+00 0.000000e+00 6.609399e-01 3.390601e-01 0.000000e+00
 0.000000e+00 0.000000e+00 0.000000e+00 7.731460e-01 2.268540e-01
 0.000000e+00 0.000000e+00 0.000000e+00 0.000000e+00 0.000000e+00
<ENDHMM>
~h "bg_board_3"
<BEGINHMM>
<NUMSTATES> 5
<STATE> 2
<MEAN> 6
 1.601002e+02 1.160567e+01 6.206453e+00 4.777851e+00 2.874794e+00 1.232754e+00
<VARIANCE> 6
 6.827455e+02 7.953838e+01 1.853648e+01 4.824200e+00 1.621527e+00 7.895050e-01
<GCONST> 2.667003e+01
<STATE> 3
<MEAN> 6
 2.090064e+02 3.566921e+01 1.000559e+01 9.790186e+00 3.630612e+00 1.725981e+00
<VARIANCE> 6
 1.551305e+03 6.637490e+02 6.459370e+01 2.123824e+01 3.737558e+00 1.146483e+00
<GCONST> 3.355107e+01
<STATE> 4
<MEAN> 6
 2.252852e+02 1.672215e+01 9.418650e+00 7.245433e+00 2.563304e+00 1.350648e+00
<VARIANCE> 6
 1.274160e+03 1.381823e+02 7.163054e+01 1.242258e+01 1.228599e+00 5.618263e-01
<GCONST> 2.952623e+01
<TRANSP> 5
 0.000000e+00 1.000000e+00 0.000000e+00 0.000000e+00 0.000000e+00
 0.000000e+00 7.619988e-01 2.380013e-01 0.000000e+00 0.000000e+00
 0.000000e+00 0.000000e+00 7.151252e-01 2.848749e-01 0.000000e+00
 0.000000e+00 0.000000e+00 0.000000e+00 7.868469e-01 2.131531e-01
 0.000000e+00 0.000000e+00 0.000000e+00 0.000000e+00 0.000000e+00
<ENDHMM>
~h "bg_board_4"
<BEGINHMM>
<NUMSTATES> 5
<STATE> 2
<MEAN> 6
 1.618350e+02 1.333401e+01 9.419585e+00 6.270967e+00 3.343128e+00 1.508670e+00
<VARIANCE> 6
 1.741989e+03 1.101981e+02 5.746823e+01 1.153194e+01 2.742066e+00 6.126940e-01
<GCONST> 3.020750e+01
<STATE> 3
<MEAN> 6
 2.498470e+02 3.995806e+01 2.103298e+01 1.407409e+01 4.712673e+00 2.912814e+00
<VARIANCE> 6
 3.029902e+03 9.112045e+02 2.537071e+02 4.968584e+01 6.368394e+00 2.429811e+00
<GCONST> 3.803938e+01
<STATE> 4
<MEAN> 6
 2.153437e+02 2.066509e+01 1.390707e+01 7.941775e+00 4.376548e+00 3.183457e+00
<VARIANCE> 6
 1.592498e+03 2.626462e+02 8.341360e+01 1.466032e+01 3.977268e+00 5.575112e+00
<GCONST> 3.417899e+01
<TRANSP> 5
 0.000000e+00 1.000000e+00 0.000000e+00 0.000000e+00 0.000000e+00
 0.000000e+00 7.988247e-01 2.011753e-01 0.000000e+00 0.000000e+00
 0.000000e+00 0.000000e+00 6.717942e-01 3.282058e-01 0.000000e+00
 0.000000e+00 0.000000e+00 0.000000e+00 6.605966e-01 3.394034e-01
 0.000000e+00 0.000000e+00 0.000000e+00 0.000000e+00 0.000000e+00
<ENDHMM>
~h "bg_board_5"
<BEGINHMM>
<NUMSTATES> 5
<STATE> 2
<MEAN> 6
 1.956922e+02 2.415324e+01 1.082310e+01 6.998642e+00 3.841875e+00 2.748072e+00
<VARIANCE> 6
 1.847748e+03 2.633040e+02 6.291881e+01 8.881356e+00 3.423330e+00 2.766832e+00
<GCONST> 3.269641e+01
<STATE> 3
<MEAN> 6
 2.695828e+02 4.405274e+01 1.884291e+01 1.076606e+01 5.132773e+00 4.375009e+00
<VARIANCE> 6
 3.231366e+03 9.141063e+02 1.257591e+02 1.701131e+01 5.909912e+00 7.195641e+00
<GCONST> 3.734422e+01
<STATE> 4
<MEAN> 6
 3.250953e+02 1.679195e+01 9.040184e+00 5.794353e+00 3.434237e+00 1.913650e+00
<VARIANCE> 6
 1.741345e+03 3.190211e+02 3.926287e+01 8.524135e+00 2.014100e+00 1.977077e+00
<GCONST> 3.144990e+01
<TRANSP> 5
 0.000000e+00 1.000000e+00 0.000000e+00 0.000000e+00 0.000000e+00
 0.000000e+00 7.137735e-01 2.862265e-01 0.000000e+00 0.000000e+00
 0.000000e+00 0.000000e+00 6.604064e-01 3.395936e-01 0.000000e+00
 0.000000e+00 0.000000e+00 0.000000e+00 8.059812e-01 1.940188e-01
 0.000000e+00 0.000000e+00 0.000000e+00 0.000000e+00 0.000000e+00
<ENDHMM>
~h "fp_key"
<BEGINHMM>
<NUMSTATES> 5
<STATE> 2
<MEAN> 6
 1.269183e+02 1.682506e+01 3.338480e+00 3.245349e+00 1.329680e+00 6.285747e-01
<VARIANCE> 6
 7.533486e+03 1.263331e+03 2.049277e+01 4.254656e+01 1.660959e+00 6.020745e-01
<GCONST> 3.386658e+01
<STATE> 3
<MEAN> 6
 3.922759e+02 8.319444e+01 2.572880e+01 1.813589e+01 9.570380e+00 3.556917e+00
<VARIANCE> 6
 2.749297e+04 3.733056e+03 1.933124e+03 1.454030e+02 2.033318e+02 2.172263e+01
<GCONST> 5.041352e+01
<STATE> 4
<MEAN> 6
 1.559201e+02 1.008083e+01 5.906002e+00 3.452605e+00 2.767192e+00 1.592182e+00
<VARIANCE> 6
 7.800541e+03 2.928291e+02 1.083615e+02 1.160486e+01 5.486376e+00 2.480029e+00
<GCONST> 3.541624e+01
<TRANSP> 5
 0.000000e+00 1.000000e+00 0.000000e+00 0.000000e+00 0.000000e+00
 0.000000e+00 8.535438e-01 1.464562e-01 0.000000e+00 0.000000e+00
 0.000000e+00 0.000000e+00 8.369797e-01 1.630203e-01 0.000000e+00
 0.000000e+00 0.000000e+00 0.000000e+00 4.506030e-01 5.493970e-01
 0.000000e+00 0.000000e+00 0.000000e+00 0.000000e+00 0.000000e+00
<ENDHMM>
~h "fp_logo"
<BEGINHMM>
<NUMSTATES> 5
<STATE> 2
<MEAN> 6
 1.099124e+02 8.193965e+00 3.454614e+00 2.926866e+00 1.785507e+00 5.673947e-01
<VARIANCE> 6
 5.439797e+02 2.962864e+02 4.265159e+01 1.729914e+01 2.520957e+00 2.708964e-01
<GCONST> 2.923984e+01
<STATE> 3
<MEAN> 6
 1.483996e+02 4.115495e+01 4.951633e+00 1.222900e+01 2.603387e+00 1.151724e+00
<VARIANCE> 6
 3.154477e+03 3.332500e+03 6.130420e+01 1.900662e+02 7.060974e+00 2.581589e+00
<GCONST> 3.946152e+01
<STATE> 4
<MEAN> 6
 1.155277e+02 4.992843e+00 3.281488e+00 2.683103e+00 1.752580e+00 7.972576e-01
<VARIANCE> 6
 3.623262e+02 1.202200e+01 5.788638e+00 4.939506e+00 1.402159e+00 5.911776e-01
<GCONST> 2.257208e+01
<TRANSP> 5
 0.000000e+00 1.000000e+00 0.000000e+00 0.000000e+00 0.000000e+00
 0.000000e+00 6.661689e-01 3.338312e-01 0.000000e+00 0.000000e+00
 0.000000e+00 0.000000e+00 3.339302e-01 6.660698e-01 0.000000e+00
 0.000000e+00 0.000000e+00 0.000000e+00 3.024444e-01 6.975555e-01
 0.000000e+00 0.000000e+00 0.000000e+00 0.000000e+00 0.000000e+00
<ENDHMM>
