~o
<STREAMINFO> 1 6
<VECSIZE> 6<NULLD><MFCC><DIAGC>
~h "bg_board"
<BEGINHMM>
<NUMSTATES> 5
<STATE> 2
<MEAN> 6
 1.445100e+02 1.564904e+01 9.115775e+00 4.872912e+00 2.707026e+00 1.074831e+00
<VARIANCE> 6
 3.042634e+03 1.988667e+02 6.852483e+01 1.081506e+01 3.438280e+00 8.195263e-01
<GCONST> 3.198446e+01
<STATE> 3
<MEAN> 6
 2.192993e+02 3.826661e+01 1.324878e+01 9.313378e+00 4.389338e+00 2.392971e+00
<VARIANCE> 6
 4.618181e+03 2.060667e+03 2.227594e+02 3.540074e+01 1.095878e+01 4.177071e+00
<GCONST> 3.989238e+01
<STATE> 4
<MEAN> 6
 3.262169e+02 1.087196e+01 5.535469e+00 3.014005e+00 2.103884e+00 8.565409e-01
<VARIANCE> 6
 4.356357e+03 1.820862e+02 3.527139e+01 7.066143e+00 2.143423e+00 7.194917e-01
<GCONST> 3.056272e+01
<TRANSP> 5
 0.000000e+00 1.000000e+00 0.000000e+00 0.000000e+00 0.000000e+00
 0.000000e+00 9.704840e-01 2.951607e-02 0.000000e+00 0.000000e+00
 0.000000e+00 0.000000e+00 9.514684e-01 4.853161e-02 0.000000e+00
 0.000000e+00 0.000000e+00 0.000000e+00 9.355463e-01 6.445365e-02
 0.000000e+00 0.000000e+00 0.000000e+00 0.000000e+00 0.000000e+00
<ENDHMM>
