~o
<STREAMINFO> 1 6
<VECSIZE> 6<NULLD><MFCC><DIAGC>
~h "bg_board_1"
<BEGINHMM>
<NUMSTATES> 5
<STATE> 2
<MEAN> 6
 1.461495e+02 1.776061e+01 8.757452e+00 4.629059e+00 2.494604e+00 9.064167e-01
<VARIANCE> 6
 2.894361e+03 2.504849e+02 5.650403e+01 7.986439e+00 2.303539e+00 4.494302e-01
<GCONST> 3.066791e+01
<STATE> 3
<MEAN> 6
 2.208905e+02 4.552674e+01 1.414760e+01 8.714013e+00 4.346198e+00 1.833179e+00
<VARIANCE> 6
 8.425326e+03 1.985571e+03 2.370860e+02 3.374565e+01 2.776250e+01 2.460569e+00
<GCONST> 4.087127e+01
<STATE> 4
<MEAN> 6
 1.942829e+02 1.148053e+01 6.128191e+00 3.290189e+00 1.738693e+00 6.600021e-01
<VARIANCE> 6
 1.070656e+04 2.126323e+02 5.631503e+01 8.216158e+00 1.076844e+00 2.550880e-01
<GCONST> 3.051039e+01
<TRANSP> 5
 0.000000e+00 1.000000e+00 0.000000e+00 0.000000e+00 0.000000e+00
 0.000000e+00 8.359950e-01 1.640050e-01 0.000000e+00 0.000000e+00
 0.000000e+00 0.000000e+00 5.270195e-01 4.729805e-01 0.000000e+00
 0.000000e+00 0.000000e+00 0.000000e+00 7.911608e-01 2.088392e-01
 0.000000e+00 0.000000e+00 0.000000e+00 0.000000e+00 0.000000e+00
<ENDHMM>
