~o
<STREAMINFO> 1 6
<VECSIZE> 6<NULLD><MFCC><DIAGC>
~h "bg_board_4"
<BEGINHMM>
<NUMSTATES> 5
<STATE> 2
<MEAN> 6
 1.843983e+02 1.697803e+01 9.919786e+00 5.689526e+00 3.350493e+00 1.434713e+00
<VARIANCE> 6
 4.958909e+03 3.206787e+02 6.863825e+01 1.223498e+01 3.180639e+00 1.064370e+00
<GCONST> 3.325925e+01
<STATE> 3
<MEAN> 6
 2.319317e+02 4.802639e+01 1.600674e+01 1.207671e+01 5.499459e+00 3.214288e+00
<VARIANCE> 6
 3.855803e+03 2.414723e+03 2.225759e+02 4.334615e+01 1.054669e+01 4.866624e+00
<GCONST> 4.018664e+01
<STATE> 4
<MEAN> 6
 2.506555e+02 1.790131e+01 8.800866e+00 5.413222e+00 3.218385e+00 1.656237e+00
<VARIANCE> 6
 8.326983e+03 3.873525e+02 8.092516e+01 1.420759e+01 3.681161e+00 2.774848e+00
<GCONST> 3.538498e+01
<TRANSP> 5
 0.000000e+00 1.000000e+00 0.000000e+00 0.000000e+00 0.000000e+00
 0.000000e+00 8.265806e-01 1.734194e-01 0.000000e+00 0.000000e+00
 0.000000e+00 0.000000e+00 6.579335e-01 3.420665e-01 0.000000e+00
 0.000000e+00 0.000000e+00 0.000000e+00 7.679935e-01 2.320066e-01
 0.000000e+00 0.000000e+00 0.000000e+00 0.000000e+00 0.000000e+00
<ENDHMM>
