~o
<STREAMINFO> 1 6
<VECSIZE> 6<NULLD><MFCC><DIAGC>
~h "bg_board_2"
<BEGINHMM>
<NUMSTATES> 5
<STATE> 2
<MEAN> 6
 1.336017e+02 1.514407e+01 7.828586e+00 4.133325e+00 2.269937e+00 7.950700e-01
<VARIANCE> 6
 3.557780e+03 2.448083e+02 6.227717e+01 7.508286e+00 2.152940e+00 3.385879e-01
<GCONST> 3.053609e+01
<STATE> 3
<MEAN> 6
 2.089438e+02 4.309912e+01 1.861562e+01 1.005078e+01 3.986642e+00 2.202334e+00
<VARIANCE> 6
 4.284475e+03 2.606224e+03 5.703820e+02 4.082127e+01 9.699921e+00 4.230973e+00
<GCONST> 4.102573e+01
<STATE> 4
<MEAN> 6
 2.374735e+02 1.507203e+01 7.137507e+00 4.157232e+00 2.192471e+00 8.540930e-01
<VARIANCE> 6
 1.434625e+04 3.584407e+02 4.060023e+01 1.362307e+01 1.996878e+00 5.915620e-01
<GCONST> 3.296240e+01
<TRANSP> 5
 0.000000e+00 1.000000e+00 0.000000e+00 0.000000e+00 0.000000e+00
 0.000000e+00 8.240783e-01 1.759217e-01 0.000000e+00 0.000000e+00
 0.000000e+00 0.000000e+00 6.312591e-01 3.687409e-01 0.000000e+00
 0.000000e+00 0.000000e+00 0.000000e+00 7.827846e-01 2.172154e-01
 0.000000e+00 0.000000e+00 0.000000e+00 0.000000e+00 0.000000e+00
<ENDHMM>
