~o
<STREAMINFO> 1 6
<VECSIZE> 6<NULLD><MFCC><DIAGC>
~h "bg_board_3"
<BEGINHMM>
<NUMSTATES> 5
<STATE> 2
<MEAN> 6
 1.486701e+02 1.658914e+01 7.352088e+00 5.098283e+00 2.566632e+00 9.807186e-01
<VARIANCE> 6
 6.927495e+03 4.103165e+02 3.897293e+01 1.601218e+01 2.704360e+00 6.665464e-01
<GCONST> 3.291288e+01
<STATE> 3
<MEAN> 6
 2.326454e+02 4.953772e+01 1.400413e+01 1.157468e+01 4.735723e+00 1.858205e+00
<VARIANCE> 6
 6.958738e+03 3.440214e+03 2.513950e+02 5.288481e+01 1.121796e+01 2.762262e+00
<GCONST> 4.094701e+01
<STATE> 4
<MEAN> 6
 2.393256e+02 1.713116e+01 8.702663e+00 4.807669e+00 2.693653e+00 1.271880e+00
<VARIANCE> 6
 1.209260e+04 3.254160e+02 6.061640e+01 1.186946e+01 2.730729e+00 1.229964e+00
<GCONST> 3.400281e+01
<TRANSP> 5
 0.000000e+00 1.000000e+00 0.000000e+00 0.000000e+00 0.000000e+00
 0.000000e+00 7.685078e-01 2.314922e-01 0.000000e+00 0.000000e+00
 0.000000e+00 0.000000e+00 5.094784e-01 4.905215e-01 0.000000e+00
 0.000000e+00 0.000000e+00 0.000000e+00 8.227438e-01 1.772562e-01
 0.000000e+00 0.000000e+00 0.000000e+00 0.000000e+00 0.000000e+00
<ENDHMM>
