~o
<STREAMINFO> 1 6
<VECSIZE> 6<NULLD><MFCC><DIAGC>
~h "bg_board_0"
<BEGINHMM>
<NUMSTATES> 5
<STATE> 2
<MEAN> 6
 1.745591e+02 1.063517e+01 6.153188e+00 3.909971e+00 2.154604e+00 8.546104e-01
<VARIANCE> 6
 3.917833e+03 1.201864e+02 2.252346e+01 5.486023e+00 1.770515e+00 4.134604e-01
<GCONST> 2.859444e+01
<STATE> 3
<MEAN> 6
 1.931930e+02 3.281241e+01 1.392672e+01 9.190804e+00 3.811729e+00 1.822502e+00
<VARIANCE> 6
 3.475032e+03 1.537646e+03 1.762928e+02 3.740916e+01 8.295299e+00 2.284940e+00
<GCONST> 3.825472e+01
<STATE> 4
<MEAN> 6
 1.780454e+02 1.180007e+01 6.121964e+00 3.044922e+00 1.820936e+00 6.651932e-01
<VARIANCE> 6
 6.761903e+03 2.143307e+02 3.969449e+01 7.024967e+00 2.254765e+00 4.003820e-01
<GCONST> 3.074223e+01
<TRANSP> 5
 0.000000e+00 1.000000e+00 0.000000e+00 0.000000e+00 0.000000e+00
 0.000000e+00 8.204010e-01 1.795991e-01 0.000000e+00 0.000000e+00
 0.000000e+00 0.000000e+00 5.247353e-01 4.752648e-01 0.000000e+00
 0.000000e+00 0.000000e+00 0.000000e+00 7.689437e-01 2.310562e-01
 0.000000e+00 0.000000e+00 0.000000e+00 0.000000e+00 0.000000e+00
<ENDHMM>
