~o
<STREAMINFO> 1 6
<VECSIZE> 6<NULLD><MFCC><DIAGC>
~h "bg_board_5"
<BEGINHMM>
<NUMSTATES> 5
<STATE> 2
<MEAN> 6
 2.264993e+02 2.274522e+01 1.168773e+01 6.683270e+00 4.227853e+00 2.495880e+00
<VARIANCE> 6
 3.754615e+03 4.188275e+02 9.545220e+01 1.152109e+01 5.465026e+00 3.382592e+00
<GCONST> 3.521528e+01
<STATE> 3
<MEAN> 6
 2.662465e+02 4.681710e+01 1.794880e+01 1.126951e+01 6.047698e+00 3.622761e+00
<VARIANCE> 6
 3.495278e+03 2.925398e+03 2.366431e+02 4.350508e+01 1.821317e+01 7.754288e+00
<GCONST> 4.135744e+01
<STATE> 4
<MEAN> 6
 3.181800e+02 1.560721e+01 7.597157e+00 4.864805e+00 3.152208e+00 1.534302e+00
<VARIANCE> 6
 5.405152e+03 3.946715e+02 5.109542e+01 1.075738e+01 2.833917e+00 1.473271e+00
<GCONST> 3.333886e+01
<TRANSP> 5
 0.000000e+00 1.000000e+00 0.000000e+00 0.000000e+00 0.000000e+00
 0.000000e+00 7.450237e-01 2.549764e-01 0.000000e+00 0.000000e+00
 0.000000e+00 0.000000e+00 6.150766e-01 3.849234e-01 0.000000e+00
 0.000000e+00 0.000000e+00 0.000000e+00 8.175232e-01 1.824768e-01
 0.000000e+00 0.000000e+00 0.000000e+00 0.000000e+00 0.000000e+00
<ENDHMM>
