~o
<STREAMINFO> 1 6
<VECSIZE> 6<NULLD><MFCC><DIAGC>
~h "bg_dark_0"
<BEGINHMM>
<NUMSTATES> 5
<STATE> 2
<MEAN> 6
 1.643301e+02 1.804366e+01 7.067787e+00 3.954601e+00 2.798733e+00 9.990591e-01
<VARIANCE> 6
 6.769363e+03 5.647048e+02 3.514611e+01 8.576781e+00 3.164755e+00 6.516728e-01
<GCONST> 3.261617e+01
<STATE> 3
<MEAN> 6
 1.778387e+02 1.305134e+01 2.328938e+01 5.103503e+00 6.513782e+00 3.035097e+00
<VARIANCE> 6
 2.061468e+03 1.598189e+02 3.018005e+02 9.651413e+00 1.125111e+01 5.484186e+00
<GCONST> 3.583168e+01
<STATE> 4
<MEAN> 6
 1.251924e+02 1.019731e+01 1.088485e+01 3.744523e+00 4.338815e+00 1.498463e+00
<VARIANCE> 6
 1.128950e+03 1.038853e+02 1.222928e+02 8.212728e+00 9.426853e+00 1.619712e+00
<GCONST> 3.233751e+01
<TRANSP> 5
 0.000000e+00 1.000000e+00 0.000000e+00 0.000000e+00 0.000000e+00
 0.000000e+00 9.497178e-01 5.028218e-02 0.000000e+00 0.000000e+00
 0.000000e+00 0.000000e+00 5.268024e-01 4.731977e-01 0.000000e+00
 0.000000e+00 0.000000e+00 0.000000e+00 9.791662e-01 2.083378e-02
 0.000000e+00 0.000000e+00 0.000000e+00 0.000000e+00 0.000000e+00
<ENDHMM>
