~o
<STREAMINFO> 1 6
<VECSIZE> 6<NULLD><MFCC><DIAGC>
~h "bg_dark_0_1"
<BEGINHMM>
<NUMSTATES> 5
<STATE> 2
<MEAN> 6
 1.323212e+02 1.069693e+01 6.956331e+00 2.819082e+00 3.094877e+00 9.844453e-01
<VARIANCE> 6
 2.791392e+03 1.443025e+02 2.776779e+01 2.609493e+00 4.508750e+00 4.351816e-01
<GCONST> 2.889053e+01
<STATE> 3
<MEAN> 6
 1.452920e+02 1.398147e+01 1.818937e+01 4.402425e+00 4.212853e+00 2.090851e+00
<VARIANCE> 6
 1.902907e+03 1.992301e+02 2.304969e+02 7.885418e+00 5.723224e+00 1.834771e+00
<GCONST> 3.372956e+01
<STATE> 4
<MEAN> 6
 1.058392e+02 6.244367e+00 6.785986e+00 2.087409e+00 3.158771e+00 7.802002e-01
<VARIANCE> 6
 6.159567e+02 1.078623e+02 5.256281e+01 2.724990e+00 2.887013e+00 2.921133e-01
<GCONST> 2.692538e+01
<TRANSP> 5
 0.000000e+00 1.000000e+00 0.000000e+00 0.000000e+00 0.000000e+00
 0.000000e+00 7.866925e-01 2.133075e-01 0.000000e+00 0.000000e+00
 0.000000e+00 0.000000e+00 6.659479e-01 3.340521e-01 0.000000e+00
 0.000000e+00 0.000000e+00 0.000000e+00 8.119731e-01 1.880269e-01
 0.000000e+00 0.000000e+00 0.000000e+00 0.000000e+00 0.000000e+00
<ENDHMM>
