~o
<STREAMINFO> 1 6
<VECSIZE> 6<NULLD><MFCC><DIAGC>
~h "bg_dark_0_4"
<BEGINHMM>
<NUMSTATES> 5
<STATE> 2
<MEAN> 6
 1.138617e+02 9.933938e+00 4.602052e+00 1.970697e+00 1.768749e+00 6.125543e-01
<VARIANCE> 6
 7.542475e+02 2.605120e+02 3.007603e+01 4.036110e+00 3.435719e+00 4.599816e-01
<GCONST> 2.847230e+01
<STATE> 3
<MEAN> 6
 1.418583e+02 1.391674e+01 1.803855e+01 5.444528e+00 6.539398e+00 2.507732e+00
<VARIANCE> 6
 1.836825e+03 1.541920e+02 2.116311e+02 8.741380e+00 1.043748e+01 2.573778e+00
<GCONST> 3.439494e+01
<STATE> 4
<MEAN> 6
 1.219890e+02 1.028841e+01 1.111234e+01 3.706698e+00 3.908782e+00 1.235720e+00
<VARIANCE> 6
 7.642970e+02 1.147747e+02 1.048652e+02 7.150344e+00 6.286223e+00 9.469691e-01
<GCONST> 3.081290e+01
<TRANSP> 5
 0.000000e+00 1.000000e+00 0.000000e+00 0.000000e+00 0.000000e+00
 0.000000e+00 8.380933e-01 1.619067e-01 0.000000e+00 0.000000e+00
 0.000000e+00 0.000000e+00 7.223456e-01 2.776544e-01 0.000000e+00
 0.000000e+00 0.000000e+00 0.000000e+00 6.896342e-01 3.103658e-01
 0.000000e+00 0.000000e+00 0.000000e+00 0.000000e+00 0.000000e+00
<ENDHMM>
