~o
<STREAMINFO> 1 6
<VECSIZE> 6<NULLD><MFCC><DIAGC>
~h "bg_dark_0_3"
<BEGINHMM>
<NUMSTATES> 5
<STATE> 2
<MEAN> 6
 1.237352e+02 1.229341e+01 1.387596e+01 5.434869e+00 5.977934e+00 2.146657e+00
<VARIANCE> 6
 1.090299e+03 1.014463e+02 1.592006e+02 9.636873e+00 1.080477e+01 2.836360e+00
<GCONST> 3.339927e+01
<STATE> 3
<MEAN> 6
 1.071459e+02 2.846646e+01 5.179204e+00 5.693895e+00 2.484180e+00 9.166595e-01
<VARIANCE> 6
 1.537407e+03 8.402628e+02 1.885532e+01 1.560499e+01 5.654774e+00 5.524786e-01
<GCONST> 3.192238e+01
<STATE> 4
<MEAN> 6
 1.179776e+02 8.835162e+00 6.862864e+00 2.675248e+00 2.808330e+00 1.034058e+00
<VARIANCE> 6
 5.966499e+02 1.078674e+02 3.841657e+01 3.186257e+00 3.849690e+00 6.217042e-01
<GCONST> 2.777954e+01
<TRANSP> 5
 0.000000e+00 1.000000e+00 0.000000e+00 0.000000e+00 0.000000e+00
 0.000000e+00 7.186530e-01 2.813470e-01 0.000000e+00 0.000000e+00
 0.000000e+00 0.000000e+00 5.733278e-01 4.266722e-01 0.000000e+00
 0.000000e+00 0.000000e+00 0.000000e+00 8.361180e-01 1.638820e-01
 0.000000e+00 0.000000e+00 0.000000e+00 0.000000e+00 0.000000e+00
<ENDHMM>
