~o
<STREAMINFO> 1 6
<VECSIZE> 6<NULLD><MFCC><DIAGC>
~h "bg_dark_0_5"
<BEGINHMM>
<NUMSTATES> 5
<STATE> 2
<MEAN> 6
 1.379690e+02 1.319341e+01 1.475218e+01 4.660300e+00 5.340376e+00 1.456694e+00
<VARIANCE> 6
 1.815167e+03 1.290679e+02 1.676959e+02 6.397383e+00 9.565606e+00 1.196490e+00
<GCONST> 3.280714e+01
<STATE> 3
<MEAN> 6
 1.333185e+02 2.735017e+01 1.507526e+01 7.906337e+00 6.709866e+00 2.842586e+00
<VARIANCE> 6
 2.122702e+03 3.552521e+02 2.080195e+02 1.565203e+01 1.188205e+01 2.881164e+00
<GCONST> 3.618199e+01
<STATE> 4
<MEAN> 6
 1.159359e+02 1.082681e+01 9.650404e+00 5.192561e+00 5.568117e+00 2.144066e+00
<VARIANCE> 6
 6.362631e+02 8.677686e+01 5.250534e+01 4.978627e+00 8.404574e+00 1.921135e+00
<GCONST> 3.029398e+01
<TRANSP> 5
 0.000000e+00 1.000000e+00 0.000000e+00 0.000000e+00 0.000000e+00
 0.000000e+00 7.750934e-01 2.249065e-01 0.000000e+00 0.000000e+00
 0.000000e+00 0.000000e+00 7.407088e-01 2.592912e-01 0.000000e+00
 0.000000e+00 0.000000e+00 0.000000e+00 7.295134e-01 2.704866e-01
 0.000000e+00 0.000000e+00 0.000000e+00 0.000000e+00 0.000000e+00
<ENDHMM>
