~o
<STREAMINFO> 1 6
<VECSIZE> 6<NULLD><MFCC><DIAGC>
~h "bg_dark_0_0"
<BEGINHMM>
<NUMSTATES> 5
<STATE> 2
<MEAN> 6
 2.554893e+02 8.608837e+00 8.099859e+00 3.209502e+00 3.047237e+00 1.132325e+00
<VARIANCE> 6
 1.441682e+03 1.763670e+02 3.957422e+01 3.716171e+00 2.136761e+00 5.242231e-01
<GCONST> 2.857772e+01
<STATE> 3
<MEAN> 6
 1.772346e+02 3.820210e+01 1.373165e+01 7.466830e+00 4.222487e+00 1.617270e+00
<VARIANCE> 6
 4.571204e+03 1.178967e+03 7.878932e+01 1.096648e+01 6.603342e+00 2.231487e+00
<GCONST> 3.597906e+01
<STATE> 4
<MEAN> 6
 1.986142e+02 5.387897e+00 8.972382e+00 2.856399e+00 3.431134e+00 1.250068e+00
<VARIANCE> 6
 2.032342e+03 2.622126e+01 5.326370e+01 2.004819e+00 3.584511e+00 6.461496e-01
<GCONST> 2.742148e+01
<TRANSP> 5
 0.000000e+00 1.000000e+00 0.000000e+00 0.000000e+00 0.000000e+00
 0.000000e+00 8.173791e-01 1.826209e-01 0.000000e+00 0.000000e+00
 0.000000e+00 0.000000e+00 4.690126e-01 5.309875e-01 0.000000e+00
 0.000000e+00 0.000000e+00 0.000000e+00 7.845242e-01 2.154758e-01
 0.000000e+00 0.000000e+00 0.000000e+00 0.000000e+00 0.000000e+00
<ENDHMM>
