~o
<STREAMINFO> 1 6
<VECSIZE> 6<NULLD><MFCC><DIAGC>
~h "bg_dark_0_2"
<BEGINHMM>
<NUMSTATES> 5
<STATE> 2
<MEAN> 6
 1.019877e+02 1.219437e+01 6.982581e+00 2.863734e+00 2.333651e+00 6.828755e-01
<VARIANCE> 6
 6.868648e+02 2.936074e+02 6.715074e+01 4.465189e+00 2.555714e+00 2.968656e-01
<GCONST> 2.866875e+01
<STATE> 3
<MEAN> 6
 1.196396e+02 9.375512e+00 1.325049e+01 2.836034e+00 5.106314e+00 1.469928e+00
<VARIANCE> 6
 1.281403e+03 4.968964e+01 1.583349e+02 2.370368e+00 1.022807e+01 8.845464e-01
<GCONST> 3.021898e+01
<STATE> 4
<MEAN> 6
 1.180336e+02 1.636478e+01 1.339076e+01 5.639033e+00 4.848541e+00 1.986167e+00
<VARIANCE> 6
 1.376057e+03 2.372840e+02 1.370338e+02 1.267291e+01 8.350364e+00 4.526340e+00
<GCONST> 3.481541e+01
<TRANSP> 5
 0.000000e+00 1.000000e+00 0.000000e+00 0.000000e+00 0.000000e+00
 0.000000e+00 8.042966e-01 1.957034e-01 0.000000e+00 0.000000e+00
 0.000000e+00 0.000000e+00 8.181850e-01 1.818150e-01 0.000000e+00
 0.000000e+00 0.000000e+00 0.000000e+00 5.816130e-01 4.183870e-01
 0.000000e+00 0.000000e+00 0.000000e+00 0.000000e+00 0.000000e+00
<ENDHMM>
