~o
<STREAMINFO> 1 6
<VECSIZE> 6<NULLD><MFCC><DIAGC>
~h "bg_red_0_3"
<BEGINHMM>
<NUMSTATES> 5
<STATE> 2
<MEAN> 6
 1.986227e+02 1.688287e+01 4.579543e+00 3.552389e+00 1.556317e+00 6.375762e-01
<VARIANCE> 6
 1.939557e+04 2.644390e+02 2.598775e+01 1.169423e+01 2.513920e+00 6.727619e-01
<GCONST> 3.271988e+01
<STATE> 3
<MEAN> 6
 2.981984e+02 4.427092e+01 1.170876e+01 8.111931e+00 3.166434e+00 1.776284e+00
<VARIANCE> 6
 1.396416e+04 2.048019e+03 1.250815e+02 5.070540e+01 7.987255e+00 3.870887e+00
<GCONST> 4.038247e+01
<STATE> 4
<MEAN> 6
 3.199280e+02 6.968453e+00 3.199019e+00 2.055985e+00 1.320264e+00 5.217520e-01
<VARIANCE> 6
 1.297919e+04 8.488058e+01 1.817944e+01 7.264563e+00 2.159026e+00 4.776448e-01
<GCONST> 2.985368e+01
<TRANSP> 5
 0.000000e+00 1.000000e+00 0.000000e+00 0.000000e+00 0.000000e+00
 0.000000e+00 7.067418e-01 2.932583e-01 0.000000e+00 0.000000e+00
 0.000000e+00 0.000000e+00 5.288420e-01 4.711580e-01 0.000000e+00
 0.000000e+00 0.000000e+00 0.000000e+00 8.453833e-01 1.546167e-01
 0.000000e+00 0.000000e+00 0.000000e+00 0.000000e+00 0.000000e+00
<ENDHMM>
