~o
<STREAMINFO> 1 6
<VECSIZE> 6<NULLD><MFCC><DIAGC>
~h "bg_red_0_2"
<BEGINHMM>
<NUMSTATES> 5
<STATE> 2
<MEAN> 6
 2.318842e+02 1.760970e+01 8.323712e+00 3.750802e+00 2.223629e+00 8.823959e-01
<VARIANCE> 6
 2.160817e+04 4.328719e+02 4.578115e+01 9.357112e+00 2.402968e+00 5.708614e-01
<GCONST> 3.345464e+01
<STATE> 3
<MEAN> 6
 3.087801e+02 3.827848e+01 1.139206e+01 8.572825e+00 3.877846e+00 1.831098e+00
<VARIANCE> 6
 1.384269e+04 1.207843e+03 9.043407e+01 6.502919e+01 1.821128e+01 2.586633e+00
<GCONST> 4.019122e+01
<STATE> 4
<MEAN> 6
 3.392105e+02 6.298637e+00 2.544378e+00 1.813472e+00 9.264787e-01 4.121250e-01
<VARIANCE> 6
 1.073720e+04 8.559700e+01 8.290188e+00 5.400048e+00 1.245822e+00 3.905754e-01
<GCONST> 2.783952e+01
<TRANSP> 5
 0.000000e+00 1.000000e+00 0.000000e+00 0.000000e+00 0.000000e+00
 0.000000e+00 7.909309e-01 2.090691e-01 0.000000e+00 0.000000e+00
 0.000000e+00 0.000000e+00 4.491331e-01 5.508669e-01 0.000000e+00
 0.000000e+00 0.000000e+00 0.000000e+00 8.437884e-01 1.562116e-01
 0.000000e+00 0.000000e+00 0.000000e+00 0.000000e+00 0.000000e+00
<ENDHMM>
