~o
<STREAMINFO> 1 6
<VECSIZE> 6<NULLD><MFCC><DIAGC>
~h "bg_red_0_5"
<BEGINHMM>
<NUMSTATES> 5
<STATE> 2
<MEAN> 6
 1.311723e+02 6.464863e+00 2.989592e+00 1.484540e+00 7.449719e-01 3.628785e-01
<VARIANCE> 6
 4.148159e+03 8.777789e+01 1.067869e+01 3.280319e+00 4.565552e-01 7.167210e-02
<GCONST> 2.396898e+01
<STATE> 3
<MEAN> 6
 2.069404e+02 1.991142e+01 8.605864e+00 6.399298e+00 2.438654e+00 1.691707e+00
<VARIANCE> 6
 7.017248e+03 3.679173e+02 8.923856e+01 2.183118e+01 5.852311e+00 4.413990e+00
<GCONST> 3.661752e+01
<STATE> 4
<MEAN> 6
 1.936928e+02 6.457698e+00 5.092978e+00 2.389983e+00 1.561724e+00 9.447026e-01
<VARIANCE> 6
 8.709913e+03 4.208171e+01 3.868587e+01 4.096631e+00 2.843941e+00 2.840327e+00
<GCONST> 3.099384e+01
<TRANSP> 5
 0.000000e+00 1.000000e+00 0.000000e+00 0.000000e+00 0.000000e+00
 0.000000e+00 8.527017e-01 1.472983e-01 0.000000e+00 0.000000e+00
 0.000000e+00 0.000000e+00 5.602805e-01 4.397195e-01 0.000000e+00
 0.000000e+00 0.000000e+00 0.000000e+00 6.595023e-01 3.404976e-01
 0.000000e+00 0.000000e+00 0.000000e+00 0.000000e+00 0.000000e+00
<ENDHMM>
