~o
<STREAMINFO> 1 6
<VECSIZE> 6<NULLD><MFCC><DIAGC>
~h "bg_red_0_4"
<BEGINHMM>
<NUMSTATES> 5
<STATE> 2
<MEAN> 6
 2.450132e+02 1.381790e+01 6.721220e+00 4.132691e+00 2.487264e+00 1.172351e+00
<VARIANCE> 6
 1.653247e+04 1.641465e+02 5.696132e+01 1.337328e+01 4.440012e+00 1.527413e+00
<GCONST> 3.439097e+01
<STATE> 3
<MEAN> 6
 2.586601e+02 3.413315e+01 1.919080e+01 7.559453e+00 5.011811e+00 2.484393e+00
<VARIANCE> 6
 1.380439e+04 7.377981e+02 4.775086e+02 2.743188e+01 2.358790e+01 5.269789e+00
<GCONST> 4.146669e+01
<STATE> 4
<MEAN> 6
 1.620262e+02 7.636761e+00 4.579561e+00 1.802717e+00 1.382485e+00 4.752712e-01
<VARIANCE> 6
 1.009544e+04 7.744130e+01 2.218575e+01 3.486861e+00 1.276003e+00 1.472033e-01
<GCONST> 2.727286e+01
<TRANSP> 5
 0.000000e+00 1.000000e+00 0.000000e+00 0.000000e+00 0.000000e+00
 0.000000e+00 7.960795e-01 2.039205e-01 0.000000e+00 0.000000e+00
 0.000000e+00 0.000000e+00 4.811546e-01 5.188454e-01 0.000000e+00
 0.000000e+00 0.000000e+00 0.000000e+00 8.378931e-01 1.621068e-01
 0.000000e+00 0.000000e+00 0.000000e+00 0.000000e+00 0.000000e+00
<ENDHMM>
