~o
<STREAMINFO> 1 6
<VECSIZE> 6<NULLD><MFCC><DIAGC>
~h "bg_red_0"
<BEGINHMM>
<NUMSTATES> 5
<STATE> 2
<MEAN> 6
 2.263936e+02 1.372372e+01 7.543304e+00 3.459905e+00 2.550667e+00 1.083119e+00
<VARIANCE> 6
 2.108838e+04 2.335132e+02 6.338929e+01 5.737598e+00 3.624119e+00 1.112613e+00
<GCONST> 3.372764e+01
<STATE> 3
<MEAN> 6
 3.847318e+02 3.640385e+01 1.257225e+01 9.045430e+00 4.379532e+00 2.326732e+00
<VARIANCE> 6
 1.627324e+04 1.397823e+03 1.910309e+02 4.882735e+01 1.420047e+01 4.375813e+00
<GCONST> 4.123730e+01
<STATE> 4
<MEAN> 6
 2.484952e+02 6.924617e+00 3.502748e+00 2.180787e+00 1.051358e+00 5.522051e-01
<VARIANCE> 6
 1.393447e+04 7.074613e+01 1.878777e+01 6.796532e+00 1.334074e+00 6.517252e-01
<GCONST> 2.953820e+01
<TRANSP> 5
 0.000000e+00 1.000000e+00 0.000000e+00 0.000000e+00 0.000000e+00
 0.000000e+00 9.662556e-01 3.374444e-02 0.000000e+00 0.000000e+00
 0.000000e+00 0.000000e+00 9.030821e-01 9.691787e-02 0.000000e+00
 0.000000e+00 0.000000e+00 0.000000e+00 9.667194e-01 3.328067e-02
 0.000000e+00 0.000000e+00 0.000000e+00 0.000000e+00 0.000000e+00
<ENDHMM>
