~o
<STREAMINFO> 1 6
<VECSIZE> 6<NULLD><MFCC><DIAGC>
~h "bg_red_0_0"
<BEGINHMM>
<NUMSTATES> 5
<STATE> 2
<MEAN> 6
 3.556789e+02 1.011157e+01 7.385673e+00 4.122958e+00 3.288690e+00 1.904233e+00
<VARIANCE> 6
 9.262183e+03 9.080826e+01 4.458162e+01 5.276851e+00 3.936151e+00 2.397909e+00
<GCONST> 3.237516e+01
<STATE> 3
<MEAN> 6
 3.417924e+02 2.937266e+01 1.322336e+01 8.110971e+00 4.874912e+00 2.313778e+00
<VARIANCE> 6
 2.679076e+04 7.435449e+02 2.287744e+02 3.310191e+01 2.246866e+01 3.432619e+00
<GCONST> 4.111228e+01
<STATE> 4
<MEAN> 6
 2.123360e+02 1.445645e+01 7.172285e+00 3.915811e+00 2.656573e+00 9.545688e-01
<VARIANCE> 6
 3.454568e+04 4.105982e+02 5.449936e+01 1.117341e+01 3.732546e+00 8.879980e-01
<GCONST> 3.510494e+01
<TRANSP> 5
 0.000000e+00 1.000000e+00 0.000000e+00 0.000000e+00 0.000000e+00
 0.000000e+00 8.224313e-01 1.775687e-01 0.000000e+00 0.000000e+00
 0.000000e+00 0.000000e+00 4.838218e-01 5.161782e-01 0.000000e+00
 0.000000e+00 0.000000e+00 0.000000e+00 7.743206e-01 2.256795e-01
 0.000000e+00 0.000000e+00 0.000000e+00 0.000000e+00 0.000000e+00
<ENDHMM>
