~o
<STREAMINFO> 1 6
<VECSIZE> 6<NULLD><MFCC><DIAGC>
~h "bg_red_0_1"
<BEGINHMM>
<NUMSTATES> 5
<STATE> 2
<MEAN> 6
 2.127425e+02 1.785979e+01 9.919637e+00 4.355969e+00 3.134147e+00 1.209231e+00
<VARIANCE> 6
 2.550379e+04 4.936309e+02 1.091395e+02 1.070344e+01 4.746454e+00 1.096200e+00
<GCONST> 3.608807e+01
<STATE> 3
<MEAN> 6
 3.556459e+02 3.345408e+01 1.026656e+01 1.057608e+01 3.812156e+00 2.525379e+00
<VARIANCE> 6
 1.453193e+04 1.664103e+03 8.061490e+01 5.627476e+01 5.562236e+00 2.613775e+00
<GCONST> 3.912513e+01
<STATE> 4
<MEAN> 6
 3.632466e+02 8.925349e+00 5.270121e+00 2.489923e+00 1.762534e+00 7.834087e-01
<VARIANCE> 6
 6.471110e+03 2.302977e+02 3.393579e+01 6.292817e+00 2.045615e+00 5.579746e-01
<GCONST> 3.073787e+01
<TRANSP> 5
 0.000000e+00 1.000000e+00 0.000000e+00 0.000000e+00 0.000000e+00
 0.000000e+00 7.794900e-01 2.205100e-01 0.000000e+00 0.000000e+00
 0.000000e+00 0.000000e+00 5.613720e-01 4.386281e-01 0.000000e+00
 0.000000e+00 0.000000e+00 0.000000e+00 8.383243e-01 1.616757e-01
 0.000000e+00 0.000000e+00 0.000000e+00 0.000000e+00 0.000000e+00
<ENDHMM>
