~o
<STREAMINFO> 1 6
<VECSIZE> 6<NULLD><MFCC><DIAGC>
~h "bg_white_0_5"
<BEGINHMM>
<NUMSTATES> 5
<STATE> 2
<MEAN> 6
 7.418026e+02 3.526418e+00 3.548721e+00 1.264763e+00 1.813903e+00 6.913948e-01
<VARIANCE> 6
 4.723302e+03 1.309534e+02 3.134883e+01 9.895423e+00 1.073705e+01 4.171596e+00
<GCONST> 3.390162e+01
<STATE> 3
<MEAN> 6
 5.272861e+02 2.253934e+01 7.684284e+01 6.358827e+00 1.919191e+01 2.191928e+00
<VARIANCE> 6
 3.576739e+04 1.113650e+03 5.838071e+03 6.921257e+01 2.059201e+02 1.275699e+01
<GCONST> 4.931036e+01
<STATE> 4
<MEAN> 6
 3.273756e+02 6.933676e+00 5.715077e+00 2.581431e+00 2.108735e+00 6.918753e-01
<VARIANCE> 6
 2.468103e+04 1.120223e+02 1.954635e+02 9.867157e+00 1.280367e+01 8.883856e-01
<GCONST> 3.585572e+01
<TRANSP> 5
 0.000000e+00 1.000000e+00 0.000000e+00 0.000000e+00 0.000000e+00
 0.000000e+00 8.093602e-01 1.906398e-01 0.000000e+00 0.000000e+00
 0.000000e+00 0.000000e+00 3.339644e-01 6.660356e-01 0.000000e+00
 0.000000e+00 0.000000e+00 0.000000e+00 8.096358e-01 1.903642e-01
 0.000000e+00 0.000000e+00 0.000000e+00 0.000000e+00 0.000000e+00
<ENDHMM>
