~o
<STREAMINFO> 1 6
<VECSIZE> 6<NULLD><MFCC><DIAGC>
~h "bg_white_0_0"
<BEGINHMM>
<NUMSTATES> 5
<STATE> 2
<MEAN> 6
 6.569852e+02 4.098099e+00 1.211827e+01 1.209922e+00 3.780136e+00 4.354842e-01
<VARIANCE> 6
 4.673691e+04 1.621150e+02 9.729567e+02 6.205392e+00 7.113935e+01 3.345233e-01
<GCONST> 3.874321e+01
<STATE> 3
<MEAN> 6
 6.815575e+02 4.008950e+01 1.888094e+01 1.201539e+01 1.010870e+01 6.230159e+00
<VARIANCE> 6
 2.071135e+04 2.249390e+03 1.033260e+03 1.239065e+02 9.423531e+01 4.205140e+01
<GCONST> 4.872880e+01
<STATE> 4
<MEAN> 6
 7.636264e+02 5.988540e+00 2.587237e+00 2.182004e+00 1.636901e+00 1.206016e+00
<VARIANCE> 6
 5.333234e+03 3.114777e+02 3.301944e+01 2.541203e+01 1.619860e+01 8.388455e+00
<GCONST> 3.699440e+01
<TRANSP> 5
 0.000000e+00 1.000000e+00 0.000000e+00 0.000000e+00 0.000000e+00
 0.000000e+00 7.404307e-01 2.595693e-01 0.000000e+00 0.000000e+00
 0.000000e+00 0.000000e+00 5.324031e-01 4.675969e-01 0.000000e+00
 0.000000e+00 0.000000e+00 0.000000e+00 8.335794e-01 1.664206e-01
 0.000000e+00 0.000000e+00 0.000000e+00 0.000000e+00 0.000000e+00
<ENDHMM>
