~o
<STREAMINFO> 1 6
<VECSIZE> 6<NULLD><MFCC><DIAGC>
~h "bg_white_0_4"
<BEGINHMM>
<NUMSTATES> 5
<STATE> 2
<MEAN> 6
 7.194877e+02 1.214157e+01 4.927007e+00 4.922542e+00 3.789654e+00 2.771539e+00
<VARIANCE> 6
 1.050191e+04 4.941563e+02 6.651828e+01 4.986105e+01 3.684684e+01 1.809386e+01
<GCONST> 4.109849e+01
<STATE> 3
<MEAN> 6
 6.779540e+02 4.311834e+01 1.699728e+01 1.524986e+01 1.182816e+01 8.400790e+00
<VARIANCE> 6
 8.637426e+03 1.525547e+03 3.291811e+02 1.060998e+02 8.263128e+01 4.081717e+01
<GCONST> 4.600571e+01
<STATE> 4
<MEAN> 6
 6.917689e+02 3.959379e+00 1.892384e+00 1.760585e+00 1.245689e+00 1.032221e+00
<VARIANCE> 6
 2.517008e+04 9.042940e+01 1.314738e+01 8.313529e+00 6.226628e+00 4.258207e+00
<GCONST> 3.363704e+01
<TRANSP> 5
 0.000000e+00 1.000000e+00 0.000000e+00 0.000000e+00 0.000000e+00
 0.000000e+00 5.558698e-01 4.441302e-01 0.000000e+00 0.000000e+00
 0.000000e+00 0.000000e+00 7.006145e-01 2.993855e-01 0.000000e+00
 0.000000e+00 0.000000e+00 0.000000e+00 8.650151e-01 1.349849e-01
 0.000000e+00 0.000000e+00 0.000000e+00 0.000000e+00 0.000000e+00
<ENDHMM>
