~o
<STREAMINFO> 1 6
<VECSIZE> 6<NULLD><MFCC><DIAGC>
~h "bg_white_0_1"
<BEGINHMM>
<NUMSTATES> 5
<STATE> 2
<MEAN> 6
 7.428903e+02 1.503732e+01 5.348706e+00 5.680583e+00 4.381533e+00 3.293678e+00
<VARIANCE> 6
 9.306917e+03 7.085451e+02 7.689824e+01 5.502450e+01 3.960416e+01 1.935766e+01
<GCONST> 4.172128e+01
<STATE> 3
<MEAN> 6
 6.904526e+02 5.795477e+01 1.635769e+01 1.676555e+01 1.387047e+01 9.903361e+00
<VARIANCE> 6
 6.992998e+03 1.774370e+03 2.576764e+02 8.499481e+01 8.871459e+01 4.004830e+01
<GCONST> 4.553093e+01
<STATE> 4
<MEAN> 6
 6.918772e+02 7.462318e+00 3.436785e+00 3.174187e+00 2.441777e+00 2.020965e+00
<VARIANCE> 6
 3.285283e+04 3.158742e+02 3.560019e+01 2.691108e+01 1.952171e+01 1.258461e+01
<GCONST> 3.955129e+01
<TRANSP> 5
 0.000000e+00 1.000000e+00 0.000000e+00 0.000000e+00 0.000000e+00
 0.000000e+00 6.267827e-01 3.732173e-01 0.000000e+00 0.000000e+00
 0.000000e+00 0.000000e+00 7.774233e-01 2.225766e-01 0.000000e+00
 0.000000e+00 0.000000e+00 0.000000e+00 8.284075e-01 1.715925e-01
 0.000000e+00 0.000000e+00 0.000000e+00 0.000000e+00 0.000000e+00
<ENDHMM>
