~o
<STREAMINFO> 1 6
<VECSIZE> 6<NULLD><MFCC><DIAGC>
~h "bg_white_0_2"
<BEGINHMM>
<NUMSTATES> 5
<STATE> 2
<MEAN> 6
 7.329195e+02 1.599182e+01 6.250779e+00 6.650209e+00 5.481403e+00 4.290352e+00
<VARIANCE> 6
 7.126455e+03 6.327802e+02 7.529368e+01 5.838659e+01 4.454727e+01 2.493370e+01
<GCONST> 4.175021e+01
<STATE> 3
<MEAN> 6
 6.742991e+02 5.421892e+01 1.835145e+01 1.742371e+01 1.433984e+01 9.727015e+00
<VARIANCE> 6
 6.585829e+03 2.032109e+03 3.349894e+02 1.081346e+02 1.032066e+02 4.044227e+01
<GCONST> 4.627085e+01
<STATE> 4
<MEAN> 6
 6.891818e+02 9.351501e+00 3.335448e+00 3.705055e+00 2.779232e+00 2.056005e+00
<VARIANCE> 6
 2.770100e+04 3.446517e+02 3.246950e+01 2.604202e+01 2.362965e+01 1.040321e+01
<GCONST> 3.934365e+01
<TRANSP> 5
 0.000000e+00 1.000000e+00 0.000000e+00 0.000000e+00 0.000000e+00
 0.000000e+00 6.620440e-01 3.379560e-01 0.000000e+00 0.000000e+00
 0.000000e+00 0.000000e+00 7.518561e-01 2.481439e-01 0.000000e+00
 0.000000e+00 0.000000e+00 0.000000e+00 8.336415e-01 1.663585e-01
 0.000000e+00 0.000000e+00 0.000000e+00 0.000000e+00 0.000000e+00
<ENDHMM>
