~o
<STREAMINFO> 1 6
<VECSIZE> 6<NULLD><MFCC><DIAGC>
~h "bg_white_0"
<BEGINHMM>
<NUMSTATES> 5
<STATE> 2
<MEAN> 6
 7.587779e+02 3.107886e+00 4.262384e+00 1.302163e+00 1.678576e+00 7.358011e-01
<VARIANCE> 6
 3.559422e+03 4.057692e+01 2.792554e+02 3.654818e+00 1.947727e+01 2.002660e+00
<GCONST> 3.349971e+01
<STATE> 3
<MEAN> 6
 7.002027e+02 4.310964e+01 1.442727e+01 1.430922e+01 1.131901e+01 8.065477e+00
<VARIANCE> 6
 5.678114e+03 1.729683e+03 2.716953e+02 9.918636e+01 8.739846e+01 3.772318e+01
<GCONST> 4.542977e+01
<STATE> 4
<MEAN> 6
 5.636589e+02 4.852532e+00 7.712234e+00 1.938892e+00 2.593936e+00 8.762444e-01
<VARIANCE> 6
 5.723142e+04 6.315511e+01 7.284097e+02 6.671414e+00 3.439101e+01 1.816318e+00
<GCONST> 3.875101e+01
<TRANSP> 5
 0.000000e+00 1.000000e+00 0.000000e+00 0.000000e+00 0.000000e+00
 0.000000e+00 9.524823e-01 4.751766e-02 0.000000e+00 0.000000e+00
 0.000000e+00 0.000000e+00 9.598899e-01 4.011016e-02 0.000000e+00
 0.000000e+00 0.000000e+00 0.000000e+00 9.583747e-01 4.162531e-02
 0.000000e+00 0.000000e+00 0.000000e+00 0.000000e+00 0.000000e+00
<ENDHMM>
