~o
<STREAMINFO> 1 6
<VECSIZE> 6<NULLD><MFCC><DIAGC>
~h "bg_white_0_3"
<BEGINHMM>
<NUMSTATES> 5
<STATE> 2
<MEAN> 6
 7.197856e+02 2.213996e+01 7.644597e+00 8.306802e+00 7.176320e+00 4.892728e+00
<VARIANCE> 6
 7.869699e+03 8.863357e+02 9.951971e+01 6.097692e+01 6.445187e+01 2.245091e+01
<GCONST> 4.277324e+01
<STATE> 3
<MEAN> 6
 6.783078e+02 4.701815e+01 1.752983e+01 1.597657e+01 1.271100e+01 8.839128e+00
<VARIANCE> 6
 7.985362e+03 1.676696e+03 2.803014e+02 1.069306e+02 8.674424e+01 3.767693e+01
<GCONST> 4.583726e+01
<STATE> 4
<MEAN> 6
 6.908619e+02 7.302958e+00 2.818037e+00 3.044708e+00 2.023184e+00 1.619991e+00
<VARIANCE> 6
 2.604373e+04 2.039677e+02 2.727219e+01 2.118427e+01 1.335483e+01 7.788270e+00
<GCONST> 3.751638e+01
<TRANSP> 5
 0.000000e+00 1.000000e+00 0.000000e+00 0.000000e+00 0.000000e+00
 0.000000e+00 5.698755e-01 4.301245e-01 0.000000e+00 0.000000e+00
 0.000000e+00 0.000000e+00 7.273487e-01 2.726513e-01 0.000000e+00
 0.000000e+00 0.000000e+00 0.000000e+00 8.335387e-01 1.664613e-01
 0.000000e+00 0.000000e+00 0.000000e+00 0.000000e+00 0.000000e+00
<ENDHMM>
