~o
<STREAMINFO> 1 6
<VECSIZE> 6<NULLD><MFCC><DIAGC>
~h "fp_key_4"
<BEGINHMM>
<NUMSTATES> 5
<STATE> 2
<MEAN> 6
 2.567941e+02 1.622822e+01 5.543731e+00 4.281058e+00 2.451884e+00 1.334039e+00
<VARIANCE> 6
 1.045414e+04 9.082092e+02 8.619657e+01 3.216451e+01 6.934561e+00 2.216914e+00
<GCONST> 3.775362e+01
<STATE> 3
<MEAN> 6
 4.426100e+02 7.129258e+01 6.054544e+01 1.871625e+01 2.114581e+01 7.607664e+00
<VARIANCE> 6
 2.413508e+04 3.655958e+03 3.817066e+03 2.339387e+02 3.090179e+02 4.122786e+01
<GCONST> 5.247760e+01
<STATE> 4
<MEAN> 6
 4.343477e+02 6.177202e+01 1.617342e+01 1.315710e+01 4.617381e+00 2.469812e+00
<VARIANCE> 6
 2.822059e+04 2.976858e+03 7.017609e+02 1.064880e+02 3.821202e+01 8.247512e+00
<GCONST> 4.624838e+01
<TRANSP> 5
 0.000000e+00 1.000000e+00 0.000000e+00 0.000000e+00 0.000000e+00
 0.000000e+00 8.390278e-01 1.609723e-01 0.000000e+00 0.000000e+00
 0.000000e+00 0.000000e+00 5.702184e-01 4.297816e-01 0.000000e+00
 0.000000e+00 0.000000e+00 0.000000e+00 7.758343e-01 2.241657e-01
 0.000000e+00 0.000000e+00 0.000000e+00 0.000000e+00 0.000000e+00
<ENDHMM>
