~o
<STREAMINFO> 1 6
<VECSIZE> 6<NULLD><MFCC><DIAGC>
~h "fp_key_2"
<BEGINHMM>
<NUMSTATES> 5
<STATE> 2
<MEAN> 6
 2.818091e+02 5.716881e+01 1.241788e+01 1.385314e+01 5.785009e+00 2.386513e+00
<VARIANCE> 6
 2.861408e+04 2.644231e+03 5.673372e+02 1.277781e+02 9.998595e+01 1.426667e+01
<GCONST> 4.762326e+01
<STATE> 3
<MEAN> 6
 3.173809e+02 7.568101e+01 5.546427e+01 1.984086e+01 2.153418e+01 6.725311e+00
<VARIANCE> 6
 2.687121e+04 4.563140e+03 4.050525e+03 3.498692e+02 3.990101e+02 5.047319e+01
<GCONST> 5.372643e+01
<STATE> 4
<MEAN> 6
 1.464946e+02 1.368830e+01 5.414525e+00 4.276245e+00 2.405842e+00 1.378848e+00
<VARIANCE> 6
 1.014029e+04 8.438298e+02 1.406534e+02 7.731268e+01 1.380693e+01 7.950462e+00
<GCONST> 4.098204e+01
<TRANSP> 5
 0.000000e+00 1.000000e+00 0.000000e+00 0.000000e+00 0.000000e+00
 0.000000e+00 7.405114e-01 2.594886e-01 0.000000e+00 0.000000e+00
 0.000000e+00 0.000000e+00 6.005965e-01 3.994034e-01 0.000000e+00
 0.000000e+00 0.000000e+00 0.000000e+00 8.494551e-01 1.505450e-01
 0.000000e+00 0.000000e+00 0.000000e+00 0.000000e+00 0.000000e+00
<ENDHMM>
