~o
<STREAMINFO> 1 6
<VECSIZE> 6<NULLD><MFCC><DIAGC>
~h "fp_key_1"
<BEGINHMM>
<NUMSTATES> 5
<STATE> 2
<MEAN> 6
 1.259080e+02 1.179459e+01 4.246535e+00 2.765313e+00 1.559453e+00 7.334673e-01
<VARIANCE> 6
 7.820644e+03 8.011620e+02 7.000585e+01 2.822262e+01 5.373116e+00 2.061376e+00
<GCONST> 3.667133e+01
<STATE> 3
<MEAN> 6
 2.990832e+02 5.105976e+01 5.493924e+01 1.725337e+01 1.821567e+01 6.826949e+00
<VARIANCE> 6
 3.541638e+04 3.036005e+03 4.754159e+03 2.807771e+02 3.444951e+02 5.659822e+01
<GCONST> 5.350288e+01
<STATE> 4
<MEAN> 6
 3.269414e+02 7.091102e+01 1.641220e+01 1.649010e+01 6.467169e+00 2.672635e+00
<VARIANCE> 6
 2.965908e+04 3.128724e+03 7.180679e+02 1.456280e+02 9.752744e+01 1.338145e+01
<GCONST> 4.810479e+01
<TRANSP> 5
 0.000000e+00 1.000000e+00 0.000000e+00 0.000000e+00 0.000000e+00
 0.000000e+00 8.603846e-01 1.396155e-01 0.000000e+00 0.000000e+00
 0.000000e+00 0.000000e+00 5.356447e-01 4.643554e-01 0.000000e+00
 0.000000e+00 0.000000e+00 0.000000e+00 7.285520e-01 2.714480e-01
 0.000000e+00 0.000000e+00 0.000000e+00 0.000000e+00 0.000000e+00
<ENDHMM>
