~o
<STREAMINFO> 1 6
<VECSIZE> 6<NULLD><MFCC><DIAGC>
~h "fp_key_3"
<BEGINHMM>
<NUMSTATES> 5
<STATE> 2
<MEAN> 6
 3.572280e+02 6.768434e+01 9.715853e+00 1.642615e+01 4.145459e+00 2.474488e+00
<VARIANCE> 6
 2.990317e+04 3.405219e+03 2.756692e+02 1.918988e+02 2.221201e+01 1.302352e+01
<GCONST> 4.600961e+01
<STATE> 3
<MEAN> 6
 3.705405e+02 7.471281e+01 7.130344e+01 2.250697e+01 2.477957e+01 9.372619e+00
<VARIANCE> 6
 3.044004e+04 4.245840e+03 5.125106e+03 3.137600e+02 4.304534e+02 6.339993e+01
<GCONST> 5.420930e+01
<STATE> 4
<MEAN> 6
 2.019321e+02 1.852707e+01 5.594933e+00 4.515200e+00 2.446270e+00 1.338223e+00
<VARIANCE> 6
 1.396873e+04 9.690620e+02 9.496182e+01 3.386860e+01 7.163467e+00 2.396520e+00
<GCONST> 3.836714e+01
<TRANSP> 5
 0.000000e+00 1.000000e+00 0.000000e+00 0.000000e+00 0.000000e+00
 0.000000e+00 7.321640e-01 2.678360e-01 0.000000e+00 0.000000e+00
 0.000000e+00 0.000000e+00 6.127848e-01 3.872152e-01 0.000000e+00
 0.000000e+00 0.000000e+00 0.000000e+00 8.240623e-01 1.759377e-01
 0.000000e+00 0.000000e+00 0.000000e+00 0.000000e+00 0.000000e+00
<ENDHMM>
