~o
<STREAMINFO> 1 6
<VECSIZE> 6<NULLD><MFCC><DIAGC>
~h "fp_key_0"
<BEGINHMM>
<NUMSTATES> 5
<STATE> 2
<MEAN> 6
 1.563807e+02 1.275420e+01 3.819682e+00 2.576787e+00 1.292949e+00 5.325638e-01
<VARIANCE> 6
 6.936942e+03 7.968898e+02 1.994881e+01 2.689492e+01 1.466115e+00 3.726811e-01
<GCONST> 3.223329e+01
<STATE> 3
<MEAN> 6
 2.573408e+02 5.772437e+01 3.699010e+01 1.458942e+01 1.445104e+01 5.010504e+00
<VARIANCE> 6
 2.225183e+04 3.463677e+03 1.975395e+03 1.375132e+02 2.164905e+02 2.432418e+01
<GCONST> 5.026879e+01
<STATE> 4
<MEAN> 6
 3.441613e+02 7.864964e+01 6.275829e+00 1.452867e+01 2.073982e+00 1.246071e+00
<VARIANCE> 6
 4.556445e+04 4.984634e+03 9.332887e+01 1.644615e+02 4.791512e+00 2.926444e+00
<GCONST> 4.254770e+01
<TRANSP> 5
 0.000000e+00 1.000000e+00 0.000000e+00 0.000000e+00 0.000000e+00
 0.000000e+00 8.177798e-01 1.822202e-01 0.000000e+00 0.000000e+00
 0.000000e+00 0.000000e+00 5.589326e-01 4.410675e-01 0.000000e+00
 0.000000e+00 0.000000e+00 0.000000e+00 7.644236e-01 2.355764e-01
 0.000000e+00 0.000000e+00 0.000000e+00 0.000000e+00 0.000000e+00
<ENDHMM>
