~o
<STREAMINFO> 1 6
<VECSIZE> 6<NULLD><MFCC><DIAGC>
~h "fp_key_5"
<BEGINHMM>
<NUMSTATES> 5
<STATE> 2
<MEAN> 6
 4.309771e+02 6.810618e+01 1.483583e+01 1.389525e+01 4.393520e+00 2.352799e+00
<VARIANCE> 6
 3.708950e+04 3.447212e+03 6.616099e+02 1.226758e+02 4.123550e+01 8.524981e+00
<GCONST> 4.686019e+01
<STATE> 3
<MEAN> 6
 4.693021e+02 5.493075e+01 4.700637e+01 1.661988e+01 1.560138e+01 6.793860e+00
<VARIANCE> 6
 3.789124e+04 3.781769e+03 3.189480e+03 2.861712e+02 2.940973e+02 5.423228e+01
<GCONST> 5.320907e+01
<STATE> 4
<MEAN> 6
 3.428177e+02 4.568614e+00 6.319234e+00 1.358085e+00 1.676452e+00 6.199953e-01
<VARIANCE> 6
 6.901748e+03 9.008272e+01 1.968085e+02 2.665315e+00 6.455620e+00 1.007779e+00
<GCONST> 3.250277e+01
<TRANSP> 5
 0.000000e+00 1.000000e+00 0.000000e+00 0.000000e+00 0.000000e+00
 0.000000e+00 6.832948e-01 3.167052e-01 0.000000e+00 0.000000e+00
 0.000000e+00 0.000000e+00 3.334379e-01 6.665622e-01 0.000000e+00
 0.000000e+00 0.000000e+00 0.000000e+00 8.638021e-01 1.361980e-01
 0.000000e+00 0.000000e+00 0.000000e+00 0.000000e+00 0.000000e+00
<ENDHMM>
