~o
<STREAMINFO> 1 6
<VECSIZE> 6<NULLD><MFCC><DIAGC>
~h "fp_key"
<BEGINHMM>
<NUMSTATES> 5
<STATE> 2
<MEAN> 6
 1.276255e+02 1.079685e+01 3.714694e+00 2.155393e+00 1.251067e+00 4.784172e-01
<VARIANCE> 6
 4.601658e+03 3.831811e+02 2.190253e+01 1.097794e+01 1.525261e+00 2.755646e-01
<GCONST> 3.002566e+01
<STATE> 3
<MEAN> 6
 3.407502e+02 6.186174e+01 2.577280e+01 1.502500e+01 9.330128e+00 3.826408e+00
<VARIANCE> 6
 3.578471e+04 3.614779e+03 2.030804e+03 1.876469e+02 1.961366e+02 2.761593e+01
<GCONST> 5.115328e+01
<STATE> 4
<MEAN> 6
 2.954248e+02 5.199905e+00 5.480637e+00 1.768821e+00 1.922588e+00 8.759205e-01
<VARIANCE> 6
 8.935505e+03 8.239280e+01 1.128726e+02 3.077890e+00 4.387392e+00 1.399782e+00
<GCONST> 3.220210e+01
<TRANSP> 5
 0.000000e+00 1.000000e+00 0.000000e+00 0.000000e+00 0.000000e+00
 0.000000e+00 9.408886e-01 5.911145e-02 0.000000e+00 0.000000e+00
 0.000000e+00 0.000000e+00 9.746470e-01 2.535297e-02 0.000000e+00
 0.000000e+00 0.000000e+00 0.000000e+00 9.266845e-01 7.331552e-02
 0.000000e+00 0.000000e+00 0.000000e+00 0.000000e+00 0.000000e+00
<ENDHMM>
