~o
<STREAMINFO> 1 6
<VECSIZE> 6<NULLD><MFCC><DIAGC>
~h "fp_logo"
<BEGINHMM>
<NUMSTATES> 5
<STATE> 2
<MEAN> 6
 1.232670e+02 9.285006e+00 3.642456e+00 4.269052e+00 2.078264e+00 1.087182e+00
<VARIANCE> 6
 1.055066e+03 1.884508e+02 1.667531e+01 2.488872e+01 3.417027e+00 2.053265e+00
<GCONST> 3.120400e+01
<STATE> 3
<MEAN> 6
 2.847549e+02 5.747442e+01 4.950678e+01 1.636225e+01 1.451721e+01 6.302206e+00
<VARIANCE> 6
 2.705667e+04 4.210846e+03 4.971048e+03 2.273564e+02 2.478927e+02 4.442117e+01
<GCONST> 5.282299e+01
<STATE> 4
<MEAN> 6
 2.321465e+02 3.538538e+00 3.366010e+00 1.619532e+00 1.677703e+00 6.414363e-01
<VARIANCE> 6
 8.267479e+03 9.464599e+00 8.764181e+00 1.749092e+00 1.564445e+00 4.110841e-01
<GCONST> 2.458325e+01
<TRANSP> 5
 0.000000e+00 1.000000e+00 0.000000e+00 0.000000e+00 0.000000e+00
 0.000000e+00 9.533041e-01 4.669591e-02 0.000000e+00 0.000000e+00
 0.000000e+00 0.000000e+00 9.012817e-01 9.871837e-02 0.000000e+00
 0.000000e+00 0.000000e+00 0.000000e+00 9.739956e-01 2.600441e-02
 0.000000e+00 0.000000e+00 0.000000e+00 0.000000e+00 0.000000e+00
<ENDHMM>
