~o
<STREAMINFO> 1 6
<VECSIZE> 6<NULLD><MFCC><DIAGC>
~h "fp_logo_4"
<BEGINHMM>
<NUMSTATES> 5
<STATE> 2
<MEAN> 6
 2.027086e+02 8.024299e+00 4.464482e+00 3.101249e+00 1.998712e+00 7.121966e-01
<VARIANCE> 6
 1.107483e+03 1.370181e+02 9.580992e+00 1.255582e+01 1.375389e+00 2.390990e-01
<GCONST> 2.663505e+01
<STATE> 3
<MEAN> 6
 2.429022e+02 2.924953e+01 8.798517e+00 8.587480e+00 3.466302e+00 1.372410e+00
<VARIANCE> 6
 2.130787e+03 1.653927e+03 8.065545e+01 9.418102e+01 3.845285e+00 1.059319e+00
<GCONST> 3.644230e+01
<STATE> 4
<MEAN> 6
 2.776427e+02 4.023776e+00 3.950103e+00 1.967010e+00 2.170319e+00 8.604480e-01
<VARIANCE> 6
 1.636577e+03 1.400894e+01 1.130951e+01 2.370601e+00 1.625114e+00 6.451701e-01
<GCONST> 2.440345e+01
<TRANSP> 5
 0.000000e+00 1.000000e+00 0.000000e+00 0.000000e+00 0.000000e+00
 0.000000e+00 6.734734e-01 3.265266e-01 0.000000e+00 0.000000e+00
 0.000000e+00 0.000000e+00 4.975664e-01 5.024336e-01 0.000000e+00
 0.000000e+00 0.000000e+00 0.000000e+00 8.741687e-01 1.258313e-01
 0.000000e+00 0.000000e+00 0.000000e+00 0.000000e+00 0.000000e+00
<ENDHMM>
