~o
<STREAMINFO> 1 6
<VECSIZE> 6<NULLD><MFCC><DIAGC>
~h "fp_logo_1"
<BEGINHMM>
<NUMSTATES> 5
<STATE> 2
<MEAN> 6
 1.187913e+02 4.022254e+00 3.256191e+00 2.005982e+00 1.657084e+00 7.192040e-01
<VARIANCE> 6
 8.310500e+02 2.749607e+01 8.716523e+00 3.896824e+00 1.927893e+00 7.470143e-01
<GCONST> 2.495413e+01
<STATE> 3
<MEAN> 6
 2.250451e+02 3.562955e+01 3.493127e+01 1.172160e+01 1.133068e+01 5.242072e+00
<VARIANCE> 6
 2.318105e+04 2.427017e+03 3.673094e+03 1.772834e+02 1.972868e+02 3.417304e+01
<GCONST> 5.107541e+01
<STATE> 4
<MEAN> 6
 1.566713e+02 2.533211e+01 1.196026e+01 8.733233e+00 4.359288e+00 2.510763e+00
<VARIANCE> 6
 3.516361e+03 1.261295e+03 7.490854e+02 6.829102e+01 3.764962e+01 1.252778e+01
<GCONST> 4.333124e+01
<TRANSP> 5
 0.000000e+00 1.000000e+00 0.000000e+00 0.000000e+00 0.000000e+00
 0.000000e+00 8.844289e-01 1.155712e-01 0.000000e+00 0.000000e+00
 0.000000e+00 0.000000e+00 2.568581e-01 7.431419e-01 0.000000e+00
 0.000000e+00 0.000000e+00 0.000000e+00 6.668538e-01 3.331463e-01
 0.000000e+00 0.000000e+00 0.000000e+00 0.000000e+00 0.000000e+00
<ENDHMM>
