~o
<STREAMINFO> 1 6
<VECSIZE> 6<NULLD><MFCC><DIAGC>
~h "fp_logo_5"
<BEGINHMM>
<NUMSTATES> 5
<STATE> 2
<MEAN> 6
 2.954029e+02 6.902241e+00 4.032926e+00 4.958239e+00 2.151225e+00 1.053497e+00
<VARIANCE> 6
 4.461220e+03 7.932428e+01 1.716858e+01 2.388003e+01 1.438882e+00 1.334799e+00
<GCONST> 3.047275e+01
<STATE> 3
<MEAN> 6
 3.007904e+02 5.871302e+00 3.888428e+00 3.006043e+00 2.391194e+00 1.476867e+00
<VARIANCE> 6
 3.211438e+03 6.048574e+01 1.454321e+01 1.316080e+01 2.930310e+00 5.439823e+00
<GCONST> 3.122737e+01
<STATE> 4
<MEAN> 6
 3.348333e+02 2.981559e+00 2.999192e+00 1.380384e+00 1.501247e+00 5.345510e-01
<VARIANCE> 6
 2.663107e+03 1.210828e+01 6.358110e+00 2.727613e+00 1.276946e+00 2.732165e-01
<GCONST> 2.320854e+01
<TRANSP> 5
 0.000000e+00 1.000000e+00 0.000000e+00 0.000000e+00 0.000000e+00
 0.000000e+00 4.400499e-01 5.599501e-01 0.000000e+00 0.000000e+00
 0.000000e+00 0.000000e+00 1.153539e-01 8.846461e-01 0.000000e+00
 0.000000e+00 0.000000e+00 0.000000e+00 8.899131e-01 1.100869e-01
 0.000000e+00 0.000000e+00 0.000000e+00 0.000000e+00 0.000000e+00
<ENDHMM>
