~o
<STREAMINFO> 1 6
<VECSIZE> 6<NULLD><MFCC><DIAGC>
~h "fp_logo_0"
<BEGINHMM>
<NUMSTATES> 5
<STATE> 2
<MEAN> 6
 1.111054e+02 9.165673e+00 3.720558e+00 3.495682e+00 1.801638e+00 6.133132e-01
<VARIANCE> 6
 5.600300e+02 2.292500e+02 3.021904e+01 1.709539e+01 2.472681e+00 2.323712e-01
<GCONST> 2.848323e+01
<STATE> 3
<MEAN> 6
 1.376734e+02 3.176509e+01 4.907745e+00 9.075010e+00 2.765736e+00 1.383979e+00
<VARIANCE> 6
 2.100126e+03 2.035265e+03 4.057798e+01 1.189561e+02 6.489054e+00 2.255230e+00
<GCONST> 3.746075e+01
<STATE> 4
<MEAN> 6
 1.106460e+02 3.687782e+00 2.570073e+00 1.424269e+00 1.068103e+00 4.149610e-01
<VARIANCE> 6
 4.174393e+02 2.735953e+01 5.150742e+00 3.203469e+00 8.624533e-01 1.645461e-01
<GCONST> 2.122130e+01
<TRANSP> 5
 0.000000e+00 1.000000e+00 0.000000e+00 0.000000e+00 0.000000e+00
 0.000000e+00 6.500321e-01 3.499679e-01 0.000000e+00 0.000000e+00
 0.000000e+00 0.000000e+00 4.200130e-01 5.799870e-01 0.000000e+00
 0.000000e+00 0.000000e+00 0.000000e+00 8.652003e-01 1.347996e-01
 0.000000e+00 0.000000e+00 0.000000e+00 0.000000e+00 0.000000e+00
<ENDHMM>
