~o
<STREAMINFO> 1 6
<VECSIZE> 6<NULLD><MFCC><DIAGC>
~h "fp_logo_2"
<BEGINHMM>
<NUMSTATES> 5
<STATE> 2
<MEAN> 6
 1.703833e+02 3.222740e+01 1.743191e+01 1.016318e+01 5.123735e+00 2.969225e+00
<VARIANCE> 6
 5.623503e+03 2.213376e+03 1.347513e+03 1.072242e+02 6.778219e+01 2.069734e+01
<GCONST> 4.649149e+01
<STATE> 3
<MEAN> 6
 3.366301e+02 6.166489e+01 7.782075e+01 1.687396e+01 2.259131e+01 7.838340e+00
<VARIANCE> 6
 3.666086e+04 4.100455e+03 6.298558e+03 2.438081e+02 2.625501e+02 4.809868e+01
<GCONST> 5.354373e+01
<STATE> 4
<MEAN> 6
 1.486018e+02 7.892364e+00 6.172638e+00 3.953306e+00 2.356467e+00 1.299711e+00
<VARIANCE> 6
 4.081966e+03 4.220293e+02 4.750463e+02 4.650333e+01 1.992546e+01 4.579161e+00
<GCONST> 3.990312e+01
<TRANSP> 5
 0.000000e+00 1.000000e+00 0.000000e+00 0.000000e+00 0.000000e+00
 0.000000e+00 3.679039e-01 6.320962e-01 0.000000e+00 0.000000e+00
 0.000000e+00 0.000000e+00 7.133234e-01 2.866766e-01 0.000000e+00
 0.000000e+00 0.000000e+00 0.000000e+00 8.738920e-01 1.261080e-01
 0.000000e+00 0.000000e+00 0.000000e+00 0.000000e+00 0.000000e+00
<ENDHMM>
