~o
<STREAMINFO> 1 6
<VECSIZE> 6<NULLD><MFCC><DIAGC>
~h "fp_logo_3"
<BEGINHMM>
<NUMSTATES> 5
<STATE> 2
<MEAN> 6
 1.855478e+02 2.881306e+01 1.394598e+01 1.040972e+01 4.126831e+00 2.044405e+00
<VARIANCE> 6
 9.493661e+03 1.683867e+03 1.696416e+03 1.282449e+02 6.357023e+01 9.746100e+00
<GCONST> 4.633372e+01
<STATE> 3
<MEAN> 6
 3.063682e+02 6.476295e+01 5.209471e+01 1.736254e+01 1.506016e+01 8.241668e+00
<VARIANCE> 6
 2.942004e+04 6.778151e+03 5.592366e+03 3.367912e+02 2.949304e+02 6.477464e+01
<GCONST> 5.444443e+01
<STATE> 4
<MEAN> 6
 1.768352e+02 4.602121e+00 3.600595e+00 2.215348e+00 1.938964e+00 9.413419e-01
<VARIANCE> 6
 2.402439e+03 4.981693e+01 8.089224e+00 5.032071e+00 2.363166e+00 1.321660e+00
<GCONST> 2.756511e+01
<TRANSP> 5
 0.000000e+00 1.000000e+00 0.000000e+00 0.000000e+00 0.000000e+00
 0.000000e+00 5.179403e-01 4.820597e-01 0.000000e+00 0.000000e+00
 0.000000e+00 0.000000e+00 5.562891e-01 4.437109e-01 0.000000e+00
 0.000000e+00 0.000000e+00 0.000000e+00 8.696533e-01 1.303467e-01
 0.000000e+00 0.000000e+00 0.000000e+00 0.000000e+00 0.000000e+00
<ENDHMM>
