~o
<STREAMINFO> 1 6
<VECSIZE> 6<NULLD><MFCC><DIAGC>
~h "fp_screen_4"
<BEGINHMM>
<NUMSTATES> 5
<STATE> 2
<MEAN> 6
 3.396123e+02 6.124869e+00 4.409544e+00 1.658045e+00 1.550303e+00 5.869482e-01
<VARIANCE> 6
 5.517553e+03 5.350770e+01 1.824849e+01 3.440648e+00 1.157435e+00 2.045266e-01
<GCONST> 2.632167e+01
<STATE> 3
<MEAN> 6
 3.470995e+02 1.652935e+01 2.507919e+01 7.757061e+00 6.104993e+00 2.526305e+00
<VARIANCE> 6
 2.363604e+04 5.046518e+02 1.429600e+03 8.165399e+01 5.907857e+01 8.774791e+00
<GCONST> 4.524005e+01
<STATE> 4
<MEAN> 6
 2.581453e+02 6.396162e+00 6.553088e+00 2.834566e+00 2.592082e+00 1.119202e+00
<VARIANCE> 6
 5.997823e+03 4.365572e+01 4.121844e+01 1.080938e+01 3.522207e+00 1.086745e+00
<GCONST> 3.094432e+01
<TRANSP> 5
 0.000000e+00 1.000000e+00 0.000000e+00 0.000000e+00 0.000000e+00
 0.000000e+00 8.634312e-01 1.365688e-01 0.000000e+00 0.000000e+00
 0.000000e+00 0.000000e+00 5.021693e-01 4.978307e-01 0.000000e+00
 0.000000e+00 0.000000e+00 0.000000e+00 7.274438e-01 2.725562e-01
 0.000000e+00 0.000000e+00 0.000000e+00 0.000000e+00 0.000000e+00
<ENDHMM>
