~o
<STREAMINFO> 1 6
<VECSIZE> 6<NULLD><MFCC><DIAGC>
~h "fp_screen_5"
<BEGINHMM>
<NUMSTATES> 5
<STATE> 2
<MEAN> 6
 3.107937e+02 6.359515e+00 7.292953e+00 3.431243e+00 3.228654e+00 1.679756e+00
<VARIANCE> 6
 5.810450e+03 3.984990e+01 4.369176e+01 1.101217e+01 3.973545e+00 2.129904e+00
<GCONST> 3.169169e+01
<STATE> 3
<MEAN> 6
 3.613851e+02 3.282867e+01 2.621993e+01 9.222196e+00 1.110213e+01 4.243403e+00
<VARIANCE> 6
 2.295709e+04 2.840385e+03 1.111080e+03 1.164986e+02 1.259344e+02 2.467658e+01
<GCONST> 4.883292e+01
<STATE> 4
<MEAN> 6
 3.389557e+02 3.551803e+00 5.447057e+00 1.788979e+00 2.112492e+00 8.404887e-01
<VARIANCE> 6
 1.666630e+03 1.232156e+01 3.299673e+01 2.014978e+00 2.674153e+00 9.096918e-01
<GCONST> 2.604317e+01
<TRANSP> 5
 0.000000e+00 1.000000e+00 0.000000e+00 0.000000e+00 0.000000e+00
 0.000000e+00 7.367951e-01 2.632048e-01 0.000000e+00 0.000000e+00
 0.000000e+00 0.000000e+00 3.528967e-01 6.471034e-01 0.000000e+00
 0.000000e+00 0.000000e+00 0.000000e+00 8.497445e-01 1.502555e-01
 0.000000e+00 0.000000e+00 0.000000e+00 0.000000e+00 0.000000e+00
<ENDHMM>
