~o
<STREAMINFO> 1 6
<VECSIZE> 6<NULLD><MFCC><DIAGC>
~h "fp_screen"
<BEGINHMM>
<NUMSTATES> 5
<STATE> 2
<MEAN> 6
 3.055149e+02 9.141915e+00 7.577355e+00 3.052530e+00 3.007261e+00 1.208701e+00
<VARIANCE> 6
 2.554232e+04 1.259041e+02 2.929185e+02 1.267764e+01 2.507313e+01 3.224552e+00
<GCONST> 3.862320e+01
<STATE> 3
<MEAN> 6
 5.235948e+02 5.743496e+01 3.829984e+01 1.594653e+01 1.377208e+01 6.127461e+00
<VARIANCE> 6
 3.597185e+04 2.998836e+03 2.614437e+03 1.774744e+02 2.521072e+02 4.803838e+01
<GCONST> 5.197322e+01
<STATE> 4
<MEAN> 6
 3.342198e+02 5.783350e+00 5.087271e+00 1.952641e+00 1.970953e+00 8.788727e-01
<VARIANCE> 6
 6.270765e+03 2.751451e+01 4.655955e+01 3.009962e+00 4.267351e+00 1.209252e+00
<GCONST> 2.966928e+01
<TRANSP> 5
 0.000000e+00 1.000000e+00 0.000000e+00 0.000000e+00 0.000000e+00
 0.000000e+00 9.505081e-01 4.949196e-02 0.000000e+00 0.000000e+00
 0.000000e+00 0.000000e+00 9.190853e-01 8.091471e-02 0.000000e+00
 0.000000e+00 0.000000e+00 0.000000e+00 9.732878e-01 2.671227e-02
 0.000000e+00 0.000000e+00 0.000000e+00 0.000000e+00 0.000000e+00
<ENDHMM>
