~o
<STREAMINFO> 1 6
<VECSIZE> 6<NULLD><MFCC><DIAGC>
~h "fp_screen_2"
<BEGINHMM>
<NUMSTATES> 5
<STATE> 2
<MEAN> 6
 4.145383e+02 2.860140e+01 1.036376e+01 6.418089e+00 3.948755e+00 2.193129e+00
<VARIANCE> 6
 2.909477e+04 1.428076e+03 5.272359e+02 7.244871e+01 2.980405e+01 9.589060e+00
<GCONST> 4.477546e+01
<STATE> 3
<MEAN> 6
 5.860443e+02 6.627425e+01 4.632418e+01 1.894108e+01 1.778567e+01 7.601365e+00
<VARIANCE> 6
 3.815502e+04 3.973631e+03 2.837379e+03 2.202902e+02 3.310451e+02 5.933157e+01
<GCONST> 5.309509e+01
<STATE> 4
<MEAN> 6
 3.356886e+02 1.282627e+01 6.852949e+00 3.314212e+00 2.604832e+00 1.326839e+00
<VARIANCE> 6
 1.936435e+04 4.290670e+02 4.771873e+02 2.269822e+01 3.677263e+01 4.637422e+00
<GCONST> 4.138918e+01
<TRANSP> 5
 0.000000e+00 1.000000e+00 0.000000e+00 0.000000e+00 0.000000e+00
 0.000000e+00 6.414590e-01 3.585410e-01 0.000000e+00 0.000000e+00
 0.000000e+00 0.000000e+00 7.154975e-01 2.845025e-01 0.000000e+00
 0.000000e+00 0.000000e+00 0.000000e+00 8.506573e-01 1.493427e-01
 0.000000e+00 0.000000e+00 0.000000e+00 0.000000e+00 0.000000e+00
<ENDHMM>
