~o
<STREAMINFO> 1 6
<VECSIZE> 6<NULLD><MFCC><DIAGC>
~h "fp_screen_0"
<BEGINHMM>
<NUMSTATES> 5
<STATE> 2
<MEAN> 6
 1.442326e+02 4.917624e+00 1.492021e+01 2.402602e+00 5.573654e+00 1.097006e+00
<VARIANCE> 6
 7.479349e+03 2.366970e+01 5.026473e+02 4.720972e+00 5.618603e+01 1.993899e+00
<GCONST> 3.560202e+01
<STATE> 3
<MEAN> 6
 4.271058e+02 2.743058e+01 4.409509e+01 1.011958e+01 1.494742e+01 6.125006e+00
<VARIANCE> 6
 3.273440e+04 1.160652e+03 1.668041e+03 1.083263e+02 1.673126e+02 4.921083e+01
<GCONST> 4.960072e+01
<STATE> 4
<MEAN> 6
 3.892570e+02 6.443246e+00 2.894578e+00 1.957848e+00 1.309015e+00 7.118449e-01
<VARIANCE> 6
 1.522330e+04 9.769691e+01 4.780374e+01 7.909187e+00 9.836555e+00 2.592414e+00
<GCONST> 3.441354e+01
<TRANSP> 5
 0.000000e+00 1.000000e+00 0.000000e+00 0.000000e+00 0.000000e+00
 0.000000e+00 6.952823e-01 3.047177e-01 0.000000e+00 0.000000e+00
 0.000000e+00 0.000000e+00 5.657927e-01 4.342073e-01 0.000000e+00
 0.000000e+00 0.000000e+00 0.000000e+00 8.441209e-01 1.558791e-01
 0.000000e+00 0.000000e+00 0.000000e+00 0.000000e+00 0.000000e+00
<ENDHMM>
