~o
<STREAMINFO> 1 6
<VECSIZE> 6<NULLD><MFCC><DIAGC>
~h "fp_screen_3"
<BEGINHMM>
<NUMSTATES> 5
<STATE> 2
<MEAN> 6
 3.203687e+02 2.920007e+01 1.304957e+01 6.809169e+00 4.568170e+00 2.308836e+00
<VARIANCE> 6
 2.954605e+04 1.096075e+03 9.867541e+02 5.564850e+01 7.368546e+01 8.868032e+00
<GCONST> 4.571619e+01
<STATE> 3
<MEAN> 6
 5.019125e+02 6.151134e+01 4.644561e+01 1.435155e+01 1.457788e+01 5.830153e+00
<VARIANCE> 6
 4.565485e+04 3.904068e+03 4.035130e+03 1.774182e+02 2.900375e+02 4.453426e+01
<GCONST> 5.297347e+01
<STATE> 4
<MEAN> 6
 3.438690e+02 7.102589e+00 3.413922e+00 1.679379e+00 1.301920e+00 5.555076e-01
<VARIANCE> 6
 8.034202e+03 6.141557e+01 9.180849e+00 3.564557e+00 1.041318e+00 2.480042e-01
<GCONST> 2.627073e+01
<TRANSP> 5
 0.000000e+00 1.000000e+00 0.000000e+00 0.000000e+00 0.000000e+00
 0.000000e+00 6.598745e-01 3.401255e-01 0.000000e+00 0.000000e+00
 0.000000e+00 0.000000e+00 5.862080e-01 4.137920e-01 0.000000e+00
 0.000000e+00 0.000000e+00 0.000000e+00 8.494710e-01 1.505290e-01
 0.000000e+00 0.000000e+00 0.000000e+00 0.000000e+00 0.000000e+00
<ENDHMM>
