~o
<STREAMINFO> 1 6
<VECSIZE> 6<NULLD><MFCC><DIAGC>
~h "fp_screen_1"
<BEGINHMM>
<NUMSTATES> 5
<STATE> 2
<MEAN> 6
 3.788480e+02 5.972989e+00 2.422223e+00 1.626832e+00 1.152721e+00 6.370003e-01
<VARIANCE> 6
 1.672065e+04 6.585991e+01 3.736681e+01 4.628476e+00 7.861951e+00 2.187339e+00
<GCONST> 3.293692e+01
<STATE> 3
<MEAN> 6
 4.611827e+02 3.912917e+01 2.102199e+01 1.447480e+01 9.761306e+00 5.160892e+00
<VARIANCE> 6
 2.991269e+04 1.733403e+03 9.831161e+02 1.931720e+02 1.420821e+02 4.326006e+01
<GCONST> 4.966909e+01
<STATE> 4
<MEAN> 6
 3.376682e+02 2.335642e+01 8.176035e+00 6.771118e+00 3.273806e+00 2.042968e+00
<VARIANCE> 6
 2.671467e+04 9.059576e+02 4.969821e+02 5.445203e+01 2.414288e+01 9.276278e+00
<GCONST> 4.364655e+01
<TRANSP> 5
 0.000000e+00 1.000000e+00 0.000000e+00 0.000000e+00 0.000000e+00
 0.000000e+00 8.792220e-01 1.207780e-01 0.000000e+00 0.000000e+00
 0.000000e+00 0.000000e+00 5.029677e-01 4.970323e-01 0.000000e+00
 0.000000e+00 0.000000e+00 0.000000e+00 6.307793e-01 3.692208e-01
 0.000000e+00 0.000000e+00 0.000000e+00 0.000000e+00 0.000000e+00
<ENDHMM>
