~o
<STREAMINFO> 1 6
<VECSIZE> 6<NULLD><MFCC><DIAGC>
~h "bg_red_0"
<BEGINHMM>
<NUMSTATES> 5
<STATE> 2
<MEAN> 6
 2.263936e+02 1.372372e+01 7.543304e+00 3.459905e+00 2.550667e+00 1.083119e+00
<VARIANCE> 6
 2.108838e+04 2.335132e+02 6.338929e+01 5.737598e+00 3.624119e+00 1.112613e+00
<GCONST> 3.372764e+01
<STATE> 3
<MEAN> 6
 3.847318e+02 3.640385e+01 1.257225e+01 9.045430e+00 4.379532e+00 2.326732e+00
<VARIANCE> 6
 1.627324e+04 1.397823e+03 1.910309e+02 4.882735e+01 1.420047e+01 4.375813e+00
<GCONST> 4.123730e+01
<STATE> 4
<MEAN> 6
 2.484952e+02 6.924617e+00 3.502748e+00 2.180787e+00 1.051358e+00 5.522051e-01
<VARIANCE> 6
 1.393447e+04 7.074613e+01 1.878777e+01 6.796532e+00 1.334074e+00 6.517252e-01
<GCONST> 2.953820e+01
<TRANSP> 5
 0.000000e+00 1.000000e+00 0.000000e+00 0.000000e+00 0.000000e+00
 0.000000e+00 9.662556e-01 3.374444e-02 0.000000e+00 0.000000e+00
 0.000000e+00 0.000000e+00 9.030821e-01 9.691787e-02 0.000000e+00
 0.000000e+00 0.000000e+00 0.000000e+00 9.667194e-01 3.328067e-02
 0.000000e+00 0.000000e+00 0.000000e+00 0.000000e+00 0.000000e+00
<ENDHMM>
~h "bg_red_0_0"
<BEGINHMM>
<NUMSTATES> 5
<STATE> 2
<MEAN> 6
 3.556789e+02 1.011157e+01 7.385673e+00 4.122958e+00 3.288690e+00 1.904233e+00
<VARIANCE> 6
 9.262183e+03 9.080826e+01 4.458162e+01 5.276851e+00 3.936151e+00 2.397909e+00
<GCONST> 3.237516e+01
<STATE> 3
<MEAN> 6
 3.417924e+02 2.937266e+01 1.322336e+01 8.110971e+00 4.874912e+00 2.313778e+00
<VARIANCE> 6
 2.679076e+04 7.435449e+02 2.287744e+02 3.310191e+01 2.246866e+01 3.432619e+00
<GCONST> 4.111228e+01
<STATE> 4
<MEAN> 6
 2.123360e+02 1.445645e+01 7.172285e+00 3.915811e+00 2.656573e+00 9.545688e-01
<VARIANCE> 6
 3.454568e+04 4.105982e+02 5.449936e+01 1.117341e+01 3.732546e+00 8.879980e-01
<GCONST> 3.510494e+01
<TRANSP> 5
 0.000000e+00 1.000000e+00 0.000000e+00 0.000000e+00 0.000000e+00
 0.000000e+00 8.224313e-01 1.775687e-01 0.000000e+00 0.000000e+00
 0.000000e+00 0.000000e+00 4.838218e-01 5.161782e-01 0.000000e+00
 0.000000e+00 0.000000e+00 0.000000e+00 7.743206e-01 2.256795e-01
 0.000000e+00 0.000000e+00 0.000000e+00 0.000000e+00 0.000000e+00
<ENDHMM>
~h "bg_red_0_1"
<BEGINHMM>
<NUMSTATES> 5
<STATE> 2
<MEAN> 6
 2.127425e+02 1.785979e+01 9.919637e+00 4.355969e+00 3.134147e+00 1.209231e+00
<VARIANCE> 6
 2.550379e+04 4.936309e+02 1.091395e+02 1.070344e+01 4.746454e+00 1.096200e+00
<GCONST> 3.608807e+01
<STATE> 3
<MEAN> 6
 3.556459e+02 3.345408e+01 1.026656e+01 1.057608e+01 3.812156e+00 2.525379e+00
<VARIANCE> 6
 1.453193e+04 1.664103e+03 8.061490e+01 5.627476e+01 5.562236e+00 2.613775e+00
<GCONST> 3.912513e+01
<STATE> 4
<MEAN> 6
 3.632466e+02 8.925349e+00 5.270121e+00 2.489923e+00 1.762534e+00 7.834087e-01
<VARIANCE> 6
 6.471110e+03 2.302977e+02 3.393579e+01 6.292817e+00 2.045615e+00 5.579746e-01
<GCONST> 3.073787e+01
<TRANSP> 5
 0.000000e+00 1.000000e+00 0.000000e+00 0.000000e+00 0.000000e+00
 0.000000e+00 7.794900e-01 2.205100e-01 0.000000e+00 0.000000e+00
 0.000000e+00 0.000000e+00 5.613720e-01 4.386281e-01 0.000000e+00
 0.000000e+00 0.000000e+00 0.000000e+00 8.383243e-01 1.616757e-01
 0.000000e+00 0.000000e+00 0.000000e+00 0.000000e+00 0.000000e+00
<ENDHMM>
~h "bg_red_0_2"
<BEGINHMM>
<NUMSTATES> 5
<STATE> 2
<MEAN> 6
 2.318842e+02 1.760970e+01 8.323712e+00 3.750802e+00 2.223629e+00 8.823959e-01
<VARIANCE> 6
 2.160817e+04 4.328719e+02 4.578115e+01 9.357112e+00 2.402968e+00 5.708614e-01
<GCONST> 3.345464e+01
<STATE> 3
<MEAN> 6
 3.087801e+02 3.827848e+01 1.139206e+01 8.572825e+00 3.877846e+00 1.831098e+00
<VARIANCE> 6
 1.384269e+04 1.207843e+03 9.043407e+01 6.502919e+01 1.821128e+01 2.586633e+00
<GCONST> 4.019122e+01
<STATE> 4
<MEAN> 6
 3.392105e+02 6.298637e+00 2.544378e+00 1.813472e+00 9.264787e-01 4.121250e-01
<VARIANCE> 6
 1.073720e+04 8.559700e+01 8.290188e+00 5.400048e+00 1.245822e+00 3.905754e-01
<GCONST> 2.783952e+01
<TRANSP> 5
 0.000000e+00 1.000000e+00 0.000000e+00 0.000000e+00 0.000000e+00
 0.000000e+00 7.909309e-01 2.090691e-01 0.000000e+00 0.000000e+00
 0.000000e+00 0.000000e+00 4.491331e-01 5.508669e-01 0.000000e+00
 0.000000e+00 0.000000e+00 0.000000e+00 8.437884e-01 1.562116e-01
 0.000000e+00 0.000000e+00 0.000000e+00 0.000000e+00 0.000000e+00
<ENDHMM>
~h "bg_red_0_3"
<BEGINHMM>
<NUMSTATES> 5
<STATE> 2
<MEAN> 6
 1.986227e+02 1.688287e+01 4.579543e+00 3.552389e+00 1.556317e+00 6.375762e-01
<VARIANCE> 6
 1.939557e+04 2.644390e+02 2.598775e+01 1.169423e+01 2.513920e+00 6.727619e-01
<GCONST> 3.271988e+01
<STATE> 3
<MEAN> 6
 2.981984e+02 4.427092e+01 1.170876e+01 8.111931e+00 3.166434e+00 1.776284e+00
<VARIANCE> 6
 1.396416e+04 2.048019e+03 1.250815e+02 5.070540e+01 7.987255e+00 3.870887e+00
<GCONST> 4.038247e+01
<STATE> 4
<MEAN> 6
 3.199280e+02 6.968453e+00 3.199019e+00 2.055985e+00 1.320264e+00 5.217520e-01
<VARIANCE> 6
 1.297919e+04 8.488058e+01 1.817944e+01 7.264563e+00 2.159026e+00 4.776448e-01
<GCONST> 2.985368e+01
<TRANSP> 5
 0.000000e+00 1.000000e+00 0.000000e+00 0.000000e+00 0.000000e+00
 0.000000e+00 7.067418e-01 2.932583e-01 0.000000e+00 0.000000e+00
 0.000000e+00 0.000000e+00 5.288420e-01 4.711580e-01 0.000000e+00
 0.000000e+00 0.000000e+00 0.000000e+00 8.453833e-01 1.546167e-01
 0.000000e+00 0.000000e+00 0.000000e+00 0.000000e+00 0.000000e+00
<ENDHMM>
~h "bg_red_0_4"
<BEGINHMM>
<NUMSTATES> 5
<STATE> 2
<MEAN> 6
 2.450132e+02 1.381790e+01 6.721220e+00 4.132691e+00 2.487264e+00 1.172351e+00
<VARIANCE> 6
 1.653247e+04 1.641465e+02 5.696132e+01 1.337328e+01 4.440012e+00 1.527413e+00
<GCONST> 3.439097e+01
<STATE> 3
<MEAN> 6
 2.586601e+02 3.413315e+01 1.919080e+01 7.559453e+00 5.011811e+00 2.484393e+00
<VARIANCE> 6
 1.380439e+04 7.377981e+02 4.775086e+02 2.743188e+01 2.358790e+01 5.269789e+00
<GCONST> 4.146669e+01
<STATE> 4
<MEAN> 6
 1.620262e+02 7.636761e+00 4.579561e+00 1.802717e+00 1.382485e+00 4.752712e-01
<VARIANCE> 6
 1.009544e+04 7.744130e+01 2.218575e+01 3.486861e+00 1.276003e+00 1.472033e-01
<GCONST> 2.727286e+01
<TRANSP> 5
 0.000000e+00 1.000000e+00 0.000000e+00 0.000000e+00 0.000000e+00
 0.000000e+00 7.960795e-01 2.039205e-01 0.000000e+00 0.000000e+00
 0.000000e+00 0.000000e+00 4.811546e-01 5.188454e-01 0.000000e+00
 0.000000e+00 0.000000e+00 0.000000e+00 8.378931e-01 1.621068e-01
 0.000000e+00 0.000000e+00 0.000000e+00 0.000000e+00 0.000000e+00
<ENDHMM>
~h "bg_red_0_5"
<BEGINHMM>
<NUMSTATES> 5
<STATE> 2
<MEAN> 6
 1.311723e+02 6.464863e+00 2.989592e+00 1.484540e+00 7.449719e-01 3.628785e-01
<VARIANCE> 6
 4.148159e+03 8.777789e+01 1.067869e+01 3.280319e+00 4.565552e-01 7.167210e-02
<GCONST> 2.396898e+01
<STATE> 3
<MEAN> 6
 2.069404e+02 1.991142e+01 8.605864e+00 6.399298e+00 2.438654e+00 1.691707e+00
<VARIANCE> 6
 7.017248e+03 3.679173e+02 8.923856e+01 2.183118e+01 5.852311e+00 4.413990e+00
<GCONST> 3.661752e+01
<STATE> 4
<MEAN> 6
 1.936928e+02 6.457698e+00 5.092978e+00 2.389983e+00 1.561724e+00 9.447026e-01
<VARIANCE> 6
 8.709913e+03 4.208171e+01 3.868587e+01 4.096631e+00 2.843941e+00 2.840327e+00
<GCONST> 3.099384e+01
<TRANSP> 5
 0.000000e+00 1.000000e+00 0.000000e+00 0.000000e+00 0.000000e+00
 0.000000e+00 8.527017e-01 1.472983e-01 0.000000e+00 0.000000e+00
 0.000000e+00 0.000000e+00 5.602805e-01 4.397195e-01 0.000000e+00
 0.000000e+00 0.000000e+00 0.000000e+00 6.595023e-01 3.404976e-01
 0.000000e+00 0.000000e+00 0.000000e+00 0.000000e+00 0.000000e+00
<ENDHMM>
~h "bg_dark_0"
<BEGINHMM>
<NUMSTATES> 5
<STATE> 2
<MEAN> 6
 1.643301e+02 1.804366e+01 7.067787e+00 3.954601e+00 2.798733e+00 9.990591e-01
<VARIANCE> 6
 6.769363e+03 5.647048e+02 3.514611e+01 8.576781e+00 3.164755e+00 6.516728e-01
<GCONST> 3.261617e+01
<STATE> 3
<MEAN> 6
 1.778387e+02 1.305134e+01 2.328938e+01 5.103503e+00 6.513782e+00 3.035097e+00
<VARIANCE> 6
 2.061468e+03 1.598189e+02 3.018005e+02 9.651413e+00 1.125111e+01 5.484186e+00
<GCONST> 3.583168e+01
<STATE> 4
<MEAN> 6
 1.251924e+02 1.019731e+01 1.088485e+01 3.744523e+00 4.338815e+00 1.498463e+00
<VARIANCE> 6
 1.128950e+03 1.038853e+02 1.222928e+02 8.212728e+00 9.426853e+00 1.619712e+00
<GCONST> 3.233751e+01
<TRANSP> 5
 0.000000e+00 1.000000e+00 0.000000e+00 0.000000e+00 0.000000e+00
 0.000000e+00 9.497178e-01 5.028218e-02 0.000000e+00 0.000000e+00
 0.000000e+00 0.000000e+00 5.268024e-01 4.731977e-01 0.000000e+00
 0.000000e+00 0.000000e+00 0.000000e+00 9.791662e-01 2.083378e-02
 0.000000e+00 0.000000e+00 0.000000e+00 0.000000e+00 0.000000e+00
<ENDHMM>
~h "bg_dark_0_0"
<BEGINHMM>
<NUMSTATES> 5
<STATE> 2
<MEAN> 6
 2.554893e+02 8.608837e+00 8.099859e+00 3.209502e+00 3.047237e+00 1.132325e+00
<VARIANCE> 6
 1.441682e+03 1.763670e+02 3.957422e+01 3.716171e+00 2.136761e+00 5.242231e-01
<GCONST> 2.857772e+01
<STATE> 3
<MEAN> 6
 1.772346e+02 3.820210e+01 1.373165e+01 7.466830e+00 4.222487e+00 1.617270e+00
<VARIANCE> 6
 4.571204e+03 1.178967e+03 7.878932e+01 1.096648e+01 6.603342e+00 2.231487e+00
<GCONST> 3.597906e+01
<STATE> 4
<MEAN> 6
 1.986142e+02 5.387897e+00 8.972382e+00 2.856399e+00 3.431134e+00 1.250068e+00
<VARIANCE> 6
 2.032342e+03 2.622126e+01 5.326370e+01 2.004819e+00 3.584511e+00 6.461496e-01
<GCONST> 2.742148e+01
<TRANSP> 5
 0.000000e+00 1.000000e+00 0.000000e+00 0.000000e+00 0.000000e+00
 0.000000e+00 8.173791e-01 1.826209e-01 0.000000e+00 0.000000e+00
 0.000000e+00 0.000000e+00 4.690126e-01 5.309875e-01 0.000000e+00
 0.000000e+00 0.000000e+00 0.000000e+00 7.845242e-01 2.154758e-01
 0.000000e+00 0.000000e+00 0.000000e+00 0.000000e+00 0.000000e+00
<ENDHMM>
~h "bg_dark_0_1"
<BEGINHMM>
<NUMSTATES> 5
<STATE> 2
<MEAN> 6
 1.323212e+02 1.069693e+01 6.956331e+00 2.819082e+00 3.094877e+00 9.844453e-01
<VARIANCE> 6
 2.791392e+03 1.443025e+02 2.776779e+01 2.609493e+00 4.508750e+00 4.351816e-01
<GCONST> 2.889053e+01
<STATE> 3
<MEAN> 6
 1.452920e+02 1.398147e+01 1.818937e+01 4.402425e+00 4.212853e+00 2.090851e+00
<VARIANCE> 6
 1.902907e+03 1.992301e+02 2.304969e+02 7.885418e+00 5.723224e+00 1.834771e+00
<GCONST> 3.372956e+01
<STATE> 4
<MEAN> 6
 1.058392e+02 6.244367e+00 6.785986e+00 2.087409e+00 3.158771e+00 7.802002e-01
<VARIANCE> 6
 6.159567e+02 1.078623e+02 5.256281e+01 2.724990e+00 2.887013e+00 2.921133e-01
<GCONST> 2.692538e+01
<TRANSP> 5
 0.000000e+00 1.000000e+00 0.000000e+00 0.000000e+00 0.000000e+00
 0.000000e+00 7.866925e-01 2.133075e-01 0.000000e+00 0.000000e+00
 0.000000e+00 0.000000e+00 6.659479e-01 3.340521e-01 0.000000e+00
 0.000000e+00 0.000000e+00 0.000000e+00 8.119731e-01 1.880269e-01
 0.000000e+00 0.000000e+00 0.000000e+00 0.000000e+00 0.000000e+00
<ENDHMM>
~h "bg_dark_0_2"
<BEGINHMM>
<NUMSTATES> 5
<STATE> 2
<MEAN> 6
 1.019877e+02 1.219437e+01 6.982581e+00 2.863734e+00 2.333651e+00 6.828755e-01
<VARIANCE> 6
 6.868648e+02 2.936074e+02 6.715074e+01 4.465189e+00 2.555714e+00 2.968656e-01
<GCONST> 2.866875e+01
<STATE> 3
<MEAN> 6
 1.196396e+02 9.375512e+00 1.325049e+01 2.836034e+00 5.106314e+00 1.469928e+00
<VARIANCE> 6
 1.281403e+03 4.968964e+01 1.583349e+02 2.370368e+00 1.022807e+01 8.845464e-01
<GCONST> 3.021898e+01
<STATE> 4
<MEAN> 6
 1.180336e+02 1.636478e+01 1.339076e+01 5.639033e+00 4.848541e+00 1.986167e+00
<VARIANCE> 6
 1.376057e+03 2.372840e+02 1.370338e+02 1.267291e+01 8.350364e+00 4.526340e+00
<GCONST> 3.481541e+01
<TRANSP> 5
 0.000000e+00 1.000000e+00 0.000000e+00 0.000000e+00 0.000000e+00
 0.000000e+00 8.042966e-01 1.957034e-01 0.000000e+00 0.000000e+00
 0.000000e+00 0.000000e+00 8.181850e-01 1.818150e-01 0.000000e+00
 0.000000e+00 0.000000e+00 0.000000e+00 5.816130e-01 4.183870e-01
 0.000000e+00 0.000000e+00 0.000000e+00 0.000000e+00 0.000000e+00
<ENDHMM>
~h "bg_dark_0_3"
<BEGINHMM>
<NUMSTATES> 5
<STATE> 2
<MEAN> 6
 1.237352e+02 1.229341e+01 1.387596e+01 5.434869e+00 5.977934e+00 2.146657e+00
<VARIANCE> 6
 1.090299e+03 1.014463e+02 1.592006e+02 9.636873e+00 1.080477e+01 2.836360e+00
<GCONST> 3.339927e+01
<STATE> 3
<MEAN> 6
 1.071459e+02 2.846646e+01 5.179204e+00 5.693895e+00 2.484180e+00 9.166595e-01
<VARIANCE> 6
 1.537407e+03 8.402628e+02 1.885532e+01 1.560499e+01 5.654774e+00 5.524786e-01
<GCONST> 3.192238e+01
<STATE> 4
<MEAN> 6
 1.179776e+02 8.835162e+00 6.862864e+00 2.675248e+00 2.808330e+00 1.034058e+00
<VARIANCE> 6
 5.966499e+02 1.078674e+02 3.841657e+01 3.186257e+00 3.849690e+00 6.217042e-01
<GCONST> 2.777954e+01
<TRANSP> 5
 0.000000e+00 1.000000e+00 0.000000e+00 0.000000e+00 0.000000e+00
 0.000000e+00 7.186530e-01 2.813470e-01 0.000000e+00 0.000000e+00
 0.000000e+00 0.000000e+00 5.733278e-01 4.266722e-01 0.000000e+00
 0.000000e+00 0.000000e+00 0.000000e+00 8.361180e-01 1.638820e-01
 0.000000e+00 0.000000e+00 0.000000e+00 0.000000e+00 0.000000e+00
<ENDHMM>
~h "bg_dark_0_4"
<BEGINHMM>
<NUMSTATES> 5
<STATE> 2
<MEAN> 6
 1.138617e+02 9.933938e+00 4.602052e+00 1.970697e+00 1.768749e+00 6.125543e-01
<VARIANCE> 6
 7.542475e+02 2.605120e+02 3.007603e+01 4.036110e+00 3.435719e+00 4.599816e-01
<GCONST> 2.847230e+01
<STATE> 3
<MEAN> 6
 1.418583e+02 1.391674e+01 1.803855e+01 5.444528e+00 6.539398e+00 2.507732e+00
<VARIANCE> 6
 1.836825e+03 1.541920e+02 2.116311e+02 8.741380e+00 1.043748e+01 2.573778e+00
<GCONST> 3.439494e+01
<STATE> 4
<MEAN> 6
 1.219890e+02 1.028841e+01 1.111234e+01 3.706698e+00 3.908782e+00 1.235720e+00
<VARIANCE> 6
 7.642970e+02 1.147747e+02 1.048652e+02 7.150344e+00 6.286223e+00 9.469691e-01
<GCONST> 3.081290e+01
<TRANSP> 5
 0.000000e+00 1.000000e+00 0.000000e+00 0.000000e+00 0.000000e+00
 0.000000e+00 8.380933e-01 1.619067e-01 0.000000e+00 0.000000e+00
 0.000000e+00 0.000000e+00 7.223456e-01 2.776544e-01 0.000000e+00
 0.000000e+00 0.000000e+00 0.000000e+00 6.896342e-01 3.103658e-01
 0.000000e+00 0.000000e+00 0.000000e+00 0.000000e+00 0.000000e+00
<ENDHMM>
~h "bg_dark_0_5"
<BEGINHMM>
<NUMSTATES> 5
<STATE> 2
<MEAN> 6
 1.379690e+02 1.319341e+01 1.475218e+01 4.660300e+00 5.340376e+00 1.456694e+00
<VARIANCE> 6
 1.815167e+03 1.290679e+02 1.676959e+02 6.397383e+00 9.565606e+00 1.196490e+00
<GCONST> 3.280714e+01
<STATE> 3
<MEAN> 6
 1.333185e+02 2.735017e+01 1.507526e+01 7.906337e+00 6.709866e+00 2.842586e+00
<VARIANCE> 6
 2.122702e+03 3.552521e+02 2.080195e+02 1.565203e+01 1.188205e+01 2.881164e+00
<GCONST> 3.618199e+01
<STATE> 4
<MEAN> 6
 1.159359e+02 1.082681e+01 9.650404e+00 5.192561e+00 5.568117e+00 2.144066e+00
<VARIANCE> 6
 6.362631e+02 8.677686e+01 5.250534e+01 4.978627e+00 8.404574e+00 1.921135e+00
<GCONST> 3.029398e+01
<TRANSP> 5
 0.000000e+00 1.000000e+00 0.000000e+00 0.000000e+00 0.000000e+00
 0.000000e+00 7.750934e-01 2.249065e-01 0.000000e+00 0.000000e+00
 0.000000e+00 0.000000e+00 7.407088e-01 2.592912e-01 0.000000e+00
 0.000000e+00 0.000000e+00 0.000000e+00 7.295134e-01 2.704866e-01
 0.000000e+00 0.000000e+00 0.000000e+00 0.000000e+00 0.000000e+00
<ENDHMM>
~h "bg_white_0"
<BEGINHMM>
<NUMSTATES> 5
<STATE> 2
<MEAN> 6
 7.587779e+02 3.107886e+00 4.262384e+00 1.302163e+00 1.678576e+00 7.358011e-01
<VARIANCE> 6
 3.559422e+03 4.057692e+01 2.792554e+02 3.654818e+00 1.947727e+01 2.002660e+00
<GCONST> 3.349971e+01
<STATE> 3
<MEAN> 6
 7.002027e+02 4.310964e+01 1.442727e+01 1.430922e+01 1.131901e+01 8.065477e+00
<VARIANCE> 6
 5.678114e+03 1.729683e+03 2.716953e+02 9.918636e+01 8.739846e+01 3.772318e+01
<GCONST> 4.542977e+01
<STATE> 4
<MEAN> 6
 5.636589e+02 4.852532e+00 7.712234e+00 1.938892e+00 2.593936e+00 8.762444e-01
<VARIANCE> 6
 5.723142e+04 6.315511e+01 7.284097e+02 6.671414e+00 3.439101e+01 1.816318e+00
<GCONST> 3.875101e+01
<TRANSP> 5
 0.000000e+00 1.000000e+00 0.000000e+00 0.000000e+00 0.000000e+00
 0.000000e+00 9.524823e-01 4.751766e-02 0.000000e+00 0.000000e+00
 0.000000e+00 0.000000e+00 9.598899e-01 4.011016e-02 0.000000e+00
 0.000000e+00 0.000000e+00 0.000000e+00 9.583747e-01 4.162531e-02
 0.000000e+00 0.000000e+00 0.000000e+00 0.000000e+00 0.000000e+00
<ENDHMM>
~h "bg_white_0_0"
<BEGINHMM>
<NUMSTATES> 5
<STATE> 2
<MEAN> 6
 6.569852e+02 4.098099e+00 1.211827e+01 1.209922e+00 3.780136e+00 4.354842e-01
<VARIANCE> 6
 4.673691e+04 1.621150e+02 9.729567e+02 6.205392e+00 7.113935e+01 3.345233e-01
<GCONST> 3.874321e+01
<STATE> 3
<MEAN> 6
 6.815575e+02 4.008950e+01 1.888094e+01 1.201539e+01 1.010870e+01 6.230159e+00
<VARIANCE> 6
 2.071135e+04 2.249390e+03 1.033260e+03 1.239065e+02 9.423531e+01 4.205140e+01
<GCONST> 4.872880e+01
<STATE> 4
<MEAN> 6
 7.636264e+02 5.988540e+00 2.587237e+00 2.182004e+00 1.636901e+00 1.206016e+00
<VARIANCE> 6
 5.333234e+03 3.114777e+02 3.301944e+01 2.541203e+01 1.619860e+01 8.388455e+00
<GCONST> 3.699440e+01
<TRANSP> 5
 0.000000e+00 1.000000e+00 0.000000e+00 0.000000e+00 0.000000e+00
 0.000000e+00 7.404307e-01 2.595693e-01 0.000000e+00 0.000000e+00
 0.000000e+00 0.000000e+00 5.324031e-01 4.675969e-01 0.000000e+00
 0.000000e+00 0.000000e+00 0.000000e+00 8.335794e-01 1.664206e-01
 0.000000e+00 0.000000e+00 0.000000e+00 0.000000e+00 0.000000e+00
<ENDHMM>
~h "bg_white_0_1"
<BEGINHMM>
<NUMSTATES> 5
<STATE> 2
<MEAN> 6
 7.428903e+02 1.503732e+01 5.348706e+00 5.680583e+00 4.381533e+00 3.293678e+00
<VARIANCE> 6
 9.306917e+03 7.085451e+02 7.689824e+01 5.502450e+01 3.960416e+01 1.935766e+01
<GCONST> 4.172128e+01
<STATE> 3
<MEAN> 6
 6.904526e+02 5.795477e+01 1.635769e+01 1.676555e+01 1.387047e+01 9.903361e+00
<VARIANCE> 6
 6.992998e+03 1.774370e+03 2.576764e+02 8.499481e+01 8.871459e+01 4.004830e+01
<GCONST> 4.553093e+01
<STATE> 4
<MEAN> 6
 6.918772e+02 7.462318e+00 3.436785e+00 3.174187e+00 2.441777e+00 2.020965e+00
<VARIANCE> 6
 3.285283e+04 3.158742e+02 3.560019e+01 2.691108e+01 1.952171e+01 1.258461e+01
<GCONST> 3.955129e+01
<TRANSP> 5
 0.000000e+00 1.000000e+00 0.000000e+00 0.000000e+00 0.000000e+00
 0.000000e+00 6.267827e-01 3.732173e-01 0.000000e+00 0.000000e+00
 0.000000e+00 0.000000e+00 7.774233e-01 2.225766e-01 0.000000e+00
 0.000000e+00 0.000000e+00 0.000000e+00 8.284075e-01 1.715925e-01
 0.000000e+00 0.000000e+00 0.000000e+00 0.000000e+00 0.000000e+00
<ENDHMM>
~h "bg_white_0_2"
<BEGINHMM>
<NUMSTATES> 5
<STATE> 2
<MEAN> 6
 7.329195e+02 1.599182e+01 6.250779e+00 6.650209e+00 5.481403e+00 4.290352e+00
<VARIANCE> 6
 7.126455e+03 6.327802e+02 7.529368e+01 5.838659e+01 4.454727e+01 2.493370e+01
<GCONST> 4.175021e+01
<STATE> 3
<MEAN> 6
 6.742991e+02 5.421892e+01 1.835145e+01 1.742371e+01 1.433984e+01 9.727015e+00
<VARIANCE> 6
 6.585829e+03 2.032109e+03 3.349894e+02 1.081346e+02 1.032066e+02 4.044227e+01
<GCONST> 4.627085e+01
<STATE> 4
<MEAN> 6
 6.891818e+02 9.351501e+00 3.335448e+00 3.705055e+00 2.779232e+00 2.056005e+00
<VARIANCE> 6
 2.770100e+04 3.446517e+02 3.246950e+01 2.604202e+01 2.362965e+01 1.040321e+01
<GCONST> 3.934365e+01
<TRANSP> 5
 0.000000e+00 1.000000e+00 0.000000e+00 0.000000e+00 0.000000e+00
 0.000000e+00 6.620440e-01 3.379560e-01 0.000000e+00 0.000000e+00
 0.000000e+00 0.000000e+00 7.518561e-01 2.481439e-01 0.000000e+00
 0.000000e+00 0.000000e+00 0.000000e+00 8.336415e-01 1.663585e-01
 0.000000e+00 0.000000e+00 0.000000e+00 0.000000e+00 0.000000e+00
<ENDHMM>
~h "bg_white_0_3"
<BEGINHMM>
<NUMSTATES> 5
<STATE> 2
<MEAN> 6
 7.197856e+02 2.213996e+01 7.644597e+00 8.306802e+00 7.176320e+00 4.892728e+00
<VARIANCE> 6
 7.869699e+03 8.863357e+02 9.951971e+01 6.097692e+01 6.445187e+01 2.245091e+01
<GCONST> 4.277324e+01
<STATE> 3
<MEAN> 6
 6.783078e+02 4.701815e+01 1.752983e+01 1.597657e+01 1.271100e+01 8.839128e+00
<VARIANCE> 6
 7.985362e+03 1.676696e+03 2.803014e+02 1.069306e+02 8.674424e+01 3.767693e+01
<GCONST> 4.583726e+01
<STATE> 4
<MEAN> 6
 6.908619e+02 7.302958e+00 2.818037e+00 3.044708e+00 2.023184e+00 1.619991e+00
<VARIANCE> 6
 2.604373e+04 2.039677e+02 2.727219e+01 2.118427e+01 1.335483e+01 7.788270e+00
<GCONST> 3.751638e+01
<TRANSP> 5
 0.000000e+00 1.000000e+00 0.000000e+00 0.000000e+00 0.000000e+00
 0.000000e+00 5.698755e-01 4.301245e-01 0.000000e+00 0.000000e+00
 0.000000e+00 0.000000e+00 7.273487e-01 2.726513e-01 0.000000e+00
 0.000000e+00 0.000000e+00 0.000000e+00 8.335387e-01 1.664613e-01
 0.000000e+00 0.000000e+00 0.000000e+00 0.000000e+00 0.000000e+00
<ENDHMM>
~h "bg_white_0_4"
<BEGINHMM>
<NUMSTATES> 5
<STATE> 2
<MEAN> 6
 7.194877e+02 1.214157e+01 4.927007e+00 4.922542e+00 3.789654e+00 2.771539e+00
<VARIANCE> 6
 1.050191e+04 4.941563e+02 6.651828e+01 4.986105e+01 3.684684e+01 1.809386e+01
<GCONST> 4.109849e+01
<STATE> 3
<MEAN> 6
 6.779540e+02 4.311834e+01 1.699728e+01 1.524986e+01 1.182816e+01 8.400790e+00
<VARIANCE> 6
 8.637426e+03 1.525547e+03 3.291811e+02 1.060998e+02 8.263128e+01 4.081717e+01
<GCONST> 4.600571e+01
<STATE> 4
<MEAN> 6
 6.917689e+02 3.959379e+00 1.892384e+00 1.760585e+00 1.245689e+00 1.032221e+00
<VARIANCE> 6
 2.517008e+04 9.042940e+01 1.314738e+01 8.313529e+00 6.226628e+00 4.258207e+00
<GCONST> 3.363704e+01
<TRANSP> 5
 0.000000e+00 1.000000e+00 0.000000e+00 0.000000e+00 0.000000e+00
 0.000000e+00 5.558698e-01 4.441302e-01 0.000000e+00 0.000000e+00
 0.000000e+00 0.000000e+00 7.006145e-01 2.993855e-01 0.000000e+00
 0.000000e+00 0.000000e+00 0.000000e+00 8.650151e-01 1.349849e-01
 0.000000e+00 0.000000e+00 0.000000e+00 0.000000e+00 0.000000e+00
<ENDHMM>
~h "bg_white_0_5"
<BEGINHMM>
<NUMSTATES> 5
<STATE> 2
<MEAN> 6
 7.418026e+02 3.526418e+00 3.548721e+00 1.264763e+00 1.813903e+00 6.913948e-01
<VARIANCE> 6
 4.723302e+03 1.309534e+02 3.134883e+01 9.895423e+00 1.073705e+01 4.171596e+00
<GCONST> 3.390162e+01
<STATE> 3
<MEAN> 6
 5.272861e+02 2.253934e+01 7.684284e+01 6.358827e+00 1.919191e+01 2.191928e+00
<VARIANCE> 6
 3.576739e+04 1.113650e+03 5.838071e+03 6.921257e+01 2.059201e+02 1.275699e+01
<GCONST> 4.931036e+01
<STATE> 4
<MEAN> 6
 3.273756e+02 6.933676e+00 5.715077e+00 2.581431e+00 2.108735e+00 6.918753e-01
<VARIANCE> 6
 2.468103e+04 1.120223e+02 1.954635e+02 9.867157e+00 1.280367e+01 8.883856e-01
<GCONST> 3.585572e+01
<TRANSP> 5
 0.000000e+00 1.000000e+00 0.000000e+00 0.000000e+00 0.000000e+00
 0.000000e+00 8.093602e-01 1.906398e-01 0.000000e+00 0.000000e+00
 0.000000e+00 0.000000e+00 3.339644e-01 6.660356e-01 0.000000e+00
 0.000000e+00 0.000000e+00 0.000000e+00 8.096358e-01 1.903642e-01
 0.000000e+00 0.000000e+00 0.000000e+00 0.000000e+00 0.000000e+00
<ENDHMM>
~h "bg_board"
<BEGINHMM>
<NUMSTATES> 5
<STATE> 2
<MEAN> 6
 1.445100e+02 1.564904e+01 9.115775e+00 4.872912e+00 2.707026e+00 1.074831e+00
<VARIANCE> 6
 3.042634e+03 1.988667e+02 6.852483e+01 1.081506e+01 3.438280e+00 8.195263e-01
<GCONST> 3.198446e+01
<STATE> 3
<MEAN> 6
 2.192993e+02 3.826661e+01 1.324878e+01 9.313378e+00 4.389338e+00 2.392971e+00
<VARIANCE> 6
 4.618181e+03 2.060667e+03 2.227594e+02 3.540074e+01 1.095878e+01 4.177071e+00
<GCONST> 3.989238e+01
<STATE> 4
<MEAN> 6
 3.262169e+02 1.087196e+01 5.535469e+00 3.014005e+00 2.103884e+00 8.565409e-01
<VARIANCE> 6
 4.356357e+03 1.820862e+02 3.527139e+01 7.066143e+00 2.143423e+00 7.194917e-01
<GCONST> 3.056272e+01
<TRANSP> 5
 0.000000e+00 1.000000e+00 0.000000e+00 0.000000e+00 0.000000e+00
 0.000000e+00 9.704840e-01 2.951607e-02 0.000000e+00 0.000000e+00
 0.000000e+00 0.000000e+00 9.514684e-01 4.853161e-02 0.000000e+00
 0.000000e+00 0.000000e+00 0.000000e+00 9.355463e-01 6.445365e-02
 0.000000e+00 0.000000e+00 0.000000e+00 0.000000e+00 0.000000e+00
<ENDHMM>
~h "bg_board_0"
<BEGINHMM>
<NUMSTATES> 5
<STATE> 2
<MEAN> 6
 1.745591e+02 1.063517e+01 6.153188e+00 3.909971e+00 2.154604e+00 8.546104e-01
<VARIANCE> 6
 3.917833e+03 1.201864e+02 2.252346e+01 5.486023e+00 1.770515e+00 4.134604e-01
<GCONST> 2.859444e+01
<STATE> 3
<MEAN> 6
 1.931930e+02 3.281241e+01 1.392672e+01 9.190804e+00 3.811729e+00 1.822502e+00
<VARIANCE> 6
 3.475032e+03 1.537646e+03 1.762928e+02 3.740916e+01 8.295299e+00 2.284940e+00
<GCONST> 3.825472e+01
<STATE> 4
<MEAN> 6
 1.780454e+02 1.180007e+01 6.121964e+00 3.044922e+00 1.820936e+00 6.651932e-01
<VARIANCE> 6
 6.761903e+03 2.143307e+02 3.969449e+01 7.024967e+00 2.254765e+00 4.003820e-01
<GCONST> 3.074223e+01
<TRANSP> 5
 0.000000e+00 1.000000e+00 0.000000e+00 0.000000e+00 0.000000e+00
 0.000000e+00 8.204010e-01 1.795991e-01 0.000000e+00 0.000000e+00
 0.000000e+00 0.000000e+00 5.247353e-01 4.752648e-01 0.000000e+00
 0.000000e+00 0.000000e+00 0.000000e+00 7.689437e-01 2.310562e-01
 0.000000e+00 0.000000e+00 0.000000e+00 0.000000e+00 0.000000e+00
<ENDHMM>
~h "bg_board_1"
<BEGINHMM>
<NUMSTATES> 5
<STATE> 2
<MEAN> 6
 1.461495e+02 1.776061e+01 8.757452e+00 4.629059e+00 2.494604e+00 9.064167e-01
<VARIANCE> 6
 2.894361e+03 2.504849e+02 5.650403e+01 7.986439e+00 2.303539e+00 4.494302e-01
<GCONST> 3.066791e+01
<STATE> 3
<MEAN> 6
 2.208905e+02 4.552674e+01 1.414760e+01 8.714013e+00 4.346198e+00 1.833179e+00
<VARIANCE> 6
 8.425326e+03 1.985571e+03 2.370860e+02 3.374565e+01 2.776250e+01 2.460569e+00
<GCONST> 4.087127e+01
<STATE> 4
<MEAN> 6
 1.942829e+02 1.148053e+01 6.128191e+00 3.290189e+00 1.738693e+00 6.600021e-01
<VARIANCE> 6
 1.070656e+04 2.126323e+02 5.631503e+01 8.216158e+00 1.076844e+00 2.550880e-01
<GCONST> 3.051039e+01
<TRANSP> 5
 0.000000e+00 1.000000e+00 0.000000e+00 0.000000e+00 0.000000e+00
 0.000000e+00 8.359950e-01 1.640050e-01 0.000000e+00 0.000000e+00
 0.000000e+00 0.000000e+00 5.270195e-01 4.729805e-01 0.000000e+00
 0.000000e+00 0.000000e+00 0.000000e+00 7.911608e-01 2.088392e-01
 0.000000e+00 0.000000e+00 0.000000e+00 0.000000e+00 0.000000e+00
<ENDHMM>
~h "bg_board_2"
<BEGINHMM>
<NUMSTATES> 5
<STATE> 2
<MEAN> 6
 1.336017e+02 1.514407e+01 7.828586e+00 4.133325e+00 2.269937e+00 7.950700e-01
<VARIANCE> 6
 3.557780e+03 2.448083e+02 6.227717e+01 7.508286e+00 2.152940e+00 3.385879e-01
<GCONST> 3.053609e+01
<STATE> 3
<MEAN> 6
 2.089438e+02 4.309912e+01 1.861562e+01 1.005078e+01 3.986642e+00 2.202334e+00
<VARIANCE> 6
 4.284475e+03 2.606224e+03 5.703820e+02 4.082127e+01 9.699921e+00 4.230973e+00
<GCONST> 4.102573e+01
<STATE> 4
<MEAN> 6
 2.374735e+02 1.507203e+01 7.137507e+00 4.157232e+00 2.192471e+00 8.540930e-01
<VARIANCE> 6
 1.434625e+04 3.584407e+02 4.060023e+01 1.362307e+01 1.996878e+00 5.915620e-01
<GCONST> 3.296240e+01
<TRANSP> 5
 0.000000e+00 1.000000e+00 0.000000e+00 0.000000e+00 0.000000e+00
 0.000000e+00 8.240783e-01 1.759217e-01 0.000000e+00 0.000000e+00
 0.000000e+00 0.000000e+00 6.312591e-01 3.687409e-01 0.000000e+00
 0.000000e+00 0.000000e+00 0.000000e+00 7.827846e-01 2.172154e-01
 0.000000e+00 0.000000e+00 0.000000e+00 0.000000e+00 0.000000e+00
<ENDHMM>
~h "bg_board_3"
<BEGINHMM>
<NUMSTATES> 5
<STATE> 2
<MEAN> 6
 1.486701e+02 1.658914e+01 7.352088e+00 5.098283e+00 2.566632e+00 9.807186e-01
<VARIANCE> 6
 6.927495e+03 4.103165e+02 3.897293e+01 1.601218e+01 2.704360e+00 6.665464e-01
<GCONST> 3.291288e+01
<STATE> 3
<MEAN> 6
 2.326454e+02 4.953772e+01 1.400413e+01 1.157468e+01 4.735723e+00 1.858205e+00
<VARIANCE> 6
 6.958738e+03 3.440214e+03 2.513950e+02 5.288481e+01 1.121796e+01 2.762262e+00
<GCONST> 4.094701e+01
<STATE> 4
<MEAN> 6
 2.393256e+02 1.713116e+01 8.702663e+00 4.807669e+00 2.693653e+00 1.271880e+00
<VARIANCE> 6
 1.209260e+04 3.254160e+02 6.061640e+01 1.186946e+01 2.730729e+00 1.229964e+00
<GCONST> 3.400281e+01
<TRANSP> 5
 0.000000e+00 1.000000e+00 0.000000e+00 0.000000e+00 0.000000e+00
 0.000000e+00 7.685078e-01 2.314922e-01 0.000000e+00 0.000000e+00
 0.000000e+00 0.000000e+00 5.094784e-01 4.905215e-01 0.000000e+00
 0.000000e+00 0.000000e+00 0.000000e+00 8.227438e-01 1.772562e-01
 0.000000e+00 0.000000e+00 0.000000e+00 0.000000e+00 0.000000e+00
<ENDHMM>
~h "bg_board_4"
<BEGINHMM>
<NUMSTATES> 5
<STATE> 2
<MEAN> 6
 1.843983e+02 1.697803e+01 9.919786e+00 5.689526e+00 3.350493e+00 1.434713e+00
<VARIANCE> 6
 4.958909e+03 3.206787e+02 6.863825e+01 1.223498e+01 3.180639e+00 1.064370e+00
<GCONST> 3.325925e+01
<STATE> 3
<MEAN> 6
 2.319317e+02 4.802639e+01 1.600674e+01 1.207671e+01 5.499459e+00 3.214288e+00
<VARIANCE> 6
 3.855803e+03 2.414723e+03 2.225759e+02 4.334615e+01 1.054669e+01 4.866624e+00
<GCONST> 4.018664e+01
<STATE> 4
<MEAN> 6
 2.506555e+02 1.790131e+01 8.800866e+00 5.413222e+00 3.218385e+00 1.656237e+00
<VARIANCE> 6
 8.326983e+03 3.873525e+02 8.092516e+01 1.420759e+01 3.681161e+00 2.774848e+00
<GCONST> 3.538498e+01
<TRANSP> 5
 0.000000e+00 1.000000e+00 0.000000e+00 0.000000e+00 0.000000e+00
 0.000000e+00 8.265806e-01 1.734194e-01 0.000000e+00 0.000000e+00
 0.000000e+00 0.000000e+00 6.579335e-01 3.420665e-01 0.000000e+00
 0.000000e+00 0.000000e+00 0.000000e+00 7.679935e-01 2.320066e-01
 0.000000e+00 0.000000e+00 0.000000e+00 0.000000e+00 0.000000e+00
<ENDHMM>
~h "bg_board_5"
<BEGINHMM>
<NUMSTATES> 5
<STATE> 2
<MEAN> 6
 2.264993e+02 2.274522e+01 1.168773e+01 6.683270e+00 4.227853e+00 2.495880e+00
<VARIANCE> 6
 3.754615e+03 4.188275e+02 9.545220e+01 1.152109e+01 5.465026e+00 3.382592e+00
<GCONST> 3.521528e+01
<STATE> 3
<MEAN> 6
 2.662465e+02 4.681710e+01 1.794880e+01 1.126951e+01 6.047698e+00 3.622761e+00
<VARIANCE> 6
 3.495278e+03 2.925398e+03 2.366431e+02 4.350508e+01 1.821317e+01 7.754288e+00
<GCONST> 4.135744e+01
<STATE> 4
<MEAN> 6
 3.181800e+02 1.560721e+01 7.597157e+00 4.864805e+00 3.152208e+00 1.534302e+00
<VARIANCE> 6
 5.405152e+03 3.946715e+02 5.109542e+01 1.075738e+01 2.833917e+00 1.473271e+00
<GCONST> 3.333886e+01
<TRANSP> 5
 0.000000e+00 1.000000e+00 0.000000e+00 0.000000e+00 0.000000e+00
 0.000000e+00 7.450237e-01 2.549764e-01 0.000000e+00 0.000000e+00
 0.000000e+00 0.000000e+00 6.150766e-01 3.849234e-01 0.000000e+00
 0.000000e+00 0.000000e+00 0.000000e+00 8.175232e-01 1.824768e-01
 0.000000e+00 0.000000e+00 0.000000e+00 0.000000e+00 0.000000e+00
<ENDHMM>
~h "fp_logo"
<BEGINHMM>
<NUMSTATES> 5
<STATE> 2
<MEAN> 6
 1.232670e+02 9.285006e+00 3.642456e+00 4.269052e+00 2.078264e+00 1.087182e+00
<VARIANCE> 6
 1.055066e+03 1.884508e+02 1.667531e+01 2.488872e+01 3.417027e+00 2.053265e+00
<GCONST> 3.120400e+01
<STATE> 3
<MEAN> 6
 2.847549e+02 5.747442e+01 4.950678e+01 1.636225e+01 1.451721e+01 6.302206e+00
<VARIANCE> 6
 2.705667e+04 4.210846e+03 4.971048e+03 2.273564e+02 2.478927e+02 4.442117e+01
<GCONST> 5.282299e+01
<STATE> 4
<MEAN> 6
 2.321465e+02 3.538538e+00 3.366010e+00 1.619532e+00 1.677703e+00 6.414363e-01
<VARIANCE> 6
 8.267479e+03 9.464599e+00 8.764181e+00 1.749092e+00 1.564445e+00 4.110841e-01
<GCONST> 2.458325e+01
<TRANSP> 5
 0.000000e+00 1.000000e+00 0.000000e+00 0.000000e+00 0.000000e+00
 0.000000e+00 9.533041e-01 4.669591e-02 0.000000e+00 0.000000e+00
 0.000000e+00 0.000000e+00 9.012817e-01 9.871837e-02 0.000000e+00
 0.000000e+00 0.000000e+00 0.000000e+00 9.739956e-01 2.600441e-02
 0.000000e+00 0.000000e+00 0.000000e+00 0.000000e+00 0.000000e+00
<ENDHMM>
~h "fp_logo_0"
<BEGINHMM>
<NUMSTATES> 5
<STATE> 2
<MEAN> 6
 1.111054e+02 9.165673e+00 3.720558e+00 3.495682e+00 1.801638e+00 6.133132e-01
<VARIANCE> 6
 5.600300e+02 2.292500e+02 3.021904e+01 1.709539e+01 2.472681e+00 2.323712e-01
<GCONST> 2.848323e+01
<STATE> 3
<MEAN> 6
 1.376734e+02 3.176509e+01 4.907745e+00 9.075010e+00 2.765736e+00 1.383979e+00
<VARIANCE> 6
 2.100126e+03 2.035265e+03 4.057798e+01 1.189561e+02 6.489054e+00 2.255230e+00
<GCONST> 3.746075e+01
<STATE> 4
<MEAN> 6
 1.106460e+02 3.687782e+00 2.570073e+00 1.424269e+00 1.068103e+00 4.149610e-01
<VARIANCE> 6
 4.174393e+02 2.735953e+01 5.150742e+00 3.203469e+00 8.624533e-01 1.645461e-01
<GCONST> 2.122130e+01
<TRANSP> 5
 0.000000e+00 1.000000e+00 0.000000e+00 0.000000e+00 0.000000e+00
 0.000000e+00 6.500321e-01 3.499679e-01 0.000000e+00 0.000000e+00
 0.000000e+00 0.000000e+00 4.200130e-01 5.799870e-01 0.000000e+00
 0.000000e+00 0.000000e+00 0.000000e+00 8.652003e-01 1.347996e-01
 0.000000e+00 0.000000e+00 0.000000e+00 0.000000e+00 0.000000e+00
<ENDHMM>
~h "fp_logo_1"
<BEGINHMM>
<NUMSTATES> 5
<STATE> 2
<MEAN> 6
 1.187913e+02 4.022254e+00 3.256191e+00 2.005982e+00 1.657084e+00 7.192040e-01
<VARIANCE> 6
 8.310500e+02 2.749607e+01 8.716523e+00 3.896824e+00 1.927893e+00 7.470143e-01
<GCONST> 2.495413e+01
<STATE> 3
<MEAN> 6
 2.250451e+02 3.562955e+01 3.493127e+01 1.172160e+01 1.133068e+01 5.242072e+00
<VARIANCE> 6
 2.318105e+04 2.427017e+03 3.673094e+03 1.772834e+02 1.972868e+02 3.417304e+01
<GCONST> 5.107541e+01
<STATE> 4
<MEAN> 6
 1.566713e+02 2.533211e+01 1.196026e+01 8.733233e+00 4.359288e+00 2.510763e+00
<VARIANCE> 6
 3.516361e+03 1.261295e+03 7.490854e+02 6.829102e+01 3.764962e+01 1.252778e+01
<GCONST> 4.333124e+01
<TRANSP> 5
 0.000000e+00 1.000000e+00 0.000000e+00 0.000000e+00 0.000000e+00
 0.000000e+00 8.844289e-01 1.155712e-01 0.000000e+00 0.000000e+00
 0.000000e+00 0.000000e+00 2.568581e-01 7.431419e-01 0.000000e+00
 0.000000e+00 0.000000e+00 0.000000e+00 6.668538e-01 3.331463e-01
 0.000000e+00 0.000000e+00 0.000000e+00 0.000000e+00 0.000000e+00
<ENDHMM>
~h "fp_logo_2"
<BEGINHMM>
<NUMSTATES> 5
<STATE> 2
<MEAN> 6
 1.703833e+02 3.222740e+01 1.743191e+01 1.016318e+01 5.123735e+00 2.969225e+00
<VARIANCE> 6
 5.623503e+03 2.213376e+03 1.347513e+03 1.072242e+02 6.778219e+01 2.069734e+01
<GCONST> 4.649149e+01
<STATE> 3
<MEAN> 6
 3.366301e+02 6.166489e+01 7.782075e+01 1.687396e+01 2.259131e+01 7.838340e+00
<VARIANCE> 6
 3.666086e+04 4.100455e+03 6.298558e+03 2.438081e+02 2.625501e+02 4.809868e+01
<GCONST> 5.354373e+01
<STATE> 4
<MEAN> 6
 1.486018e+02 7.892364e+00 6.172638e+00 3.953306e+00 2.356467e+00 1.299711e+00
<VARIANCE> 6
 4.081966e+03 4.220293e+02 4.750463e+02 4.650333e+01 1.992546e+01 4.579161e+00
<GCONST> 3.990312e+01
<TRANSP> 5
 0.000000e+00 1.000000e+00 0.000000e+00 0.000000e+00 0.000000e+00
 0.000000e+00 3.679039e-01 6.320962e-01 0.000000e+00 0.000000e+00
 0.000000e+00 0.000000e+00 7.133234e-01 2.866766e-01 0.000000e+00
 0.000000e+00 0.000000e+00 0.000000e+00 8.738920e-01 1.261080e-01
 0.000000e+00 0.000000e+00 0.000000e+00 0.000000e+00 0.000000e+00
<ENDHMM>
~h "fp_logo_3"
<BEGINHMM>
<NUMSTATES> 5
<STATE> 2
<MEAN> 6
 1.855478e+02 2.881306e+01 1.394598e+01 1.040972e+01 4.126831e+00 2.044405e+00
<VARIANCE> 6
 9.493661e+03 1.683867e+03 1.696416e+03 1.282449e+02 6.357023e+01 9.746100e+00
<GCONST> 4.633372e+01
<STATE> 3
<MEAN> 6
 3.063682e+02 6.476295e+01 5.209471e+01 1.736254e+01 1.506016e+01 8.241668e+00
<VARIANCE> 6
 2.942004e+04 6.778151e+03 5.592366e+03 3.367912e+02 2.949304e+02 6.477464e+01
<GCONST> 5.444443e+01
<STATE> 4
<MEAN> 6
 1.768352e+02 4.602121e+00 3.600595e+00 2.215348e+00 1.938964e+00 9.413419e-01
<VARIANCE> 6
 2.402439e+03 4.981693e+01 8.089224e+00 5.032071e+00 2.363166e+00 1.321660e+00
<GCONST> 2.756511e+01
<TRANSP> 5
 0.000000e+00 1.000000e+00 0.000000e+00 0.000000e+00 0.000000e+00
 0.000000e+00 5.179403e-01 4.820597e-01 0.000000e+00 0.000000e+00
 0.000000e+00 0.000000e+00 5.562891e-01 4.437109e-01 0.000000e+00
 0.000000e+00 0.000000e+00 0.000000e+00 8.696533e-01 1.303467e-01
 0.000000e+00 0.000000e+00 0.000000e+00 0.000000e+00 0.000000e+00
<ENDHMM>
~h "fp_logo_4"
<BEGINHMM>
<NUMSTATES> 5
<STATE> 2
<MEAN> 6
 2.027086e+02 8.024299e+00 4.464482e+00 3.101249e+00 1.998712e+00 7.121966e-01
<VARIANCE> 6
 1.107483e+03 1.370181e+02 9.580992e+00 1.255582e+01 1.375389e+00 2.390990e-01
<GCONST> 2.663505e+01
<STATE> 3
<MEAN> 6
 2.429022e+02 2.924953e+01 8.798517e+00 8.587480e+00 3.466302e+00 1.372410e+00
<VARIANCE> 6
 2.130787e+03 1.653927e+03 8.065545e+01 9.418102e+01 3.845285e+00 1.059319e+00
<GCONST> 3.644230e+01
<STATE> 4
<MEAN> 6
 2.776427e+02 4.023776e+00 3.950103e+00 1.967010e+00 2.170319e+00 8.604480e-01
<VARIANCE> 6
 1.636577e+03 1.400894e+01 1.130951e+01 2.370601e+00 1.625114e+00 6.451701e-01
<GCONST> 2.440345e+01
<TRANSP> 5
 0.000000e+00 1.000000e+00 0.000000e+00 0.000000e+00 0.000000e+00
 0.000000e+00 6.734734e-01 3.265266e-01 0.000000e+00 0.000000e+00
 0.000000e+00 0.000000e+00 4.975664e-01 5.024336e-01 0.000000e+00
 0.000000e+00 0.000000e+00 0.000000e+00 8.741687e-01 1.258313e-01
 0.000000e+00 0.000000e+00 0.000000e+00 0.000000e+00 0.000000e+00
<ENDHMM>
~h "fp_logo_5"
<BEGINHMM>
<NUMSTATES> 5
<STATE> 2
<MEAN> 6
 2.954029e+02 6.902241e+00 4.032926e+00 4.958239e+00 2.151225e+00 1.053497e+00
<VARIANCE> 6
 4.461220e+03 7.932428e+01 1.716858e+01 2.388003e+01 1.438882e+00 1.334799e+00
<GCONST> 3.047275e+01
<STATE> 3
<MEAN> 6
 3.007904e+02 5.871302e+00 3.888428e+00 3.006043e+00 2.391194e+00 1.476867e+00
<VARIANCE> 6
 3.211438e+03 6.048574e+01 1.454321e+01 1.316080e+01 2.930310e+00 5.439823e+00
<GCONST> 3.122737e+01
<STATE> 4
<MEAN> 6
 3.348333e+02 2.981559e+00 2.999192e+00 1.380384e+00 1.501247e+00 5.345510e-01
<VARIANCE> 6
 2.663107e+03 1.210828e+01 6.358110e+00 2.727613e+00 1.276946e+00 2.732165e-01
<GCONST> 2.320854e+01
<TRANSP> 5
 0.000000e+00 1.000000e+00 0.000000e+00 0.000000e+00 0.000000e+00
 0.000000e+00 4.400499e-01 5.599501e-01 0.000000e+00 0.000000e+00
 0.000000e+00 0.000000e+00 1.153539e-01 8.846461e-01 0.000000e+00
 0.000000e+00 0.000000e+00 0.000000e+00 8.899131e-01 1.100869e-01
 0.000000e+00 0.000000e+00 0.000000e+00 0.000000e+00 0.000000e+00
<ENDHMM>
~h "fp_screen"
<BEGINHMM>
<NUMSTATES> 5
<STATE> 2
<MEAN> 6
 3.055149e+02 9.141915e+00 7.577355e+00 3.052530e+00 3.007261e+00 1.208701e+00
<VARIANCE> 6
 2.554232e+04 1.259041e+02 2.929185e+02 1.267764e+01 2.507313e+01 3.224552e+00
<GCONST> 3.862320e+01
<STATE> 3
<MEAN> 6
 5.235948e+02 5.743496e+01 3.829984e+01 1.594653e+01 1.377208e+01 6.127461e+00
<VARIANCE> 6
 3.597185e+04 2.998836e+03 2.614437e+03 1.774744e+02 2.521072e+02 4.803838e+01
<GCONST> 5.197322e+01
<STATE> 4
<MEAN> 6
 3.342198e+02 5.783350e+00 5.087271e+00 1.952641e+00 1.970953e+00 8.788727e-01
<VARIANCE> 6
 6.270765e+03 2.751451e+01 4.655955e+01 3.009962e+00 4.267351e+00 1.209252e+00
<GCONST> 2.966928e+01
<TRANSP> 5
 0.000000e+00 1.000000e+00 0.000000e+00 0.000000e+00 0.000000e+00
 0.000000e+00 9.505081e-01 4.949196e-02 0.000000e+00 0.000000e+00
 0.000000e+00 0.000000e+00 9.190853e-01 8.091471e-02 0.000000e+00
 0.000000e+00 0.000000e+00 0.000000e+00 9.732878e-01 2.671227e-02
 0.000000e+00 0.000000e+00 0.000000e+00 0.000000e+00 0.000000e+00
<ENDHMM>
~h "fp_screen_0"
<BEGINHMM>
<NUMSTATES> 5
<STATE> 2
<MEAN> 6
 1.442326e+02 4.917624e+00 1.492021e+01 2.402602e+00 5.573654e+00 1.097006e+00
<VARIANCE> 6
 7.479349e+03 2.366970e+01 5.026473e+02 4.720972e+00 5.618603e+01 1.993899e+00
<GCONST> 3.560202e+01
<STATE> 3
<MEAN> 6
 4.271058e+02 2.743058e+01 4.409509e+01 1.011958e+01 1.494742e+01 6.125006e+00
<VARIANCE> 6
 3.273440e+04 1.160652e+03 1.668041e+03 1.083263e+02 1.673126e+02 4.921083e+01
<GCONST> 4.960072e+01
<STATE> 4
<MEAN> 6
 3.892570e+02 6.443246e+00 2.894578e+00 1.957848e+00 1.309015e+00 7.118449e-01
<VARIANCE> 6
 1.522330e+04 9.769691e+01 4.780374e+01 7.909187e+00 9.836555e+00 2.592414e+00
<GCONST> 3.441354e+01
<TRANSP> 5
 0.000000e+00 1.000000e+00 0.000000e+00 0.000000e+00 0.000000e+00
 0.000000e+00 6.952823e-01 3.047177e-01 0.000000e+00 0.000000e+00
 0.000000e+00 0.000000e+00 5.657927e-01 4.342073e-01 0.000000e+00
 0.000000e+00 0.000000e+00 0.000000e+00 8.441209e-01 1.558791e-01
 0.000000e+00 0.000000e+00 0.000000e+00 0.000000e+00 0.000000e+00
<ENDHMM>
~h "fp_screen_1"
<BEGINHMM>
<NUMSTATES> 5
<STATE> 2
<MEAN> 6
 3.788480e+02 5.972989e+00 2.422223e+00 1.626832e+00 1.152721e+00 6.370003e-01
<VARIANCE> 6
 1.672065e+04 6.585991e+01 3.736681e+01 4.628476e+00 7.861951e+00 2.187339e+00
<GCONST> 3.293692e+01
<STATE> 3
<MEAN> 6
 4.611827e+02 3.912917e+01 2.102199e+01 1.447480e+01 9.761306e+00 5.160892e+00
<VARIANCE> 6
 2.991269e+04 1.733403e+03 9.831161e+02 1.931720e+02 1.420821e+02 4.326006e+01
<GCONST> 4.966909e+01
<STATE> 4
<MEAN> 6
 3.376682e+02 2.335642e+01 8.176035e+00 6.771118e+00 3.273806e+00 2.042968e+00
<VARIANCE> 6
 2.671467e+04 9.059576e+02 4.969821e+02 5.445203e+01 2.414288e+01 9.276278e+00
<GCONST> 4.364655e+01
<TRANSP> 5
 0.000000e+00 1.000000e+00 0.000000e+00 0.000000e+00 0.000000e+00
 0.000000e+00 8.792220e-01 1.207780e-01 0.000000e+00 0.000000e+00
 0.000000e+00 0.000000e+00 5.029677e-01 4.970323e-01 0.000000e+00
 0.000000e+00 0.000000e+00 0.000000e+00 6.307793e-01 3.692208e-01
 0.000000e+00 0.000000e+00 0.000000e+00 0.000000e+00 0.000000e+00
<ENDHMM>
~h "fp_screen_2"
<BEGINHMM>
<NUMSTATES> 5
<STATE> 2
<MEAN> 6
 4.145383e+02 2.860140e+01 1.036376e+01 6.418089e+00 3.948755e+00 2.193129e+00
<VARIANCE> 6
 2.909477e+04 1.428076e+03 5.272359e+02 7.244871e+01 2.980405e+01 9.589060e+00
<GCONST> 4.477546e+01
<STATE> 3
<MEAN> 6
 5.860443e+02 6.627425e+01 4.632418e+01 1.894108e+01 1.778567e+01 7.601365e+00
<VARIANCE> 6
 3.815502e+04 3.973631e+03 2.837379e+03 2.202902e+02 3.310451e+02 5.933157e+01
<GCONST> 5.309509e+01
<STATE> 4
<MEAN> 6
 3.356886e+02 1.282627e+01 6.852949e+00 3.314212e+00 2.604832e+00 1.326839e+00
<VARIANCE> 6
 1.936435e+04 4.290670e+02 4.771873e+02 2.269822e+01 3.677263e+01 4.637422e+00
<GCONST> 4.138918e+01
<TRANSP> 5
 0.000000e+00 1.000000e+00 0.000000e+00 0.000000e+00 0.000000e+00
 0.000000e+00 6.414590e-01 3.585410e-01 0.000000e+00 0.000000e+00
 0.000000e+00 0.000000e+00 7.154975e-01 2.845025e-01 0.000000e+00
 0.000000e+00 0.000000e+00 0.000000e+00 8.506573e-01 1.493427e-01
 0.000000e+00 0.000000e+00 0.000000e+00 0.000000e+00 0.000000e+00
<ENDHMM>
~h "fp_screen_3"
<BEGINHMM>
<NUMSTATES> 5
<STATE> 2
<MEAN> 6
 3.203687e+02 2.920007e+01 1.304957e+01 6.809169e+00 4.568170e+00 2.308836e+00
<VARIANCE> 6
 2.954605e+04 1.096075e+03 9.867541e+02 5.564850e+01 7.368546e+01 8.868032e+00
<GCONST> 4.571619e+01
<STATE> 3
<MEAN> 6
 5.019125e+02 6.151134e+01 4.644561e+01 1.435155e+01 1.457788e+01 5.830153e+00
<VARIANCE> 6
 4.565485e+04 3.904068e+03 4.035130e+03 1.774182e+02 2.900375e+02 4.453426e+01
<GCONST> 5.297347e+01
<STATE> 4
<MEAN> 6
 3.438690e+02 7.102589e+00 3.413922e+00 1.679379e+00 1.301920e+00 5.555076e-01
<VARIANCE> 6
 8.034202e+03 6.141557e+01 9.180849e+00 3.564557e+00 1.041318e+00 2.480042e-01
<GCONST> 2.627073e+01
<TRANSP> 5
 0.000000e+00 1.000000e+00 0.000000e+00 0.000000e+00 0.000000e+00
 0.000000e+00 6.598745e-01 3.401255e-01 0.000000e+00 0.000000e+00
 0.000000e+00 0.000000e+00 5.862080e-01 4.137920e-01 0.000000e+00
 0.000000e+00 0.000000e+00 0.000000e+00 8.494710e-01 1.505290e-01
 0.000000e+00 0.000000e+00 0.000000e+00 0.000000e+00 0.000000e+00
<ENDHMM>
~h "fp_screen_4"
<BEGINHMM>
<NUMSTATES> 5
<STATE> 2
<MEAN> 6
 3.396123e+02 6.124869e+00 4.409544e+00 1.658045e+00 1.550303e+00 5.869482e-01
<VARIANCE> 6
 5.517553e+03 5.350770e+01 1.824849e+01 3.440648e+00 1.157435e+00 2.045266e-01
<GCONST> 2.632167e+01
<STATE> 3
<MEAN> 6
 3.470995e+02 1.652935e+01 2.507919e+01 7.757061e+00 6.104993e+00 2.526305e+00
<VARIANCE> 6
 2.363604e+04 5.046518e+02 1.429600e+03 8.165399e+01 5.907857e+01 8.774791e+00
<GCONST> 4.524005e+01
<STATE> 4
<MEAN> 6
 2.581453e+02 6.396162e+00 6.553088e+00 2.834566e+00 2.592082e+00 1.119202e+00
<VARIANCE> 6
 5.997823e+03 4.365572e+01 4.121844e+01 1.080938e+01 3.522207e+00 1.086745e+00
<GCONST> 3.094432e+01
<TRANSP> 5
 0.000000e+00 1.000000e+00 0.000000e+00 0.000000e+00 0.000000e+00
 0.000000e+00 8.634312e-01 1.365688e-01 0.000000e+00 0.000000e+00
 0.000000e+00 0.000000e+00 5.021693e-01 4.978307e-01 0.000000e+00
 0.000000e+00 0.000000e+00 0.000000e+00 7.274438e-01 2.725562e-01
 0.000000e+00 0.000000e+00 0.000000e+00 0.000000e+00 0.000000e+00
<ENDHMM>
~h "fp_screen_5"
<BEGINHMM>
<NUMSTATES> 5
<STATE> 2
<MEAN> 6
 3.107937e+02 6.359515e+00 7.292953e+00 3.431243e+00 3.228654e+00 1.679756e+00
<VARIANCE> 6
 5.810450e+03 3.984990e+01 4.369176e+01 1.101217e+01 3.973545e+00 2.129904e+00
<GCONST> 3.169169e+01
<STATE> 3
<MEAN> 6
 3.613851e+02 3.282867e+01 2.621993e+01 9.222196e+00 1.110213e+01 4.243403e+00
<VARIANCE> 6
 2.295709e+04 2.840385e+03 1.111080e+03 1.164986e+02 1.259344e+02 2.467658e+01
<GCONST> 4.883292e+01
<STATE> 4
<MEAN> 6
 3.389557e+02 3.551803e+00 5.447057e+00 1.788979e+00 2.112492e+00 8.404887e-01
<VARIANCE> 6
 1.666630e+03 1.232156e+01 3.299673e+01 2.014978e+00 2.674153e+00 9.096918e-01
<GCONST> 2.604317e+01
<TRANSP> 5
 0.000000e+00 1.000000e+00 0.000000e+00 0.000000e+00 0.000000e+00
 0.000000e+00 7.367951e-01 2.632048e-01 0.000000e+00 0.000000e+00
 0.000000e+00 0.000000e+00 3.528967e-01 6.471034e-01 0.000000e+00
 0.000000e+00 0.000000e+00 0.000000e+00 8.497445e-01 1.502555e-01
 0.000000e+00 0.000000e+00 0.000000e+00 0.000000e+00 0.000000e+00
<ENDHMM>
~h "fp_key"
<BEGINHMM>
<NUMSTATES> 5
<STATE> 2
<MEAN> 6
 1.276255e+02 1.079685e+01 3.714694e+00 2.155393e+00 1.251067e+00 4.784172e-01
<VARIANCE> 6
 4.601658e+03 3.831811e+02 2.190253e+01 1.097794e+01 1.525261e+00 2.755646e-01
<GCONST> 3.002566e+01
<STATE> 3
<MEAN> 6
 3.407502e+02 6.186174e+01 2.577280e+01 1.502500e+01 9.330128e+00 3.826408e+00
<VARIANCE> 6
 3.578471e+04 3.614779e+03 2.030804e+03 1.876469e+02 1.961366e+02 2.761593e+01
<GCONST> 5.115328e+01
<STATE> 4
<MEAN> 6
 2.954248e+02 5.199905e+00 5.480637e+00 1.768821e+00 1.922588e+00 8.759205e-01
<VARIANCE> 6
 8.935505e+03 8.239280e+01 1.128726e+02 3.077890e+00 4.387392e+00 1.399782e+00
<GCONST> 3.220210e+01
<TRANSP> 5
 0.000000e+00 1.000000e+00 0.000000e+00 0.000000e+00 0.000000e+00
 0.000000e+00 9.408886e-01 5.911145e-02 0.000000e+00 0.000000e+00
 0.000000e+00 0.000000e+00 9.746470e-01 2.535297e-02 0.000000e+00
 0.000000e+00 0.000000e+00 0.000000e+00 9.266845e-01 7.331552e-02
 0.000000e+00 0.000000e+00 0.000000e+00 0.000000e+00 0.000000e+00
<ENDHMM>
~h "fp_key_0"
<BEGINHMM>
<NUMSTATES> 5
<STATE> 2
<MEAN> 6
 1.563807e+02 1.275420e+01 3.819682e+00 2.576787e+00 1.292949e+00 5.325638e-01
<VARIANCE> 6
 6.936942e+03 7.968898e+02 1.994881e+01 2.689492e+01 1.466115e+00 3.726811e-01
<GCONST> 3.223329e+01
<STATE> 3
<MEAN> 6
 2.573408e+02 5.772437e+01 3.699010e+01 1.458942e+01 1.445104e+01 5.010504e+00
<VARIANCE> 6
 2.225183e+04 3.463677e+03 1.975395e+03 1.375132e+02 2.164905e+02 2.432418e+01
<GCONST> 5.026879e+01
<STATE> 4
<MEAN> 6
 3.441613e+02 7.864964e+01 6.275829e+00 1.452867e+01 2.073982e+00 1.246071e+00
<VARIANCE> 6
 4.556445e+04 4.984634e+03 9.332887e+01 1.644615e+02 4.791512e+00 2.926444e+00
<GCONST> 4.254770e+01
<TRANSP> 5
 0.000000e+00 1.000000e+00 0.000000e+00 0.000000e+00 0.000000e+00
 0.000000e+00 8.177798e-01 1.822202e-01 0.000000e+00 0.000000e+00
 0.000000e+00 0.000000e+00 5.589326e-01 4.410675e-01 0.000000e+00
 0.000000e+00 0.000000e+00 0.000000e+00 7.644236e-01 2.355764e-01
 0.000000e+00 0.000000e+00 0.000000e+00 0.000000e+00 0.000000e+00
<ENDHMM>
~h "fp_key_1"
<BEGINHMM>
<NUMSTATES> 5
<STATE> 2
<MEAN> 6
 1.259080e+02 1.179459e+01 4.246535e+00 2.765313e+00 1.559453e+00 7.334673e-01
<VARIANCE> 6
 7.820644e+03 8.011620e+02 7.000585e+01 2.822262e+01 5.373116e+00 2.061376e+00
<GCONST> 3.667133e+01
<STATE> 3
<MEAN> 6
 2.990832e+02 5.105976e+01 5.493924e+01 1.725337e+01 1.821567e+01 6.826949e+00
<VARIANCE> 6
 3.541638e+04 3.036005e+03 4.754159e+03 2.807771e+02 3.444951e+02 5.659822e+01
<GCONST> 5.350288e+01
<STATE> 4
<MEAN> 6
 3.269414e+02 7.091102e+01 1.641220e+01 1.649010e+01 6.467169e+00 2.672635e+00
<VARIANCE> 6
 2.965908e+04 3.128724e+03 7.180679e+02 1.456280e+02 9.752744e+01 1.338145e+01
<GCONST> 4.810479e+01
<TRANSP> 5
 0.000000e+00 1.000000e+00 0.000000e+00 0.000000e+00 0.000000e+00
 0.000000e+00 8.603846e-01 1.396155e-01 0.000000e+00 0.000000e+00
 0.000000e+00 0.000000e+00 5.356447e-01 4.643554e-01 0.000000e+00
 0.000000e+00 0.000000e+00 0.000000e+00 7.285520e-01 2.714480e-01
 0.000000e+00 0.000000e+00 0.000000e+00 0.000000e+00 0.000000e+00
<ENDHMM>
~h "fp_key_2"
<BEGINHMM>
<NUMSTATES> 5
<STATE> 2
<MEAN> 6
 2.818091e+02 5.716881e+01 1.241788e+01 1.385314e+01 5.785009e+00 2.386513e+00
<VARIANCE> 6
 2.861408e+04 2.644231e+03 5.673372e+02 1.277781e+02 9.998595e+01 1.426667e+01
<GCONST> 4.762326e+01
<STATE> 3
<MEAN> 6
 3.173809e+02 7.568101e+01 5.546427e+01 1.984086e+01 2.153418e+01 6.725311e+00
<VARIANCE> 6
 2.687121e+04 4.563140e+03 4.050525e+03 3.498692e+02 3.990101e+02 5.047319e+01
<GCONST> 5.372643e+01
<STATE> 4
<MEAN> 6
 1.464946e+02 1.368830e+01 5.414525e+00 4.276245e+00 2.405842e+00 1.378848e+00
<VARIANCE> 6
 1.014029e+04 8.438298e+02 1.406534e+02 7.731268e+01 1.380693e+01 7.950462e+00
<GCONST> 4.098204e+01
<TRANSP> 5
 0.000000e+00 1.000000e+00 0.000000e+00 0.000000e+00 0.000000e+00
 0.000000e+00 7.405114e-01 2.594886e-01 0.000000e+00 0.000000e+00
 0.000000e+00 0.000000e+00 6.005965e-01 3.994034e-01 0.000000e+00
 0.000000e+00 0.000000e+00 0.000000e+00 8.494551e-01 1.505450e-01
 0.000000e+00 0.000000e+00 0.000000e+00 0.000000e+00 0.000000e+00
<ENDHMM>
~h "fp_key_3"
<BEGINHMM>
<NUMSTATES> 5
<STATE> 2
<MEAN> 6
 3.572280e+02 6.768434e+01 9.715853e+00 1.642615e+01 4.145459e+00 2.474488e+00
<VARIANCE> 6
 2.990317e+04 3.405219e+03 2.756692e+02 1.918988e+02 2.221201e+01 1.302352e+01
<GCONST> 4.600961e+01
<STATE> 3
<MEAN> 6
 3.705405e+02 7.471281e+01 7.130344e+01 2.250697e+01 2.477957e+01 9.372619e+00
<VARIANCE> 6
 3.044004e+04 4.245840e+03 5.125106e+03 3.137600e+02 4.304534e+02 6.339993e+01
<GCONST> 5.420930e+01
<STATE> 4
<MEAN> 6
 2.019321e+02 1.852707e+01 5.594933e+00 4.515200e+00 2.446270e+00 1.338223e+00
<VARIANCE> 6
 1.396873e+04 9.690620e+02 9.496182e+01 3.386860e+01 7.163467e+00 2.396520e+00
<GCONST> 3.836714e+01
<TRANSP> 5
 0.000000e+00 1.000000e+00 0.000000e+00 0.000000e+00 0.000000e+00
 0.000000e+00 7.321640e-01 2.678360e-01 0.000000e+00 0.000000e+00
 0.000000e+00 0.000000e+00 6.127848e-01 3.872152e-01 0.000000e+00
 0.000000e+00 0.000000e+00 0.000000e+00 8.240623e-01 1.759377e-01
 0.000000e+00 0.000000e+00 0.000000e+00 0.000000e+00 0.000000e+00
<ENDHMM>
~h "fp_key_4"
<BEGINHMM>
<NUMSTATES> 5
<STATE> 2
<MEAN> 6
 2.567941e+02 1.622822e+01 5.543731e+00 4.281058e+00 2.451884e+00 1.334039e+00
<VARIANCE> 6
 1.045414e+04 9.082092e+02 8.619657e+01 3.216451e+01 6.934561e+00 2.216914e+00
<GCONST> 3.775362e+01
<STATE> 3
<MEAN> 6
 4.426100e+02 7.129258e+01 6.054544e+01 1.871625e+01 2.114581e+01 7.607664e+00
<VARIANCE> 6
 2.413508e+04 3.655958e+03 3.817066e+03 2.339387e+02 3.090179e+02 4.122786e+01
<GCONST> 5.247760e+01
<STATE> 4
<MEAN> 6
 4.343477e+02 6.177202e+01 1.617342e+01 1.315710e+01 4.617381e+00 2.469812e+00
<VARIANCE> 6
 2.822059e+04 2.976858e+03 7.017609e+02 1.064880e+02 3.821202e+01 8.247512e+00
<GCONST> 4.624838e+01
<TRANSP> 5
 0.000000e+00 1.000000e+00 0.000000e+00 0.000000e+00 0.000000e+00
 0.000000e+00 8.390278e-01 1.609723e-01 0.000000e+00 0.000000e+00
 0.000000e+00 0.000000e+00 5.702184e-01 4.297816e-01 0.000000e+00
 0.000000e+00 0.000000e+00 0.000000e+00 7.758343e-01 2.241657e-01
 0.000000e+00 0.000000e+00 0.000000e+00 0.000000e+00 0.000000e+00
<ENDHMM>
~h "fp_key_5"
<BEGINHMM>
<NUMSTATES> 5
<STATE> 2
<MEAN> 6
 4.309771e+02 6.810618e+01 1.483583e+01 1.389525e+01 4.393520e+00 2.352799e+00
<VARIANCE> 6
 3.708950e+04 3.447212e+03 6.616099e+02 1.226758e+02 4.123550e+01 8.524981e+00
<GCONST> 4.686019e+01
<STATE> 3
<MEAN> 6
 4.693021e+02 5.493075e+01 4.700637e+01 1.661988e+01 1.560138e+01 6.793860e+00
<VARIANCE> 6
 3.789124e+04 3.781769e+03 3.189480e+03 2.861712e+02 2.940973e+02 5.423228e+01
<GCONST> 5.320907e+01
<STATE> 4
<MEAN> 6
 3.428177e+02 4.568614e+00 6.319234e+00 1.358085e+00 1.676452e+00 6.199953e-01
<VARIANCE> 6
 6.901748e+03 9.008272e+01 1.968085e+02 2.665315e+00 6.455620e+00 1.007779e+00
<GCONST> 3.250277e+01
<TRANSP> 5
 0.000000e+00 1.000000e+00 0.000000e+00 0.000000e+00 0.000000e+00
 0.000000e+00 6.832948e-01 3.167052e-01 0.000000e+00 0.000000e+00
 0.000000e+00 0.000000e+00 3.334379e-01 6.665622e-01 0.000000e+00
 0.000000e+00 0.000000e+00 0.000000e+00 8.638021e-01 1.361980e-01
 0.000000e+00 0.000000e+00 0.000000e+00 0.000000e+00 0.000000e+00
<ENDHMM>
