~o
<STREAMINFO> 1 6
<VECSIZE> 6<NULLD><MFCC><DIAGC>
~h "bg_red_0_2"
<BEGINHMM>
<NUMSTATES> 5
<STATE> 2
<MEAN> 6
 3.635356e+02 1.403148e+01 7.710667e+00 4.300004e+00 2.599512e+00 1.321432e+00
<VARIANCE> 6
 7.175494e+04 3.670843e+02 1.745226e+02 2.231421e+01 9.228568e+00 2.575684e+00
<GCONST> 3.954956e+01
<STATE> 3
<MEAN> 6
 6.156495e+02 5.437862e+01 2.339734e+01 1.634321e+01 1.463097e+01 9.409734e+00
<VARIANCE> 6
 4.030888e+04 3.418030e+03 1.391109e+03 1.862148e+02 2.383593e+02 1.102184e+02
<GCONST> 5.240941e+01
<STATE> 4
<MEAN> 6
 4.212917e+02 4.310130e+00 5.456541e+00 1.685622e+00 1.832695e+00 8.472403e-01
<VARIANCE> 6
 6.070743e+04 5.079391e+01 1.996120e+02 5.106579e+00 1.008199e+01 2.656157e+00
<GCONST> 3.618340e+01
<TRANSP> 5
 0.000000e+00 1.000000e+00 0.000000e+00 0.000000e+00 0.000000e+00
 0.000000e+00 9.543754e-01 4.562460e-02 0.000000e+00 0.000000e+00
 0.000000e+00 0.000000e+00 9.593859e-01 4.061408e-02 0.000000e+00
 0.000000e+00 0.000000e+00 0.000000e+00 9.573743e-01 4.262575e-02
 0.000000e+00 0.000000e+00 0.000000e+00 0.000000e+00 0.000000e+00
<ENDHMM>
