~o
<STREAMINFO> 1 6
<VECSIZE> 6<NULLD><MFCC><DIAGC>
~h "bg_board_5"
<BEGINHMM>
<NUMSTATES> 5
<STATE> 2
<MEAN> 6
 3.584287e+02 1.235205e+01 5.796226e+00 3.473448e+00 2.085025e+00 1.130738e+00
<VARIANCE> 6
 8.001595e+04 3.248315e+02 8.526176e+01 1.466657e+01 5.270391e+00 2.299145e+00
<GCONST> 3.772649e+01
<STATE> 3
<MEAN> 6
 5.896270e+02 5.506858e+01 2.397152e+01 1.818333e+01 1.768602e+01 1.202448e+01
<VARIANCE> 6
 4.235086e+04 3.345280e+03 1.270424e+03 2.115097e+02 3.065771e+02 1.598731e+02
<GCONST> 5.309754e+01
<STATE> 4
<MEAN> 6
 3.866351e+02 4.738800e+00 4.648891e+00 2.057133e+00 1.985773e+00 1.259083e+00
<VARIANCE> 6
 6.515055e+04 6.060555e+01 6.352497e+01 8.388423e+00 7.637554e+00 5.207523e+00
<GCONST> 3.617757e+01
<TRANSP> 5
 0.000000e+00 1.000000e+00 0.000000e+00 0.000000e+00 0.000000e+00
 0.000000e+00 9.532623e-01 4.673770e-02 0.000000e+00 0.000000e+00
 0.000000e+00 0.000000e+00 9.609619e-01 3.903810e-02 0.000000e+00
 0.000000e+00 0.000000e+00 0.000000e+00 9.564990e-01 4.350096e-02
 0.000000e+00 0.000000e+00 0.000000e+00 0.000000e+00 0.000000e+00
<ENDHMM>
