~o
<STREAMINFO> 1 6
<VECSIZE> 6<NULLD><MFCC><DIAGC>
~h "fp_logo_0"
<BEGINHMM>
<NUMSTATES> 5
<STATE> 2
<MEAN> 6
 1.946978e+02 3.559298e+00 2.007866e+00 1.094988e+00 7.270263e-01 3.948035e-01
<VARIANCE> 6
 7.676660e+02 9.601645e+00 2.687747e+00 4.903793e-01 1.874131e-01 6.372359e-02
<GCONST> 1.578104e+01
<STATE> 3
<MEAN> 6
 4.432725e+02 8.431286e+01 1.498393e+01 2.023244e+01 4.085425e+00 1.347893e+00
<VARIANCE> 6
 6.934938e+04 7.762189e+03 8.428138e+02 4.242749e+02 1.962467e+01 1.756360e+00
<GCONST> 4.745835e+01
<STATE> 4
<MEAN> 6
 2.613889e+02 2.258518e+01 2.731823e+00 4.555179e+00 1.148853e+00 5.128645e-01
<VARIANCE> 6
 1.434687e+04 2.332599e+03 8.822044e+00 8.794798e+01 9.715814e-01 1.074528e-01
<GCONST> 3.274775e+01
<TRANSP> 5
 0.000000e+00 1.000000e+00 0.000000e+00 0.000000e+00 0.000000e+00
 0.000000e+00 8.672953e-01 1.327047e-01 0.000000e+00 0.000000e+00
 0.000000e+00 0.000000e+00 4.726202e-01 5.273797e-01 0.000000e+00
 0.000000e+00 0.000000e+00 0.000000e+00 4.031528e-03 9.959685e-01
 0.000000e+00 0.000000e+00 0.000000e+00 0.000000e+00 0.000000e+00
<ENDHMM>
~h "fp_logo_1"
<BEGINHMM>
<NUMSTATES> 5
<STATE> 2
<MEAN> 6
 2.684416e+02 1.909611e+01 2.137714e+00 3.990512e+00 1.028930e+00 4.681224e-01
<VARIANCE> 6
 1.289193e+04 2.275590e+03 3.423338e+00 7.274520e+01 5.475928e-01 7.619542e-02
<GCONST> 3.056252e+01
<STATE> 3
<MEAN> 6
 4.956176e+02 1.571657e+02 4.023816e+00 2.224032e+01 1.230461e+00 7.413562e-01
<VARIANCE> 6
 3.196894e+04 1.020866e+04 2.456660e+01 2.034793e+02 1.340583e+00 4.815964e-01
<GCONST> 3.871019e+01
<STATE> 4
<MEAN> 6
 3.161165e+02 4.401950e+01 4.037915e+01 1.343112e+01 1.048068e+01 6.703816e+00
<VARIANCE> 6
 1.287226e+04 4.070983e+03 2.344727e+03 2.065115e+02 1.648375e+02 7.229002e+01
<GCONST> 5.127766e+01
<TRANSP> 5
 0.000000e+00 1.000000e+00 0.000000e+00 0.000000e+00 0.000000e+00
 0.000000e+00 1.348712e-01 8.651288e-01 0.000000e+00 0.000000e+00
 0.000000e+00 0.000000e+00 6.673107e-01 3.326893e-01 0.000000e+00
 0.000000e+00 0.000000e+00 0.000000e+00 2.429706e-01 7.570294e-01
 0.000000e+00 0.000000e+00 0.000000e+00 0.000000e+00 0.000000e+00
<ENDHMM>
~h "fp_logo_2"
<BEGINHMM>
<NUMSTATES> 5
<STATE> 2
<MEAN> 6
 2.975889e+02 3.954134e+01 2.448593e+01 9.090151e+00 8.862853e+00 2.987146e+00
<VARIANCE> 6
 1.068530e+04 4.541536e+03 1.111783e+03 1.450205e+02 1.828208e+02 2.311722e+01
<GCONST> 4.906459e+01
<STATE> 3
<MEAN> 6
 3.428932e+02 4.823668e+01 5.458288e+01 1.900934e+01 1.868242e+01 9.049884e+00
<VARIANCE> 6
 9.238605e+03 2.340586e+03 3.270746e+03 3.231778e+02 2.807006e+02 6.392574e+01
<GCONST> 5.158255e+01
<STATE> 4
<MEAN> 6
 2.401686e+02 5.689804e+00 2.720909e+00 2.439657e+00 1.313724e+00 1.678183e+00
<VARIANCE> 6
 2.077738e+03 3.631181e+01 8.230505e+00 3.575976e+00 7.513742e-01 3.242560e+00
<GCONST> 2.653104e+01
<TRANSP> 5
 0.000000e+00 1.000000e+00 0.000000e+00 0.000000e+00 0.000000e+00
 0.000000e+00 2.748577e-06 9.999973e-01 0.000000e+00 0.000000e+00
 0.000000e+00 0.000000e+00 7.226951e-01 2.773048e-01 0.000000e+00
 0.000000e+00 0.000000e+00 0.000000e+00 2.452995e-01 7.547005e-01
 0.000000e+00 0.000000e+00 0.000000e+00 0.000000e+00 0.000000e+00
<ENDHMM>
~h "fp_logo_3"
<BEGINHMM>
<NUMSTATES> 5
<STATE> 2
<MEAN> 6
 2.450363e+02 7.731266e+00 2.116479e+00 1.923672e+00 1.342196e+00 8.125588e-01
<VARIANCE> 6
 2.295637e+03 7.270187e+01 1.649564e+00 2.814598e+00 2.826025e+00 1.664021e+00
<GCONST> 2.613584e+01
<STATE> 3
<MEAN> 6
 2.486582e+02 9.940056e+00 4.889112e+00 2.277807e+00 1.038625e+00 6.550190e-01
<VARIANCE> 6
 2.574534e+03 1.423999e+02 4.350735e+01 6.852188e+00 9.078808e-01 4.392754e-01
<GCONST> 2.861756e+01
<STATE> 4
<MEAN> 6
 2.892363e+02 1.486803e+01 2.460658e+00 1.731552e+00 7.121555e-01 3.400749e-01
<VARIANCE> 6
 1.795242e+03 6.808040e+01 5.029600e+00 1.692700e+00 1.354028e-01 2.615659e-02
<GCONST> 1.923936e+01
<TRANSP> 5
 0.000000e+00 1.000000e+00 0.000000e+00 0.000000e+00 0.000000e+00
 0.000000e+00 3.125372e-03 9.968746e-01 0.000000e+00 0.000000e+00
 0.000000e+00 0.000000e+00 5.364662e-02 9.463533e-01 0.000000e+00
 0.000000e+00 0.000000e+00 0.000000e+00 7.752936e-01 2.247064e-01
 0.000000e+00 0.000000e+00 0.000000e+00 0.000000e+00 0.000000e+00
<ENDHMM>
~h "fp_logo_4"
<BEGINHMM>
<NUMSTATES> 5
<STATE> 2
<MEAN> 6
 2.649112e+02 8.910163e+00 3.105766e+00 2.936119e+00 1.555058e+00 7.371224e-01
<VARIANCE> 6
 2.809893e+03 5.486310e+01 6.160949e+00 7.443038e+00 1.529073e+00 4.716663e-01
<GCONST> 2.647169e+01
<STATE> 3
<MEAN> 6
 2.558820e+02 6.473148e+00 2.776525e+00 1.299319e+00 8.764553e-01 4.488743e-01
<VARIANCE> 6
 2.826925e+03 4.689380e+01 3.742992e+00 1.034752e+00 3.113943e-01 1.447032e-01
<GCONST> 2.107637e+01
<STATE> 4
<MEAN> 6
 2.378300e+02 3.518188e+00 2.195076e+00 7.231529e-01 5.954561e-01 3.403296e-01
<VARIANCE> 6
 1.152567e+03 9.166519e+00 2.739094e+00 1.925979e-01 1.102516e-01 1.959084e-02
<GCONST> 1.351536e+01
<TRANSP> 5
 0.000000e+00 1.000000e+00 0.000000e+00 0.000000e+00 0.000000e+00
 0.000000e+00 3.690405e-01 6.309595e-01 0.000000e+00 0.000000e+00
 0.000000e+00 0.000000e+00 1.525054e-03 9.984750e-01 0.000000e+00
 0.000000e+00 0.000000e+00 0.000000e+00 9.330826e-01 6.691740e-02
 0.000000e+00 0.000000e+00 0.000000e+00 0.000000e+00 0.000000e+00
<ENDHMM>
~h "fp_logo_5"
<BEGINHMM>
<NUMSTATES> 5
<STATE> 2
<MEAN> 6
 3.355621e+02 3.310957e+00 2.579745e+00 8.114493e-01 7.963864e-01 3.421289e-01
<VARIANCE> 6
 9.387896e+02 7.254443e+00 3.837576e+00 2.228283e-01 3.255321e-01 2.242205e-02
<GCONST> 1.477695e+01
<STATE> 3
<MEAN> 6
 3.272891e+02 6.836530e+00 2.080789e+01 1.643455e+00 7.562803e+00 4.831971e-01
<VARIANCE> 6
 2.393064e+03 6.303014e+01 1.352878e+02 4.410341e+00 1.424482e+01 5.791752e-02
<GCONST> 2.915022e+01
<STATE> 4
<MEAN> 6
 3.355910e+02 3.902455e+00 1.498751e+01 8.337868e-01 5.139696e+00 5.120695e-01
<VARIANCE> 6
 3.564604e+03 1.087154e+01 1.443491e+02 5.657166e-01 2.112312e+01 5.449319e-02
<GCONST> 2.613548e+01
<TRANSP> 5
 0.000000e+00 1.000000e+00 0.000000e+00 0.000000e+00 0.000000e+00
 0.000000e+00 8.932873e-01 1.067127e-01 0.000000e+00 0.000000e+00
 0.000000e+00 0.000000e+00 2.677315e-01 7.322685e-01 0.000000e+00
 0.000000e+00 0.000000e+00 0.000000e+00 7.203697e-01 2.796303e-01
 0.000000e+00 0.000000e+00 0.000000e+00 0.000000e+00 0.000000e+00
<ENDHMM>
~h "bg_white_0"
<BEGINHMM>
<NUMSTATES> 5
<STATE> 2
<MEAN> 6
 5.582274e+02 5.297638e+00 1.463314e+01 1.859535e+00 3.921492e+00 5.806917e-01
<VARIANCE> 6
 4.108982e+04 1.125766e+02 1.775027e+03 1.105153e+01 7.633889e+01 5.666574e-01
<GCONST> 4.002573e+01
<STATE> 3
<MEAN> 6
 5.931345e+02 2.770680e+01 2.832438e+01 8.103655e+00 1.004259e+01 1.412182e+00
<VARIANCE> 6
 3.861170e+04 3.590023e+03 1.920250e+03 1.521901e+02 1.509953e+02 7.015839e+00
<GCONST> 4.932525e+01
<STATE> 4
<MEAN> 6
 7.853242e+02 1.406890e+00 2.889196e+00 5.055533e-01 8.322219e-01 2.208363e-01
<VARIANCE> 6
 9.243707e+02 3.285244e+00 2.470238e+02 5.659594e-01 8.809462e+00 6.535521e-02
<GCONST> 2.343398e+01
<TRANSP> 5
 0.000000e+00 1.000000e+00 0.000000e+00 0.000000e+00 0.000000e+00
 0.000000e+00 4.230349e-01 5.769650e-01 0.000000e+00 0.000000e+00
 0.000000e+00 0.000000e+00 2.305315e-01 7.694685e-01 0.000000e+00
 0.000000e+00 0.000000e+00 0.000000e+00 9.150398e-01 8.496020e-02
 0.000000e+00 0.000000e+00 0.000000e+00 0.000000e+00 0.000000e+00
<ENDHMM>
~h "fp_screen_0"
<BEGINHMM>
<NUMSTATES> 5
<STATE> 2
<MEAN> 6
 2.323216e+02 2.865831e+00 1.128424e+01 8.696343e-01 3.054303e+00 4.195595e-01
<VARIANCE> 6
 1.921759e+03 5.054332e+00 1.718915e+02 2.756557e-01 1.303566e+01 5.062796e-02
<GCONST> 2.365120e+01
<STATE> 3
<MEAN> 6
 4.208387e+02 1.394323e+01 4.898893e+01 5.058836e+00 1.028815e+01 1.311116e+00
<VARIANCE> 6
 1.630765e+04 3.626336e+02 1.434860e+03 6.101752e+01 3.406952e+01 2.216524e+00
<GCONST> 4.232437e+01
<STATE> 4
<MEAN> 6
 4.878118e+02 3.606098e+01 3.520875e+00 1.552270e+01 1.152546e+00 5.414689e-01
<VARIANCE> 6
 1.249294e+04 1.418626e+03 8.611776e+00 2.515834e+02 7.477438e-01 2.294263e-01
<GCONST> 3.363567e+01
<TRANSP> 5
 0.000000e+00 1.000000e+00 0.000000e+00 0.000000e+00 0.000000e+00
 0.000000e+00 8.003995e-01 1.996005e-01 0.000000e+00 0.000000e+00
 0.000000e+00 0.000000e+00 2.453941e-01 7.546058e-01 0.000000e+00
 0.000000e+00 0.000000e+00 0.000000e+00 5.801744e-01 4.198257e-01
 0.000000e+00 0.000000e+00 0.000000e+00 0.000000e+00 0.000000e+00
<ENDHMM>
~h "fp_screen_1"
<BEGINHMM>
<NUMSTATES> 5
<STATE> 2
<MEAN> 6
 5.074964e+02 1.959258e+01 2.614827e+00 5.831253e+00 1.097467e+00 5.548964e-01
<VARIANCE> 6
 1.294972e+04 3.774039e+02 5.433506e+00 3.845960e+01 9.829372e-01 3.330019e-01
<GCONST> 3.065478e+01
<STATE> 3
<MEAN> 6
 6.544198e+02 5.481149e+01 2.168711e+01 1.678385e+01 6.479946e+00 4.656865e+00
<VARIANCE> 6
 1.703803e+04 2.096493e+03 9.478288e+02 2.181589e+02 4.691529e+01 2.732299e+01
<GCONST> 4.781395e+01
<STATE> 4
<MEAN> 6
 5.845853e+02 5.821266e+00 2.223594e+00 1.572934e+00 6.541713e-01 3.294976e-01
<VARIANCE> 6
 2.309356e+03 7.671223e+01 2.674038e+00 7.243432e+00 1.544323e-01 2.196695e-02
<GCONST> 2.038951e+01
<TRANSP> 5
 0.000000e+00 1.000000e+00 0.000000e+00 0.000000e+00 0.000000e+00
 0.000000e+00 7.764851e-01 2.235149e-01 0.000000e+00 0.000000e+00
 0.000000e+00 0.000000e+00 6.825113e-01 3.174887e-01 0.000000e+00
 0.000000e+00 0.000000e+00 0.000000e+00 8.885443e-01 1.114557e-01
 0.000000e+00 0.000000e+00 0.000000e+00 0.000000e+00 0.000000e+00
<ENDHMM>
~h "fp_screen_2"
<BEGINHMM>
<NUMSTATES> 5
<STATE> 2
<MEAN> 6
 5.016970e+02 6.813492e+00 3.384719e+01 2.232585e+00 5.022327e+00 3.857623e-01
<VARIANCE> 6
 3.430551e+03 1.483872e+02 1.041736e+03 1.592190e+01 1.552386e+01 3.223759e-02
<GCONST> 3.319166e+01
<STATE> 3
<MEAN> 6
 6.358616e+02 2.887963e+01 4.046081e+01 1.250390e+01 1.291089e+01 5.360852e+00
<VARIANCE> 6
 2.808902e+04 7.108359e+02 1.651614e+03 8.314374e+01 1.307867e+02 2.387935e+01
<GCONST> 4.771350e+01
<STATE> 4
<MEAN> 6
 5.672443e+02 2.576720e+01 1.210375e+01 8.745622e+00 4.149796e+00 2.556059e+00
<VARIANCE> 6
 1.287675e+04 5.786068e+02 3.419992e+02 6.019992e+01 2.613963e+01 5.583596e+00
<GCONST> 4.176683e+01
<TRANSP> 5
 0.000000e+00 1.000000e+00 0.000000e+00 0.000000e+00 0.000000e+00
 0.000000e+00 5.330175e-01 4.669825e-01 0.000000e+00 0.000000e+00
 0.000000e+00 0.000000e+00 4.050964e-01 5.949036e-01 0.000000e+00
 0.000000e+00 0.000000e+00 0.000000e+00 3.709207e-01 6.290793e-01
 0.000000e+00 0.000000e+00 0.000000e+00 0.000000e+00 0.000000e+00
<ENDHMM>
~h "fp_screen_3"
<BEGINHMM>
<NUMSTATES> 5
<STATE> 2
<MEAN> 6
 5.672554e+02 5.062508e+01 6.494750e+00 1.202032e+01 3.141422e+00 1.826575e+00
<VARIANCE> 6
 1.275428e+04 1.244876e+03 7.423892e+01 6.406686e+01 1.772541e+01 6.116231e+00
<GCONST> 4.076084e+01
<STATE> 3
<MEAN> 6
 6.255915e+02 7.758556e+01 2.528518e+01 1.690829e+01 1.162902e+01 6.244189e+00
<VARIANCE> 6
 1.604012e+04 3.807405e+03 1.274084e+03 1.220314e+02 1.086187e+02 2.703443e+01
<GCONST> 4.889403e+01
<STATE> 4
<MEAN> 6
 4.543491e+02 8.778182e+00 3.526355e+00 2.088780e+00 1.227839e+00 6.944360e-01
<VARIANCE> 6
 5.695830e+03 1.213517e+02 9.940340e+00 3.210319e+00 9.359162e-01 8.042263e-01
<GCONST> 2.765231e+01
<TRANSP> 5
 0.000000e+00 1.000000e+00 0.000000e+00 0.000000e+00 0.000000e+00
 0.000000e+00 4.387786e-01 5.612214e-01 0.000000e+00 0.000000e+00
 0.000000e+00 0.000000e+00 5.816888e-01 4.183112e-01 0.000000e+00
 0.000000e+00 0.000000e+00 0.000000e+00 7.800046e-01 2.199954e-01
 0.000000e+00 0.000000e+00 0.000000e+00 0.000000e+00 0.000000e+00
<ENDHMM>
~h "fp_screen_4"
<BEGINHMM>
<NUMSTATES> 5
<STATE> 2
<MEAN> 6
 4.441849e+02 1.478662e+01 6.848495e+00 2.803284e+00 1.372448e+00 9.856761e-01
<VARIANCE> 6
 6.342362e+03 3.590755e+02 1.087773e+02 8.326904e+00 1.764894e+00 1.407846e+00
<GCONST> 3.338475e+01
<STATE> 3
<MEAN> 6
 5.158845e+02 3.410590e+01 2.773650e+01 6.292324e+00 6.474452e+00 2.918918e+00
<VARIANCE> 6
 2.910262e+04 3.188006e+03 1.600756e+03 5.343896e+01 7.200792e+01 1.133015e+01
<GCONST> 4.743401e+01
<STATE> 4
<MEAN> 6
 3.977751e+02 2.431164e+00 5.419895e+00 8.290151e-01 1.167289e+00 3.823282e-01
<VARIANCE> 6
 4.651325e+03 3.947837e+00 4.254549e+01 3.294860e-01 8.968194e-01 4.381330e-02
<GCONST> 2.024897e+01
<TRANSP> 5
 0.000000e+00 1.000000e+00 0.000000e+00 0.000000e+00 0.000000e+00
 0.000000e+00 1.403101e-01 8.596899e-01 0.000000e+00 0.000000e+00
 0.000000e+00 0.000000e+00 2.795151e-01 7.204849e-01 0.000000e+00
 0.000000e+00 0.000000e+00 0.000000e+00 9.055754e-01 9.442463e-02
 0.000000e+00 0.000000e+00 0.000000e+00 0.000000e+00 0.000000e+00
<ENDHMM>
~h "fp_screen_5"
<BEGINHMM>
<NUMSTATES> 5
<STATE> 2
<MEAN> 6
 4.116872e+02 1.409771e+00 2.497498e+00 4.623662e-01 5.383787e-01 3.827340e-01
<VARIANCE> 6
 3.952209e+02 1.147392e+00 2.318859e+00 5.542813e-02 5.975901e-02 2.964108e-02
<GCONST> 8.756578e+00
<STATE> 3
<MEAN> 6
 4.866392e+02 1.226248e+00 4.538618e+00 3.258429e-01 5.582287e-01 3.193315e-01
<VARIANCE> 6
 1.254385e+03 9.788912e-01 3.315311e+00 1.920364e-02 5.801735e-02 2.654356e-02
<GCONST> 8.910241e+00
<STATE> 4
<MEAN> 6
 5.226328e+02 2.182581e+00 1.117856e+01 4.606652e-01 2.324676e+00 4.105573e-01
<VARIANCE> 6
 4.148777e+03 2.072008e+00 7.718478e+01 4.600593e-02 5.553998e+00 2.518372e-02
<GCONST> 1.938653e+01
<TRANSP> 5
 0.000000e+00 1.000000e+00 0.000000e+00 0.000000e+00 0.000000e+00
 0.000000e+00 8.261036e-01 1.738964e-01 0.000000e+00 0.000000e+00
 0.000000e+00 0.000000e+00 8.014955e-01 1.985045e-01 0.000000e+00
 0.000000e+00 0.000000e+00 0.000000e+00 6.765413e-01 3.234587e-01
 0.000000e+00 0.000000e+00 0.000000e+00 0.000000e+00 0.000000e+00
<ENDHMM>
~h "bg_white_0_0"
<BEGINHMM>
<NUMSTATES> 5
<STATE> 2
<MEAN> 6
 6.646962e+02 4.808729e+00 1.913245e+00 1.894213e+00 1.061716e+00 4.601087e-01
<VARIANCE> 6
 5.118148e+04 4.616330e+01 7.626080e+00 7.433100e+00 3.026769e+00 2.295095e-01
<GCONST> 2.937578e+01
<STATE> 3
<MEAN> 6
 7.407777e+02 1.772403e+01 7.140350e+00 6.864561e+00 5.085293e+00 3.092131e+00
<VARIANCE> 6
 1.592412e+04 8.026984e+02 1.592430e+02 9.041023e+01 5.837315e+01 2.203855e+01
<GCONST> 4.412527e+01
<STATE> 4
<MEAN> 6
 7.792856e+02 6.606171e+00 2.121674e+00 4.158224e+00 1.827263e+00 1.754033e+00
<VARIANCE> 6
 7.323494e+02 9.904042e+01 7.396985e+00 2.391776e+01 3.659909e+00 3.756091e+00
<GCONST> 3.001556e+01
<TRANSP> 5
 0.000000e+00 1.000000e+00 0.000000e+00 0.000000e+00 0.000000e+00
 0.000000e+00 2.739140e-01 7.260860e-01 0.000000e+00 0.000000e+00
 0.000000e+00 0.000000e+00 1.133737e-01 8.866262e-01 0.000000e+00
 0.000000e+00 0.000000e+00 0.000000e+00 7.571363e-01 2.428637e-01
 0.000000e+00 0.000000e+00 0.000000e+00 0.000000e+00 0.000000e+00
<ENDHMM>
~h "bg_white_0_1"
<BEGINHMM>
<NUMSTATES> 5
<STATE> 2
<MEAN> 6
 7.670876e+02 1.680435e+01 7.862319e+00 8.075737e+00 5.062490e+00 4.380839e+00
<VARIANCE> 6
 2.366940e+03 4.602268e+02 1.153209e+02 6.074827e+01 2.855926e+01 2.187792e+01
<GCONST> 4.022025e+01
<STATE> 3
<MEAN> 6
 7.055992e+02 5.649004e+01 1.887752e+01 1.788574e+01 1.553985e+01 1.091012e+01
<VARIANCE> 6
 2.808919e+03 1.338933e+03 3.342575e+02 7.611214e+01 9.028559e+01 3.565746e+01
<GCONST> 4.438850e+01
<STATE> 4
<MEAN> 6
 7.790873e+02 9.172503e+00 3.561372e+00 4.493644e+00 3.358143e+00 2.683403e+00
<VARIANCE> 6
 1.083724e+03 2.302346e+02 1.905655e+01 2.313340e+01 1.612957e+01 6.867985e+00
<GCONST> 3.425073e+01
<TRANSP> 5
 0.000000e+00 1.000000e+00 0.000000e+00 0.000000e+00 0.000000e+00
 0.000000e+00 1.693378e-01 8.306622e-01 0.000000e+00 0.000000e+00
 0.000000e+00 0.000000e+00 8.000966e-01 1.999033e-01 0.000000e+00
 0.000000e+00 0.000000e+00 0.000000e+00 6.015269e-01 3.984731e-01
 0.000000e+00 0.000000e+00 0.000000e+00 0.000000e+00 0.000000e+00
<ENDHMM>
~h "bg_white_0_2"
<BEGINHMM>
<NUMSTATES> 5
<STATE> 2
<MEAN> 6
 7.747830e+02 1.098385e+01 4.566469e+00 5.742708e+00 4.351876e+00 3.656501e+00
<VARIANCE> 6
 1.145347e+03 2.923037e+02 3.514083e+01 3.127031e+01 2.044480e+01 1.222806e+01
<GCONST> 3.627201e+01
<STATE> 3
<MEAN> 6
 6.998166e+02 5.656656e+01 2.081607e+01 1.861165e+01 1.580171e+01 1.126620e+01
<VARIANCE> 6
 2.511653e+03 1.321148e+03 4.136678e+02 9.463223e+01 9.537246e+01 3.722823e+01
<GCONST> 4.479214e+01
<STATE> 4
<MEAN> 6
 6.465844e+02 7.574577e+01 8.552184e+00 1.964839e+01 5.668568e+00 4.533623e+00
<VARIANCE> 6
 2.252567e+04 4.851691e+03 7.429763e+01 1.874465e+02 4.547985e+01 2.210516e+01
<GCONST> 4.599141e+01
<TRANSP> 5
 0.000000e+00 1.000000e+00 0.000000e+00 0.000000e+00 0.000000e+00
 0.000000e+00 5.856056e-01 4.143944e-01 0.000000e+00 0.000000e+00
 0.000000e+00 0.000000e+00 7.831699e-01 2.168302e-01 0.000000e+00
 0.000000e+00 0.000000e+00 0.000000e+00 3.686390e-01 6.313609e-01
 0.000000e+00 0.000000e+00 0.000000e+00 0.000000e+00 0.000000e+00
<ENDHMM>
~h "bg_white_0_3"
<BEGINHMM>
<NUMSTATES> 5
<STATE> 2
<MEAN> 6
 7.326368e+02 3.540502e+01 8.315969e+00 1.380994e+01 7.901646e+00 5.614589e+00
<VARIANCE> 6
 3.989411e+03 1.432536e+03 7.633532e+01 1.181603e+02 6.107968e+01 2.393432e+01
<GCONST> 4.298053e+01
<STATE> 3
<MEAN> 6
 7.172641e+02 4.185286e+01 2.052024e+01 1.586068e+01 1.422143e+01 1.020827e+01
<VARIANCE> 6
 2.249292e+03 1.062048e+03 3.864369e+02 7.977591e+01 8.735457e+01 3.987419e+01
<GCONST> 4.420548e+01
<STATE> 4
<MEAN> 6
 7.722040e+02 9.285771e+00 3.832549e+00 4.389256e+00 3.228160e+00 2.852697e+00
<VARIANCE> 6
 1.028129e+03 2.475621e+02 2.235513e+01 2.306252e+01 1.375378e+01 6.983922e+00
<GCONST> 3.428461e+01
<TRANSP> 5
 0.000000e+00 1.000000e+00 0.000000e+00 0.000000e+00 0.000000e+00
 0.000000e+00 1.444491e-01 8.555509e-01 0.000000e+00 0.000000e+00
 0.000000e+00 0.000000e+00 6.626902e-01 3.373098e-01 0.000000e+00
 0.000000e+00 0.000000e+00 0.000000e+00 5.833511e-01 4.166488e-01
 0.000000e+00 0.000000e+00 0.000000e+00 0.000000e+00 0.000000e+00
<ENDHMM>
~h "bg_white_0_4"
<BEGINHMM>
<NUMSTATES> 5
<STATE> 2
<MEAN> 6
 7.513202e+02 2.229676e+01 1.039602e+01 9.339631e+00 6.996573e+00 4.881418e+00
<VARIANCE> 6
 2.040968e+03 7.604461e+02 1.674939e+02 6.603073e+01 4.318114e+01 1.999519e+01
<GCONST> 4.135431e+01
<STATE> 3
<MEAN> 6
 7.108093e+02 4.404521e+01 2.008602e+01 1.651314e+01 1.400532e+01 9.342009e+00
<VARIANCE> 6
 2.902866e+03 1.453991e+03 3.853025e+02 1.153849e+02 8.315349e+01 3.372113e+01
<GCONST> 4.492390e+01
<STATE> 4
<MEAN> 6
 7.700994e+02 2.467100e+00 1.559908e+00 1.369976e+00 1.253993e+00 1.139504e+00
<VARIANCE> 6
 5.849398e+02 1.139417e+01 3.293835e+00 3.341226e+00 2.462539e+00 2.520732e+00
<GCONST> 2.405601e+01
<TRANSP> 5
 0.000000e+00 1.000000e+00 0.000000e+00 0.000000e+00 0.000000e+00
 0.000000e+00 2.818882e-01 7.181118e-01 0.000000e+00 0.000000e+00
 0.000000e+00 0.000000e+00 6.603677e-01 3.396323e-01 0.000000e+00
 0.000000e+00 0.000000e+00 0.000000e+00 9.154884e-01 8.451167e-02
 0.000000e+00 0.000000e+00 0.000000e+00 0.000000e+00 0.000000e+00
<ENDHMM>
~h "bg_white_0_5"
<BEGINHMM>
<NUMSTATES> 5
<STATE> 2
<MEAN> 6
 7.586083e+02 2.772546e+00 2.804885e+00 1.459314e+00 1.600581e+00 1.128193e+00
<VARIANCE> 6
 2.916553e+03 3.494577e+01 1.049498e+01 9.167715e+00 8.940466e+00 3.522896e+00
<GCONST> 3.057567e+01
<STATE> 3
<MEAN> 6
 6.855004e+02 2.546896e+01 4.491297e+01 8.268210e+00 1.264888e+01 4.098507e+00
<VARIANCE> 6
 1.099012e+04 1.189972e+03 4.787883e+03 8.832286e+01 1.548154e+02 3.833032e+01
<GCONST> 4.905701e+01
<STATE> 4
<MEAN> 6
 7.250931e+02 1.934649e+00 6.528819e+00 5.486445e-01 2.005671e+00 2.637864e-01
<VARIANCE> 6
 2.085727e+04 2.440337e+01 6.276420e+02 1.886232e+00 2.959454e+01 1.240030e-01
<GCONST> 3.254414e+01
<TRANSP> 5
 0.000000e+00 1.000000e+00 0.000000e+00 0.000000e+00 0.000000e+00
 0.000000e+00 2.915975e-01 7.084025e-01 0.000000e+00 0.000000e+00
 0.000000e+00 0.000000e+00 3.815275e-01 6.184725e-01 0.000000e+00
 0.000000e+00 0.000000e+00 0.000000e+00 8.187660e-01 1.812340e-01
 0.000000e+00 0.000000e+00 0.000000e+00 0.000000e+00 0.000000e+00
<ENDHMM>
~h "bg_dark_0"
<BEGINHMM>
<NUMSTATES> 5
<STATE> 2
<MEAN> 6
 2.694031e+02 9.019501e+00 1.236783e+01 3.501584e+00 4.497450e+00 1.479627e+00
<VARIANCE> 6
 2.339733e+03 1.776136e+02 1.060588e+02 5.571884e+00 7.403830e+00 1.722797e+00
<GCONST> 3.289234e+01
<STATE> 3
<MEAN> 6
 2.015310e+02 2.285738e+01 1.910555e+01 7.342451e+00 7.402869e+00 3.345073e+00
<VARIANCE> 6
 3.056170e+03 5.880707e+02 2.862675e+02 1.782526e+01 1.878465e+01 3.992508e+00
<GCONST> 3.828403e+01
<STATE> 4
<MEAN> 6
 1.737195e+02 1.257112e+01 1.231116e+01 4.672411e+00 4.336264e+00 1.974924e+00
<VARIANCE> 6
 2.148025e+03 1.841674e+02 1.530616e+02 6.607897e+00 3.740875e+00 1.847367e+00
<GCONST> 3.276760e+01
<TRANSP> 5
 0.000000e+00 1.000000e+00 0.000000e+00 0.000000e+00 0.000000e+00
 0.000000e+00 7.989222e-01 2.010779e-01 0.000000e+00 0.000000e+00
 0.000000e+00 0.000000e+00 3.908557e-01 6.091443e-01 0.000000e+00
 0.000000e+00 0.000000e+00 0.000000e+00 5.611642e-01 4.388358e-01
 0.000000e+00 0.000000e+00 0.000000e+00 0.000000e+00 0.000000e+00
<ENDHMM>
~h "bg_dark_0_0"
<BEGINHMM>
<NUMSTATES> 5
<STATE> 2
<MEAN> 6
 2.626287e+02 1.046147e+01 9.376325e+00 3.572353e+00 4.095016e+00 1.476308e+00
<VARIANCE> 6
 2.643163e+03 1.303555e+02 5.624699e+01 3.830758e+00 6.201968e+00 1.062156e+00
<GCONST> 3.103524e+01
<STATE> 3
<MEAN> 6
 1.596298e+02 3.778323e+01 2.211663e+01 8.166920e+00 6.842227e+00 2.558789e+00
<VARIANCE> 6
 4.102118e+03 1.066285e+03 4.340906e+02 1.853959e+01 2.296323e+01 3.071417e+00
<GCONST> 3.956766e+01
<STATE> 4
<MEAN> 6
 1.942399e+02 1.037597e+01 1.141390e+01 4.062224e+00 3.852324e+00 1.745944e+00
<VARIANCE> 6
 6.241754e+03 1.262121e+02 9.346172e+01 3.974301e+00 5.139007e+00 1.422189e+00
<GCONST> 3.251070e+01
<TRANSP> 5
 0.000000e+00 1.000000e+00 0.000000e+00 0.000000e+00 0.000000e+00
 0.000000e+00 6.845461e-01 3.154539e-01 0.000000e+00 0.000000e+00
 0.000000e+00 0.000000e+00 6.250184e-01 3.749817e-01 0.000000e+00
 0.000000e+00 0.000000e+00 0.000000e+00 4.816694e-01 5.183306e-01
 0.000000e+00 0.000000e+00 0.000000e+00 0.000000e+00 0.000000e+00
<ENDHMM>
~h "bg_dark_0_1"
<BEGINHMM>
<NUMSTATES> 5
<STATE> 2
<MEAN> 6
 1.832724e+02 8.783439e+00 9.346766e+00 3.818700e+00 3.730773e+00 1.707530e+00
<VARIANCE> 6
 4.794986e+03 9.069598e+01 5.690047e+01 4.705703e+00 3.480604e+00 1.577454e+00
<GCONST> 3.130320e+01
<STATE> 3
<MEAN> 6
 1.517668e+02 4.897714e+01 2.177776e+01 9.930587e+00 6.776484e+00 2.569690e+00
<VARIANCE> 6
 4.038177e+03 1.344515e+03 4.167216e+02 1.628279e+01 2.234748e+01 3.676545e+00
<GCONST> 3.976581e+01
<STATE> 4
<MEAN> 6
 1.921589e+02 1.309072e+01 2.185876e+01 5.359731e+00 8.529573e+00 2.544571e+00
<VARIANCE> 6
 3.485638e+03 1.234508e+02 2.803363e+02 1.173460e+01 1.770178e+01 2.024989e+00
<GCONST> 3.567727e+01
<TRANSP> 5
 0.000000e+00 1.000000e+00 0.000000e+00 0.000000e+00 0.000000e+00
 0.000000e+00 6.635585e-01 3.364416e-01 0.000000e+00 0.000000e+00
 0.000000e+00 0.000000e+00 6.547572e-01 3.452428e-01 0.000000e+00
 0.000000e+00 0.000000e+00 0.000000e+00 7.039044e-01 2.960956e-01
 0.000000e+00 0.000000e+00 0.000000e+00 0.000000e+00 0.000000e+00
<ENDHMM>
~h "bg_dark_0_2"
<BEGINHMM>
<NUMSTATES> 5
<STATE> 2
<MEAN> 6
 1.620996e+02 2.182772e+01 1.429645e+01 6.319447e+00 5.813404e+00 2.398709e+00
<VARIANCE> 6
 1.765732e+03 4.322435e+02 1.300725e+02 1.578519e+01 6.069232e+00 1.834773e+00
<GCONST> 3.460989e+01
<STATE> 3
<MEAN> 6
 1.913097e+02 2.148637e+01 2.556430e+01 8.729811e+00 9.339433e+00 4.252021e+00
<VARIANCE> 6
 1.752149e+03 3.353044e+02 3.388678e+02 1.510564e+01 2.319258e+01 5.294405e+00
<GCONST> 3.766206e+01
<STATE> 4
<MEAN> 6
 1.644281e+02 8.543181e+00 8.527003e+00 4.448606e+00 3.976247e+00 1.875065e+00
<VARIANCE> 6
 1.283604e+03 6.110234e+01 4.952585e+01 5.977896e+00 4.108695e+00 1.693849e+00
<GCONST> 2.992791e+01
<TRANSP> 5
 0.000000e+00 1.000000e+00 0.000000e+00 0.000000e+00 0.000000e+00
 0.000000e+00 5.297170e-01 4.702829e-01 0.000000e+00 0.000000e+00
 0.000000e+00 0.000000e+00 7.243090e-01 2.756911e-01 0.000000e+00
 0.000000e+00 0.000000e+00 0.000000e+00 6.742301e-01 3.257699e-01
 0.000000e+00 0.000000e+00 0.000000e+00 0.000000e+00 0.000000e+00
<ENDHMM>
~h "bg_dark_0_3"
<BEGINHMM>
<NUMSTATES> 5
<STATE> 2
<MEAN> 6
 1.750013e+02 1.171838e+01 1.123568e+01 5.175779e+00 5.387228e+00 2.039619e+00
<VARIANCE> 6
 1.000798e+03 9.933219e+01 9.113672e+01 7.030057e+00 8.132071e+00 1.311373e+00
<GCONST> 3.136373e+01
<STATE> 3
<MEAN> 6
 2.040254e+02 2.477237e+01 2.033864e+01 7.651171e+00 7.351803e+00 3.310894e+00
<VARIANCE> 6
 2.799744e+03 4.391235e+02 3.088300e+02 1.217797e+01 1.534631e+01 4.769312e+00
<GCONST> 3.757483e+01
<STATE> 4
<MEAN> 6
 2.353996e+02 6.368294e+00 3.319983e+00 2.459668e+00 1.405618e+00 7.897534e-01
<VARIANCE> 6
 1.936178e+03 4.736151e+01 1.444766e+01 4.614233e+00 1.675266e+00 6.094745e-01
<GCONST> 2.667403e+01
<TRANSP> 5
 0.000000e+00 1.000000e+00 0.000000e+00 0.000000e+00 0.000000e+00
 0.000000e+00 7.909965e-01 2.090034e-01 0.000000e+00 0.000000e+00
 0.000000e+00 0.000000e+00 5.731354e-01 4.268646e-01 0.000000e+00
 0.000000e+00 0.000000e+00 0.000000e+00 8.273362e-01 1.726638e-01
 0.000000e+00 0.000000e+00 0.000000e+00 0.000000e+00 0.000000e+00
<ENDHMM>
~h "bg_dark_0_4"
<BEGINHMM>
<NUMSTATES> 5
<STATE> 2
<MEAN> 6
 2.278659e+02 1.446199e+01 2.016104e+01 5.968357e+00 7.023470e+00 2.401350e+00
<VARIANCE> 6
 5.678271e+03 1.668877e+02 4.109776e+02 8.891885e+00 2.903666e+01 2.112037e+00
<GCONST> 3.710888e+01
<STATE> 3
<MEAN> 6
 2.006195e+02 3.130346e+01 2.377897e+01 1.042558e+01 8.418865e+00 4.843300e+00
<VARIANCE> 6
 2.115849e+03 4.859944e+02 3.435827e+02 1.607720e+01 1.781309e+01 7.069352e+00
<GCONST> 3.832320e+01
<STATE> 4
<MEAN> 6
 1.885846e+02 1.745530e+01 2.260453e+01 6.767925e+00 7.707685e+00 2.980366e+00
<VARIANCE> 6
 2.057064e+03 1.836689e+02 3.342159e+02 9.155959e+00 1.561612e+01 2.496098e+00
<GCONST> 3.555866e+01
<TRANSP> 5
 0.000000e+00 1.000000e+00 0.000000e+00 0.000000e+00 0.000000e+00
 0.000000e+00 6.044315e-01 3.955685e-01 0.000000e+00 0.000000e+00
 0.000000e+00 0.000000e+00 6.871190e-01 3.128811e-01 0.000000e+00
 0.000000e+00 0.000000e+00 0.000000e+00 8.188734e-01 1.811266e-01
 0.000000e+00 0.000000e+00 0.000000e+00 0.000000e+00 0.000000e+00
<ENDHMM>
~h "bg_dark_0_5"
<BEGINHMM>
<NUMSTATES> 5
<STATE> 2
<MEAN> 6
 2.188976e+02 1.437468e+01 1.862716e+01 5.642835e+00 5.611890e+00 2.215359e+00
<VARIANCE> 6
 6.303065e+03 1.833409e+02 3.292080e+02 7.389397e+00 1.296451e+01 1.855827e+00
<GCONST> 3.596469e+01
<STATE> 3
<MEAN> 6
 1.986829e+02 2.936935e+01 2.948885e+01 1.052115e+01 8.714417e+00 3.855987e+00
<VARIANCE> 6
 2.286696e+03 5.185045e+02 4.526697e+02 2.520829e+01 2.193697e+01 3.492278e+00
<GCONST> 3.869414e+01
<STATE> 4
<MEAN> 6
 1.498784e+02 1.507392e+01 1.395719e+01 4.998009e+00 4.708324e+00 2.079357e+00
<VARIANCE> 6
 1.421889e+03 2.518864e+02 1.280422e+02 9.265261e+00 4.994908e+00 1.502673e+00
<GCONST> 3.291028e+01
<TRANSP> 5
 0.000000e+00 1.000000e+00 0.000000e+00 0.000000e+00 0.000000e+00
 0.000000e+00 6.955749e-01 3.044252e-01 0.000000e+00 0.000000e+00
 0.000000e+00 0.000000e+00 7.175890e-01 2.824110e-01 0.000000e+00
 0.000000e+00 0.000000e+00 0.000000e+00 7.664180e-01 2.335821e-01
 0.000000e+00 0.000000e+00 0.000000e+00 0.000000e+00 0.000000e+00
<ENDHMM>
~h "bg_red_0"
<BEGINHMM>
<NUMSTATES> 5
<STATE> 2
<MEAN> 6
 4.512872e+02 8.433245e+00 4.913204e+00 3.180499e+00 2.046661e+00 6.928829e-01
<VARIANCE> 6
 1.121058e+03 8.601077e+01 2.003786e+01 5.479450e+00 3.251505e+00 3.845324e-01
<GCONST> 2.742578e+01
<STATE> 3
<MEAN> 6
 5.736172e+02 6.160540e+01 1.338014e+01 1.312715e+01 2.931024e+00 1.113031e+00
<VARIANCE> 6
 1.955846e+04 4.629874e+03 2.796097e+02 1.501488e+02 2.675311e+01 8.875586e-01
<GCONST> 4.316110e+01
<STATE> 4
<MEAN> 6
 4.558678e+02 5.527233e+00 4.160786e+00 2.702446e+00 1.097766e+00 6.938272e-01
<VARIANCE> 6
 1.292811e+03 6.335012e+01 1.160899e+01 1.172762e+01 8.940819e-01 3.218160e-01
<GCONST> 2.600851e+01
<TRANSP> 5
 0.000000e+00 1.000000e+00 0.000000e+00 0.000000e+00 0.000000e+00
 0.000000e+00 4.904568e-01 5.095431e-01 0.000000e+00 0.000000e+00
 0.000000e+00 0.000000e+00 5.879253e-01 4.120747e-01 0.000000e+00
 0.000000e+00 0.000000e+00 0.000000e+00 5.755702e-02 9.424430e-01
 0.000000e+00 0.000000e+00 0.000000e+00 0.000000e+00 0.000000e+00
<ENDHMM>
~h "bg_board"
<BEGINHMM>
<NUMSTATES> 5
<STATE> 2
<MEAN> 6
 3.138319e+02 2.353477e+01 1.200384e+01 1.018566e+01 5.233245e+00 3.172952e+00
<VARIANCE> 6
 6.222580e+03 4.584259e+02 1.093485e+02 3.209083e+01 8.953825e+00 4.445955e+00
<GCONST> 3.773819e+01
<STATE> 3
<MEAN> 6
 4.008482e+02 6.321965e+01 1.487979e+01 1.313514e+01 4.913425e+00 2.346665e+00
<VARIANCE> 6
 3.078918e+04 6.383825e+03 5.598737e+02 7.690994e+01 2.785521e+01 7.276035e+00
<GCONST> 4.610566e+01
<STATE> 4
<MEAN> 6
 4.402580e+02 4.730437e+00 3.088555e+00 9.511251e-01 7.311155e-01 2.989708e-01
<VARIANCE> 6
 5.325495e+03 5.302013e+01 7.201892e+00 1.587567e+00 3.956409e-01 4.412613e-02
<GCONST> 2.196679e+01
<TRANSP> 5
 0.000000e+00 1.000000e+00 0.000000e+00 0.000000e+00 0.000000e+00
 0.000000e+00 8.647286e-01 1.352714e-01 0.000000e+00 0.000000e+00
 0.000000e+00 0.000000e+00 6.375469e-01 3.624531e-01 0.000000e+00
 0.000000e+00 0.000000e+00 0.000000e+00 9.455941e-01 5.440589e-02
 0.000000e+00 0.000000e+00 0.000000e+00 0.000000e+00 0.000000e+00
<ENDHMM>
~h "fp_key_0"
<BEGINHMM>
<NUMSTATES> 5
<STATE> 2
<MEAN> 6
 3.209235e+02 3.776499e+00 4.246018e+00 1.941249e+00 1.243547e+00 7.941784e-01
<VARIANCE> 6
 2.547411e+03 1.314959e+01 1.057275e+01 1.396382e+00 1.257176e+00 6.784891e-01
<GCONST> 2.397964e+01
<STATE> 3
<MEAN> 6
 4.462743e+02 4.219239e+01 5.981703e+01 1.397816e+01 1.732672e+01 5.819715e+00
<VARIANCE> 6
 1.314699e+04 1.679769e+03 2.644044e+03 1.098316e+02 1.877035e+02 2.049603e+01
<GCONST> 4.877173e+01
<STATE> 4
<MEAN> 6
 5.877761e+02 7.267075e+01 1.090231e+01 2.411334e+01 4.590728e+00 2.492800e+00
<VARIANCE> 6
 2.285558e+04 2.928446e+03 2.251437e+02 2.446308e+02 4.546347e+01 8.555838e+00
<GCONST> 4.592645e+01
<TRANSP> 5
 0.000000e+00 1.000000e+00 0.000000e+00 0.000000e+00 0.000000e+00
 0.000000e+00 6.086850e-01 3.913151e-01 0.000000e+00 0.000000e+00
 0.000000e+00 0.000000e+00 1.558062e-01 8.441939e-01 0.000000e+00
 0.000000e+00 0.000000e+00 0.000000e+00 5.795925e-01 4.204075e-01
 0.000000e+00 0.000000e+00 0.000000e+00 0.000000e+00 0.000000e+00
<ENDHMM>
~h "fp_key_1"
<BEGINHMM>
<NUMSTATES> 5
<STATE> 2
<MEAN> 6
 5.119139e+02 3.894539e+01 1.697204e+01 1.261457e+01 6.559162e+00 3.579846e+00
<VARIANCE> 6
 2.304829e+04 1.136586e+03 5.216819e+02 1.038002e+02 5.374203e+01 1.474810e+01
<GCONST> 4.568323e+01
<STATE> 3
<MEAN> 6
 7.142744e+02 4.960998e+01 1.725113e+01 1.464682e+01 4.954004e+00 1.949315e+00
<VARIANCE> 6
 3.203792e+04 1.448722e+03 7.796039e+02 9.115858e+01 5.404719e+01 6.829123e+00
<GCONST> 4.576281e+01
<STATE> 4
<MEAN> 6
 5.654169e+02 1.656504e+01 8.757368e+00 5.016014e+00 2.469676e+00 9.342442e-01
<VARIANCE> 6
 1.151120e+04 4.454106e+02 6.452448e+01 2.541957e+01 9.089095e+00 1.089645e+00
<GCONST> 3.617283e+01
<TRANSP> 5
 0.000000e+00 1.000000e+00 0.000000e+00 0.000000e+00 0.000000e+00
 0.000000e+00 2.137670e-01 7.862331e-01 0.000000e+00 0.000000e+00
 0.000000e+00 0.000000e+00 7.399647e-01 2.600353e-01 0.000000e+00
 0.000000e+00 0.000000e+00 0.000000e+00 7.917365e-01 2.082635e-01
 0.000000e+00 0.000000e+00 0.000000e+00 0.000000e+00 0.000000e+00
<ENDHMM>
~h "fp_key_2"
<BEGINHMM>
<NUMSTATES> 5
<STATE> 2
<MEAN> 6
 4.681274e+02 1.437752e+01 8.196542e+00 4.595875e+00 2.465935e+00 1.358237e+00
<VARIANCE> 6
 1.730457e+04 4.841955e+02 4.759343e+01 2.818299e+01 6.645777e+00 2.134072e+00
<GCONST> 3.682191e+01
<STATE> 3
<MEAN> 6
 5.382220e+02 4.466146e+01 4.452015e+01 1.706476e+01 1.404972e+01 5.569186e+00
<VARIANCE> 6
 1.929674e+04 1.603100e+03 2.173889e+03 1.639987e+02 1.784409e+02 3.799504e+01
<GCONST> 4.988049e+01
<STATE> 4
<MEAN> 6
 5.593933e+02 9.048776e+01 1.350228e+01 1.598061e+01 4.120832e+00 2.068462e+00
<VARIANCE> 6
 1.564952e+04 2.608541e+03 3.069248e+02 8.453818e+01 2.768505e+01 5.135105e+00
<GCONST> 4.367281e+01
<TRANSP> 5
 0.000000e+00 1.000000e+00 0.000000e+00 0.000000e+00 0.000000e+00
 0.000000e+00 6.414089e-01 3.585911e-01 0.000000e+00 0.000000e+00
 0.000000e+00 0.000000e+00 4.981373e-01 5.018628e-01 0.000000e+00
 0.000000e+00 0.000000e+00 0.000000e+00 6.415253e-01 3.584747e-01
 0.000000e+00 0.000000e+00 0.000000e+00 0.000000e+00 0.000000e+00
<ENDHMM>
~h "fp_key_3"
<BEGINHMM>
<NUMSTATES> 5
<STATE> 2
<MEAN> 6
 4.577623e+02 6.610896e+01 1.017181e+01 1.656441e+01 3.504594e+00 1.850941e+00
<VARIANCE> 6
 1.175957e+04 2.066016e+03 2.197157e+02 1.461067e+02 1.785816e+01 3.587845e+00
<GCONST> 4.256975e+01
<STATE> 3
<MEAN> 6
 4.853912e+02 4.900949e+01 5.090770e+01 2.115628e+01 1.872955e+01 6.666491e+00
<VARIANCE> 6
 1.397600e+04 1.496721e+03 2.726039e+03 1.809020e+02 2.654081e+02 3.473389e+01
<GCONST> 5.012094e+01
<STATE> 4
<MEAN> 6
 3.363988e+02 1.086130e+01 4.593717e+00 4.157038e+00 1.872105e+00 1.243944e+00
<VARIANCE> 6
 7.708524e+03 3.848173e+02 2.997057e+01 3.749507e+01 4.754409e+00 2.659654e+00
<GCONST> 3.549181e+01
<TRANSP> 5
 0.000000e+00 1.000000e+00 0.000000e+00 0.000000e+00 0.000000e+00
 0.000000e+00 6.163244e-01 3.836756e-01 0.000000e+00 0.000000e+00
 0.000000e+00 0.000000e+00 5.968534e-01 4.031465e-01 0.000000e+00
 0.000000e+00 0.000000e+00 0.000000e+00 7.219724e-01 2.780276e-01
 0.000000e+00 0.000000e+00 0.000000e+00 0.000000e+00 0.000000e+00
<ENDHMM>
~h "fp_key_4"
<BEGINHMM>
<NUMSTATES> 5
<STATE> 2
<MEAN> 6
 4.914478e+02 5.196834e+01 8.038867e+00 1.407855e+01 3.209084e+00 1.849589e+00
<VARIANCE> 6
 2.252677e+04 2.472472e+03 1.136681e+02 8.495181e+01 1.939047e+01 4.064579e+00
<GCONST> 4.240516e+01
<STATE> 3
<MEAN> 6
 4.240687e+02 4.612387e+01 4.151800e+01 1.582399e+01 1.785672e+01 7.427444e+00
<VARIANCE> 6
 1.373555e+04 2.726020e+03 2.012276e+03 1.519558e+02 2.229249e+02 3.724242e+01
<GCONST> 5.012049e+01
<STATE> 4
<MEAN> 6
 2.916122e+02 2.609172e+00 2.848516e+00 7.589284e-01 7.218112e-01 3.409952e-01
<VARIANCE> 6
 4.445272e+03 4.500998e+00 5.567194e+00 1.638526e-01 2.152484e-01 2.296433e-02
<GCONST> 1.552948e+01
<TRANSP> 5
 0.000000e+00 1.000000e+00 0.000000e+00 0.000000e+00 0.000000e+00
 0.000000e+00 6.578475e-01 3.421525e-01 0.000000e+00 0.000000e+00
 0.000000e+00 0.000000e+00 5.601273e-01 4.398727e-01 0.000000e+00
 0.000000e+00 0.000000e+00 0.000000e+00 8.782710e-01 1.217290e-01
 0.000000e+00 0.000000e+00 0.000000e+00 0.000000e+00 0.000000e+00
<ENDHMM>
~h "fp_key_5"
<BEGINHMM>
<NUMSTATES> 5
<STATE> 2
<MEAN> 6
 3.281659e+02 2.755992e+00 5.060390e+00 5.540445e-01 1.466342e+00 3.993877e-01
<VARIANCE> 6
 2.737689e+03 4.459486e+00 1.829086e+01 6.377114e-02 1.660237e+00 2.603212e-02
<GCONST> 1.744965e+01
<STATE> 3
<MEAN> 6
 2.849374e+02 6.012804e+00 7.781860e+00 1.066564e+00 2.265133e+00 5.051865e-01
<VARIANCE> 6
 4.590120e+03 3.042610e+01 7.589867e+01 5.546274e-01 7.150715e+00 7.457530e-02
<GCONST> 2.598543e+01
<STATE> 4
<MEAN> 6
 4.552088e+02 2.325008e+00 4.845744e+00 4.215139e-01 6.617621e-01 3.771525e-01
<VARIANCE> 6
 5.510992e+03 2.824223e+00 8.203408e+00 4.685821e-02 1.028923e-01 2.602359e-02
<GCONST> 1.380109e+01
<TRANSP> 5
 0.000000e+00 1.000000e+00 0.000000e+00 0.000000e+00 0.000000e+00
 0.000000e+00 5.087882e-01 4.912118e-01 0.000000e+00 0.000000e+00
 0.000000e+00 0.000000e+00 7.140868e-01 2.859131e-01 0.000000e+00
 0.000000e+00 0.000000e+00 0.000000e+00 8.693841e-01 1.306159e-01
 0.000000e+00 0.000000e+00 0.000000e+00 0.000000e+00 0.000000e+00
<ENDHMM>
~h "bg_red_0_0"
<BEGINHMM>
<NUMSTATES> 5
<STATE> 2
<MEAN> 6
 4.580626e+02 8.725715e+00 5.018415e+00 2.115837e+00 1.138946e+00 8.505459e-01
<VARIANCE> 6
 8.790888e+02 6.113777e+01 1.927971e+01 1.308539e+00 5.038202e-01 5.364842e-01
<GCONST> 2.383899e+01
<STATE> 3
<MEAN> 6
 4.413802e+02 2.883973e+01 1.183921e+01 1.137436e+01 2.790985e+00 2.430911e+00
<VARIANCE> 6
 1.180735e+03 1.192681e+03 9.851041e+01 1.310957e+02 5.402542e+00 4.682485e+00
<GCONST> 3.788190e+01
<STATE> 4
<MEAN> 6
 4.450273e+02 5.425323e+00 3.761688e+00 1.436767e+00 5.370681e-01 2.927908e-01
<VARIANCE> 6
 1.327490e+03 2.987468e+01 1.107934e+01 1.022788e+00 7.701098e-02 1.282408e-02
<GCONST> 1.712270e+01
<TRANSP> 5
 0.000000e+00 1.000000e+00 0.000000e+00 0.000000e+00 0.000000e+00
 0.000000e+00 4.937463e-01 5.062537e-01 0.000000e+00 0.000000e+00
 0.000000e+00 0.000000e+00 2.860958e-01 7.139043e-01 0.000000e+00
 0.000000e+00 0.000000e+00 0.000000e+00 4.618162e-01 5.381837e-01
 0.000000e+00 0.000000e+00 0.000000e+00 0.000000e+00 0.000000e+00
<ENDHMM>
~h "bg_red_0_1"
<BEGINHMM>
<NUMSTATES> 5
<STATE> 2
<MEAN> 6
 4.164169e+02 5.882154e+00 2.525562e+00 1.641989e+00 4.364145e-01 3.274959e-01
<VARIANCE> 6
 8.218192e+02 1.899550e+01 6.534976e+00 1.630486e+00 5.814038e-02 1.573026e-02
<GCONST> 1.605197e+01
<STATE> 3
<MEAN> 6
 4.064184e+02 5.458080e+00 2.728652e+00 1.251410e+00 3.239148e-01 2.984420e-01
<VARIANCE> 6
 4.280548e+02 3.387256e+01 1.357725e+01 7.842407e-01 3.470431e-02 2.463244e-02
<GCONST> 1.590989e+01
<STATE> 4
<MEAN> 6
 3.859433e+02 2.787017e+00 1.635642e+00 7.165260e-01 3.616641e-01 2.466883e-01
<VARIANCE> 6
 2.390355e+02 4.961008e+00 1.507303e+00 2.539653e-01 6.726206e-02 1.290577e-02
<GCONST> 1.009601e+01
<TRANSP> 5
 0.000000e+00 1.000000e+00 0.000000e+00 0.000000e+00 0.000000e+00
 0.000000e+00 1.186750e-02 9.881325e-01 0.000000e+00 0.000000e+00
 0.000000e+00 0.000000e+00 2.570144e-03 9.974298e-01 0.000000e+00
 0.000000e+00 0.000000e+00 0.000000e+00 8.934236e-01 1.065765e-01
 0.000000e+00 0.000000e+00 0.000000e+00 0.000000e+00 0.000000e+00
<ENDHMM>
~h "bg_red_0_2"
<BEGINHMM>
<NUMSTATES> 5
<STATE> 2
<MEAN> 6
 3.554803e+02 2.615475e+00 1.174598e+00 6.563558e-01 4.074908e-01 2.083745e-01
<VARIANCE> 6
 9.975856e+01 3.677727e+00 1.124902e+00 1.429347e-01 1.073927e-01 1.226082e-02
<GCONST> 8.472029e+00
<STATE> 3
<MEAN> 6
 3.339557e+02 4.404004e+00 2.808459e+00 1.572179e+00 1.009636e+00 3.142985e-01
<VARIANCE> 6
 2.933644e+02 1.140672e+01 3.793779e+00 1.121432e+00 3.320503e-01 2.519335e-02
<GCONST> 1.580721e+01
<STATE> 4
<MEAN> 6
 3.220923e+02 6.511353e+00 1.249281e+00 8.476641e-01 2.884060e-01 2.772276e-01
<VARIANCE> 6
 3.329828e+02 1.389466e+01 7.013426e-01 2.539713e-01 2.396349e-02 1.225050e-02
<GCONST> 9.608151e+00
<TRANSP> 5
 0.000000e+00 1.000000e+00 0.000000e+00 0.000000e+00 0.000000e+00
 0.000000e+00 8.963056e-01 1.036944e-01 0.000000e+00 0.000000e+00
 0.000000e+00 0.000000e+00 6.922703e-01 3.077297e-01 0.000000e+00
 0.000000e+00 0.000000e+00 0.000000e+00 7.949998e-01 2.050002e-01
 0.000000e+00 0.000000e+00 0.000000e+00 0.000000e+00 0.000000e+00
<ENDHMM>
~h "bg_red_0_3"
<BEGINHMM>
<NUMSTATES> 5
<STATE> 2
<MEAN> 6
 2.664878e+02 1.908869e+01 1.898862e+00 4.636851e+00 4.855299e-01 4.371766e-01
<VARIANCE> 6
 1.480358e+03 2.072242e+02 1.872173e+00 1.159013e+01 5.029475e-02 2.397892e-02
<GCONST> 2.001792e+01
<STATE> 3
<MEAN> 6
 3.031800e+02 5.717633e+00 7.069634e-01 1.042417e+00 2.922157e-01 2.368713e-01
<VARIANCE> 6
 8.800979e+02 1.587021e+01 1.884604e-01 8.370147e-01 4.744615e-02 1.882227e-02
<GCONST> 1.170409e+01
<STATE> 4
<MEAN> 6
 2.913159e+02 5.576531e+00 1.575625e+00 9.320017e-01 3.774815e-01 2.555002e-01
<VARIANCE> 6
 5.527782e+02 9.065351e+00 1.404418e+00 3.665445e-01 7.403783e-02 1.793544e-02
<GCONST> 1.225851e+01
<TRANSP> 5
 0.000000e+00 1.000000e+00 0.000000e+00 0.000000e+00 0.000000e+00
 0.000000e+00 6.924078e-01 3.075922e-01 0.000000e+00 0.000000e+00
 0.000000e+00 0.000000e+00 3.186546e-05 9.999681e-01 0.000000e+00
 0.000000e+00 0.000000e+00 0.000000e+00 8.460002e-01 1.539999e-01
 0.000000e+00 0.000000e+00 0.000000e+00 0.000000e+00 0.000000e+00
<ENDHMM>
~h "bg_red_0_4"
<BEGINHMM>
<NUMSTATES> 5
<STATE> 2
<MEAN> 6
 2.695263e+02 1.148323e+01 2.751669e+00 3.883662e+00 6.923635e-01 3.796391e-01
<VARIANCE> 6
 5.972482e+02 8.575018e+01 4.364635e+00 7.276186e+00 2.082206e-01 2.782341e-02
<GCONST> 2.017814e+01
<STATE> 3
<MEAN> 6
 3.924005e+02 6.443843e+01 1.159109e+01 1.477178e+01 1.268818e+00 7.646973e-01
<VARIANCE> 6
 2.395205e+04 4.676751e+03 3.808006e+01 1.375986e+02 1.219063e+00 8.748867e-02
<GCONST> 3.588730e+01
<STATE> 4
<MEAN> 6
 3.101642e+02 5.837731e+00 2.101285e+00 2.833917e+00 7.095184e-01 3.614675e-01
<VARIANCE> 6
 5.188292e+03 2.880196e+01 3.884911e+00 8.677659e+00 1.515086e-01 4.711273e-02
<GCONST> 2.151739e+01
<TRANSP> 5
 0.000000e+00 1.000000e+00 0.000000e+00 0.000000e+00 0.000000e+00
 0.000000e+00 7.146389e-01 2.853611e-01 0.000000e+00 0.000000e+00
 0.000000e+00 0.000000e+00 5.600489e-01 4.399511e-01 0.000000e+00
 0.000000e+00 0.000000e+00 0.000000e+00 7.875795e-01 2.124205e-01
 0.000000e+00 0.000000e+00 0.000000e+00 0.000000e+00 0.000000e+00
<ENDHMM>
~h "bg_red_0_5"
<BEGINHMM>
<NUMSTATES> 5
<STATE> 2
<MEAN> 6
 4.310426e+02 9.795470e+00 4.120919e+00 4.499661e+00 9.050461e-01 5.612724e-01
<VARIANCE> 6
 4.720217e+04 9.489263e+01 8.640712e+00 6.381578e+00 2.922816e-01 1.003550e-01
<GCONST> 2.682302e+01
<STATE> 3
<MEAN> 6
 4.357133e+02 7.522952e+01 1.865657e+01 1.506912e+01 5.441174e+00 1.714741e+00
<VARIANCE> 6
 1.777254e+04 5.635839e+03 6.285684e+02 1.664201e+02 1.022978e+02 2.681823e+00
<GCONST> 4.662191e+01
<STATE> 4
<MEAN> 6
 3.348033e+02 5.634574e+00 5.176500e+00 2.291604e+00 1.563718e+00 7.599832e-01
<VARIANCE> 6
 9.987520e+02 1.505797e+01 1.628838e+01 2.588107e+00 1.833866e+00 8.223612e-01
<GCONST> 2.479791e+01
<TRANSP> 5
 0.000000e+00 1.000000e+00 0.000000e+00 0.000000e+00 0.000000e+00
 0.000000e+00 4.622899e-01 5.377101e-01 0.000000e+00 0.000000e+00
 0.000000e+00 0.000000e+00 5.238791e-01 4.761209e-01 0.000000e+00
 0.000000e+00 0.000000e+00 0.000000e+00 7.982630e-01 2.017370e-01
 0.000000e+00 0.000000e+00 0.000000e+00 0.000000e+00 0.000000e+00
<ENDHMM>
~h "fp_screen"
<BEGINHMM>
<NUMSTATES> 5
<STATE> 2
<MEAN> 6
 2.290146e+02 3.074137e+00 3.811918e+00 9.735934e-01 1.403847e+00 2.935773e-01
<VARIANCE> 6
 1.393730e+02 1.396955e+01 3.865459e+01 4.323339e-01 5.651582e+00 4.143349e-02
<GCONST> 1.996567e+01
<STATE> 3
<MEAN> 6
 2.277266e+02 3.057533e+00 4.281004e+00 9.906521e-01 1.592288e+00 3.037176e-01
<VARIANCE> 6
 2.115312e+02 1.191626e+01 5.634656e+01 6.139984e-01 1.218342e+01 3.552151e-02
<GCONST> 2.156576e+01
<STATE> 4
<MEAN> 6
 2.300143e+02 2.058253e+00 3.589556e+00 6.695967e-01 9.315116e-01 2.628316e-01
<VARIANCE> 6
 4.629922e+02 3.049284e+00 1.324222e+01 2.086000e-01 1.372535e+00 1.804088e-02
<GCONST> 1.559750e+01
<TRANSP> 5
 0.000000e+00 1.000000e+00 0.000000e+00 0.000000e+00 0.000000e+00
 0.000000e+00 3.282553e-01 6.717448e-01 0.000000e+00 0.000000e+00
 0.000000e+00 0.000000e+00 2.896826e-04 9.997103e-01 0.000000e+00
 0.000000e+00 0.000000e+00 0.000000e+00 4.458241e-02 9.554176e-01
 0.000000e+00 0.000000e+00 0.000000e+00 0.000000e+00 0.000000e+00
<ENDHMM>
~h "bg_board_0"
<BEGINHMM>
<NUMSTATES> 5
<STATE> 2
<MEAN> 6
 3.397930e+02 1.703744e+01 9.632088e+00 7.795644e+00 3.825716e+00 2.320633e+00
<VARIANCE> 6
 8.915047e+03 3.595331e+02 6.764250e+01 3.434414e+01 6.712598e+00 3.581896e+00
<GCONST> 3.693811e+01
<STATE> 3
<MEAN> 6
 4.153459e+02 4.085004e+01 1.565163e+01 1.350482e+01 5.983376e+00 3.826735e+00
<VARIANCE> 6
 1.809738e+04 2.587260e+03 2.321398e+02 1.097451e+02 2.697579e+01 1.242056e+01
<GCONST> 4.464893e+01
<STATE> 4
<MEAN> 6
 3.450659e+02 1.578966e+01 5.508383e+00 5.763073e+00 2.439970e+00 1.319084e+00
<VARIANCE> 6
 9.389889e+03 4.839333e+02 2.670807e+01 2.397011e+01 3.036282e+00 1.272501e+00
<GCONST> 3.416999e+01
<TRANSP> 5
 0.000000e+00 1.000000e+00 0.000000e+00 0.000000e+00 0.000000e+00
 0.000000e+00 4.953010e-01 5.046990e-01 0.000000e+00 0.000000e+00
 0.000000e+00 0.000000e+00 4.589451e-01 5.410550e-01 0.000000e+00
 0.000000e+00 0.000000e+00 0.000000e+00 2.146198e-01 7.853801e-01
 0.000000e+00 0.000000e+00 0.000000e+00 0.000000e+00 0.000000e+00
<ENDHMM>
~h "bg_board_1"
<BEGINHMM>
<NUMSTATES> 5
<STATE> 2
<MEAN> 6
 3.028567e+02 2.385893e+01 1.109690e+01 8.996975e+00 4.542328e+00 2.634285e+00
<VARIANCE> 6
 7.933359e+03 5.350152e+02 9.154158e+01 4.623011e+01 9.074372e+00 4.801670e+00
<GCONST> 3.841323e+01
<STATE> 3
<MEAN> 6
 3.640413e+02 5.711098e+01 1.455060e+01 1.398531e+01 5.937231e+00 3.729645e+00
<VARIANCE> 6
 1.164805e+04 2.807746e+03 1.862160e+02 1.099600e+02 2.647666e+01 1.465680e+01
<GCONST> 4.421849e+01
<STATE> 4
<MEAN> 6
 3.366725e+02 1.601853e+01 3.902794e+00 5.393994e+00 2.135195e+00 1.181525e+00
<VARIANCE> 6
 8.289917e+03 5.688932e+02 1.226409e+01 2.455210e+01 2.406310e+00 1.401868e+00
<GCONST> 3.331712e+01
<TRANSP> 5
 0.000000e+00 1.000000e+00 0.000000e+00 0.000000e+00 0.000000e+00
 0.000000e+00 5.563031e-01 4.436969e-01 0.000000e+00 0.000000e+00
 0.000000e+00 0.000000e+00 5.507584e-01 4.492415e-01 0.000000e+00
 0.000000e+00 0.000000e+00 0.000000e+00 1.215436e-01 8.784564e-01
 0.000000e+00 0.000000e+00 0.000000e+00 0.000000e+00 0.000000e+00
<ENDHMM>
~h "bg_board_2"
<BEGINHMM>
<NUMSTATES> 5
<STATE> 2
<MEAN> 6
 3.153156e+02 2.695145e+01 1.045629e+01 1.139834e+01 4.416845e+00 2.591341e+00
<VARIANCE> 6
 6.273299e+03 6.205327e+02 8.496370e+01 5.347720e+01 9.646338e+00 4.554120e+00
<GCONST> 3.840599e+01
<STATE> 3
<MEAN> 6
 3.481382e+02 4.915171e+01 1.014108e+01 1.005741e+01 4.896859e+00 2.528889e+00
<VARIANCE> 6
 1.279347e+04 2.626270e+03 1.250057e+02 6.242464e+01 2.366496e+01 9.210465e+00
<GCONST> 4.270393e+01
<STATE> 4
<MEAN> 6
 3.014427e+02 1.161642e+01 5.199713e+00 3.795619e+00 1.740427e+00 7.427368e-01
<VARIANCE> 6
 1.324666e+04 3.032046e+02 1.913075e+01 1.334082e+01 1.651215e+00 4.347442e-01
<GCONST> 3.144381e+01
<TRANSP> 5
 0.000000e+00 1.000000e+00 0.000000e+00 0.000000e+00 0.000000e+00
 0.000000e+00 6.521643e-01 3.478357e-01 0.000000e+00 0.000000e+00
 0.000000e+00 0.000000e+00 3.682268e-01 6.317732e-01 0.000000e+00
 0.000000e+00 0.000000e+00 0.000000e+00 5.005943e-01 4.994057e-01
 0.000000e+00 0.000000e+00 0.000000e+00 0.000000e+00 0.000000e+00
<ENDHMM>
~h "bg_board_3"
<BEGINHMM>
<NUMSTATES> 5
<STATE> 2
<MEAN> 6
 2.822706e+02 2.318592e+01 9.873848e+00 8.534973e+00 3.929818e+00 2.247705e+00
<VARIANCE> 6
 4.607176e+03 4.393192e+02 6.734682e+01 2.945527e+01 7.797291e+00 2.758077e+00
<GCONST> 3.620890e+01
<STATE> 3
<MEAN> 6
 3.143222e+02 2.999040e+01 6.741600e+00 6.671205e+00 2.696998e+00 1.426872e+00
<VARIANCE> 6
 7.792000e+03 1.465065e+03 3.552000e+01 3.351458e+01 6.959102e+00 2.260972e+00
<GCONST> 3.711570e+01
<STATE> 4
<MEAN> 6
 2.884861e+02 1.183696e+01 3.654315e+00 2.697047e+00 1.400650e+00 5.433166e-01
<VARIANCE> 6
 9.718264e+03 2.644959e+02 7.760918e+00 7.141509e+00 8.633689e-01 1.582097e-01
<GCONST> 2.781113e+01
<TRANSP> 5
 0.000000e+00 1.000000e+00 0.000000e+00 0.000000e+00 0.000000e+00
 0.000000e+00 6.600491e-01 3.399509e-01 0.000000e+00 0.000000e+00
 0.000000e+00 0.000000e+00 2.762785e-01 7.237215e-01 0.000000e+00
 0.000000e+00 0.000000e+00 0.000000e+00 5.297771e-01 4.702229e-01
 0.000000e+00 0.000000e+00 0.000000e+00 0.000000e+00 0.000000e+00
<ENDHMM>
~h "bg_board_4"
<BEGINHMM>
<NUMSTATES> 5
<STATE> 2
<MEAN> 6
 2.505673e+02 1.697304e+01 6.233553e+00 5.383577e+00 2.686801e+00 1.231066e+00
<VARIANCE> 6
 5.763852e+03 2.829064e+02 3.229894e+01 1.359238e+01 3.316706e+00 7.447797e-01
<GCONST> 3.232059e+01
<STATE> 3
<MEAN> 6
 2.972837e+02 2.371199e+01 1.034031e+01 8.344273e+00 4.297131e+00 2.140879e+00
<VARIANCE> 6
 4.662927e+03 6.994883e+02 1.055269e+02 4.642043e+01 1.632953e+01 5.369178e+00
<GCONST> 3.899537e+01
<STATE> 4
<MEAN> 6
 2.918921e+02 8.926435e+00 3.670040e+00 1.997237e+00 1.106611e+00 4.019220e-01
<VARIANCE> 6
 5.091594e+03 1.541508e+02 8.509648e+00 3.116319e+00 5.425794e-01 5.483456e-02
<GCONST> 2.436354e+01
<TRANSP> 5
 0.000000e+00 1.000000e+00 0.000000e+00 0.000000e+00 0.000000e+00
 0.000000e+00 7.259929e-01 2.740071e-01 0.000000e+00 0.000000e+00
 0.000000e+00 0.000000e+00 5.094550e-01 4.905451e-01 0.000000e+00
 0.000000e+00 0.000000e+00 0.000000e+00 7.982913e-01 2.017086e-01
 0.000000e+00 0.000000e+00 0.000000e+00 0.000000e+00 0.000000e+00
<ENDHMM>
~h "bg_board_5"
<BEGINHMM>
<NUMSTATES> 5
<STATE> 2
<MEAN> 6
 3.138726e+02 1.647643e+01 8.490335e+00 5.022418e+00 2.448716e+00 9.987979e-01
<VARIANCE> 6
 4.592522e+03 3.228285e+02 3.760534e+01 1.070048e+01 2.672167e+00 5.447975e-01
<GCONST> 3.160955e+01
<STATE> 3
<MEAN> 6
 3.302762e+02 4.544181e+01 5.536620e+00 6.867220e+00 1.540184e+00 6.806381e-01
<VARIANCE> 6
 8.059555e+03 4.841851e+03 3.000854e+01 4.510121e+01 1.240546e+00 4.210307e-01
<GCONST> 3.506782e+01
<STATE> 4
<MEAN> 6
 4.031794e+02 8.349157e+00 5.330503e+00 2.399359e+00 1.361564e+00 5.538990e-01
<VARIANCE> 6
 4.253143e+03 3.056468e+02 2.046737e+01 7.024482e+00 1.723800e+00 3.204694e-01
<GCONST> 2.947990e+01
<TRANSP> 5
 0.000000e+00 1.000000e+00 0.000000e+00 0.000000e+00 0.000000e+00
 0.000000e+00 5.935745e-01 4.064255e-01 0.000000e+00 0.000000e+00
 0.000000e+00 0.000000e+00 2.219406e-01 7.780594e-01 0.000000e+00
 0.000000e+00 0.000000e+00 0.000000e+00 7.097371e-01 2.902629e-01
 0.000000e+00 0.000000e+00 0.000000e+00 0.000000e+00 0.000000e+00
<ENDHMM>
~h "fp_key"
<BEGINHMM>
<NUMSTATES> 5
<STATE> 2
<MEAN> 6
 2.794207e+02 6.035231e+00 5.577412e+00 1.684398e+00 1.664291e+00 6.364392e-01
<VARIANCE> 6
 2.442153e+03 1.989302e+02 5.256036e+01 1.294213e+01 3.614096e+00 9.277421e-01
<GCONST> 3.185314e+01
<STATE> 3
<MEAN> 6
 3.597853e+02 3.564967e+01 1.324261e+01 7.248933e+00 4.396986e+00 1.449149e+00
<VARIANCE> 6
 1.001178e+04 2.474754e+03 3.430292e+02 5.512778e+01 2.845791e+01 3.110287e+00
<GCONST> 4.238329e+01
<STATE> 4
<MEAN> 6
 3.491843e+02 3.119088e+00 4.719929e+00 7.594605e-01 6.894338e-01 3.017538e-01
<VARIANCE> 6
 7.762707e+03 7.748145e+00 1.281778e+01 2.851815e-01 3.680435e-01 1.845750e-02
<GCONST> 1.833617e+01
<TRANSP> 5
 0.000000e+00 1.000000e+00 0.000000e+00 0.000000e+00 0.000000e+00
 0.000000e+00 2.646046e-01 7.353954e-01 0.000000e+00 0.000000e+00
 0.000000e+00 0.000000e+00 4.758341e-01 5.241659e-01 0.000000e+00
 0.000000e+00 0.000000e+00 0.000000e+00 8.724422e-01 1.275578e-01
 0.000000e+00 0.000000e+00 0.000000e+00 0.000000e+00 0.000000e+00
<ENDHMM>
~h "fp_logo"
<BEGINHMM>
<NUMSTATES> 5
<STATE> 2
<MEAN> 6
 2.461873e+02 2.686018e+01 4.877146e+00 7.228460e+00 1.777537e+00 9.042470e-01
<VARIANCE> 6
 2.743215e+03 3.775242e+02 3.741964e+01 3.529219e+01 2.456787e+00 1.065229e+00
<GCONST> 3.302569e+01
<STATE> 3
<MEAN> 6
 2.041159e+02 5.806801e+00 3.114120e+00 1.359230e+00 6.080904e-01 4.323721e-01
<VARIANCE> 6
 3.584094e+03 3.441699e+01 3.545044e+00 9.697571e-01 1.178589e-01 1.450825e-01
<GCONST> 1.991620e+01
<STATE> 4
<MEAN> 6
 1.984509e+02 3.942185e+00 2.865811e+00 9.060449e-01 7.597136e-01 3.270968e-01
<VARIANCE> 6
 1.702960e+03 1.124461e+01 8.480838e+00 3.195755e-01 1.190671e+00 2.047305e-02
<GCONST> 1.817019e+01
<TRANSP> 5
 0.000000e+00 1.000000e+00 0.000000e+00 0.000000e+00 0.000000e+00
 0.000000e+00 8.515460e-01 1.484540e-01 0.000000e+00 0.000000e+00
 0.000000e+00 0.000000e+00 3.737341e-06 9.999962e-01 0.000000e+00
 0.000000e+00 0.000000e+00 0.000000e+00 5.148461e-01 4.851539e-01
 0.000000e+00 0.000000e+00 0.000000e+00 0.000000e+00 0.000000e+00
<ENDHMM>
