~o
<STREAMINFO> 1 6
<VECSIZE> 6<NULLD><MFCC><DIAGC>
~h "bg_board_0"
<BEGINHMM>
<NUMSTATES> 5
<STATE> 2
<MEAN> 6
 1.788142e+02 1.411463e+01 7.434333e+00 4.573470e+00 2.458430e+00 9.663214e-01
<VARIANCE> 6
 2.757529e+03 2.137122e+02 4.262483e+01 7.381857e+00 1.935869e+00 5.718586e-01
<GCONST> 3.016714e+01
<STATE> 3
<MEAN> 6
 2.020189e+02 3.640776e+01 1.346325e+01 9.208484e+00 4.280523e+00 1.974410e+00
<VARIANCE> 6
 3.387481e+03 1.389445e+03 1.790332e+02 3.092024e+01 8.624749e+00 2.516226e+00
<GCONST> 3.808815e+01
<STATE> 4
<MEAN> 6
 1.727394e+02 1.361720e+01 6.481065e+00 3.716821e+00 2.057601e+00 7.397073e-01
<VARIANCE> 6
 5.162557e+03 2.501740e+02 3.761435e+01 9.925724e+00 2.169250e+00 3.940679e-01
<GCONST> 3.086427e+01
<TRANSP> 5
 0.000000e+00 1.000000e+00 0.000000e+00 0.000000e+00 0.000000e+00
 0.000000e+00 7.657000e-01 2.343000e-01 0.000000e+00 0.000000e+00
 0.000000e+00 0.000000e+00 6.529176e-01 3.470824e-01 0.000000e+00
 0.000000e+00 0.000000e+00 0.000000e+00 7.938488e-01 2.061512e-01
 0.000000e+00 0.000000e+00 0.000000e+00 0.000000e+00 0.000000e+00
<ENDHMM>
