~o
<STREAMINFO> 1 6
<VECSIZE> 6<NULLD><MFCC><DIAGC>
~h "bg_board_2"
<BEGINHMM>
<NUMSTATES> 5
<STATE> 2
<MEAN> 6
 1.426603e+02 1.559649e+01 7.746528e+00 4.205625e+00 2.254518e+00 8.067415e-01
<VARIANCE> 6
 3.347559e+03 2.548048e+02 4.976258e+01 7.896553e+00 2.130784e+00 3.717020e-01
<GCONST> 3.042426e+01
<STATE> 3
<MEAN> 6
 2.128875e+02 4.747211e+01 1.688297e+01 1.218034e+01 4.420490e+00 2.181458e+00
<VARIANCE> 6
 4.479283e+03 2.966316e+03 3.736275e+02 7.180620e+01 1.414784e+01 3.814428e+00
<GCONST> 4.161514e+01
<STATE> 4
<MEAN> 6
 2.226537e+02 1.982339e+01 1.008470e+01 5.752183e+00 2.910625e+00 1.321743e+00
<VARIANCE> 6
 9.124985e+03 4.699586e+02 8.746611e+01 1.754724e+01 3.918149e+00 1.255180e+00
<GCONST> 3.522773e+01
<TRANSP> 5
 0.000000e+00 1.000000e+00 0.000000e+00 0.000000e+00 0.000000e+00
 0.000000e+00 8.307966e-01 1.692034e-01 0.000000e+00 0.000000e+00
 0.000000e+00 0.000000e+00 5.835210e-01 4.164790e-01 0.000000e+00
 0.000000e+00 0.000000e+00 0.000000e+00 7.867291e-01 2.132709e-01
 0.000000e+00 0.000000e+00 0.000000e+00 0.000000e+00 0.000000e+00
<ENDHMM>
