~o
<STREAMINFO> 1 6
<VECSIZE> 6<NULLD><MFCC><DIAGC>
~h "bg_board_4"
<BEGINHMM>
<NUMSTATES> 5
<STATE> 2
<MEAN> 6
 1.900869e+02 1.897922e+01 9.535911e+00 5.776678e+00 3.464025e+00 1.536567e+00
<VARIANCE> 6
 4.729190e+03 3.913927e+02 7.088052e+01 1.333480e+01 4.141242e+00 1.622706e+00
<GCONST> 3.421495e+01
<STATE> 3
<MEAN> 6
 2.526483e+02 5.094618e+01 1.663596e+01 1.284398e+01 5.448595e+00 3.114950e+00
<VARIANCE> 6
 6.495461e+03 2.946204e+03 2.271337e+02 6.983317e+01 1.082518e+01 4.899017e+00
<GCONST> 4.143695e+01
<STATE> 4
<MEAN> 6
 2.939595e+02 2.142078e+01 1.020827e+01 6.840318e+00 3.460840e+00 1.826525e+00
<VARIANCE> 6
 8.175835e+03 4.771522e+02 9.498615e+01 2.716911e+01 5.046080e+00 2.526378e+00
<GCONST> 3.660525e+01
<TRANSP> 5
 0.000000e+00 1.000000e+00 0.000000e+00 0.000000e+00 0.000000e+00
 0.000000e+00 8.415365e-01 1.584635e-01 0.000000e+00 0.000000e+00
 0.000000e+00 0.000000e+00 6.442490e-01 3.557510e-01 0.000000e+00
 0.000000e+00 0.000000e+00 0.000000e+00 7.421645e-01 2.578355e-01
 0.000000e+00 0.000000e+00 0.000000e+00 0.000000e+00 0.000000e+00
<ENDHMM>
