~o
<STREAMINFO> 1 6
<VECSIZE> 6<NULLD><MFCC><DIAGC>
~h "bg_board_1"
<BEGINHMM>
<NUMSTATES> 5
<STATE> 2
<MEAN> 6
 1.634445e+02 2.001130e+01 8.966054e+00 5.374241e+00 2.640737e+00 1.045420e+00
<VARIANCE> 6
 2.923897e+03 3.379389e+02 5.887937e+01 1.119576e+01 2.538701e+00 5.672036e-01
<GCONST> 3.168644e+01
<STATE> 3
<MEAN> 6
 2.144250e+02 4.324740e+01 1.603918e+01 1.019005e+01 4.804162e+00 2.338624e+00
<VARIANCE> 6
 5.862181e+03 1.845988e+03 3.635509e+02 3.684341e+01 2.568472e+01 5.014335e+00
<GCONST> 4.158511e+01
<STATE> 4
<MEAN> 6
 1.686912e+02 1.341660e+01 6.488551e+00 3.636528e+00 1.920466e+00 7.313018e-01
<VARIANCE> 6
 6.745036e+03 2.257654e+02 4.239621e+01 7.513737e+00 1.491477e+00 3.303332e-01
<GCONST> 3.031923e+01
<TRANSP> 5
 0.000000e+00 1.000000e+00 0.000000e+00 0.000000e+00 0.000000e+00
 0.000000e+00 7.764454e-01 2.235546e-01 0.000000e+00 0.000000e+00
 0.000000e+00 0.000000e+00 6.366978e-01 3.633022e-01 0.000000e+00
 0.000000e+00 0.000000e+00 0.000000e+00 8.268185e-01 1.731815e-01
 0.000000e+00 0.000000e+00 0.000000e+00 0.000000e+00 0.000000e+00
<ENDHMM>
