~o
<STREAMINFO> 1 6
<VECSIZE> 6<NULLD><MFCC><DIAGC>
~h "bg_board"
<BEGINHMM>
<NUMSTATES> 5
<STATE> 2
<MEAN> 6
 1.471278e+02 1.671061e+01 8.827528e+00 4.838634e+00 2.650804e+00 1.044307e+00
<VARIANCE> 6
 2.816461e+03 2.307694e+02 6.781258e+01 1.013535e+01 3.236144e+00 7.904287e-01
<GCONST> 3.188390e+01
<STATE> 3
<MEAN> 6
 2.324193e+02 4.274916e+01 1.416990e+01 1.108165e+01 4.735814e+00 2.568136e+00
<VARIANCE> 6
 5.836947e+03 2.243753e+03 2.237646e+02 4.885529e+01 1.251371e+01 4.434110e+00
<GCONST> 4.073074e+01
<STATE> 4
<MEAN> 6
 3.008332e+02 1.395279e+01 7.348333e+00 4.135307e+00 2.695808e+00 1.155643e+00
<VARIANCE> 6
 7.730508e+03 2.240232e+02 5.238240e+01 1.007931e+01 3.497193e+00 1.181967e+00
<GCONST> 3.308014e+01
<TRANSP> 5
 0.000000e+00 1.000000e+00 0.000000e+00 0.000000e+00 0.000000e+00
 0.000000e+00 9.677975e-01 3.220249e-02 0.000000e+00 0.000000e+00
 0.000000e+00 0.000000e+00 9.505292e-01 4.947086e-02 0.000000e+00
 0.000000e+00 0.000000e+00 0.000000e+00 9.466171e-01 5.338290e-02
 0.000000e+00 0.000000e+00 0.000000e+00 0.000000e+00 0.000000e+00
<ENDHMM>
