~o
<STREAMINFO> 1 6
<VECSIZE> 6<NULLD><MFCC><DIAGC>
~h "bg_board_3"
<BEGINHMM>
<NUMSTATES> 5
<STATE> 2
<MEAN> 6
 1.436522e+02 1.825083e+01 8.518302e+00 4.854160e+00 2.633603e+00 9.947263e-01
<VARIANCE> 6
 5.387456e+03 4.596749e+02 6.875365e+01 1.396104e+01 3.694324e+00 8.337535e-01
<GCONST> 3.374139e+01
<STATE> 3
<MEAN> 6
 2.250190e+02 4.811987e+01 1.370022e+01 1.234666e+01 4.858983e+00 2.377515e+00
<VARIANCE> 6
 5.287007e+03 3.059804e+03 1.737050e+02 6.737391e+01 1.029885e+01 3.825465e+00
<GCONST> 4.066770e+01
<STATE> 4
<MEAN> 6
 2.508631e+02 1.888973e+01 8.475198e+00 5.382781e+00 2.849473e+00 1.265143e+00
<VARIANCE> 6
 1.054735e+04 4.326177e+02 6.743034e+01 1.678535e+01 3.381888e+00 1.464038e+00
<GCONST> 3.499198e+01
<TRANSP> 5
 0.000000e+00 1.000000e+00 0.000000e+00 0.000000e+00 0.000000e+00
 0.000000e+00 7.864611e-01 2.135390e-01 0.000000e+00 0.000000e+00
 0.000000e+00 0.000000e+00 6.268069e-01 3.731932e-01 0.000000e+00
 0.000000e+00 0.000000e+00 0.000000e+00 7.843636e-01 2.156364e-01
 0.000000e+00 0.000000e+00 0.000000e+00 0.000000e+00 0.000000e+00
<ENDHMM>
