~o
<STREAMINFO> 1 6
<VECSIZE> 6<NULLD><MFCC><DIAGC>
~h "bg_board_5"
<BEGINHMM>
<NUMSTATES> 5
<STATE> 2
<MEAN> 6
 2.283932e+02 2.293974e+01 1.023248e+01 6.612535e+00 3.816375e+00 2.208608e+00
<VARIANCE> 6
 5.112937e+03 4.505386e+02 8.584142e+01 1.749926e+01 5.496467e+00 2.975643e+00
<GCONST> 3.578646e+01
<STATE> 3
<MEAN> 6
 2.903531e+02 4.794020e+01 1.680157e+01 1.192479e+01 5.902675e+00 3.352345e+00
<VARIANCE> 6
 6.585792e+03 2.855234e+03 2.611652e+02 5.231416e+01 1.707125e+01 7.383793e+00
<GCONST> 4.213594e+01
<STATE> 4
<MEAN> 6
 3.428535e+02 1.633043e+01 7.997993e+00 5.202321e+00 3.268846e+00 1.587429e+00
<VARIANCE> 6
 8.248745e+03 3.903169e+02 5.683413e+01 1.396870e+01 3.868110e+00 1.794800e+00
<GCONST> 3.462665e+01
<TRANSP> 5
 0.000000e+00 1.000000e+00 0.000000e+00 0.000000e+00 0.000000e+00
 0.000000e+00 7.282541e-01 2.717459e-01 0.000000e+00 0.000000e+00
 0.000000e+00 0.000000e+00 6.268071e-01 3.731929e-01 0.000000e+00
 0.000000e+00 0.000000e+00 0.000000e+00 8.227111e-01 1.772889e-01
 0.000000e+00 0.000000e+00 0.000000e+00 0.000000e+00 0.000000e+00
<ENDHMM>
