~o
<STREAMINFO> 1 6
<VECSIZE> 6<NULLD><MFCC><DIAGC>
~h "bg_dark_0"
<BEGINHMM>
<NUMSTATES> 5
<STATE> 2
<MEAN> 6
 1.449601e+02 1.038794e+01 1.028096e+01 2.982636e+00 3.044061e+00 1.155995e+00
<VARIANCE> 6
 4.869598e+03 1.545927e+02 1.193625e+02 5.316664e+00 5.380339e+00 1.293479e+00
<GCONST> 3.295192e+01
<STATE> 3
<MEAN> 6
 2.499353e+02 2.811060e+01 1.064751e+01 6.519681e+00 3.906205e+00 1.915156e+00
<VARIANCE> 6
 2.116259e+04 9.002086e+02 1.295028e+02 3.571972e+01 1.029018e+01 3.351338e+00
<GCONST> 3.976983e+01
<STATE> 4
<MEAN> 6
 8.677018e+01 8.618202e+00 6.368331e+00 1.793072e+00 1.607256e+00 4.743495e-01
<VARIANCE> 6
 2.289511e+03 1.169440e+02 5.498520e+01 2.278439e+00 2.324959e+00 2.074131e-01
<GCONST> 2.762626e+01
<TRANSP> 5
 0.000000e+00 1.000000e+00 0.000000e+00 0.000000e+00 0.000000e+00
 0.000000e+00 9.741804e-01 2.581961e-02 0.000000e+00 0.000000e+00
 0.000000e+00 0.000000e+00 9.294416e-01 7.055837e-02 0.000000e+00
 0.000000e+00 0.000000e+00 0.000000e+00 9.415105e-01 5.848948e-02
 0.000000e+00 0.000000e+00 0.000000e+00 0.000000e+00 0.000000e+00
<ENDHMM>
