~o
<STREAMINFO> 1 6
<VECSIZE> 6<NULLD><MFCC><DIAGC>
~h "bg_dark_0_4"
<BEGINHMM>
<NUMSTATES> 5
<STATE> 2
<MEAN> 6
 1.659708e+02 9.617381e+00 7.984818e+00 2.957092e+00 2.864659e+00 1.232274e+00
<VARIANCE> 6
 1.364294e+04 1.405408e+02 5.234211e+01 7.384580e+00 4.817873e+00 1.322589e+00
<GCONST> 3.330286e+01
<STATE> 3
<MEAN> 6
 1.676279e+02 2.482154e+01 2.048484e+01 5.737186e+00 5.359527e+00 2.665175e+00
<VARIANCE> 6
 9.357331e+03 4.438747e+02 3.459782e+02 1.361819e+01 1.501277e+01 4.772338e+00
<GCONST> 3.899623e+01
<STATE> 4
<MEAN> 6
 7.790009e+01 8.692581e+00 7.448410e+00 1.805118e+00 1.934230e+00 5.212784e-01
<VARIANCE> 6
 1.554592e+03 1.100100e+02 7.205025e+01 2.755144e+00 2.783421e+00 2.108296e-01
<GCONST> 2.783461e+01
<TRANSP> 5
 0.000000e+00 1.000000e+00 0.000000e+00 0.000000e+00 0.000000e+00
 0.000000e+00 7.721957e-01 2.278043e-01 0.000000e+00 0.000000e+00
 0.000000e+00 0.000000e+00 6.306217e-01 3.693784e-01 0.000000e+00
 0.000000e+00 0.000000e+00 0.000000e+00 8.305951e-01 1.694049e-01
 0.000000e+00 0.000000e+00 0.000000e+00 0.000000e+00 0.000000e+00
<ENDHMM>
