~o
<STREAMINFO> 1 6
<VECSIZE> 6<NULLD><MFCC><DIAGC>
~h "bg_dark_0_1"
<BEGINHMM>
<NUMSTATES> 5
<STATE> 2
<MEAN> 6
 1.413845e+02 1.733694e+01 7.713542e+00 3.473684e+00 2.579629e+00 8.778501e-01
<VARIANCE> 6
 6.703596e+03 4.184323e+02 5.343356e+01 7.579680e+00 3.984657e+00 3.994326e-01
<GCONST> 3.234283e+01
<STATE> 3
<MEAN> 6
 2.035824e+02 2.108149e+01 1.730882e+01 6.392463e+00 4.367240e+00 2.109325e+00
<VARIANCE> 6
 1.138701e+04 3.535096e+02 3.124488e+02 2.316184e+01 6.890818e+00 1.847188e+00
<GCONST> 3.766620e+01
<STATE> 4
<MEAN> 6
 1.792205e+02 8.623606e+00 8.875404e+00 2.336664e+00 2.428908e+00 7.949537e-01
<VARIANCE> 6
 1.231123e+04 9.576554e+01 9.199919e+01 2.655042e+00 2.911608e+00 5.058196e-01
<GCONST> 3.089280e+01
<TRANSP> 5
 0.000000e+00 1.000000e+00 0.000000e+00 0.000000e+00 0.000000e+00
 0.000000e+00 7.598773e-01 2.401227e-01 0.000000e+00 0.000000e+00
 0.000000e+00 0.000000e+00 4.978026e-01 5.021974e-01 0.000000e+00
 0.000000e+00 0.000000e+00 0.000000e+00 8.538911e-01 1.461089e-01
 0.000000e+00 0.000000e+00 0.000000e+00 0.000000e+00 0.000000e+00
<ENDHMM>
