~o
<STREAMINFO> 1 6
<VECSIZE> 6<NULLD><MFCC><DIAGC>
~h "bg_dark_0_2"
<BEGINHMM>
<NUMSTATES> 5
<STATE> 2
<MEAN> 6
 1.419317e+02 9.628310e+00 1.014841e+01 2.733068e+00 3.376232e+00 1.162538e+00
<VARIANCE> 6
 5.842011e+03 1.200247e+02 1.074206e+02 3.159137e+00 5.727520e+00 1.111197e+00
<GCONST> 3.216556e+01
<STATE> 3
<MEAN> 6
 1.815669e+02 2.828535e+01 1.599457e+01 6.428529e+00 4.670644e+00 2.422879e+00
<VARIANCE> 6
 1.032968e+04 6.113642e+02 2.119423e+02 2.308505e+01 1.334276e+01 3.790731e+00
<GCONST> 3.910476e+01
<STATE> 4
<MEAN> 6
 1.761310e+02 1.373907e+01 6.109055e+00 2.848606e+00 1.647919e+00 6.501899e-01
<VARIANCE> 6
 1.878372e+04 2.288653e+02 4.304023e+01 6.821984e+00 2.352170e+00 7.726517e-01
<GCONST> 3.258084e+01
<TRANSP> 5
 0.000000e+00 1.000000e+00 0.000000e+00 0.000000e+00 0.000000e+00
 0.000000e+00 7.955185e-01 2.044815e-01 0.000000e+00 0.000000e+00
 0.000000e+00 0.000000e+00 5.928436e-01 4.071564e-01 0.000000e+00
 0.000000e+00 0.000000e+00 0.000000e+00 8.231192e-01 1.768808e-01
 0.000000e+00 0.000000e+00 0.000000e+00 0.000000e+00 0.000000e+00
<ENDHMM>
