~o
<STREAMINFO> 1 6
<VECSIZE> 6<NULLD><MFCC><DIAGC>
~h "bg_dark_0_0"
<BEGINHMM>
<NUMSTATES> 5
<STATE> 2
<MEAN> 6
 2.194504e+02 1.608864e+01 8.040431e+00 4.262126e+00 2.987664e+00 1.783347e+00
<VARIANCE> 6
 1.240884e+04 6.837089e+02 5.536565e+01 1.197309e+01 3.233827e+00 2.653621e+00
<GCONST> 3.562717e+01
<STATE> 3
<MEAN> 6
 2.008679e+02 3.478290e+01 1.093203e+01 8.693423e+00 4.057008e+00 1.828081e+00
<VARIANCE> 6
 1.085147e+04 2.523367e+03 7.400877e+01 1.420964e+02 7.208724e+00 2.148033e+00
<GCONST> 4.015320e+01
<STATE> 4
<MEAN> 6
 1.603574e+02 9.936530e+00 1.066815e+01 2.950316e+00 2.879819e+00 9.022526e-01
<VARIANCE> 6
 5.788872e+03 1.341414e+02 9.688751e+01 4.629098e+00 2.918446e+00 4.241264e-01
<GCONST> 3.090909e+01
<TRANSP> 5
 0.000000e+00 1.000000e+00 0.000000e+00 0.000000e+00 0.000000e+00
 0.000000e+00 7.074444e-01 2.925556e-01 0.000000e+00 0.000000e+00
 0.000000e+00 0.000000e+00 3.720857e-01 6.279144e-01 0.000000e+00
 0.000000e+00 0.000000e+00 0.000000e+00 8.569236e-01 1.430764e-01
 0.000000e+00 0.000000e+00 0.000000e+00 0.000000e+00 0.000000e+00
<ENDHMM>
