~o
<STREAMINFO> 1 6
<VECSIZE> 6<NULLD><MFCC><DIAGC>
~h "bg_dark_0_5"
<BEGINHMM>
<NUMSTATES> 5
<STATE> 2
<MEAN> 6
 1.232740e+02 1.607644e+01 1.091413e+01 4.492296e+00 4.191107e+00 1.422464e+00
<VARIANCE> 6
 3.979461e+03 2.963292e+02 1.115120e+02 1.250705e+01 1.067986e+01 1.835526e+00
<GCONST> 3.522375e+01
<STATE> 3
<MEAN> 6
 9.818252e+01 1.234415e+01 1.160905e+01 3.380353e+00 3.383337e+00 1.413836e+00
<VARIANCE> 6
 2.155446e+03 1.738290e+02 2.359786e+02 1.064101e+01 1.138247e+01 3.544597e+00
<GCONST> 3.538704e+01
<STATE> 4
<MEAN> 6
 9.465881e+01 6.544815e+00 5.048618e+00 1.636110e+00 1.386845e+00 4.841474e-01
<VARIANCE> 6
 2.480602e+03 6.345726e+01 3.320270e+01 2.128890e+00 2.357776e+00 3.301262e-01
<GCONST> 2.700156e+01
<TRANSP> 5
 0.000000e+00 1.000000e+00 0.000000e+00 0.000000e+00 0.000000e+00
 0.000000e+00 7.418721e-01 2.581279e-01 0.000000e+00 0.000000e+00
 0.000000e+00 0.000000e+00 1.033942e-01 8.966058e-01 0.000000e+00
 0.000000e+00 0.000000e+00 0.000000e+00 8.573596e-01 1.426404e-01
 0.000000e+00 0.000000e+00 0.000000e+00 0.000000e+00 0.000000e+00
<ENDHMM>
