~o
<STREAMINFO> 1 6
<VECSIZE> 6<NULLD><MFCC><DIAGC>
~h "bg_dark_0_3"
<BEGINHMM>
<NUMSTATES> 5
<STATE> 2
<MEAN> 6
 1.369688e+02 1.252848e+01 9.419392e+00 3.672882e+00 3.066299e+00 1.282200e+00
<VARIANCE> 6
 1.147587e+04 1.492229e+02 9.000890e+01 7.623108e+00 5.141071e+00 1.618138e+00
<GCONST> 3.403034e+01
<STATE> 3
<MEAN> 6
 1.980553e+02 3.677256e+01 1.457882e+01 7.818745e+00 4.930245e+00 2.292710e+00
<VARIANCE> 6
 1.413961e+04 1.363666e+03 1.612357e+02 3.294764e+01 1.571015e+01 5.189919e+00
<GCONST> 4.078074e+01
<STATE> 4
<MEAN> 6
 1.683572e+02 9.907559e+00 7.135403e+00 2.484774e+00 2.412585e+00 8.753189e-01
<VARIANCE> 6
 1.518009e+04 1.354399e+02 4.606766e+01 5.214664e+00 3.462870e+00 7.368174e-01
<GCONST> 3.198180e+01
<TRANSP> 5
 0.000000e+00 1.000000e+00 0.000000e+00 0.000000e+00 0.000000e+00
 0.000000e+00 7.577807e-01 2.422192e-01 0.000000e+00 0.000000e+00
 0.000000e+00 0.000000e+00 5.135440e-01 4.864561e-01 0.000000e+00
 0.000000e+00 0.000000e+00 0.000000e+00 8.280553e-01 1.719447e-01
 0.000000e+00 0.000000e+00 0.000000e+00 0.000000e+00 0.000000e+00
<ENDHMM>
