~o
<STREAMINFO> 1 6
<VECSIZE> 6<NULLD><MFCC><DIAGC>
~h "bg_red_0_0"
<BEGINHMM>
<NUMSTATES> 5
<STATE> 2
<MEAN> 6
 3.602989e+02 8.482553e+00 5.456606e+00 4.258884e+00 3.293773e+00 2.634813e+00
<VARIANCE> 6
 6.968447e+03 1.306629e+02 3.124239e+01 2.110297e+01 4.630027e+00 8.068110e+00
<GCONST> 3.486070e+01
<STATE> 3
<MEAN> 6
 4.511003e+02 3.192681e+01 9.010109e+00 1.155339e+01 3.319571e+00 2.889516e+00
<VARIANCE> 6
 3.613178e+04 1.479031e+03 2.037691e+02 1.121864e+02 2.069599e+01 1.100415e+01
<GCONST> 4.428669e+01
<STATE> 4
<MEAN> 6
 3.154528e+02 7.543272e+00 2.980531e+00 2.490275e+00 1.507390e+00 9.904816e-01
<VARIANCE> 6
 1.869564e+04 2.113443e+02 9.373793e+00 9.255208e+00 2.557224e+00 2.308909e+00
<GCONST> 3.245560e+01
<TRANSP> 5
 0.000000e+00 1.000000e+00 0.000000e+00 0.000000e+00 0.000000e+00
 0.000000e+00 7.900986e-01 2.099013e-01 0.000000e+00 0.000000e+00
 0.000000e+00 0.000000e+00 5.066537e-01 4.933463e-01 0.000000e+00
 0.000000e+00 0.000000e+00 0.000000e+00 8.080202e-01 1.919798e-01
 0.000000e+00 0.000000e+00 0.000000e+00 0.000000e+00 0.000000e+00
<ENDHMM>
