~o
<STREAMINFO> 1 6
<VECSIZE> 6<NULLD><MFCC><DIAGC>
~h "bg_red_0_5"
<BEGINHMM>
<NUMSTATES> 5
<STATE> 2
<MEAN> 6
 2.522699e+02 8.905671e+00 3.705033e+00 3.022019e+00 1.167063e+00 7.314309e-01
<VARIANCE> 6
 6.523121e+03 3.412376e+02 1.221231e+01 2.118406e+01 9.694645e-01 7.342762e-01
<GCONST> 3.085876e+01
<STATE> 3
<MEAN> 6
 3.803444e+02 6.736294e+01 1.040607e+01 1.938235e+01 3.272754e+00 2.537625e+00
<VARIANCE> 6
 3.332136e+04 6.794151e+03 1.750102e+02 5.553857e+02 1.591910e+01 1.165055e+01
<GCONST> 4.697242e+01
<STATE> 4
<MEAN> 6
 4.057086e+02 7.998436e+00 5.206392e+00 3.607805e+00 2.044520e+00 1.639729e+00
<VARIANCE> 6
 5.077030e+04 2.380545e+02 4.861073e+01 7.518802e+01 4.943661e+00 5.715647e+00
<GCONST> 3.887998e+01
<TRANSP> 5
 0.000000e+00 1.000000e+00 0.000000e+00 0.000000e+00 0.000000e+00
 0.000000e+00 8.782586e-01 1.217413e-01 0.000000e+00 0.000000e+00
 0.000000e+00 0.000000e+00 3.600988e-01 6.399012e-01 0.000000e+00
 0.000000e+00 0.000000e+00 0.000000e+00 5.501823e-01 4.498177e-01
 0.000000e+00 0.000000e+00 0.000000e+00 0.000000e+00 0.000000e+00
<ENDHMM>
