~o
<STREAMINFO> 1 6
<VECSIZE> 6<NULLD><MFCC><DIAGC>
~h "bg_red_0_2"
<BEGINHMM>
<NUMSTATES> 5
<STATE> 2
<MEAN> 6
 3.362457e+02 6.586998e+00 2.730484e+00 3.632264e+00 2.022252e+00 2.533094e+00
<VARIANCE> 6
 4.715788e+03 3.063813e+02 6.720613e+00 1.507503e+01 1.722345e+00 7.210648e+00
<GCONST> 3.234823e+01
<STATE> 3
<MEAN> 6
 4.416741e+02 3.314762e+01 3.828933e+00 1.412577e+01 2.251743e+00 1.835714e+00
<VARIANCE> 6
 3.387762e+04 3.278729e+03 1.253291e+01 4.474283e+02 2.356927e+00 5.897010e+00
<GCONST> 4.081666e+01
<STATE> 4
<MEAN> 6
 3.290680e+02 4.974834e+00 2.237565e+00 1.622992e+00 8.539034e-01 3.982296e-01
<VARIANCE> 6
 3.672948e+03 1.781313e+02 3.890631e+00 7.511205e+00 7.118780e-01 4.269429e-01
<GCONST> 2.660255e+01
<TRANSP> 5
 0.000000e+00 1.000000e+00 0.000000e+00 0.000000e+00 0.000000e+00
 0.000000e+00 6.153176e-01 3.846824e-01 0.000000e+00 0.000000e+00
 0.000000e+00 0.000000e+00 3.853245e-01 6.146755e-01 0.000000e+00
 0.000000e+00 0.000000e+00 0.000000e+00 8.860214e-01 1.139786e-01
 0.000000e+00 0.000000e+00 0.000000e+00 0.000000e+00 0.000000e+00
<ENDHMM>
