~o
<STREAMINFO> 1 6
<VECSIZE> 6<NULLD><MFCC><DIAGC>
~h "bg_red_0_1"
<BEGINHMM>
<NUMSTATES> 5
<STATE> 2
<MEAN> 6
 3.356711e+02 6.988055e+00 4.173620e+00 4.267491e+00 2.962315e+00 3.511965e+00
<VARIANCE> 6
 8.679579e+03 2.005409e+02 1.820803e+01 1.243874e+01 4.100586e+00 1.038495e+01
<GCONST> 3.457118e+01
<STATE> 3
<MEAN> 6
 4.515332e+02 3.573330e+01 6.913908e+00 1.102716e+01 5.491117e+00 4.735404e+00
<VARIANCE> 6
 3.821966e+04 2.004893e+03 5.473021e+01 1.094076e+02 9.139375e+01 4.523605e+01
<GCONST> 4.620628e+01
<STATE> 4
<MEAN> 6
 3.344461e+02 4.718565e+00 2.336394e+00 1.843605e+00 1.035840e+00 4.916412e-01
<VARIANCE> 6
 5.178259e+03 1.242336e+02 3.581766e+00 6.737965e+00 9.153387e-01 3.722197e-01
<GCONST> 2.650853e+01
<TRANSP> 5
 0.000000e+00 1.000000e+00 0.000000e+00 0.000000e+00 0.000000e+00
 0.000000e+00 7.242302e-01 2.757697e-01 0.000000e+00 0.000000e+00
 0.000000e+00 0.000000e+00 4.895053e-01 5.104947e-01 0.000000e+00
 0.000000e+00 0.000000e+00 0.000000e+00 8.651364e-01 1.348636e-01
 0.000000e+00 0.000000e+00 0.000000e+00 0.000000e+00 0.000000e+00
<ENDHMM>
