~o
<STREAMINFO> 1 6
<VECSIZE> 6<NULLD><MFCC><DIAGC>
~h "bg_red_0_3"
<BEGINHMM>
<NUMSTATES> 5
<STATE> 2
<MEAN> 6
 3.155697e+02 1.031340e+01 2.300124e+00 3.497557e+00 1.560083e+00 1.060097e+00
<VARIANCE> 6
 5.842541e+03 5.352272e+02 4.234271e+00 2.089978e+01 1.828174e+00 2.010725e+00
<GCONST> 3.176764e+01
<STATE> 3
<MEAN> 6
 4.636344e+02 3.964721e+01 3.862332e+00 1.268713e+01 1.493779e+00 8.760462e-01
<VARIANCE> 6
 4.422029e+04 5.529269e+03 1.115470e+01 4.671445e+02 1.965097e+00 9.315121e-01
<GCONST> 3.950510e+01
<STATE> 4
<MEAN> 6
 3.115153e+02 4.984565e+00 1.715678e+00 1.443560e+00 8.023935e-01 3.846280e-01
<VARIANCE> 6
 5.036138e+03 2.154626e+01 1.786884e+00 2.796325e+00 5.518717e-01 2.674623e-01
<GCONST> 2.231742e+01
<TRANSP> 5
 0.000000e+00 1.000000e+00 0.000000e+00 0.000000e+00 0.000000e+00
 0.000000e+00 6.912852e-01 3.087148e-01 0.000000e+00 0.000000e+00
 0.000000e+00 0.000000e+00 3.400518e-01 6.599482e-01 0.000000e+00
 0.000000e+00 0.000000e+00 0.000000e+00 8.619832e-01 1.380168e-01
 0.000000e+00 0.000000e+00 0.000000e+00 0.000000e+00 0.000000e+00
<ENDHMM>
