~o
<STREAMINFO> 1 6
<VECSIZE> 6<NULLD><MFCC><DIAGC>
~h "bg_red_0"
<BEGINHMM>
<NUMSTATES> 5
<STATE> 2
<MEAN> 6
 3.424142e+02 9.867795e+00 3.879115e+00 4.615671e+00 2.624564e+00 2.707026e+00
<VARIANCE> 6
 5.608255e+03 2.934636e+02 2.041503e+01 2.941703e+01 3.895145e+00 8.411744e+00
<GCONST> 3.522821e+01
<STATE> 3
<MEAN> 6
 5.565054e+02 7.810984e+01 8.333985e+00 2.423398e+01 3.825440e+00 3.267048e+00
<VARIANCE> 6
 3.764112e+04 6.144370e+03 1.336957e+02 5.029618e+02 5.198731e+01 2.569304e+01
<GCONST> 4.859971e+01
<STATE> 4
<MEAN> 6
 3.062772e+02 5.953221e+00 2.900264e+00 2.031736e+00 1.048302e+00 5.152740e-01
<VARIANCE> 6
 1.238501e+04 6.165155e+01 1.350652e+01 8.791929e+00 1.317506e+00 5.306692e-01
<GCONST> 2.899213e+01
<TRANSP> 5
 0.000000e+00 1.000000e+00 0.000000e+00 0.000000e+00 0.000000e+00
 0.000000e+00 9.413171e-01 5.868288e-02 0.000000e+00 0.000000e+00
 0.000000e+00 0.000000e+00 7.847236e-01 2.152764e-01 0.000000e+00
 0.000000e+00 0.000000e+00 0.000000e+00 9.793021e-01 2.069791e-02
 0.000000e+00 0.000000e+00 0.000000e+00 0.000000e+00 0.000000e+00
<ENDHMM>
