~o
<STREAMINFO> 1 6
<VECSIZE> 6<NULLD><MFCC><DIAGC>
~h "bg_red_0_4"
<BEGINHMM>
<NUMSTATES> 5
<STATE> 2
<MEAN> 6
 2.841343e+02 4.904422e+00 1.853862e+00 1.412775e+00 7.167563e-01 3.527018e-01
<VARIANCE> 6
 5.058183e+03 2.608123e+01 2.220929e+00 3.047396e+00 3.692609e-01 2.267652e-01
<GCONST> 2.224936e+01
<STATE> 3
<MEAN> 6
 4.589004e+02 3.632415e+01 2.834014e+00 1.163596e+01 7.993126e-01 8.595470e-01
<VARIANCE> 6
 5.201378e+04 3.291722e+03 7.406758e+00 3.314240e+02 3.439749e-01 2.218390e+00
<GCONST> 3.752108e+01
<STATE> 4
<MEAN> 6
 2.642140e+02 1.306753e+01 5.043991e+00 4.237234e+00 1.489729e+00 1.131009e+00
<VARIANCE> 6
 8.886270e+03 6.785426e+02 2.656025e+01 4.090333e+01 1.268820e+00 2.571816e+00
<GCONST> 3.481280e+01
<TRANSP> 5
 0.000000e+00 1.000000e+00 0.000000e+00 0.000000e+00 0.000000e+00
 0.000000e+00 8.635827e-01 1.364173e-01 0.000000e+00 0.000000e+00
 0.000000e+00 0.000000e+00 5.309424e-01 4.690576e-01 0.000000e+00
 0.000000e+00 0.000000e+00 0.000000e+00 7.173238e-01 2.826761e-01
 0.000000e+00 0.000000e+00 0.000000e+00 0.000000e+00 0.000000e+00
<ENDHMM>
