~o
<STREAMINFO> 1 6
<VECSIZE> 6<NULLD><MFCC><DIAGC>
~h "bg_white_0_4"
<BEGINHMM>
<NUMSTATES> 5
<STATE> 2
<MEAN> 6
 6.947731e+02 1.629708e+01 7.905515e+00 7.066731e+00 5.861257e+00 4.283524e+00
<VARIANCE> 6
 2.763688e+04 6.320146e+02 2.021841e+02 7.976463e+01 7.532616e+01 3.844880e+01
<GCONST> 4.536250e+01
<STATE> 3
<MEAN> 6
 6.948956e+02 4.727987e+01 1.990132e+01 1.681656e+01 1.674442e+01 1.208713e+01
<VARIANCE> 6
 6.027480e+03 1.678029e+03 4.010083e+02 1.292732e+02 1.957906e+02 1.064032e+02
<GCONST> 4.795691e+01
<STATE> 4
<MEAN> 6
 7.536714e+02 4.523612e+00 2.432452e+00 2.021629e+00 1.927762e+00 1.498003e+00
<VARIANCE> 6
 3.389306e+03 1.755450e+02 3.594336e+01 1.573026e+01 2.689926e+01 1.171896e+01
<GCONST> 3.641438e+01
<TRANSP> 5
 0.000000e+00 1.000000e+00 0.000000e+00 0.000000e+00 0.000000e+00
 0.000000e+00 5.690245e-01 4.309755e-01 0.000000e+00 0.000000e+00
 0.000000e+00 0.000000e+00 7.370302e-01 2.629698e-01 0.000000e+00
 0.000000e+00 0.000000e+00 0.000000e+00 8.545869e-01 1.454130e-01
 0.000000e+00 0.000000e+00 0.000000e+00 0.000000e+00 0.000000e+00
<ENDHMM>
