~o
<STREAMINFO> 1 6
<VECSIZE> 6<NULLD><MFCC><DIAGC>
~h "bg_white_0_3"
<BEGINHMM>
<NUMSTATES> 5
<STATE> 2
<MEAN> 6
 7.115045e+02 3.149504e+01 1.131396e+01 1.121318e+01 1.063130e+01 7.412330e+00
<VARIANCE> 6
 1.341923e+04 1.107748e+03 1.770959e+02 8.186897e+01 1.090304e+02 4.514886e+01
<GCONST> 4.562520e+01
<STATE> 3
<MEAN> 6
 6.840263e+02 4.950117e+01 2.229992e+01 1.903612e+01 1.943654e+01 1.421734e+01
<VARIANCE> 6
 7.252301e+03 2.249661e+03 4.833082e+02 1.665206e+02 2.409810e+02 1.425752e+02
<GCONST> 4.937523e+01
<STATE> 4
<MEAN> 6
 7.578403e+02 7.894301e+00 4.111411e+00 3.761433e+00 3.179338e+00 2.524189e+00
<VARIANCE> 6
 2.299696e+03 2.576286e+02 9.287898e+01 3.464786e+01 3.644473e+01 1.955303e+01
<GCONST> 3.896478e+01
<TRANSP> 5
 0.000000e+00 1.000000e+00 0.000000e+00 0.000000e+00 0.000000e+00
 0.000000e+00 6.849506e-01 3.150494e-01 0.000000e+00 0.000000e+00
 0.000000e+00 0.000000e+00 6.681692e-01 3.318308e-01 0.000000e+00
 0.000000e+00 0.000000e+00 0.000000e+00 8.279514e-01 1.720486e-01
 0.000000e+00 0.000000e+00 0.000000e+00 0.000000e+00 0.000000e+00
<ENDHMM>
