~o
<STREAMINFO> 1 6
<VECSIZE> 6<NULLD><MFCC><DIAGC>
~h "bg_white_0"
<BEGINHMM>
<NUMSTATES> 5
<STATE> 2
<MEAN> 6
 7.585035e+02 2.736998e+00 4.704660e+00 1.300002e+00 1.701465e+00 8.876168e-01
<VARIANCE> 6
 3.959244e+03 3.051089e+01 3.742484e+02 3.655725e+00 1.860656e+01 2.438665e+00
<GCONST> 3.376533e+01
<STATE> 3
<MEAN> 6
 7.098736e+02 4.366135e+01 1.769195e+01 1.584763e+01 1.579307e+01 1.139174e+01
<VARIANCE> 6
 5.701139e+03 1.774611e+03 4.088317e+02 1.313863e+02 1.954507e+02 1.008818e+02
<GCONST> 4.793772e+01
<STATE> 4
<MEAN> 6
 6.782030e+02 4.210377e+00 7.098326e+00 1.927011e+00 2.612299e+00 1.182900e+00
<VARIANCE> 6
 3.666098e+04 6.539508e+01 7.221943e+02 9.317575e+00 3.504389e+01 4.873812e+00
<GCONST> 3.967186e+01
<TRANSP> 5
 0.000000e+00 1.000000e+00 0.000000e+00 0.000000e+00 0.000000e+00
 0.000000e+00 9.484278e-01 5.157219e-02 0.000000e+00 0.000000e+00
 0.000000e+00 0.000000e+00 9.668630e-01 3.313695e-02 0.000000e+00
 0.000000e+00 0.000000e+00 0.000000e+00 9.510570e-01 4.894304e-02
 0.000000e+00 0.000000e+00 0.000000e+00 0.000000e+00 0.000000e+00
<ENDHMM>
