~o
<STREAMINFO> 1 6
<VECSIZE> 6<NULLD><MFCC><DIAGC>
~h "bg_white_0_1"
<BEGINHMM>
<NUMSTATES> 5
<STATE> 2
<MEAN> 6
 7.504064e+02 3.022987e+01 1.035537e+01 1.065899e+01 9.630329e+00 6.940316e+00
<VARIANCE> 6
 2.770329e+03 1.053682e+03 1.720870e+02 8.786844e+01 1.043911e+02 4.619745e+01
<GCONST> 4.401894e+01
<STATE> 3
<MEAN> 6
 6.876940e+02 5.992688e+01 2.127517e+01 1.925218e+01 1.992406e+01 1.401555e+01
<VARIANCE> 6
 5.265526e+03 2.202119e+03 4.502637e+02 1.475198e+02 2.204782e+02 1.175227e+02
<GCONST> 4.855960e+01
<STATE> 4
<MEAN> 6
 7.578584e+02 8.238496e+00 3.966450e+00 3.735102e+00 3.474962e+00 2.872432e+00
<VARIANCE> 6
 6.323585e+03 3.460350e+02 6.704783e+01 3.673499e+01 4.849846e+01 2.618529e+01
<GCONST> 4.058171e+01
<TRANSP> 5
 0.000000e+00 1.000000e+00 0.000000e+00 0.000000e+00 0.000000e+00
 0.000000e+00 6.790339e-01 3.209662e-01 0.000000e+00 0.000000e+00
 0.000000e+00 0.000000e+00 7.493109e-01 2.506891e-01 0.000000e+00
 0.000000e+00 0.000000e+00 0.000000e+00 8.303761e-01 1.696239e-01
 0.000000e+00 0.000000e+00 0.000000e+00 0.000000e+00 0.000000e+00
<ENDHMM>
