~o
<STREAMINFO> 1 6
<VECSIZE> 6<NULLD><MFCC><DIAGC>
~h "bg_white_0_5"
<BEGINHMM>
<NUMSTATES> 5
<STATE> 2
<MEAN> 6
 7.590997e+02 4.817660e+00 3.473050e+00 1.951296e+00 2.464167e+00 1.418787e+00
<VARIANCE> 6
 3.630829e+03 2.289320e+02 5.288606e+01 1.957178e+01 3.436900e+01 1.373024e+01
<GCONST> 3.775689e+01
<STATE> 3
<MEAN> 6
 6.366064e+02 3.669137e+01 5.092694e+01 1.381438e+01 2.186493e+01 1.034756e+01
<VARIANCE> 6
 2.154438e+04 2.099341e+03 4.367272e+03 1.937002e+02 2.733020e+02 1.369164e+02
<GCONST> 5.283266e+01
<STATE> 4
<MEAN> 6
 4.493474e+02 6.393876e+00 6.196657e+00 2.436403e+00 2.474713e+00 1.013873e+00
<VARIANCE> 6
 5.499210e+04 1.638091e+02 4.106658e+02 1.862211e+01 3.091410e+01 8.354909e+00
<GCONST> 4.153710e+01
<TRANSP> 5
 0.000000e+00 1.000000e+00 0.000000e+00 0.000000e+00 0.000000e+00
 0.000000e+00 8.255849e-01 1.744151e-01 0.000000e+00 0.000000e+00
 0.000000e+00 0.000000e+00 5.453888e-01 4.546112e-01 0.000000e+00
 0.000000e+00 0.000000e+00 0.000000e+00 7.541111e-01 2.458889e-01
 0.000000e+00 0.000000e+00 0.000000e+00 0.000000e+00 0.000000e+00
<ENDHMM>
