~o
<STREAMINFO> 1 6
<VECSIZE> 6<NULLD><MFCC><DIAGC>
~h "bg_white_0_2"
<BEGINHMM>
<NUMSTATES> 5
<STATE> 2
<MEAN> 6
 7.155566e+02 2.084006e+01 9.009564e+00 8.639542e+00 8.155590e+00 6.197559e+00
<VARIANCE> 6
 1.970510e+04 8.232953e+02 1.670633e+02 7.651834e+01 1.062394e+02 5.343168e+01
<GCONST> 4.572922e+01
<STATE> 3
<MEAN> 6
 6.874697e+02 5.403028e+01 2.270194e+01 1.902965e+01 1.921275e+01 1.392851e+01
<VARIANCE> 6
 4.965756e+03 1.939372e+03 5.119160e+02 1.452927e+02 2.178606e+02 1.220310e+02
<GCONST> 4.851275e+01
<STATE> 4
<MEAN> 6
 7.602153e+02 1.041443e+01 4.664857e+00 4.694896e+00 4.307368e+00 3.348287e+00
<VARIANCE> 6
 2.194956e+03 3.921780e+02 7.536914e+01 4.062170e+01 5.023547e+01 2.551590e+01
<GCONST> 3.987562e+01
<TRANSP> 5
 0.000000e+00 1.000000e+00 0.000000e+00 0.000000e+00 0.000000e+00
 0.000000e+00 5.934351e-01 4.065650e-01 0.000000e+00 0.000000e+00
 0.000000e+00 0.000000e+00 7.672106e-01 2.327894e-01 0.000000e+00
 0.000000e+00 0.000000e+00 0.000000e+00 8.398626e-01 1.601373e-01
 0.000000e+00 0.000000e+00 0.000000e+00 0.000000e+00 0.000000e+00
<ENDHMM>
