~o
<STREAMINFO> 1 6
<VECSIZE> 6<NULLD><MFCC><DIAGC>
~h "bg_white_0_0"
<BEGINHMM>
<NUMSTATES> 5
<STATE> 2
<MEAN> 6
 7.490814e+02 2.288382e+00 9.320168e+00 9.620005e-01 2.413665e+00 5.094395e-01
<VARIANCE> 6
 8.848179e+03 5.316296e+01 9.172315e+02 3.725615e+00 4.022265e+01 7.481211e-01
<GCONST> 3.562943e+01
<STATE> 3
<MEAN> 6
 7.026273e+02 4.330482e+01 2.091325e+01 1.483329e+01 1.698078e+01 1.176786e+01
<VARIANCE> 6
 7.193021e+03 2.189975e+03 6.884084e+02 1.513000e+02 2.462459e+02 1.340829e+02
<GCONST> 4.955821e+01
<STATE> 4
<MEAN> 6
 7.487830e+02 2.286827e+01 7.860930e+00 9.080528e+00 7.791773e+00 5.983842e+00
<VARIANCE> 6
 3.269979e+03 1.083442e+03 1.426675e+02 1.064688e+02 1.091239e+02 5.086091e+01
<GCONST> 4.435765e+01
<TRANSP> 5
 0.000000e+00 1.000000e+00 0.000000e+00 0.000000e+00 0.000000e+00
 0.000000e+00 8.656057e-01 1.343943e-01 0.000000e+00 0.000000e+00
 0.000000e+00 0.000000e+00 5.419680e-01 4.580320e-01 0.000000e+00
 0.000000e+00 0.000000e+00 0.000000e+00 5.791171e-01 4.208829e-01
 0.000000e+00 0.000000e+00 0.000000e+00 0.000000e+00 0.000000e+00
<ENDHMM>
