~o
<STREAMINFO> 1 6
<VECSIZE> 6<NULLD><MFCC><DIAGC>
~h "fp_key_3"
<BEGINHMM>
<NUMSTATES> 5
<STATE> 2
<MEAN> 6
 4.102556e+02 8.346651e+01 1.529150e+01 1.835447e+01 4.955625e+00 2.678716e+00
<VARIANCE> 6
 3.718142e+04 4.277215e+03 9.712935e+02 1.925977e+02 5.516813e+01 1.389648e+01
<GCONST> 4.869313e+01
<STATE> 3
<MEAN> 6
 3.908385e+02 7.453528e+01 6.854092e+01 2.070951e+01 2.436358e+01 8.437317e+00
<VARIANCE> 6
 3.732880e+04 4.689760e+03 5.011453e+03 2.864442e+02 4.009854e+02 5.143431e+01
<GCONST> 5.411917e+01
<STATE> 4
<MEAN> 6
 2.203199e+02 1.784209e+01 5.509616e+00 4.548144e+00 2.469730e+00 1.284397e+00
<VARIANCE> 6
 1.592846e+04 9.990500e+02 8.343745e+01 3.986996e+01 1.117408e+01 2.786863e+00
<GCONST> 3.915816e+01
<TRANSP> 5
 0.000000e+00 1.000000e+00 0.000000e+00 0.000000e+00 0.000000e+00
 0.000000e+00 7.190468e-01 2.809533e-01 0.000000e+00 0.000000e+00
 0.000000e+00 0.000000e+00 5.908852e-01 4.091148e-01 0.000000e+00
 0.000000e+00 0.000000e+00 0.000000e+00 8.332330e-01 1.667670e-01
 0.000000e+00 0.000000e+00 0.000000e+00 0.000000e+00 0.000000e+00
<ENDHMM>
