~o
<STREAMINFO> 1 6
<VECSIZE> 6<NULLD><MFCC><DIAGC>
~h "fp_key_1"
<BEGINHMM>
<NUMSTATES> 5
<STATE> 2
<MEAN> 6
 1.472531e+02 1.309722e+01 4.972480e+00 3.230213e+00 1.915310e+00 8.368101e-01
<VARIANCE> 6
 1.040383e+04 8.554687e+02 1.542033e+02 3.324061e+01 1.738063e+01 2.177644e+00
<GCONST> 3.920448e+01
<STATE> 3
<MEAN> 6
 3.436064e+02 6.481863e+01 6.746756e+01 2.113315e+01 2.125653e+01 7.878323e+00
<VARIANCE> 6
 3.603149e+04 3.760421e+03 5.506716e+03 3.421779e+02 3.251421e+02 5.695523e+01
<GCONST> 5.402728e+01
<STATE> 4
<MEAN> 6
 3.753022e+02 8.867139e+01 1.351033e+01 1.733472e+01 5.245625e+00 2.418467e+00
<VARIANCE> 6
 4.127057e+04 4.715708e+03 5.677084e+02 1.540221e+02 7.706258e+01 1.129864e+01
<GCONST> 4.826183e+01
<TRANSP> 5
 0.000000e+00 1.000000e+00 0.000000e+00 0.000000e+00 0.000000e+00
 0.000000e+00 8.585249e-01 1.414752e-01 0.000000e+00 0.000000e+00
 0.000000e+00 0.000000e+00 5.586604e-01 4.413396e-01 0.000000e+00
 0.000000e+00 0.000000e+00 0.000000e+00 7.272077e-01 2.727923e-01
 0.000000e+00 0.000000e+00 0.000000e+00 0.000000e+00 0.000000e+00
<ENDHMM>
