~o
<STREAMINFO> 1 6
<VECSIZE> 6<NULLD><MFCC><DIAGC>
~h "fp_key_5"
<BEGINHMM>
<NUMSTATES> 5
<STATE> 2
<MEAN> 6
 4.181990e+02 5.723797e+01 1.554787e+01 1.193106e+01 4.507831e+00 2.399664e+00
<VARIANCE> 6
 3.913566e+04 3.262536e+03 7.749475e+02 1.177997e+02 4.233234e+01 9.422337e+00
<GCONST> 4.710273e+01
<STATE> 3
<MEAN> 6
 4.423522e+02 3.892564e+01 3.889609e+01 1.147890e+01 1.171917e+01 5.146278e+00
<VARIANCE> 6
 3.148295e+04 3.038531e+03 3.362930e+03 2.195910e+02 2.389830e+02 4.289350e+01
<GCONST> 5.215104e+01
<STATE> 4
<MEAN> 6
 3.746082e+02 4.101231e+00 7.427011e+00 1.055791e+00 1.644284e+00 4.467083e-01
<VARIANCE> 6
 1.061941e+04 5.396868e+01 2.616402e+02 1.341754e+00 7.868832e+00 4.381786e-01
<GCONST> 3.138484e+01
<TRANSP> 5
 0.000000e+00 1.000000e+00 0.000000e+00 0.000000e+00 0.000000e+00
 0.000000e+00 5.720227e-01 4.279773e-01 0.000000e+00 0.000000e+00
 0.000000e+00 0.000000e+00 2.087999e-01 7.912001e-01 0.000000e+00
 0.000000e+00 0.000000e+00 0.000000e+00 8.809457e-01 1.190543e-01
 0.000000e+00 0.000000e+00 0.000000e+00 0.000000e+00 0.000000e+00
<ENDHMM>
