~o
<STREAMINFO> 1 6
<VECSIZE> 6<NULLD><MFCC><DIAGC>
~h "fp_key_0"
<BEGINHMM>
<NUMSTATES> 5
<STATE> 2
<MEAN> 6
 1.757832e+02 1.405528e+01 4.599121e+00 3.169671e+00 1.402484e+00 5.357765e-01
<VARIANCE> 6
 8.574225e+03 8.102531e+02 1.315671e+02 3.250799e+01 2.331026e+00 3.268607e-01
<GCONST> 3.487022e+01
<STATE> 3
<MEAN> 6
 3.010987e+02 6.456227e+01 4.304186e+01 1.580846e+01 1.528800e+01 5.115941e+00
<VARIANCE> 6
 3.046746e+04 3.894206e+03 2.543851e+03 1.475604e+02 2.231922e+02 2.327417e+01
<GCONST> 5.100998e+01
<STATE> 4
<MEAN> 6
 3.948902e+02 8.283899e+01 7.676356e+00 1.553597e+01 2.521145e+00 1.310389e+00
<VARIANCE> 6
 5.928629e+04 5.218491e+03 2.216743e+02 1.681109e+02 2.182064e+01 2.838250e+00
<GCONST> 4.522923e+01
<TRANSP> 5
 0.000000e+00 1.000000e+00 0.000000e+00 0.000000e+00 0.000000e+00
 0.000000e+00 8.161418e-01 1.838583e-01 0.000000e+00 0.000000e+00
 0.000000e+00 0.000000e+00 5.090368e-01 4.909632e-01 0.000000e+00
 0.000000e+00 0.000000e+00 0.000000e+00 7.789671e-01 2.210328e-01
 0.000000e+00 0.000000e+00 0.000000e+00 0.000000e+00 0.000000e+00
<ENDHMM>
