~o
<STREAMINFO> 1 6
<VECSIZE> 6<NULLD><MFCC><DIAGC>
~h "fp_key_4"
<BEGINHMM>
<NUMSTATES> 5
<STATE> 2
<MEAN> 6
 2.840462e+02 1.891811e+01 5.820557e+00 4.832577e+00 2.387996e+00 1.293655e+00
<VARIANCE> 6
 1.725396e+04 1.103606e+03 8.536047e+01 4.073559e+01 1.074030e+01 2.845939e+00
<GCONST> 3.936328e+01
<STATE> 3
<MEAN> 6
 4.920426e+02 7.671160e+01 5.833803e+01 2.042123e+01 2.017927e+01 8.038952e+00
<VARIANCE> 6
 3.210762e+04 3.796142e+03 3.518682e+03 2.179352e+02 2.677152e+02 4.572246e+01
<GCONST> 5.260840e+01
<STATE> 4
<MEAN> 6
 4.694034e+02 6.402845e+01 1.382100e+01 1.254661e+01 3.846689e+00 2.121252e+00
<VARIANCE> 6
 3.614464e+04 3.302139e+03 5.334884e+02 9.904902e+01 2.836056e+01 6.728000e+00
<GCONST> 4.575120e+01
<TRANSP> 5
 0.000000e+00 1.000000e+00 0.000000e+00 0.000000e+00 0.000000e+00
 0.000000e+00 8.314149e-01 1.685850e-01 0.000000e+00 0.000000e+00
 0.000000e+00 0.000000e+00 5.899944e-01 4.100056e-01 0.000000e+00
 0.000000e+00 0.000000e+00 0.000000e+00 7.839839e-01 2.160161e-01
 0.000000e+00 0.000000e+00 0.000000e+00 0.000000e+00 0.000000e+00
<ENDHMM>
