~o
<STREAMINFO> 1 6
<VECSIZE> 6<NULLD><MFCC><DIAGC>
~h "fp_key"
<BEGINHMM>
<NUMSTATES> 5
<STATE> 2
<MEAN> 6
 1.538153e+02 1.509203e+01 4.482282e+00 3.219744e+00 1.575557e+00 6.994920e-01
<VARIANCE> 6
 6.218336e+03 5.783627e+02 7.114290e+01 1.994061e+01 2.590387e+00 7.891917e-01
<GCONST> 3.409523e+01
<STATE> 3
<MEAN> 6
 3.760163e+02 6.783056e+01 2.729848e+01 1.564918e+01 9.419909e+00 3.806806e+00
<VARIANCE> 6
 4.261629e+04 4.241989e+03 2.274821e+03 1.933797e+02 1.950542e+02 2.733728e+01
<GCONST> 5.161588e+01
<STATE> 4
<MEAN> 6
 2.927266e+02 3.946641e+00 5.270942e+00 1.273950e+00 1.481996e+00 5.646986e-01
<VARIANCE> 6
 1.871141e+04 3.226634e+01 1.316072e+02 1.360057e+00 4.397192e+00 6.413546e-01
<GCONST> 3.056232e+01
<TRANSP> 5
 0.000000e+00 1.000000e+00 0.000000e+00 0.000000e+00 0.000000e+00
 0.000000e+00 9.289951e-01 7.100495e-02 0.000000e+00 0.000000e+00
 0.000000e+00 0.000000e+00 9.738816e-01 2.611843e-02 0.000000e+00
 0.000000e+00 0.000000e+00 0.000000e+00 9.432762e-01 5.672380e-02
 0.000000e+00 0.000000e+00 0.000000e+00 0.000000e+00 0.000000e+00
<ENDHMM>
