~o
<STREAMINFO> 1 6
<VECSIZE> 6<NULLD><MFCC><DIAGC>
~h "fp_key_2"
<BEGINHMM>
<NUMSTATES> 5
<STATE> 2
<MEAN> 6
 2.703407e+02 5.048232e+01 9.668272e+00 1.097632e+01 4.387358e+00 1.939031e+00
<VARIANCE> 6
 2.799020e+04 3.468533e+03 4.404377e+02 1.179392e+02 6.526134e+01 9.731236e+00
<GCONST> 4.673004e+01
<STATE> 3
<MEAN> 6
 3.908283e+02 8.611742e+01 5.725519e+01 2.186522e+01 2.020308e+01 6.657009e+00
<VARIANCE> 6
 3.745675e+04 5.017783e+03 4.491820e+03 3.236370e+02 3.826464e+02 5.455603e+01
<GCONST> 5.421492e+01
<STATE> 4
<MEAN> 6
 1.745307e+02 1.761751e+01 8.610847e+00 4.958561e+00 3.058293e+00 1.553081e+00
<VARIANCE> 6
 1.871600e+04 1.221071e+03 6.486015e+02 8.349786e+01 3.649436e+01 8.654589e+00
<GCONST> 4.462676e+01
<TRANSP> 5
 0.000000e+00 1.000000e+00 0.000000e+00 0.000000e+00 0.000000e+00
 0.000000e+00 7.581760e-01 2.418240e-01 0.000000e+00 0.000000e+00
 0.000000e+00 0.000000e+00 6.602656e-01 3.397345e-01 0.000000e+00
 0.000000e+00 0.000000e+00 0.000000e+00 8.311178e-01 1.688822e-01
 0.000000e+00 0.000000e+00 0.000000e+00 0.000000e+00 0.000000e+00
<ENDHMM>
