~o
<STREAMINFO> 1 6
<VECSIZE> 6<NULLD><MFCC><DIAGC>
~h "fp_logo_3"
<BEGINHMM>
<NUMSTATES> 5
<STATE> 2
<MEAN> 6
 1.996541e+02 2.606414e+01 1.392315e+01 8.075321e+00 4.756323e+00 2.018457e+00
<VARIANCE> 6
 1.311619e+04 1.840976e+03 1.384798e+03 1.347305e+02 9.375432e+01 7.960577e+00
<GCONST> 4.677868e+01
<STATE> 3
<MEAN> 6
 3.147062e+02 6.321985e+01 3.346722e+01 1.447685e+01 9.894489e+00 5.564448e+00
<VARIANCE> 6
 3.300198e+04 7.169133e+03 3.920630e+03 2.958567e+02 2.208337e+02 5.120083e+01
<GCONST> 5.360617e+01
<STATE> 4
<MEAN> 6
 2.093198e+02 6.788646e+00 3.720196e+00 2.806030e+00 1.701498e+00 7.207599e-01
<VARIANCE> 6
 7.503784e+03 1.927717e+02 8.564445e+00 1.412278e+01 1.489460e+00 6.773066e-01
<GCONST> 3.001612e+01
<TRANSP> 5
 0.000000e+00 1.000000e+00 0.000000e+00 0.000000e+00 0.000000e+00
 0.000000e+00 3.320815e-01 6.679185e-01 0.000000e+00 0.000000e+00
 0.000000e+00 0.000000e+00 4.787457e-01 5.212543e-01 0.000000e+00
 0.000000e+00 0.000000e+00 0.000000e+00 8.835091e-01 1.164909e-01
 0.000000e+00 0.000000e+00 0.000000e+00 0.000000e+00 0.000000e+00
<ENDHMM>
