~o
<STREAMINFO> 1 6
<VECSIZE> 6<NULLD><MFCC><DIAGC>
~h "fp_logo_0"
<BEGINHMM>
<NUMSTATES> 5
<STATE> 2
<MEAN> 6
 1.316086e+02 1.029634e+01 3.677673e+00 3.815466e+00 1.637008e+00 6.594616e-01
<VARIANCE> 6
 1.149903e+03 2.727523e+02 1.909013e+01 2.026206e+01 1.628794e+00 2.881250e-01
<GCONST> 2.888466e+01
<STATE> 3
<MEAN> 6
 1.779012e+02 4.512268e+01 5.411885e+00 1.008947e+01 2.779664e+00 1.553592e+00
<VARIANCE> 6
 1.192978e+04 6.977299e+03 3.867731e+01 1.631928e+02 5.424365e+00 2.460985e+00
<GCONST> 4.060612e+01
<STATE> 4
<MEAN> 6
 1.251603e+02 4.327242e+00 2.741266e+00 1.669113e+00 1.107452e+00 4.052847e-01
<VARIANCE> 6
 1.806812e+03 1.173683e+02 5.850671e+00 8.678545e+00 9.495693e-01 1.388296e-01
<GCONST> 2.519305e+01
<TRANSP> 5
 0.000000e+00 1.000000e+00 0.000000e+00 0.000000e+00 0.000000e+00
 0.000000e+00 6.803693e-01 3.196307e-01 0.000000e+00 0.000000e+00
 0.000000e+00 0.000000e+00 4.042107e-01 5.957894e-01 0.000000e+00
 0.000000e+00 0.000000e+00 0.000000e+00 8.609749e-01 1.390251e-01
 0.000000e+00 0.000000e+00 0.000000e+00 0.000000e+00 0.000000e+00
<ENDHMM>
