~o
<STREAMINFO> 1 6
<VECSIZE> 6<NULLD><MFCC><DIAGC>
~h "fp_logo_2"
<BEGINHMM>
<NUMSTATES> 5
<STATE> 2
<MEAN> 6
 2.097551e+02 3.081023e+01 2.879718e+01 9.087454e+00 8.019488e+00 3.173206e+00
<VARIANCE> 6
 2.149170e+04 3.825106e+03 3.363305e+03 1.635281e+02 1.682844e+02 2.274980e+01
<GCONST> 5.071990e+01
<STATE> 3
<MEAN> 6
 3.676620e+02 6.934274e+01 7.243220e+01 1.940056e+01 2.020015e+01 7.782158e+00
<VARIANCE> 6
 3.938025e+04 5.815253e+03 7.071609e+03 4.116878e+02 3.176952e+02 5.417413e+01
<GCONST> 5.491393e+01
<STATE> 4
<MEAN> 6
 1.644393e+02 8.873392e+00 5.302167e+00 3.925845e+00 2.270290e+00 1.183276e+00
<VARIANCE> 6
 5.742707e+03 3.997098e+02 2.784832e+02 3.690858e+01 2.041521e+01 3.321337e+00
<GCONST> 3.912814e+01
<TRANSP> 5
 0.000000e+00 1.000000e+00 0.000000e+00 0.000000e+00 0.000000e+00
 0.000000e+00 1.566512e-01 8.433488e-01 0.000000e+00 0.000000e+00
 0.000000e+00 0.000000e+00 7.227710e-01 2.772290e-01 0.000000e+00
 0.000000e+00 0.000000e+00 0.000000e+00 8.781546e-01 1.218453e-01
 0.000000e+00 0.000000e+00 0.000000e+00 0.000000e+00 0.000000e+00
<ENDHMM>
