~o
<STREAMINFO> 1 6
<VECSIZE> 6<NULLD><MFCC><DIAGC>
~h "fp_logo_1"
<BEGINHMM>
<NUMSTATES> 5
<STATE> 2
<MEAN> 6
 1.348411e+02 5.506507e+00 3.316790e+00 2.458397e+00 1.789557e+00 9.311371e-01
<VARIANCE> 6
 2.506909e+03 1.227146e+02 1.082700e+01 1.097969e+01 2.434161e+00 1.456998e+00
<GCONST> 2.970800e+01
<STATE> 3
<MEAN> 6
 3.519649e+02 7.310452e+01 5.489192e+01 2.051337e+01 1.635226e+01 6.416383e+00
<VARIANCE> 6
 5.028713e+04 5.863906e+03 5.487433e+03 3.559207e+02 3.038930e+02 4.193264e+01
<GCONST> 5.446701e+01
<STATE> 4
<MEAN> 6
 1.943781e+02 2.833850e+01 2.100745e+01 1.003838e+01 6.632534e+00 2.734208e+00
<VARIANCE> 6
 1.482882e+04 2.452316e+03 2.149324e+03 1.204384e+02 1.146548e+02 1.518002e+01
<GCONST> 4.836233e+01
<TRANSP> 5
 0.000000e+00 1.000000e+00 0.000000e+00 0.000000e+00 0.000000e+00
 0.000000e+00 8.855491e-01 1.144509e-01 0.000000e+00 0.000000e+00
 0.000000e+00 0.000000e+00 5.632576e-01 4.367424e-01 0.000000e+00
 0.000000e+00 0.000000e+00 0.000000e+00 4.931457e-01 5.068543e-01
 0.000000e+00 0.000000e+00 0.000000e+00 0.000000e+00 0.000000e+00
<ENDHMM>
