~o
<STREAMINFO> 1 6
<VECSIZE> 6<NULLD><MFCC><DIAGC>
~h "fp_logo_4"
<BEGINHMM>
<NUMSTATES> 5
<STATE> 2
<MEAN> 6
 2.349293e+02 1.766550e+01 6.042680e+00 6.068112e+00 2.461466e+00 1.154633e+00
<VARIANCE> 6
 5.599205e+03 7.245629e+02 3.727370e+01 4.301755e+01 2.304081e+00 1.010056e+00
<GCONST> 3.446780e+01
<STATE> 3
<MEAN> 6
 3.524453e+02 3.101169e+01 1.783815e+01 1.009403e+01 4.620904e+00 2.183939e+00
<VARIANCE> 6
 5.256403e+04 2.881952e+03 1.102268e+03 1.920582e+02 4.782670e+01 7.762002e+00
<GCONST> 4.804302e+01
<STATE> 4
<MEAN> 6
 2.903502e+02 4.027114e+00 4.083294e+00 1.816944e+00 2.003339e+00 6.745453e-01
<VARIANCE> 6
 6.348406e+03 1.588529e+01 1.627124e+01 1.878006e+00 2.059880e+00 3.849668e-01
<GCONST> 2.573628e+01
<TRANSP> 5
 0.000000e+00 1.000000e+00 0.000000e+00 0.000000e+00 0.000000e+00
 0.000000e+00 5.609383e-01 4.390618e-01 0.000000e+00 0.000000e+00
 0.000000e+00 0.000000e+00 3.561653e-01 6.438347e-01 0.000000e+00
 0.000000e+00 0.000000e+00 0.000000e+00 8.909395e-01 1.090605e-01
 0.000000e+00 0.000000e+00 0.000000e+00 0.000000e+00 0.000000e+00
<ENDHMM>
