~o
<STREAMINFO> 1 6
<VECSIZE> 6<NULLD><MFCC><DIAGC>
~h "fp_logo_5"
<BEGINHMM>
<NUMSTATES> 5
<STATE> 2
<MEAN> 6
 3.066645e+02 7.041722e+00 4.395558e+00 3.896573e+00 2.320672e+00 9.709954e-01
<VARIANCE> 6
 6.675271e+03 7.969830e+01 4.657460e+01 1.881112e+01 4.001564e+00 1.176046e+00
<GCONST> 3.253602e+01
<STATE> 3
<MEAN> 6
 3.200034e+02 5.885586e+00 6.913919e+00 2.730629e+00 2.698449e+00 1.595457e+00
<VARIANCE> 6
 6.905035e+03 5.872878e+01 2.675574e+02 1.007533e+01 6.911223e+00 9.348171e+00
<GCONST> 3.600795e+01
<STATE> 4
<MEAN> 6
 3.647009e+02 2.752218e+00 3.152648e+00 1.302019e+00 1.322355e+00 4.673690e-01
<VARIANCE> 6
 8.950016e+03 8.170523e+00 6.476692e+00 1.759143e+00 1.057562e+00 1.957264e-01
<GCONST> 2.308517e+01
<TRANSP> 5
 0.000000e+00 1.000000e+00 0.000000e+00 0.000000e+00 0.000000e+00
 0.000000e+00 3.132894e-01 6.867105e-01 0.000000e+00 0.000000e+00
 0.000000e+00 0.000000e+00 9.561373e-02 9.043863e-01 0.000000e+00
 0.000000e+00 0.000000e+00 0.000000e+00 8.940460e-01 1.059540e-01
 0.000000e+00 0.000000e+00 0.000000e+00 0.000000e+00 0.000000e+00
<ENDHMM>
