~o
<STREAMINFO> 1 6
<VECSIZE> 6<NULLD><MFCC><DIAGC>
~h "fp_logo"
<BEGINHMM>
<NUMSTATES> 5
<STATE> 2
<MEAN> 6
 1.423227e+02 1.134671e+01 3.827417e+00 4.854587e+00 2.074319e+00 1.127862e+00
<VARIANCE> 6
 2.412484e+03 3.042873e+02 1.679133e+01 3.057767e+01 3.228271e+00 2.049653e+00
<GCONST> 3.266439e+01
<STATE> 3
<MEAN> 6
 3.768240e+02 7.552261e+01 5.815107e+01 1.974510e+01 1.641688e+01 6.906092e+00
<VARIANCE> 6
 4.236519e+04 6.735738e+03 5.710852e+03 3.590078e+02 2.878908e+02 4.463856e+01
<GCONST> 5.449118e+01
<STATE> 4
<MEAN> 6
 2.520996e+02 3.377563e+00 3.396969e+00 1.556690e+00 1.527062e+00 5.555704e-01
<VARIANCE> 6
 1.306098e+04 8.370455e+00 8.960720e+00 1.365715e+00 1.325611e+00 2.917336e-01
<GCONST> 2.418384e+01
<TRANSP> 5
 0.000000e+00 1.000000e+00 0.000000e+00 0.000000e+00 0.000000e+00
 0.000000e+00 9.529940e-01 4.700594e-02 0.000000e+00 0.000000e+00
 0.000000e+00 0.000000e+00 8.912181e-01 1.087820e-01 0.000000e+00
 0.000000e+00 0.000000e+00 0.000000e+00 9.747049e-01 2.529507e-02
 0.000000e+00 0.000000e+00 0.000000e+00 0.000000e+00 0.000000e+00
<ENDHMM>
