~o
<STREAMINFO> 1 6
<VECSIZE> 6<NULLD><MFCC><DIAGC>
~h "fp_screen_3"
<BEGINHMM>
<NUMSTATES> 5
<STATE> 2
<MEAN> 6
 3.912573e+02 4.004571e+01 1.832936e+01 9.659617e+00 6.220346e+00 2.953434e+00
<VARIANCE> 6
 3.003379e+04 1.937541e+03 1.474306e+03 1.070953e+02 1.161003e+02 2.119980e+01
<GCONST> 4.868463e+01
<STATE> 3
<MEAN> 6
 5.275854e+02 7.778287e+01 3.737884e+01 1.643643e+01 1.467196e+01 6.646591e+00
<VARIANCE> 6
 4.315907e+04 6.063759e+03 3.131272e+03 1.860648e+02 2.529484e+02 4.844806e+01
<GCONST> 5.309896e+01
<STATE> 4
<MEAN> 6
 3.431234e+02 9.074203e+00 4.248352e+00 2.642303e+00 1.880623e+00 9.282284e-01
<VARIANCE> 6
 7.812532e+03 2.307654e+02 2.119277e+01 1.137957e+01 3.596014e+00 1.497263e+00
<GCONST> 3.260109e+01
<TRANSP> 5
 0.000000e+00 1.000000e+00 0.000000e+00 0.000000e+00 0.000000e+00
 0.000000e+00 4.461628e-01 5.538372e-01 0.000000e+00 0.000000e+00
 0.000000e+00 0.000000e+00 5.377514e-01 4.622486e-01 0.000000e+00
 0.000000e+00 0.000000e+00 0.000000e+00 8.754837e-01 1.245163e-01
 0.000000e+00 0.000000e+00 0.000000e+00 0.000000e+00 0.000000e+00
<ENDHMM>
