~o
<STREAMINFO> 1 6
<VECSIZE> 6<NULLD><MFCC><DIAGC>
~h "fp_screen_5"
<BEGINHMM>
<NUMSTATES> 5
<STATE> 2
<MEAN> 6
 2.970069e+02 6.468098e+00 1.011896e+01 3.228010e+00 4.329856e+00 1.646989e+00
<VARIANCE> 6
 7.858974e+03 5.474738e+01 2.028378e+02 7.913075e+00 1.538272e+01 2.098519e+00
<GCONST> 3.485480e+01
<STATE> 3
<MEAN> 6
 3.563447e+02 2.174719e+01 3.278771e+01 6.482109e+00 9.174203e+00 2.906504e+00
<VARIANCE> 6
 2.092932e+04 1.941410e+03 1.056970e+03 8.546462e+01 9.237353e+01 1.748955e+01
<GCONST> 4.734604e+01
<STATE> 4
<MEAN> 6
 4.224991e+02 2.644212e+00 3.585574e+00 1.190042e+00 1.197286e+00 4.436629e-01
<VARIANCE> 6
 1.585418e+04 6.730506e+00 1.087810e+01 9.582014e-01 1.341289e+00 3.159335e-01
<GCONST> 2.409056e+01
<TRANSP> 5
 0.000000e+00 1.000000e+00 0.000000e+00 0.000000e+00 0.000000e+00
 0.000000e+00 7.331106e-01 2.668894e-01 0.000000e+00 0.000000e+00
 0.000000e+00 0.000000e+00 2.509992e-01 7.490008e-01 0.000000e+00
 0.000000e+00 0.000000e+00 0.000000e+00 8.554499e-01 1.445501e-01
 0.000000e+00 0.000000e+00 0.000000e+00 0.000000e+00 0.000000e+00
<ENDHMM>
