~o
<STREAMINFO> 1 6
<VECSIZE> 6<NULLD><MFCC><DIAGC>
~h "fp_screen_0"
<BEGINHMM>
<NUMSTATES> 5
<STATE> 2
<MEAN> 6
 2.474000e+02 8.228531e+00 2.189506e+01 2.941232e+00 7.353168e+00 1.547908e+00
<VARIANCE> 6
 2.650291e+04 2.668571e+02 6.952336e+02 1.245498e+01 6.424881e+01 3.985134e+00
<GCONST> 4.141069e+01
<STATE> 3
<MEAN> 6
 4.830001e+02 4.538377e+01 3.830611e+01 1.238346e+01 1.264887e+01 5.480317e+00
<VARIANCE> 6
 4.484817e+04 1.984107e+03 1.525265e+03 1.265480e+02 1.217962e+02 4.263402e+01
<GCONST> 5.005677e+01
<STATE> 4
<MEAN> 6
 3.869330e+02 7.483423e+00 3.673245e+00 2.403756e+00 1.443477e+00 7.567260e-01
<VARIANCE> 6
 2.233100e+04 1.903829e+02 7.349787e+01 1.531082e+01 7.530334e+00 2.620205e+00
<GCONST> 3.629804e+01
<TRANSP> 5
 0.000000e+00 1.000000e+00 0.000000e+00 0.000000e+00 0.000000e+00
 0.000000e+00 6.070088e-01 3.929912e-01 0.000000e+00 0.000000e+00
 0.000000e+00 0.000000e+00 5.190142e-01 4.809858e-01 0.000000e+00
 0.000000e+00 0.000000e+00 0.000000e+00 8.644316e-01 1.355684e-01
 0.000000e+00 0.000000e+00 0.000000e+00 0.000000e+00 0.000000e+00
<ENDHMM>
