~o
<STREAMINFO> 1 6
<VECSIZE> 6<NULLD><MFCC><DIAGC>
~h "fp_screen_1"
<BEGINHMM>
<NUMSTATES> 5
<STATE> 2
<MEAN> 6
 3.952650e+02 1.877113e+01 5.306466e+00 5.170388e+00 2.251972e+00 1.544142e+00
<VARIANCE> 6
 3.161313e+04 7.080880e+02 1.794018e+02 4.571786e+01 1.813467e+01 7.941988e+00
<GCONST> 4.193327e+01
<STATE> 3
<MEAN> 6
 4.992660e+02 4.555950e+01 2.269041e+01 1.706064e+01 8.029721e+00 4.553607e+00
<VARIANCE> 6
 3.181119e+04 2.681144e+03 1.337316e+03 3.124901e+02 1.048283e+02 3.905960e+01
<GCONST> 5.054924e+01
<STATE> 4
<MEAN> 6
 3.819436e+02 8.138513e+00 4.306812e+00 2.433655e+00 1.747582e+00 7.452888e-01
<VARIANCE> 6
 1.386095e+04 2.624707e+02 1.440391e+02 1.891319e+01 8.244781e+00 1.805662e+00
<GCONST> 3.674469e+01
<TRANSP> 5
 0.000000e+00 1.000000e+00 0.000000e+00 0.000000e+00 0.000000e+00
 0.000000e+00 6.391742e-01 3.608258e-01 0.000000e+00 0.000000e+00
 0.000000e+00 0.000000e+00 4.934804e-01 5.065196e-01 0.000000e+00
 0.000000e+00 0.000000e+00 0.000000e+00 8.788514e-01 1.211487e-01
 0.000000e+00 0.000000e+00 0.000000e+00 0.000000e+00 0.000000e+00
<ENDHMM>
