~o
<STREAMINFO> 1 6
<VECSIZE> 6<NULLD><MFCC><DIAGC>
~h "fp_screen"
<BEGINHMM>
<NUMSTATES> 5
<STATE> 2
<MEAN> 6
 3.150834e+02 1.187369e+01 7.849930e+00 3.628368e+00 3.088962e+00 1.184983e+00
<VARIANCE> 6
 2.525940e+04 2.667798e+02 2.485629e+02 1.797659e+01 2.019801e+01 2.708818e+00
<GCONST> 3.915750e+01
<STATE> 3
<MEAN> 6
 5.450491e+02 6.349677e+01 3.404690e+01 1.723691e+01 1.270974e+01 6.008355e+00
<VARIANCE> 6
 3.239533e+04 4.082405e+03 2.241897e+03 2.085302e+02 2.058856e+02 4.544401e+01
<GCONST> 5.192644e+01
<STATE> 4
<MEAN> 6
 3.618060e+02 5.153408e+00 6.139059e+00 1.897084e+00 2.079512e+00 8.131393e-01
<VARIANCE> 6
 9.806841e+03 2.966404e+01 1.052756e+02 3.071998e+00 6.236917e+00 1.022719e+00
<GCONST> 3.123989e+01
<TRANSP> 5
 0.000000e+00 1.000000e+00 0.000000e+00 0.000000e+00 0.000000e+00
 0.000000e+00 9.464352e-01 5.356480e-02 0.000000e+00 0.000000e+00
 0.000000e+00 0.000000e+00 9.201174e-01 7.988257e-02 0.000000e+00
 0.000000e+00 0.000000e+00 0.000000e+00 9.742352e-01 2.576480e-02
 0.000000e+00 0.000000e+00 0.000000e+00 0.000000e+00 0.000000e+00
<ENDHMM>
