~o
<STREAMINFO> 1 6
<VECSIZE> 6<NULLD><MFCC><DIAGC>
~h "fp_screen_2"
<BEGINHMM>
<NUMSTATES> 5
<STATE> 2
<MEAN> 6
 3.467264e+02 1.160268e+01 8.210319e+00 3.195913e+00 3.053303e+00 1.095855e+00
<VARIANCE> 6
 1.536795e+04 3.991064e+02 2.921524e+02 2.247257e+01 1.652026e+01 2.559997e+00
<GCONST> 3.919070e+01
<STATE> 3
<MEAN> 6
 5.815143e+02 7.755475e+01 3.988301e+01 2.133160e+01 1.684522e+01 7.813384e+00
<VARIANCE> 6
 3.781056e+04 5.380917e+03 2.593153e+03 2.429150e+02 2.895527e+02 5.956687e+01
<GCONST> 5.326700e+01
<STATE> 4
<MEAN> 6
 4.470732e+02 3.330799e+01 1.909701e+01 1.016543e+01 6.801223e+00 3.643702e+00
<VARIANCE> 6
 2.407834e+04 1.586669e+03 1.380608e+03 1.186125e+02 1.068710e+02 2.051519e+01
<GCONST> 4.818465e+01
<TRANSP> 5
 0.000000e+00 1.000000e+00 0.000000e+00 0.000000e+00 0.000000e+00
 0.000000e+00 8.696486e-01 1.303514e-01 0.000000e+00 0.000000e+00
 0.000000e+00 0.000000e+00 6.913698e-01 3.086302e-01 0.000000e+00
 0.000000e+00 0.000000e+00 0.000000e+00 5.211425e-01 4.788575e-01
 0.000000e+00 0.000000e+00 0.000000e+00 0.000000e+00 0.000000e+00
<ENDHMM>
