~o
<STREAMINFO> 1 6
<VECSIZE> 6<NULLD><MFCC><DIAGC>
~h "fp_screen_4"
<BEGINHMM>
<NUMSTATES> 5
<STATE> 2
<MEAN> 6
 3.450900e+02 1.551392e+01 6.646828e+00 5.113551e+00 2.783163e+00 1.509511e+00
<VARIANCE> 6
 1.131156e+04 7.275001e+02 5.989936e+01 3.458101e+01 7.513619e+00 3.522574e+00
<GCONST> 3.786234e+01
<STATE> 3
<MEAN> 6
 4.407944e+02 3.019707e+01 2.720502e+01 9.870668e+00 8.175409e+00 3.694176e+00
<VARIANCE> 6
 3.677092e+04 2.362314e+03 2.147181e+03 1.373824e+02 1.363245e+02 1.970019e+01
<GCONST> 4.979747e+01
<STATE> 4
<MEAN> 6
 3.087133e+02 5.724924e+00 8.959893e+00 2.194025e+00 2.558717e+00 8.626416e-01
<VARIANCE> 6
 8.655418e+03 3.385054e+01 1.543182e+02 4.320975e+00 6.989804e+00 6.444671e-01
<GCONST> 3.162278e+01
<TRANSP> 5
 0.000000e+00 1.000000e+00 0.000000e+00 0.000000e+00 0.000000e+00
 0.000000e+00 5.725334e-01 4.274666e-01 0.000000e+00 0.000000e+00
 0.000000e+00 0.000000e+00 3.307584e-01 6.692416e-01 0.000000e+00
 0.000000e+00 0.000000e+00 0.000000e+00 8.909060e-01 1.090939e-01
 0.000000e+00 0.000000e+00 0.000000e+00 0.000000e+00 0.000000e+00
<ENDHMM>
