~o
<STREAMINFO> 1 6
<VECSIZE> 6<NULLD><MFCC><DIAGC>
~h "bg_red_0"
<BEGINHMM>
<NUMSTATES> 5
<STATE> 2
<MEAN> 6
 3.424142e+02 9.867795e+00 3.879115e+00 4.615671e+00 2.624564e+00 2.707026e+00
<VARIANCE> 6
 5.608255e+03 2.934636e+02 2.041503e+01 2.941703e+01 3.895145e+00 8.411744e+00
<GCONST> 3.522821e+01
<STATE> 3
<MEAN> 6
 5.565054e+02 7.810984e+01 8.333985e+00 2.423398e+01 3.825440e+00 3.267048e+00
<VARIANCE> 6
 3.764112e+04 6.144370e+03 1.336957e+02 5.029618e+02 5.198731e+01 2.569304e+01
<GCONST> 4.859971e+01
<STATE> 4
<MEAN> 6
 3.062772e+02 5.953221e+00 2.900264e+00 2.031736e+00 1.048302e+00 5.152740e-01
<VARIANCE> 6
 1.238501e+04 6.165155e+01 1.350652e+01 8.791929e+00 1.317506e+00 5.306692e-01
<GCONST> 2.899213e+01
<TRANSP> 5
 0.000000e+00 1.000000e+00 0.000000e+00 0.000000e+00 0.000000e+00
 0.000000e+00 9.413171e-01 5.868288e-02 0.000000e+00 0.000000e+00
 0.000000e+00 0.000000e+00 7.847236e-01 2.152764e-01 0.000000e+00
 0.000000e+00 0.000000e+00 0.000000e+00 9.793021e-01 2.069791e-02
 0.000000e+00 0.000000e+00 0.000000e+00 0.000000e+00 0.000000e+00
<ENDHMM>
~h "bg_red_0_0"
<BEGINHMM>
<NUMSTATES> 5
<STATE> 2
<MEAN> 6
 3.602989e+02 8.482553e+00 5.456606e+00 4.258884e+00 3.293773e+00 2.634813e+00
<VARIANCE> 6
 6.968447e+03 1.306629e+02 3.124239e+01 2.110297e+01 4.630027e+00 8.068110e+00
<GCONST> 3.486070e+01
<STATE> 3
<MEAN> 6
 4.511003e+02 3.192681e+01 9.010109e+00 1.155339e+01 3.319571e+00 2.889516e+00
<VARIANCE> 6
 3.613178e+04 1.479031e+03 2.037691e+02 1.121864e+02 2.069599e+01 1.100415e+01
<GCONST> 4.428669e+01
<STATE> 4
<MEAN> 6
 3.154528e+02 7.543272e+00 2.980531e+00 2.490275e+00 1.507390e+00 9.904816e-01
<VARIANCE> 6
 1.869564e+04 2.113443e+02 9.373793e+00 9.255208e+00 2.557224e+00 2.308909e+00
<GCONST> 3.245560e+01
<TRANSP> 5
 0.000000e+00 1.000000e+00 0.000000e+00 0.000000e+00 0.000000e+00
 0.000000e+00 7.900986e-01 2.099013e-01 0.000000e+00 0.000000e+00
 0.000000e+00 0.000000e+00 5.066537e-01 4.933463e-01 0.000000e+00
 0.000000e+00 0.000000e+00 0.000000e+00 8.080202e-01 1.919798e-01
 0.000000e+00 0.000000e+00 0.000000e+00 0.000000e+00 0.000000e+00
<ENDHMM>
~h "bg_red_0_1"
<BEGINHMM>
<NUMSTATES> 5
<STATE> 2
<MEAN> 6
 3.356711e+02 6.988055e+00 4.173620e+00 4.267491e+00 2.962315e+00 3.511965e+00
<VARIANCE> 6
 8.679579e+03 2.005409e+02 1.820803e+01 1.243874e+01 4.100586e+00 1.038495e+01
<GCONST> 3.457118e+01
<STATE> 3
<MEAN> 6
 4.515332e+02 3.573330e+01 6.913908e+00 1.102716e+01 5.491117e+00 4.735404e+00
<VARIANCE> 6
 3.821966e+04 2.004893e+03 5.473021e+01 1.094076e+02 9.139375e+01 4.523605e+01
<GCONST> 4.620628e+01
<STATE> 4
<MEAN> 6
 3.344461e+02 4.718565e+00 2.336394e+00 1.843605e+00 1.035840e+00 4.916412e-01
<VARIANCE> 6
 5.178259e+03 1.242336e+02 3.581766e+00 6.737965e+00 9.153387e-01 3.722197e-01
<GCONST> 2.650853e+01
<TRANSP> 5
 0.000000e+00 1.000000e+00 0.000000e+00 0.000000e+00 0.000000e+00
 0.000000e+00 7.242302e-01 2.757697e-01 0.000000e+00 0.000000e+00
 0.000000e+00 0.000000e+00 4.895053e-01 5.104947e-01 0.000000e+00
 0.000000e+00 0.000000e+00 0.000000e+00 8.651364e-01 1.348636e-01
 0.000000e+00 0.000000e+00 0.000000e+00 0.000000e+00 0.000000e+00
<ENDHMM>
~h "bg_red_0_2"
<BEGINHMM>
<NUMSTATES> 5
<STATE> 2
<MEAN> 6
 3.362457e+02 6.586998e+00 2.730484e+00 3.632264e+00 2.022252e+00 2.533094e+00
<VARIANCE> 6
 4.715788e+03 3.063813e+02 6.720613e+00 1.507503e+01 1.722345e+00 7.210648e+00
<GCONST> 3.234823e+01
<STATE> 3
<MEAN> 6
 4.416741e+02 3.314762e+01 3.828933e+00 1.412577e+01 2.251743e+00 1.835714e+00
<VARIANCE> 6
 3.387762e+04 3.278729e+03 1.253291e+01 4.474283e+02 2.356927e+00 5.897010e+00
<GCONST> 4.081666e+01
<STATE> 4
<MEAN> 6
 3.290680e+02 4.974834e+00 2.237565e+00 1.622992e+00 8.539034e-01 3.982296e-01
<VARIANCE> 6
 3.672948e+03 1.781313e+02 3.890631e+00 7.511205e+00 7.118780e-01 4.269429e-01
<GCONST> 2.660255e+01
<TRANSP> 5
 0.000000e+00 1.000000e+00 0.000000e+00 0.000000e+00 0.000000e+00
 0.000000e+00 6.153176e-01 3.846824e-01 0.000000e+00 0.000000e+00
 0.000000e+00 0.000000e+00 3.853245e-01 6.146755e-01 0.000000e+00
 0.000000e+00 0.000000e+00 0.000000e+00 8.860214e-01 1.139786e-01
 0.000000e+00 0.000000e+00 0.000000e+00 0.000000e+00 0.000000e+00
<ENDHMM>
~h "bg_red_0_3"
<BEGINHMM>
<NUMSTATES> 5
<STATE> 2
<MEAN> 6
 3.155697e+02 1.031340e+01 2.300124e+00 3.497557e+00 1.560083e+00 1.060097e+00
<VARIANCE> 6
 5.842541e+03 5.352272e+02 4.234271e+00 2.089978e+01 1.828174e+00 2.010725e+00
<GCONST> 3.176764e+01
<STATE> 3
<MEAN> 6
 4.636344e+02 3.964721e+01 3.862332e+00 1.268713e+01 1.493779e+00 8.760462e-01
<VARIANCE> 6
 4.422029e+04 5.529269e+03 1.115470e+01 4.671445e+02 1.965097e+00 9.315121e-01
<GCONST> 3.950510e+01
<STATE> 4
<MEAN> 6
 3.115153e+02 4.984565e+00 1.715678e+00 1.443560e+00 8.023935e-01 3.846280e-01
<VARIANCE> 6
 5.036138e+03 2.154626e+01 1.786884e+00 2.796325e+00 5.518717e-01 2.674623e-01
<GCONST> 2.231742e+01
<TRANSP> 5
 0.000000e+00 1.000000e+00 0.000000e+00 0.000000e+00 0.000000e+00
 0.000000e+00 6.912852e-01 3.087148e-01 0.000000e+00 0.000000e+00
 0.000000e+00 0.000000e+00 3.400518e-01 6.599482e-01 0.000000e+00
 0.000000e+00 0.000000e+00 0.000000e+00 8.619832e-01 1.380168e-01
 0.000000e+00 0.000000e+00 0.000000e+00 0.000000e+00 0.000000e+00
<ENDHMM>
~h "bg_red_0_4"
<BEGINHMM>
<NUMSTATES> 5
<STATE> 2
<MEAN> 6
 2.841343e+02 4.904422e+00 1.853862e+00 1.412775e+00 7.167563e-01 3.527018e-01
<VARIANCE> 6
 5.058183e+03 2.608123e+01 2.220929e+00 3.047396e+00 3.692609e-01 2.267652e-01
<GCONST> 2.224936e+01
<STATE> 3
<MEAN> 6
 4.589004e+02 3.632415e+01 2.834014e+00 1.163596e+01 7.993126e-01 8.595470e-01
<VARIANCE> 6
 5.201378e+04 3.291722e+03 7.406758e+00 3.314240e+02 3.439749e-01 2.218390e+00
<GCONST> 3.752108e+01
<STATE> 4
<MEAN> 6
 2.642140e+02 1.306753e+01 5.043991e+00 4.237234e+00 1.489729e+00 1.131009e+00
<VARIANCE> 6
 8.886270e+03 6.785426e+02 2.656025e+01 4.090333e+01 1.268820e+00 2.571816e+00
<GCONST> 3.481280e+01
<TRANSP> 5
 0.000000e+00 1.000000e+00 0.000000e+00 0.000000e+00 0.000000e+00
 0.000000e+00 8.635827e-01 1.364173e-01 0.000000e+00 0.000000e+00
 0.000000e+00 0.000000e+00 5.309424e-01 4.690576e-01 0.000000e+00
 0.000000e+00 0.000000e+00 0.000000e+00 7.173238e-01 2.826761e-01
 0.000000e+00 0.000000e+00 0.000000e+00 0.000000e+00 0.000000e+00
<ENDHMM>
~h "bg_red_0_5"
<BEGINHMM>
<NUMSTATES> 5
<STATE> 2
<MEAN> 6
 2.522699e+02 8.905671e+00 3.705033e+00 3.022019e+00 1.167063e+00 7.314309e-01
<VARIANCE> 6
 6.523121e+03 3.412376e+02 1.221231e+01 2.118406e+01 9.694645e-01 7.342762e-01
<GCONST> 3.085876e+01
<STATE> 3
<MEAN> 6
 3.803444e+02 6.736294e+01 1.040607e+01 1.938235e+01 3.272754e+00 2.537625e+00
<VARIANCE> 6
 3.332136e+04 6.794151e+03 1.750102e+02 5.553857e+02 1.591910e+01 1.165055e+01
<GCONST> 4.697242e+01
<STATE> 4
<MEAN> 6
 4.057086e+02 7.998436e+00 5.206392e+00 3.607805e+00 2.044520e+00 1.639729e+00
<VARIANCE> 6
 5.077030e+04 2.380545e+02 4.861073e+01 7.518802e+01 4.943661e+00 5.715647e+00
<GCONST> 3.887998e+01
<TRANSP> 5
 0.000000e+00 1.000000e+00 0.000000e+00 0.000000e+00 0.000000e+00
 0.000000e+00 8.782586e-01 1.217413e-01 0.000000e+00 0.000000e+00
 0.000000e+00 0.000000e+00 3.600988e-01 6.399012e-01 0.000000e+00
 0.000000e+00 0.000000e+00 0.000000e+00 5.501823e-01 4.498177e-01
 0.000000e+00 0.000000e+00 0.000000e+00 0.000000e+00 0.000000e+00
<ENDHMM>
~h "bg_dark_0"
<BEGINHMM>
<NUMSTATES> 5
<STATE> 2
<MEAN> 6
 1.449601e+02 1.038794e+01 1.028096e+01 2.982636e+00 3.044061e+00 1.155995e+00
<VARIANCE> 6
 4.869598e+03 1.545927e+02 1.193625e+02 5.316664e+00 5.380339e+00 1.293479e+00
<GCONST> 3.295192e+01
<STATE> 3
<MEAN> 6
 2.499353e+02 2.811060e+01 1.064751e+01 6.519681e+00 3.906205e+00 1.915156e+00
<VARIANCE> 6
 2.116259e+04 9.002086e+02 1.295028e+02 3.571972e+01 1.029018e+01 3.351338e+00
<GCONST> 3.976983e+01
<STATE> 4
<MEAN> 6
 8.677018e+01 8.618202e+00 6.368331e+00 1.793072e+00 1.607256e+00 4.743495e-01
<VARIANCE> 6
 2.289511e+03 1.169440e+02 5.498520e+01 2.278439e+00 2.324959e+00 2.074131e-01
<GCONST> 2.762626e+01
<TRANSP> 5
 0.000000e+00 1.000000e+00 0.000000e+00 0.000000e+00 0.000000e+00
 0.000000e+00 9.741804e-01 2.581961e-02 0.000000e+00 0.000000e+00
 0.000000e+00 0.000000e+00 9.294416e-01 7.055837e-02 0.000000e+00
 0.000000e+00 0.000000e+00 0.000000e+00 9.415105e-01 5.848948e-02
 0.000000e+00 0.000000e+00 0.000000e+00 0.000000e+00 0.000000e+00
<ENDHMM>
~h "bg_dark_0_0"
<BEGINHMM>
<NUMSTATES> 5
<STATE> 2
<MEAN> 6
 2.194504e+02 1.608864e+01 8.040431e+00 4.262126e+00 2.987664e+00 1.783347e+00
<VARIANCE> 6
 1.240884e+04 6.837089e+02 5.536565e+01 1.197309e+01 3.233827e+00 2.653621e+00
<GCONST> 3.562717e+01
<STATE> 3
<MEAN> 6
 2.008679e+02 3.478290e+01 1.093203e+01 8.693423e+00 4.057008e+00 1.828081e+00
<VARIANCE> 6
 1.085147e+04 2.523367e+03 7.400877e+01 1.420964e+02 7.208724e+00 2.148033e+00
<GCONST> 4.015320e+01
<STATE> 4
<MEAN> 6
 1.603574e+02 9.936530e+00 1.066815e+01 2.950316e+00 2.879819e+00 9.022526e-01
<VARIANCE> 6
 5.788872e+03 1.341414e+02 9.688751e+01 4.629098e+00 2.918446e+00 4.241264e-01
<GCONST> 3.090909e+01
<TRANSP> 5
 0.000000e+00 1.000000e+00 0.000000e+00 0.000000e+00 0.000000e+00
 0.000000e+00 7.074444e-01 2.925556e-01 0.000000e+00 0.000000e+00
 0.000000e+00 0.000000e+00 3.720857e-01 6.279144e-01 0.000000e+00
 0.000000e+00 0.000000e+00 0.000000e+00 8.569236e-01 1.430764e-01
 0.000000e+00 0.000000e+00 0.000000e+00 0.000000e+00 0.000000e+00
<ENDHMM>
~h "bg_dark_0_1"
<BEGINHMM>
<NUMSTATES> 5
<STATE> 2
<MEAN> 6
 1.413845e+02 1.733694e+01 7.713542e+00 3.473684e+00 2.579629e+00 8.778501e-01
<VARIANCE> 6
 6.703596e+03 4.184323e+02 5.343356e+01 7.579680e+00 3.984657e+00 3.994326e-01
<GCONST> 3.234283e+01
<STATE> 3
<MEAN> 6
 2.035824e+02 2.108149e+01 1.730882e+01 6.392463e+00 4.367240e+00 2.109325e+00
<VARIANCE> 6
 1.138701e+04 3.535096e+02 3.124488e+02 2.316184e+01 6.890818e+00 1.847188e+00
<GCONST> 3.766620e+01
<STATE> 4
<MEAN> 6
 1.792205e+02 8.623606e+00 8.875404e+00 2.336664e+00 2.428908e+00 7.949537e-01
<VARIANCE> 6
 1.231123e+04 9.576554e+01 9.199919e+01 2.655042e+00 2.911608e+00 5.058196e-01
<GCONST> 3.089280e+01
<TRANSP> 5
 0.000000e+00 1.000000e+00 0.000000e+00 0.000000e+00 0.000000e+00
 0.000000e+00 7.598773e-01 2.401227e-01 0.000000e+00 0.000000e+00
 0.000000e+00 0.000000e+00 4.978026e-01 5.021974e-01 0.000000e+00
 0.000000e+00 0.000000e+00 0.000000e+00 8.538911e-01 1.461089e-01
 0.000000e+00 0.000000e+00 0.000000e+00 0.000000e+00 0.000000e+00
<ENDHMM>
~h "bg_dark_0_2"
<BEGINHMM>
<NUMSTATES> 5
<STATE> 2
<MEAN> 6
 1.419317e+02 9.628310e+00 1.014841e+01 2.733068e+00 3.376232e+00 1.162538e+00
<VARIANCE> 6
 5.842011e+03 1.200247e+02 1.074206e+02 3.159137e+00 5.727520e+00 1.111197e+00
<GCONST> 3.216556e+01
<STATE> 3
<MEAN> 6
 1.815669e+02 2.828535e+01 1.599457e+01 6.428529e+00 4.670644e+00 2.422879e+00
<VARIANCE> 6
 1.032968e+04 6.113642e+02 2.119423e+02 2.308505e+01 1.334276e+01 3.790731e+00
<GCONST> 3.910476e+01
<STATE> 4
<MEAN> 6
 1.761310e+02 1.373907e+01 6.109055e+00 2.848606e+00 1.647919e+00 6.501899e-01
<VARIANCE> 6
 1.878372e+04 2.288653e+02 4.304023e+01 6.821984e+00 2.352170e+00 7.726517e-01
<GCONST> 3.258084e+01
<TRANSP> 5
 0.000000e+00 1.000000e+00 0.000000e+00 0.000000e+00 0.000000e+00
 0.000000e+00 7.955185e-01 2.044815e-01 0.000000e+00 0.000000e+00
 0.000000e+00 0.000000e+00 5.928436e-01 4.071564e-01 0.000000e+00
 0.000000e+00 0.000000e+00 0.000000e+00 8.231192e-01 1.768808e-01
 0.000000e+00 0.000000e+00 0.000000e+00 0.000000e+00 0.000000e+00
<ENDHMM>
~h "bg_dark_0_3"
<BEGINHMM>
<NUMSTATES> 5
<STATE> 2
<MEAN> 6
 1.369688e+02 1.252848e+01 9.419392e+00 3.672882e+00 3.066299e+00 1.282200e+00
<VARIANCE> 6
 1.147587e+04 1.492229e+02 9.000890e+01 7.623108e+00 5.141071e+00 1.618138e+00
<GCONST> 3.403034e+01
<STATE> 3
<MEAN> 6
 1.980553e+02 3.677256e+01 1.457882e+01 7.818745e+00 4.930245e+00 2.292710e+00
<VARIANCE> 6
 1.413961e+04 1.363666e+03 1.612357e+02 3.294764e+01 1.571015e+01 5.189919e+00
<GCONST> 4.078074e+01
<STATE> 4
<MEAN> 6
 1.683572e+02 9.907559e+00 7.135403e+00 2.484774e+00 2.412585e+00 8.753189e-01
<VARIANCE> 6
 1.518009e+04 1.354399e+02 4.606766e+01 5.214664e+00 3.462870e+00 7.368174e-01
<GCONST> 3.198180e+01
<TRANSP> 5
 0.000000e+00 1.000000e+00 0.000000e+00 0.000000e+00 0.000000e+00
 0.000000e+00 7.577807e-01 2.422192e-01 0.000000e+00 0.000000e+00
 0.000000e+00 0.000000e+00 5.135440e-01 4.864561e-01 0.000000e+00
 0.000000e+00 0.000000e+00 0.000000e+00 8.280553e-01 1.719447e-01
 0.000000e+00 0.000000e+00 0.000000e+00 0.000000e+00 0.000000e+00
<ENDHMM>
~h "bg_dark_0_4"
<BEGINHMM>
<NUMSTATES> 5
<STATE> 2
<MEAN> 6
 1.659708e+02 9.617381e+00 7.984818e+00 2.957092e+00 2.864659e+00 1.232274e+00
<VARIANCE> 6
 1.364294e+04 1.405408e+02 5.234211e+01 7.384580e+00 4.817873e+00 1.322589e+00
<GCONST> 3.330286e+01
<STATE> 3
<MEAN> 6
 1.676279e+02 2.482154e+01 2.048484e+01 5.737186e+00 5.359527e+00 2.665175e+00
<VARIANCE> 6
 9.357331e+03 4.438747e+02 3.459782e+02 1.361819e+01 1.501277e+01 4.772338e+00
<GCONST> 3.899623e+01
<STATE> 4
<MEAN> 6
 7.790009e+01 8.692581e+00 7.448410e+00 1.805118e+00 1.934230e+00 5.212784e-01
<VARIANCE> 6
 1.554592e+03 1.100100e+02 7.205025e+01 2.755144e+00 2.783421e+00 2.108296e-01
<GCONST> 2.783461e+01
<TRANSP> 5
 0.000000e+00 1.000000e+00 0.000000e+00 0.000000e+00 0.000000e+00
 0.000000e+00 7.721957e-01 2.278043e-01 0.000000e+00 0.000000e+00
 0.000000e+00 0.000000e+00 6.306217e-01 3.693784e-01 0.000000e+00
 0.000000e+00 0.000000e+00 0.000000e+00 8.305951e-01 1.694049e-01
 0.000000e+00 0.000000e+00 0.000000e+00 0.000000e+00 0.000000e+00
<ENDHMM>
~h "bg_dark_0_5"
<BEGINHMM>
<NUMSTATES> 5
<STATE> 2
<MEAN> 6
 1.232740e+02 1.607644e+01 1.091413e+01 4.492296e+00 4.191107e+00 1.422464e+00
<VARIANCE> 6
 3.979461e+03 2.963292e+02 1.115120e+02 1.250705e+01 1.067986e+01 1.835526e+00
<GCONST> 3.522375e+01
<STATE> 3
<MEAN> 6
 9.818252e+01 1.234415e+01 1.160905e+01 3.380353e+00 3.383337e+00 1.413836e+00
<VARIANCE> 6
 2.155446e+03 1.738290e+02 2.359786e+02 1.064101e+01 1.138247e+01 3.544597e+00
<GCONST> 3.538704e+01
<STATE> 4
<MEAN> 6
 9.465881e+01 6.544815e+00 5.048618e+00 1.636110e+00 1.386845e+00 4.841474e-01
<VARIANCE> 6
 2.480602e+03 6.345726e+01 3.320270e+01 2.128890e+00 2.357776e+00 3.301262e-01
<GCONST> 2.700156e+01
<TRANSP> 5
 0.000000e+00 1.000000e+00 0.000000e+00 0.000000e+00 0.000000e+00
 0.000000e+00 7.418721e-01 2.581279e-01 0.000000e+00 0.000000e+00
 0.000000e+00 0.000000e+00 1.033942e-01 8.966058e-01 0.000000e+00
 0.000000e+00 0.000000e+00 0.000000e+00 8.573596e-01 1.426404e-01
 0.000000e+00 0.000000e+00 0.000000e+00 0.000000e+00 0.000000e+00
<ENDHMM>
~h "bg_white_0"
<BEGINHMM>
<NUMSTATES> 5
<STATE> 2
<MEAN> 6
 7.585035e+02 2.736998e+00 4.704660e+00 1.300002e+00 1.701465e+00 8.876168e-01
<VARIANCE> 6
 3.959244e+03 3.051089e+01 3.742484e+02 3.655725e+00 1.860656e+01 2.438665e+00
<GCONST> 3.376533e+01
<STATE> 3
<MEAN> 6
 7.098736e+02 4.366135e+01 1.769195e+01 1.584763e+01 1.579307e+01 1.139174e+01
<VARIANCE> 6
 5.701139e+03 1.774611e+03 4.088317e+02 1.313863e+02 1.954507e+02 1.008818e+02
<GCONST> 4.793772e+01
<STATE> 4
<MEAN> 6
 6.782030e+02 4.210377e+00 7.098326e+00 1.927011e+00 2.612299e+00 1.182900e+00
<VARIANCE> 6
 3.666098e+04 6.539508e+01 7.221943e+02 9.317575e+00 3.504389e+01 4.873812e+00
<GCONST> 3.967186e+01
<TRANSP> 5
 0.000000e+00 1.000000e+00 0.000000e+00 0.000000e+00 0.000000e+00
 0.000000e+00 9.484278e-01 5.157219e-02 0.000000e+00 0.000000e+00
 0.000000e+00 0.000000e+00 9.668630e-01 3.313695e-02 0.000000e+00
 0.000000e+00 0.000000e+00 0.000000e+00 9.510570e-01 4.894304e-02
 0.000000e+00 0.000000e+00 0.000000e+00 0.000000e+00 0.000000e+00
<ENDHMM>
~h "bg_white_0_0"
<BEGINHMM>
<NUMSTATES> 5
<STATE> 2
<MEAN> 6
 7.490814e+02 2.288382e+00 9.320168e+00 9.620005e-01 2.413665e+00 5.094395e-01
<VARIANCE> 6
 8.848179e+03 5.316296e+01 9.172315e+02 3.725615e+00 4.022265e+01 7.481211e-01
<GCONST> 3.562943e+01
<STATE> 3
<MEAN> 6
 7.026273e+02 4.330482e+01 2.091325e+01 1.483329e+01 1.698078e+01 1.176786e+01
<VARIANCE> 6
 7.193021e+03 2.189975e+03 6.884084e+02 1.513000e+02 2.462459e+02 1.340829e+02
<GCONST> 4.955821e+01
<STATE> 4
<MEAN> 6
 7.487830e+02 2.286827e+01 7.860930e+00 9.080528e+00 7.791773e+00 5.983842e+00
<VARIANCE> 6
 3.269979e+03 1.083442e+03 1.426675e+02 1.064688e+02 1.091239e+02 5.086091e+01
<GCONST> 4.435765e+01
<TRANSP> 5
 0.000000e+00 1.000000e+00 0.000000e+00 0.000000e+00 0.000000e+00
 0.000000e+00 8.656057e-01 1.343943e-01 0.000000e+00 0.000000e+00
 0.000000e+00 0.000000e+00 5.419680e-01 4.580320e-01 0.000000e+00
 0.000000e+00 0.000000e+00 0.000000e+00 5.791171e-01 4.208829e-01
 0.000000e+00 0.000000e+00 0.000000e+00 0.000000e+00 0.000000e+00
<ENDHMM>
~h "bg_white_0_1"
<BEGINHMM>
<NUMSTATES> 5
<STATE> 2
<MEAN> 6
 7.504064e+02 3.022987e+01 1.035537e+01 1.065899e+01 9.630329e+00 6.940316e+00
<VARIANCE> 6
 2.770329e+03 1.053682e+03 1.720870e+02 8.786844e+01 1.043911e+02 4.619745e+01
<GCONST> 4.401894e+01
<STATE> 3
<MEAN> 6
 6.876940e+02 5.992688e+01 2.127517e+01 1.925218e+01 1.992406e+01 1.401555e+01
<VARIANCE> 6
 5.265526e+03 2.202119e+03 4.502637e+02 1.475198e+02 2.204782e+02 1.175227e+02
<GCONST> 4.855960e+01
<STATE> 4
<MEAN> 6
 7.578584e+02 8.238496e+00 3.966450e+00 3.735102e+00 3.474962e+00 2.872432e+00
<VARIANCE> 6
 6.323585e+03 3.460350e+02 6.704783e+01 3.673499e+01 4.849846e+01 2.618529e+01
<GCONST> 4.058171e+01
<TRANSP> 5
 0.000000e+00 1.000000e+00 0.000000e+00 0.000000e+00 0.000000e+00
 0.000000e+00 6.790339e-01 3.209662e-01 0.000000e+00 0.000000e+00
 0.000000e+00 0.000000e+00 7.493109e-01 2.506891e-01 0.000000e+00
 0.000000e+00 0.000000e+00 0.000000e+00 8.303761e-01 1.696239e-01
 0.000000e+00 0.000000e+00 0.000000e+00 0.000000e+00 0.000000e+00
<ENDHMM>
~h "bg_white_0_2"
<BEGINHMM>
<NUMSTATES> 5
<STATE> 2
<MEAN> 6
 7.155566e+02 2.084006e+01 9.009564e+00 8.639542e+00 8.155590e+00 6.197559e+00
<VARIANCE> 6
 1.970510e+04 8.232953e+02 1.670633e+02 7.651834e+01 1.062394e+02 5.343168e+01
<GCONST> 4.572922e+01
<STATE> 3
<MEAN> 6
 6.874697e+02 5.403028e+01 2.270194e+01 1.902965e+01 1.921275e+01 1.392851e+01
<VARIANCE> 6
 4.965756e+03 1.939372e+03 5.119160e+02 1.452927e+02 2.178606e+02 1.220310e+02
<GCONST> 4.851275e+01
<STATE> 4
<MEAN> 6
 7.602153e+02 1.041443e+01 4.664857e+00 4.694896e+00 4.307368e+00 3.348287e+00
<VARIANCE> 6
 2.194956e+03 3.921780e+02 7.536914e+01 4.062170e+01 5.023547e+01 2.551590e+01
<GCONST> 3.987562e+01
<TRANSP> 5
 0.000000e+00 1.000000e+00 0.000000e+00 0.000000e+00 0.000000e+00
 0.000000e+00 5.934351e-01 4.065650e-01 0.000000e+00 0.000000e+00
 0.000000e+00 0.000000e+00 7.672106e-01 2.327894e-01 0.000000e+00
 0.000000e+00 0.000000e+00 0.000000e+00 8.398626e-01 1.601373e-01
 0.000000e+00 0.000000e+00 0.000000e+00 0.000000e+00 0.000000e+00
<ENDHMM>
~h "bg_white_0_3"
<BEGINHMM>
<NUMSTATES> 5
<STATE> 2
<MEAN> 6
 7.115045e+02 3.149504e+01 1.131396e+01 1.121318e+01 1.063130e+01 7.412330e+00
<VARIANCE> 6
 1.341923e+04 1.107748e+03 1.770959e+02 8.186897e+01 1.090304e+02 4.514886e+01
<GCONST> 4.562520e+01
<STATE> 3
<MEAN> 6
 6.840263e+02 4.950117e+01 2.229992e+01 1.903612e+01 1.943654e+01 1.421734e+01
<VARIANCE> 6
 7.252301e+03 2.249661e+03 4.833082e+02 1.665206e+02 2.409810e+02 1.425752e+02
<GCONST> 4.937523e+01
<STATE> 4
<MEAN> 6
 7.578403e+02 7.894301e+00 4.111411e+00 3.761433e+00 3.179338e+00 2.524189e+00
<VARIANCE> 6
 2.299696e+03 2.576286e+02 9.287898e+01 3.464786e+01 3.644473e+01 1.955303e+01
<GCONST> 3.896478e+01
<TRANSP> 5
 0.000000e+00 1.000000e+00 0.000000e+00 0.000000e+00 0.000000e+00
 0.000000e+00 6.849506e-01 3.150494e-01 0.000000e+00 0.000000e+00
 0.000000e+00 0.000000e+00 6.681692e-01 3.318308e-01 0.000000e+00
 0.000000e+00 0.000000e+00 0.000000e+00 8.279514e-01 1.720486e-01
 0.000000e+00 0.000000e+00 0.000000e+00 0.000000e+00 0.000000e+00
<ENDHMM>
~h "bg_white_0_4"
<BEGINHMM>
<NUMSTATES> 5
<STATE> 2
<MEAN> 6
 6.947731e+02 1.629708e+01 7.905515e+00 7.066731e+00 5.861257e+00 4.283524e+00
<VARIANCE> 6
 2.763688e+04 6.320146e+02 2.021841e+02 7.976463e+01 7.532616e+01 3.844880e+01
<GCONST> 4.536250e+01
<STATE> 3
<MEAN> 6
 6.948956e+02 4.727987e+01 1.990132e+01 1.681656e+01 1.674442e+01 1.208713e+01
<VARIANCE> 6
 6.027480e+03 1.678029e+03 4.010083e+02 1.292732e+02 1.957906e+02 1.064032e+02
<GCONST> 4.795691e+01
<STATE> 4
<MEAN> 6
 7.536714e+02 4.523612e+00 2.432452e+00 2.021629e+00 1.927762e+00 1.498003e+00
<VARIANCE> 6
 3.389306e+03 1.755450e+02 3.594336e+01 1.573026e+01 2.689926e+01 1.171896e+01
<GCONST> 3.641438e+01
<TRANSP> 5
 0.000000e+00 1.000000e+00 0.000000e+00 0.000000e+00 0.000000e+00
 0.000000e+00 5.690245e-01 4.309755e-01 0.000000e+00 0.000000e+00
 0.000000e+00 0.000000e+00 7.370302e-01 2.629698e-01 0.000000e+00
 0.000000e+00 0.000000e+00 0.000000e+00 8.545869e-01 1.454130e-01
 0.000000e+00 0.000000e+00 0.000000e+00 0.000000e+00 0.000000e+00
<ENDHMM>
~h "bg_white_0_5"
<BEGINHMM>
<NUMSTATES> 5
<STATE> 2
<MEAN> 6
 7.590997e+02 4.817660e+00 3.473050e+00 1.951296e+00 2.464167e+00 1.418787e+00
<VARIANCE> 6
 3.630829e+03 2.289320e+02 5.288606e+01 1.957178e+01 3.436900e+01 1.373024e+01
<GCONST> 3.775689e+01
<STATE> 3
<MEAN> 6
 6.366064e+02 3.669137e+01 5.092694e+01 1.381438e+01 2.186493e+01 1.034756e+01
<VARIANCE> 6
 2.154438e+04 2.099341e+03 4.367272e+03 1.937002e+02 2.733020e+02 1.369164e+02
<GCONST> 5.283266e+01
<STATE> 4
<MEAN> 6
 4.493474e+02 6.393876e+00 6.196657e+00 2.436403e+00 2.474713e+00 1.013873e+00
<VARIANCE> 6
 5.499210e+04 1.638091e+02 4.106658e+02 1.862211e+01 3.091410e+01 8.354909e+00
<GCONST> 4.153710e+01
<TRANSP> 5
 0.000000e+00 1.000000e+00 0.000000e+00 0.000000e+00 0.000000e+00
 0.000000e+00 8.255849e-01 1.744151e-01 0.000000e+00 0.000000e+00
 0.000000e+00 0.000000e+00 5.453888e-01 4.546112e-01 0.000000e+00
 0.000000e+00 0.000000e+00 0.000000e+00 7.541111e-01 2.458889e-01
 0.000000e+00 0.000000e+00 0.000000e+00 0.000000e+00 0.000000e+00
<ENDHMM>
~h "bg_board"
<BEGINHMM>
<NUMSTATES> 5
<STATE> 2
<MEAN> 6
 1.471278e+02 1.671061e+01 8.827528e+00 4.838634e+00 2.650804e+00 1.044307e+00
<VARIANCE> 6
 2.816461e+03 2.307694e+02 6.781258e+01 1.013535e+01 3.236144e+00 7.904287e-01
<GCONST> 3.188390e+01
<STATE> 3
<MEAN> 6
 2.324193e+02 4.274916e+01 1.416990e+01 1.108165e+01 4.735814e+00 2.568136e+00
<VARIANCE> 6
 5.836947e+03 2.243753e+03 2.237646e+02 4.885529e+01 1.251371e+01 4.434110e+00
<GCONST> 4.073074e+01
<STATE> 4
<MEAN> 6
 3.008332e+02 1.395279e+01 7.348333e+00 4.135307e+00 2.695808e+00 1.155643e+00
<VARIANCE> 6
 7.730508e+03 2.240232e+02 5.238240e+01 1.007931e+01 3.497193e+00 1.181967e+00
<GCONST> 3.308014e+01
<TRANSP> 5
 0.000000e+00 1.000000e+00 0.000000e+00 0.000000e+00 0.000000e+00
 0.000000e+00 9.677975e-01 3.220249e-02 0.000000e+00 0.000000e+00
 0.000000e+00 0.000000e+00 9.505292e-01 4.947086e-02 0.000000e+00
 0.000000e+00 0.000000e+00 0.000000e+00 9.466171e-01 5.338290e-02
 0.000000e+00 0.000000e+00 0.000000e+00 0.000000e+00 0.000000e+00
<ENDHMM>
~h "bg_board_0"
<BEGINHMM>
<NUMSTATES> 5
<STATE> 2
<MEAN> 6
 1.788142e+02 1.411463e+01 7.434333e+00 4.573470e+00 2.458430e+00 9.663214e-01
<VARIANCE> 6
 2.757529e+03 2.137122e+02 4.262483e+01 7.381857e+00 1.935869e+00 5.718586e-01
<GCONST> 3.016714e+01
<STATE> 3
<MEAN> 6
 2.020189e+02 3.640776e+01 1.346325e+01 9.208484e+00 4.280523e+00 1.974410e+00
<VARIANCE> 6
 3.387481e+03 1.389445e+03 1.790332e+02 3.092024e+01 8.624749e+00 2.516226e+00
<GCONST> 3.808815e+01
<STATE> 4
<MEAN> 6
 1.727394e+02 1.361720e+01 6.481065e+00 3.716821e+00 2.057601e+00 7.397073e-01
<VARIANCE> 6
 5.162557e+03 2.501740e+02 3.761435e+01 9.925724e+00 2.169250e+00 3.940679e-01
<GCONST> 3.086427e+01
<TRANSP> 5
 0.000000e+00 1.000000e+00 0.000000e+00 0.000000e+00 0.000000e+00
 0.000000e+00 7.657000e-01 2.343000e-01 0.000000e+00 0.000000e+00
 0.000000e+00 0.000000e+00 6.529176e-01 3.470824e-01 0.000000e+00
 0.000000e+00 0.000000e+00 0.000000e+00 7.938488e-01 2.061512e-01
 0.000000e+00 0.000000e+00 0.000000e+00 0.000000e+00 0.000000e+00
<ENDHMM>
~h "bg_board_1"
<BEGINHMM>
<NUMSTATES> 5
<STATE> 2
<MEAN> 6
 1.634445e+02 2.001130e+01 8.966054e+00 5.374241e+00 2.640737e+00 1.045420e+00
<VARIANCE> 6
 2.923897e+03 3.379389e+02 5.887937e+01 1.119576e+01 2.538701e+00 5.672036e-01
<GCONST> 3.168644e+01
<STATE> 3
<MEAN> 6
 2.144250e+02 4.324740e+01 1.603918e+01 1.019005e+01 4.804162e+00 2.338624e+00
<VARIANCE> 6
 5.862181e+03 1.845988e+03 3.635509e+02 3.684341e+01 2.568472e+01 5.014335e+00
<GCONST> 4.158511e+01
<STATE> 4
<MEAN> 6
 1.686912e+02 1.341660e+01 6.488551e+00 3.636528e+00 1.920466e+00 7.313018e-01
<VARIANCE> 6
 6.745036e+03 2.257654e+02 4.239621e+01 7.513737e+00 1.491477e+00 3.303332e-01
<GCONST> 3.031923e+01
<TRANSP> 5
 0.000000e+00 1.000000e+00 0.000000e+00 0.000000e+00 0.000000e+00
 0.000000e+00 7.764454e-01 2.235546e-01 0.000000e+00 0.000000e+00
 0.000000e+00 0.000000e+00 6.366978e-01 3.633022e-01 0.000000e+00
 0.000000e+00 0.000000e+00 0.000000e+00 8.268185e-01 1.731815e-01
 0.000000e+00 0.000000e+00 0.000000e+00 0.000000e+00 0.000000e+00
<ENDHMM>
~h "bg_board_2"
<BEGINHMM>
<NUMSTATES> 5
<STATE> 2
<MEAN> 6
 1.426603e+02 1.559649e+01 7.746528e+00 4.205625e+00 2.254518e+00 8.067415e-01
<VARIANCE> 6
 3.347559e+03 2.548048e+02 4.976258e+01 7.896553e+00 2.130784e+00 3.717020e-01
<GCONST> 3.042426e+01
<STATE> 3
<MEAN> 6
 2.128875e+02 4.747211e+01 1.688297e+01 1.218034e+01 4.420490e+00 2.181458e+00
<VARIANCE> 6
 4.479283e+03 2.966316e+03 3.736275e+02 7.180620e+01 1.414784e+01 3.814428e+00
<GCONST> 4.161514e+01
<STATE> 4
<MEAN> 6
 2.226537e+02 1.982339e+01 1.008470e+01 5.752183e+00 2.910625e+00 1.321743e+00
<VARIANCE> 6
 9.124985e+03 4.699586e+02 8.746611e+01 1.754724e+01 3.918149e+00 1.255180e+00
<GCONST> 3.522773e+01
<TRANSP> 5
 0.000000e+00 1.000000e+00 0.000000e+00 0.000000e+00 0.000000e+00
 0.000000e+00 8.307966e-01 1.692034e-01 0.000000e+00 0.000000e+00
 0.000000e+00 0.000000e+00 5.835210e-01 4.164790e-01 0.000000e+00
 0.000000e+00 0.000000e+00 0.000000e+00 7.867291e-01 2.132709e-01
 0.000000e+00 0.000000e+00 0.000000e+00 0.000000e+00 0.000000e+00
<ENDHMM>
~h "bg_board_3"
<BEGINHMM>
<NUMSTATES> 5
<STATE> 2
<MEAN> 6
 1.436522e+02 1.825083e+01 8.518302e+00 4.854160e+00 2.633603e+00 9.947263e-01
<VARIANCE> 6
 5.387456e+03 4.596749e+02 6.875365e+01 1.396104e+01 3.694324e+00 8.337535e-01
<GCONST> 3.374139e+01
<STATE> 3
<MEAN> 6
 2.250190e+02 4.811987e+01 1.370022e+01 1.234666e+01 4.858983e+00 2.377515e+00
<VARIANCE> 6
 5.287007e+03 3.059804e+03 1.737050e+02 6.737391e+01 1.029885e+01 3.825465e+00
<GCONST> 4.066770e+01
<STATE> 4
<MEAN> 6
 2.508631e+02 1.888973e+01 8.475198e+00 5.382781e+00 2.849473e+00 1.265143e+00
<VARIANCE> 6
 1.054735e+04 4.326177e+02 6.743034e+01 1.678535e+01 3.381888e+00 1.464038e+00
<GCONST> 3.499198e+01
<TRANSP> 5
 0.000000e+00 1.000000e+00 0.000000e+00 0.000000e+00 0.000000e+00
 0.000000e+00 7.864611e-01 2.135390e-01 0.000000e+00 0.000000e+00
 0.000000e+00 0.000000e+00 6.268069e-01 3.731932e-01 0.000000e+00
 0.000000e+00 0.000000e+00 0.000000e+00 7.843636e-01 2.156364e-01
 0.000000e+00 0.000000e+00 0.000000e+00 0.000000e+00 0.000000e+00
<ENDHMM>
~h "bg_board_4"
<BEGINHMM>
<NUMSTATES> 5
<STATE> 2
<MEAN> 6
 1.900869e+02 1.897922e+01 9.535911e+00 5.776678e+00 3.464025e+00 1.536567e+00
<VARIANCE> 6
 4.729190e+03 3.913927e+02 7.088052e+01 1.333480e+01 4.141242e+00 1.622706e+00
<GCONST> 3.421495e+01
<STATE> 3
<MEAN> 6
 2.526483e+02 5.094618e+01 1.663596e+01 1.284398e+01 5.448595e+00 3.114950e+00
<VARIANCE> 6
 6.495461e+03 2.946204e+03 2.271337e+02 6.983317e+01 1.082518e+01 4.899017e+00
<GCONST> 4.143695e+01
<STATE> 4
<MEAN> 6
 2.939595e+02 2.142078e+01 1.020827e+01 6.840318e+00 3.460840e+00 1.826525e+00
<VARIANCE> 6
 8.175835e+03 4.771522e+02 9.498615e+01 2.716911e+01 5.046080e+00 2.526378e+00
<GCONST> 3.660525e+01
<TRANSP> 5
 0.000000e+00 1.000000e+00 0.000000e+00 0.000000e+00 0.000000e+00
 0.000000e+00 8.415365e-01 1.584635e-01 0.000000e+00 0.000000e+00
 0.000000e+00 0.000000e+00 6.442490e-01 3.557510e-01 0.000000e+00
 0.000000e+00 0.000000e+00 0.000000e+00 7.421645e-01 2.578355e-01
 0.000000e+00 0.000000e+00 0.000000e+00 0.000000e+00 0.000000e+00
<ENDHMM>
~h "bg_board_5"
<BEGINHMM>
<NUMSTATES> 5
<STATE> 2
<MEAN> 6
 2.283932e+02 2.293974e+01 1.023248e+01 6.612535e+00 3.816375e+00 2.208608e+00
<VARIANCE> 6
 5.112937e+03 4.505386e+02 8.584142e+01 1.749926e+01 5.496467e+00 2.975643e+00
<GCONST> 3.578646e+01
<STATE> 3
<MEAN> 6
 2.903531e+02 4.794020e+01 1.680157e+01 1.192479e+01 5.902675e+00 3.352345e+00
<VARIANCE> 6
 6.585792e+03 2.855234e+03 2.611652e+02 5.231416e+01 1.707125e+01 7.383793e+00
<GCONST> 4.213594e+01
<STATE> 4
<MEAN> 6
 3.428535e+02 1.633043e+01 7.997993e+00 5.202321e+00 3.268846e+00 1.587429e+00
<VARIANCE> 6
 8.248745e+03 3.903169e+02 5.683413e+01 1.396870e+01 3.868110e+00 1.794800e+00
<GCONST> 3.462665e+01
<TRANSP> 5
 0.000000e+00 1.000000e+00 0.000000e+00 0.000000e+00 0.000000e+00
 0.000000e+00 7.282541e-01 2.717459e-01 0.000000e+00 0.000000e+00
 0.000000e+00 0.000000e+00 6.268071e-01 3.731929e-01 0.000000e+00
 0.000000e+00 0.000000e+00 0.000000e+00 8.227111e-01 1.772889e-01
 0.000000e+00 0.000000e+00 0.000000e+00 0.000000e+00 0.000000e+00
<ENDHMM>
~h "fp_logo"
<BEGINHMM>
<NUMSTATES> 5
<STATE> 2
<MEAN> 6
 1.423227e+02 1.134671e+01 3.827417e+00 4.854587e+00 2.074319e+00 1.127862e+00
<VARIANCE> 6
 2.412484e+03 3.042873e+02 1.679133e+01 3.057767e+01 3.228271e+00 2.049653e+00
<GCONST> 3.266439e+01
<STATE> 3
<MEAN> 6
 3.768240e+02 7.552261e+01 5.815107e+01 1.974510e+01 1.641688e+01 6.906092e+00
<VARIANCE> 6
 4.236519e+04 6.735738e+03 5.710852e+03 3.590078e+02 2.878908e+02 4.463856e+01
<GCONST> 5.449118e+01
<STATE> 4
<MEAN> 6
 2.520996e+02 3.377563e+00 3.396969e+00 1.556690e+00 1.527062e+00 5.555704e-01
<VARIANCE> 6
 1.306098e+04 8.370455e+00 8.960720e+00 1.365715e+00 1.325611e+00 2.917336e-01
<GCONST> 2.418384e+01
<TRANSP> 5
 0.000000e+00 1.000000e+00 0.000000e+00 0.000000e+00 0.000000e+00
 0.000000e+00 9.529940e-01 4.700594e-02 0.000000e+00 0.000000e+00
 0.000000e+00 0.000000e+00 8.912181e-01 1.087820e-01 0.000000e+00
 0.000000e+00 0.000000e+00 0.000000e+00 9.747049e-01 2.529507e-02
 0.000000e+00 0.000000e+00 0.000000e+00 0.000000e+00 0.000000e+00
<ENDHMM>
~h "fp_logo_0"
<BEGINHMM>
<NUMSTATES> 5
<STATE> 2
<MEAN> 6
 1.316086e+02 1.029634e+01 3.677673e+00 3.815466e+00 1.637008e+00 6.594616e-01
<VARIANCE> 6
 1.149903e+03 2.727523e+02 1.909013e+01 2.026206e+01 1.628794e+00 2.881250e-01
<GCONST> 2.888466e+01
<STATE> 3
<MEAN> 6
 1.779012e+02 4.512268e+01 5.411885e+00 1.008947e+01 2.779664e+00 1.553592e+00
<VARIANCE> 6
 1.192978e+04 6.977299e+03 3.867731e+01 1.631928e+02 5.424365e+00 2.460985e+00
<GCONST> 4.060612e+01
<STATE> 4
<MEAN> 6
 1.251603e+02 4.327242e+00 2.741266e+00 1.669113e+00 1.107452e+00 4.052847e-01
<VARIANCE> 6
 1.806812e+03 1.173683e+02 5.850671e+00 8.678545e+00 9.495693e-01 1.388296e-01
<GCONST> 2.519305e+01
<TRANSP> 5
 0.000000e+00 1.000000e+00 0.000000e+00 0.000000e+00 0.000000e+00
 0.000000e+00 6.803693e-01 3.196307e-01 0.000000e+00 0.000000e+00
 0.000000e+00 0.000000e+00 4.042107e-01 5.957894e-01 0.000000e+00
 0.000000e+00 0.000000e+00 0.000000e+00 8.609749e-01 1.390251e-01
 0.000000e+00 0.000000e+00 0.000000e+00 0.000000e+00 0.000000e+00
<ENDHMM>
~h "fp_logo_1"
<BEGINHMM>
<NUMSTATES> 5
<STATE> 2
<MEAN> 6
 1.348411e+02 5.506507e+00 3.316790e+00 2.458397e+00 1.789557e+00 9.311371e-01
<VARIANCE> 6
 2.506909e+03 1.227146e+02 1.082700e+01 1.097969e+01 2.434161e+00 1.456998e+00
<GCONST> 2.970800e+01
<STATE> 3
<MEAN> 6
 3.519649e+02 7.310452e+01 5.489192e+01 2.051337e+01 1.635226e+01 6.416383e+00
<VARIANCE> 6
 5.028713e+04 5.863906e+03 5.487433e+03 3.559207e+02 3.038930e+02 4.193264e+01
<GCONST> 5.446701e+01
<STATE> 4
<MEAN> 6
 1.943781e+02 2.833850e+01 2.100745e+01 1.003838e+01 6.632534e+00 2.734208e+00
<VARIANCE> 6
 1.482882e+04 2.452316e+03 2.149324e+03 1.204384e+02 1.146548e+02 1.518002e+01
<GCONST> 4.836233e+01
<TRANSP> 5
 0.000000e+00 1.000000e+00 0.000000e+00 0.000000e+00 0.000000e+00
 0.000000e+00 8.855491e-01 1.144509e-01 0.000000e+00 0.000000e+00
 0.000000e+00 0.000000e+00 5.632576e-01 4.367424e-01 0.000000e+00
 0.000000e+00 0.000000e+00 0.000000e+00 4.931457e-01 5.068543e-01
 0.000000e+00 0.000000e+00 0.000000e+00 0.000000e+00 0.000000e+00
<ENDHMM>
~h "fp_logo_2"
<BEGINHMM>
<NUMSTATES> 5
<STATE> 2
<MEAN> 6
 2.097551e+02 3.081023e+01 2.879718e+01 9.087454e+00 8.019488e+00 3.173206e+00
<VARIANCE> 6
 2.149170e+04 3.825106e+03 3.363305e+03 1.635281e+02 1.682844e+02 2.274980e+01
<GCONST> 5.071990e+01
<STATE> 3
<MEAN> 6
 3.676620e+02 6.934274e+01 7.243220e+01 1.940056e+01 2.020015e+01 7.782158e+00
<VARIANCE> 6
 3.938025e+04 5.815253e+03 7.071609e+03 4.116878e+02 3.176952e+02 5.417413e+01
<GCONST> 5.491393e+01
<STATE> 4
<MEAN> 6
 1.644393e+02 8.873392e+00 5.302167e+00 3.925845e+00 2.270290e+00 1.183276e+00
<VARIANCE> 6
 5.742707e+03 3.997098e+02 2.784832e+02 3.690858e+01 2.041521e+01 3.321337e+00
<GCONST> 3.912814e+01
<TRANSP> 5
 0.000000e+00 1.000000e+00 0.000000e+00 0.000000e+00 0.000000e+00
 0.000000e+00 1.566512e-01 8.433488e-01 0.000000e+00 0.000000e+00
 0.000000e+00 0.000000e+00 7.227710e-01 2.772290e-01 0.000000e+00
 0.000000e+00 0.000000e+00 0.000000e+00 8.781546e-01 1.218453e-01
 0.000000e+00 0.000000e+00 0.000000e+00 0.000000e+00 0.000000e+00
<ENDHMM>
~h "fp_logo_3"
<BEGINHMM>
<NUMSTATES> 5
<STATE> 2
<MEAN> 6
 1.996541e+02 2.606414e+01 1.392315e+01 8.075321e+00 4.756323e+00 2.018457e+00
<VARIANCE> 6
 1.311619e+04 1.840976e+03 1.384798e+03 1.347305e+02 9.375432e+01 7.960577e+00
<GCONST> 4.677868e+01
<STATE> 3
<MEAN> 6
 3.147062e+02 6.321985e+01 3.346722e+01 1.447685e+01 9.894489e+00 5.564448e+00
<VARIANCE> 6
 3.300198e+04 7.169133e+03 3.920630e+03 2.958567e+02 2.208337e+02 5.120083e+01
<GCONST> 5.360617e+01
<STATE> 4
<MEAN> 6
 2.093198e+02 6.788646e+00 3.720196e+00 2.806030e+00 1.701498e+00 7.207599e-01
<VARIANCE> 6
 7.503784e+03 1.927717e+02 8.564445e+00 1.412278e+01 1.489460e+00 6.773066e-01
<GCONST> 3.001612e+01
<TRANSP> 5
 0.000000e+00 1.000000e+00 0.000000e+00 0.000000e+00 0.000000e+00
 0.000000e+00 3.320815e-01 6.679185e-01 0.000000e+00 0.000000e+00
 0.000000e+00 0.000000e+00 4.787457e-01 5.212543e-01 0.000000e+00
 0.000000e+00 0.000000e+00 0.000000e+00 8.835091e-01 1.164909e-01
 0.000000e+00 0.000000e+00 0.000000e+00 0.000000e+00 0.000000e+00
<ENDHMM>
~h "fp_logo_4"
<BEGINHMM>
<NUMSTATES> 5
<STATE> 2
<MEAN> 6
 2.349293e+02 1.766550e+01 6.042680e+00 6.068112e+00 2.461466e+00 1.154633e+00
<VARIANCE> 6
 5.599205e+03 7.245629e+02 3.727370e+01 4.301755e+01 2.304081e+00 1.010056e+00
<GCONST> 3.446780e+01
<STATE> 3
<MEAN> 6
 3.524453e+02 3.101169e+01 1.783815e+01 1.009403e+01 4.620904e+00 2.183939e+00
<VARIANCE> 6
 5.256403e+04 2.881952e+03 1.102268e+03 1.920582e+02 4.782670e+01 7.762002e+00
<GCONST> 4.804302e+01
<STATE> 4
<MEAN> 6
 2.903502e+02 4.027114e+00 4.083294e+00 1.816944e+00 2.003339e+00 6.745453e-01
<VARIANCE> 6
 6.348406e+03 1.588529e+01 1.627124e+01 1.878006e+00 2.059880e+00 3.849668e-01
<GCONST> 2.573628e+01
<TRANSP> 5
 0.000000e+00 1.000000e+00 0.000000e+00 0.000000e+00 0.000000e+00
 0.000000e+00 5.609383e-01 4.390618e-01 0.000000e+00 0.000000e+00
 0.000000e+00 0.000000e+00 3.561653e-01 6.438347e-01 0.000000e+00
 0.000000e+00 0.000000e+00 0.000000e+00 8.909395e-01 1.090605e-01
 0.000000e+00 0.000000e+00 0.000000e+00 0.000000e+00 0.000000e+00
<ENDHMM>
~h "fp_logo_5"
<BEGINHMM>
<NUMSTATES> 5
<STATE> 2
<MEAN> 6
 3.066645e+02 7.041722e+00 4.395558e+00 3.896573e+00 2.320672e+00 9.709954e-01
<VARIANCE> 6
 6.675271e+03 7.969830e+01 4.657460e+01 1.881112e+01 4.001564e+00 1.176046e+00
<GCONST> 3.253602e+01
<STATE> 3
<MEAN> 6
 3.200034e+02 5.885586e+00 6.913919e+00 2.730629e+00 2.698449e+00 1.595457e+00
<VARIANCE> 6
 6.905035e+03 5.872878e+01 2.675574e+02 1.007533e+01 6.911223e+00 9.348171e+00
<GCONST> 3.600795e+01
<STATE> 4
<MEAN> 6
 3.647009e+02 2.752218e+00 3.152648e+00 1.302019e+00 1.322355e+00 4.673690e-01
<VARIANCE> 6
 8.950016e+03 8.170523e+00 6.476692e+00 1.759143e+00 1.057562e+00 1.957264e-01
<GCONST> 2.308517e+01
<TRANSP> 5
 0.000000e+00 1.000000e+00 0.000000e+00 0.000000e+00 0.000000e+00
 0.000000e+00 3.132894e-01 6.867105e-01 0.000000e+00 0.000000e+00
 0.000000e+00 0.000000e+00 9.561373e-02 9.043863e-01 0.000000e+00
 0.000000e+00 0.000000e+00 0.000000e+00 8.940460e-01 1.059540e-01
 0.000000e+00 0.000000e+00 0.000000e+00 0.000000e+00 0.000000e+00
<ENDHMM>
~h "fp_screen"
<BEGINHMM>
<NUMSTATES> 5
<STATE> 2
<MEAN> 6
 3.150834e+02 1.187369e+01 7.849930e+00 3.628368e+00 3.088962e+00 1.184983e+00
<VARIANCE> 6
 2.525940e+04 2.667798e+02 2.485629e+02 1.797659e+01 2.019801e+01 2.708818e+00
<GCONST> 3.915750e+01
<STATE> 3
<MEAN> 6
 5.450491e+02 6.349677e+01 3.404690e+01 1.723691e+01 1.270974e+01 6.008355e+00
<VARIANCE> 6
 3.239533e+04 4.082405e+03 2.241897e+03 2.085302e+02 2.058856e+02 4.544401e+01
<GCONST> 5.192644e+01
<STATE> 4
<MEAN> 6
 3.618060e+02 5.153408e+00 6.139059e+00 1.897084e+00 2.079512e+00 8.131393e-01
<VARIANCE> 6
 9.806841e+03 2.966404e+01 1.052756e+02 3.071998e+00 6.236917e+00 1.022719e+00
<GCONST> 3.123989e+01
<TRANSP> 5
 0.000000e+00 1.000000e+00 0.000000e+00 0.000000e+00 0.000000e+00
 0.000000e+00 9.464352e-01 5.356480e-02 0.000000e+00 0.000000e+00
 0.000000e+00 0.000000e+00 9.201174e-01 7.988257e-02 0.000000e+00
 0.000000e+00 0.000000e+00 0.000000e+00 9.742352e-01 2.576480e-02
 0.000000e+00 0.000000e+00 0.000000e+00 0.000000e+00 0.000000e+00
<ENDHMM>
~h "fp_screen_0"
<BEGINHMM>
<NUMSTATES> 5
<STATE> 2
<MEAN> 6
 2.474000e+02 8.228531e+00 2.189506e+01 2.941232e+00 7.353168e+00 1.547908e+00
<VARIANCE> 6
 2.650291e+04 2.668571e+02 6.952336e+02 1.245498e+01 6.424881e+01 3.985134e+00
<GCONST> 4.141069e+01
<STATE> 3
<MEAN> 6
 4.830001e+02 4.538377e+01 3.830611e+01 1.238346e+01 1.264887e+01 5.480317e+00
<VARIANCE> 6
 4.484817e+04 1.984107e+03 1.525265e+03 1.265480e+02 1.217962e+02 4.263402e+01
<GCONST> 5.005677e+01
<STATE> 4
<MEAN> 6
 3.869330e+02 7.483423e+00 3.673245e+00 2.403756e+00 1.443477e+00 7.567260e-01
<VARIANCE> 6
 2.233100e+04 1.903829e+02 7.349787e+01 1.531082e+01 7.530334e+00 2.620205e+00
<GCONST> 3.629804e+01
<TRANSP> 5
 0.000000e+00 1.000000e+00 0.000000e+00 0.000000e+00 0.000000e+00
 0.000000e+00 6.070088e-01 3.929912e-01 0.000000e+00 0.000000e+00
 0.000000e+00 0.000000e+00 5.190142e-01 4.809858e-01 0.000000e+00
 0.000000e+00 0.000000e+00 0.000000e+00 8.644316e-01 1.355684e-01
 0.000000e+00 0.000000e+00 0.000000e+00 0.000000e+00 0.000000e+00
<ENDHMM>
~h "fp_screen_1"
<BEGINHMM>
<NUMSTATES> 5
<STATE> 2
<MEAN> 6
 3.952650e+02 1.877113e+01 5.306466e+00 5.170388e+00 2.251972e+00 1.544142e+00
<VARIANCE> 6
 3.161313e+04 7.080880e+02 1.794018e+02 4.571786e+01 1.813467e+01 7.941988e+00
<GCONST> 4.193327e+01
<STATE> 3
<MEAN> 6
 4.992660e+02 4.555950e+01 2.269041e+01 1.706064e+01 8.029721e+00 4.553607e+00
<VARIANCE> 6
 3.181119e+04 2.681144e+03 1.337316e+03 3.124901e+02 1.048283e+02 3.905960e+01
<GCONST> 5.054924e+01
<STATE> 4
<MEAN> 6
 3.819436e+02 8.138513e+00 4.306812e+00 2.433655e+00 1.747582e+00 7.452888e-01
<VARIANCE> 6
 1.386095e+04 2.624707e+02 1.440391e+02 1.891319e+01 8.244781e+00 1.805662e+00
<GCONST> 3.674469e+01
<TRANSP> 5
 0.000000e+00 1.000000e+00 0.000000e+00 0.000000e+00 0.000000e+00
 0.000000e+00 6.391742e-01 3.608258e-01 0.000000e+00 0.000000e+00
 0.000000e+00 0.000000e+00 4.934804e-01 5.065196e-01 0.000000e+00
 0.000000e+00 0.000000e+00 0.000000e+00 8.788514e-01 1.211487e-01
 0.000000e+00 0.000000e+00 0.000000e+00 0.000000e+00 0.000000e+00
<ENDHMM>
~h "fp_screen_2"
<BEGINHMM>
<NUMSTATES> 5
<STATE> 2
<MEAN> 6
 3.467264e+02 1.160268e+01 8.210319e+00 3.195913e+00 3.053303e+00 1.095855e+00
<VARIANCE> 6
 1.536795e+04 3.991064e+02 2.921524e+02 2.247257e+01 1.652026e+01 2.559997e+00
<GCONST> 3.919070e+01
<STATE> 3
<MEAN> 6
 5.815143e+02 7.755475e+01 3.988301e+01 2.133160e+01 1.684522e+01 7.813384e+00
<VARIANCE> 6
 3.781056e+04 5.380917e+03 2.593153e+03 2.429150e+02 2.895527e+02 5.956687e+01
<GCONST> 5.326700e+01
<STATE> 4
<MEAN> 6
 4.470732e+02 3.330799e+01 1.909701e+01 1.016543e+01 6.801223e+00 3.643702e+00
<VARIANCE> 6
 2.407834e+04 1.586669e+03 1.380608e+03 1.186125e+02 1.068710e+02 2.051519e+01
<GCONST> 4.818465e+01
<TRANSP> 5
 0.000000e+00 1.000000e+00 0.000000e+00 0.000000e+00 0.000000e+00
 0.000000e+00 8.696486e-01 1.303514e-01 0.000000e+00 0.000000e+00
 0.000000e+00 0.000000e+00 6.913698e-01 3.086302e-01 0.000000e+00
 0.000000e+00 0.000000e+00 0.000000e+00 5.211425e-01 4.788575e-01
 0.000000e+00 0.000000e+00 0.000000e+00 0.000000e+00 0.000000e+00
<ENDHMM>
~h "fp_screen_3"
<BEGINHMM>
<NUMSTATES> 5
<STATE> 2
<MEAN> 6
 3.912573e+02 4.004571e+01 1.832936e+01 9.659617e+00 6.220346e+00 2.953434e+00
<VARIANCE> 6
 3.003379e+04 1.937541e+03 1.474306e+03 1.070953e+02 1.161003e+02 2.119980e+01
<GCONST> 4.868463e+01
<STATE> 3
<MEAN> 6
 5.275854e+02 7.778287e+01 3.737884e+01 1.643643e+01 1.467196e+01 6.646591e+00
<VARIANCE> 6
 4.315907e+04 6.063759e+03 3.131272e+03 1.860648e+02 2.529484e+02 4.844806e+01
<GCONST> 5.309896e+01
<STATE> 4
<MEAN> 6
 3.431234e+02 9.074203e+00 4.248352e+00 2.642303e+00 1.880623e+00 9.282284e-01
<VARIANCE> 6
 7.812532e+03 2.307654e+02 2.119277e+01 1.137957e+01 3.596014e+00 1.497263e+00
<GCONST> 3.260109e+01
<TRANSP> 5
 0.000000e+00 1.000000e+00 0.000000e+00 0.000000e+00 0.000000e+00
 0.000000e+00 4.461628e-01 5.538372e-01 0.000000e+00 0.000000e+00
 0.000000e+00 0.000000e+00 5.377514e-01 4.622486e-01 0.000000e+00
 0.000000e+00 0.000000e+00 0.000000e+00 8.754837e-01 1.245163e-01
 0.000000e+00 0.000000e+00 0.000000e+00 0.000000e+00 0.000000e+00
<ENDHMM>
~h "fp_screen_4"
<BEGINHMM>
<NUMSTATES> 5
<STATE> 2
<MEAN> 6
 3.450900e+02 1.551392e+01 6.646828e+00 5.113551e+00 2.783163e+00 1.509511e+00
<VARIANCE> 6
 1.131156e+04 7.275001e+02 5.989936e+01 3.458101e+01 7.513619e+00 3.522574e+00
<GCONST> 3.786234e+01
<STATE> 3
<MEAN> 6
 4.407944e+02 3.019707e+01 2.720502e+01 9.870668e+00 8.175409e+00 3.694176e+00
<VARIANCE> 6
 3.677092e+04 2.362314e+03 2.147181e+03 1.373824e+02 1.363245e+02 1.970019e+01
<GCONST> 4.979747e+01
<STATE> 4
<MEAN> 6
 3.087133e+02 5.724924e+00 8.959893e+00 2.194025e+00 2.558717e+00 8.626416e-01
<VARIANCE> 6
 8.655418e+03 3.385054e+01 1.543182e+02 4.320975e+00 6.989804e+00 6.444671e-01
<GCONST> 3.162278e+01
<TRANSP> 5
 0.000000e+00 1.000000e+00 0.000000e+00 0.000000e+00 0.000000e+00
 0.000000e+00 5.725334e-01 4.274666e-01 0.000000e+00 0.000000e+00
 0.000000e+00 0.000000e+00 3.307584e-01 6.692416e-01 0.000000e+00
 0.000000e+00 0.000000e+00 0.000000e+00 8.909060e-01 1.090939e-01
 0.000000e+00 0.000000e+00 0.000000e+00 0.000000e+00 0.000000e+00
<ENDHMM>
~h "fp_screen_5"
<BEGINHMM>
<NUMSTATES> 5
<STATE> 2
<MEAN> 6
 2.970069e+02 6.468098e+00 1.011896e+01 3.228010e+00 4.329856e+00 1.646989e+00
<VARIANCE> 6
 7.858974e+03 5.474738e+01 2.028378e+02 7.913075e+00 1.538272e+01 2.098519e+00
<GCONST> 3.485480e+01
<STATE> 3
<MEAN> 6
 3.563447e+02 2.174719e+01 3.278771e+01 6.482109e+00 9.174203e+00 2.906504e+00
<VARIANCE> 6
 2.092932e+04 1.941410e+03 1.056970e+03 8.546462e+01 9.237353e+01 1.748955e+01
<GCONST> 4.734604e+01
<STATE> 4
<MEAN> 6
 4.224991e+02 2.644212e+00 3.585574e+00 1.190042e+00 1.197286e+00 4.436629e-01
<VARIANCE> 6
 1.585418e+04 6.730506e+00 1.087810e+01 9.582014e-01 1.341289e+00 3.159335e-01
<GCONST> 2.409056e+01
<TRANSP> 5
 0.000000e+00 1.000000e+00 0.000000e+00 0.000000e+00 0.000000e+00
 0.000000e+00 7.331106e-01 2.668894e-01 0.000000e+00 0.000000e+00
 0.000000e+00 0.000000e+00 2.509992e-01 7.490008e-01 0.000000e+00
 0.000000e+00 0.000000e+00 0.000000e+00 8.554499e-01 1.445501e-01
 0.000000e+00 0.000000e+00 0.000000e+00 0.000000e+00 0.000000e+00
<ENDHMM>
~h "fp_key"
<BEGINHMM>
<NUMSTATES> 5
<STATE> 2
<MEAN> 6
 1.538153e+02 1.509203e+01 4.482282e+00 3.219744e+00 1.575557e+00 6.994920e-01
<VARIANCE> 6
 6.218336e+03 5.783627e+02 7.114290e+01 1.994061e+01 2.590387e+00 7.891917e-01
<GCONST> 3.409523e+01
<STATE> 3
<MEAN> 6
 3.760163e+02 6.783056e+01 2.729848e+01 1.564918e+01 9.419909e+00 3.806806e+00
<VARIANCE> 6
 4.261629e+04 4.241989e+03 2.274821e+03 1.933797e+02 1.950542e+02 2.733728e+01
<GCONST> 5.161588e+01
<STATE> 4
<MEAN> 6
 2.927266e+02 3.946641e+00 5.270942e+00 1.273950e+00 1.481996e+00 5.646986e-01
<VARIANCE> 6
 1.871141e+04 3.226634e+01 1.316072e+02 1.360057e+00 4.397192e+00 6.413546e-01
<GCONST> 3.056232e+01
<TRANSP> 5
 0.000000e+00 1.000000e+00 0.000000e+00 0.000000e+00 0.000000e+00
 0.000000e+00 9.289951e-01 7.100495e-02 0.000000e+00 0.000000e+00
 0.000000e+00 0.000000e+00 9.738816e-01 2.611843e-02 0.000000e+00
 0.000000e+00 0.000000e+00 0.000000e+00 9.432762e-01 5.672380e-02
 0.000000e+00 0.000000e+00 0.000000e+00 0.000000e+00 0.000000e+00
<ENDHMM>
~h "fp_key_0"
<BEGINHMM>
<NUMSTATES> 5
<STATE> 2
<MEAN> 6
 1.757832e+02 1.405528e+01 4.599121e+00 3.169671e+00 1.402484e+00 5.357765e-01
<VARIANCE> 6
 8.574225e+03 8.102531e+02 1.315671e+02 3.250799e+01 2.331026e+00 3.268607e-01
<GCONST> 3.487022e+01
<STATE> 3
<MEAN> 6
 3.010987e+02 6.456227e+01 4.304186e+01 1.580846e+01 1.528800e+01 5.115941e+00
<VARIANCE> 6
 3.046746e+04 3.894206e+03 2.543851e+03 1.475604e+02 2.231922e+02 2.327417e+01
<GCONST> 5.100998e+01
<STATE> 4
<MEAN> 6
 3.948902e+02 8.283899e+01 7.676356e+00 1.553597e+01 2.521145e+00 1.310389e+00
<VARIANCE> 6
 5.928629e+04 5.218491e+03 2.216743e+02 1.681109e+02 2.182064e+01 2.838250e+00
<GCONST> 4.522923e+01
<TRANSP> 5
 0.000000e+00 1.000000e+00 0.000000e+00 0.000000e+00 0.000000e+00
 0.000000e+00 8.161418e-01 1.838583e-01 0.000000e+00 0.000000e+00
 0.000000e+00 0.000000e+00 5.090368e-01 4.909632e-01 0.000000e+00
 0.000000e+00 0.000000e+00 0.000000e+00 7.789671e-01 2.210328e-01
 0.000000e+00 0.000000e+00 0.000000e+00 0.000000e+00 0.000000e+00
<ENDHMM>
~h "fp_key_1"
<BEGINHMM>
<NUMSTATES> 5
<STATE> 2
<MEAN> 6
 1.472531e+02 1.309722e+01 4.972480e+00 3.230213e+00 1.915310e+00 8.368101e-01
<VARIANCE> 6
 1.040383e+04 8.554687e+02 1.542033e+02 3.324061e+01 1.738063e+01 2.177644e+00
<GCONST> 3.920448e+01
<STATE> 3
<MEAN> 6
 3.436064e+02 6.481863e+01 6.746756e+01 2.113315e+01 2.125653e+01 7.878323e+00
<VARIANCE> 6
 3.603149e+04 3.760421e+03 5.506716e+03 3.421779e+02 3.251421e+02 5.695523e+01
<GCONST> 5.402728e+01
<STATE> 4
<MEAN> 6
 3.753022e+02 8.867139e+01 1.351033e+01 1.733472e+01 5.245625e+00 2.418467e+00
<VARIANCE> 6
 4.127057e+04 4.715708e+03 5.677084e+02 1.540221e+02 7.706258e+01 1.129864e+01
<GCONST> 4.826183e+01
<TRANSP> 5
 0.000000e+00 1.000000e+00 0.000000e+00 0.000000e+00 0.000000e+00
 0.000000e+00 8.585249e-01 1.414752e-01 0.000000e+00 0.000000e+00
 0.000000e+00 0.000000e+00 5.586604e-01 4.413396e-01 0.000000e+00
 0.000000e+00 0.000000e+00 0.000000e+00 7.272077e-01 2.727923e-01
 0.000000e+00 0.000000e+00 0.000000e+00 0.000000e+00 0.000000e+00
<ENDHMM>
~h "fp_key_2"
<BEGINHMM>
<NUMSTATES> 5
<STATE> 2
<MEAN> 6
 2.703407e+02 5.048232e+01 9.668272e+00 1.097632e+01 4.387358e+00 1.939031e+00
<VARIANCE> 6
 2.799020e+04 3.468533e+03 4.404377e+02 1.179392e+02 6.526134e+01 9.731236e+00
<GCONST> 4.673004e+01
<STATE> 3
<MEAN> 6
 3.908283e+02 8.611742e+01 5.725519e+01 2.186522e+01 2.020308e+01 6.657009e+00
<VARIANCE> 6
 3.745675e+04 5.017783e+03 4.491820e+03 3.236370e+02 3.826464e+02 5.455603e+01
<GCONST> 5.421492e+01
<STATE> 4
<MEAN> 6
 1.745307e+02 1.761751e+01 8.610847e+00 4.958561e+00 3.058293e+00 1.553081e+00
<VARIANCE> 6
 1.871600e+04 1.221071e+03 6.486015e+02 8.349786e+01 3.649436e+01 8.654589e+00
<GCONST> 4.462676e+01
<TRANSP> 5
 0.000000e+00 1.000000e+00 0.000000e+00 0.000000e+00 0.000000e+00
 0.000000e+00 7.581760e-01 2.418240e-01 0.000000e+00 0.000000e+00
 0.000000e+00 0.000000e+00 6.602656e-01 3.397345e-01 0.000000e+00
 0.000000e+00 0.000000e+00 0.000000e+00 8.311178e-01 1.688822e-01
 0.000000e+00 0.000000e+00 0.000000e+00 0.000000e+00 0.000000e+00
<ENDHMM>
~h "fp_key_3"
<BEGINHMM>
<NUMSTATES> 5
<STATE> 2
<MEAN> 6
 4.102556e+02 8.346651e+01 1.529150e+01 1.835447e+01 4.955625e+00 2.678716e+00
<VARIANCE> 6
 3.718142e+04 4.277215e+03 9.712935e+02 1.925977e+02 5.516813e+01 1.389648e+01
<GCONST> 4.869313e+01
<STATE> 3
<MEAN> 6
 3.908385e+02 7.453528e+01 6.854092e+01 2.070951e+01 2.436358e+01 8.437317e+00
<VARIANCE> 6
 3.732880e+04 4.689760e+03 5.011453e+03 2.864442e+02 4.009854e+02 5.143431e+01
<GCONST> 5.411917e+01
<STATE> 4
<MEAN> 6
 2.203199e+02 1.784209e+01 5.509616e+00 4.548144e+00 2.469730e+00 1.284397e+00
<VARIANCE> 6
 1.592846e+04 9.990500e+02 8.343745e+01 3.986996e+01 1.117408e+01 2.786863e+00
<GCONST> 3.915816e+01
<TRANSP> 5
 0.000000e+00 1.000000e+00 0.000000e+00 0.000000e+00 0.000000e+00
 0.000000e+00 7.190468e-01 2.809533e-01 0.000000e+00 0.000000e+00
 0.000000e+00 0.000000e+00 5.908852e-01 4.091148e-01 0.000000e+00
 0.000000e+00 0.000000e+00 0.000000e+00 8.332330e-01 1.667670e-01
 0.000000e+00 0.000000e+00 0.000000e+00 0.000000e+00 0.000000e+00
<ENDHMM>
~h "fp_key_4"
<BEGINHMM>
<NUMSTATES> 5
<STATE> 2
<MEAN> 6
 2.840462e+02 1.891811e+01 5.820557e+00 4.832577e+00 2.387996e+00 1.293655e+00
<VARIANCE> 6
 1.725396e+04 1.103606e+03 8.536047e+01 4.073559e+01 1.074030e+01 2.845939e+00
<GCONST> 3.936328e+01
<STATE> 3
<MEAN> 6
 4.920426e+02 7.671160e+01 5.833803e+01 2.042123e+01 2.017927e+01 8.038952e+00
<VARIANCE> 6
 3.210762e+04 3.796142e+03 3.518682e+03 2.179352e+02 2.677152e+02 4.572246e+01
<GCONST> 5.260840e+01
<STATE> 4
<MEAN> 6
 4.694034e+02 6.402845e+01 1.382100e+01 1.254661e+01 3.846689e+00 2.121252e+00
<VARIANCE> 6
 3.614464e+04 3.302139e+03 5.334884e+02 9.904902e+01 2.836056e+01 6.728000e+00
<GCONST> 4.575120e+01
<TRANSP> 5
 0.000000e+00 1.000000e+00 0.000000e+00 0.000000e+00 0.000000e+00
 0.000000e+00 8.314149e-01 1.685850e-01 0.000000e+00 0.000000e+00
 0.000000e+00 0.000000e+00 5.899944e-01 4.100056e-01 0.000000e+00
 0.000000e+00 0.000000e+00 0.000000e+00 7.839839e-01 2.160161e-01
 0.000000e+00 0.000000e+00 0.000000e+00 0.000000e+00 0.000000e+00
<ENDHMM>
~h "fp_key_5"
<BEGINHMM>
<NUMSTATES> 5
<STATE> 2
<MEAN> 6
 4.181990e+02 5.723797e+01 1.554787e+01 1.193106e+01 4.507831e+00 2.399664e+00
<VARIANCE> 6
 3.913566e+04 3.262536e+03 7.749475e+02 1.177997e+02 4.233234e+01 9.422337e+00
<GCONST> 4.710273e+01
<STATE> 3
<MEAN> 6
 4.423522e+02 3.892564e+01 3.889609e+01 1.147890e+01 1.171917e+01 5.146278e+00
<VARIANCE> 6
 3.148295e+04 3.038531e+03 3.362930e+03 2.195910e+02 2.389830e+02 4.289350e+01
<GCONST> 5.215104e+01
<STATE> 4
<MEAN> 6
 3.746082e+02 4.101231e+00 7.427011e+00 1.055791e+00 1.644284e+00 4.467083e-01
<VARIANCE> 6
 1.061941e+04 5.396868e+01 2.616402e+02 1.341754e+00 7.868832e+00 4.381786e-01
<GCONST> 3.138484e+01
<TRANSP> 5
 0.000000e+00 1.000000e+00 0.000000e+00 0.000000e+00 0.000000e+00
 0.000000e+00 5.720227e-01 4.279773e-01 0.000000e+00 0.000000e+00
 0.000000e+00 0.000000e+00 2.087999e-01 7.912001e-01 0.000000e+00
 0.000000e+00 0.000000e+00 0.000000e+00 8.809457e-01 1.190543e-01
 0.000000e+00 0.000000e+00 0.000000e+00 0.000000e+00 0.000000e+00
<ENDHMM>
