~o
<STREAMINFO> 1 6
<VECSIZE> 6<NULLD><MFCC><DIAGC>
~h "bg_board_1"
<BEGINHMM>
<NUMSTATES> 5
<STATE> 2
<MEAN> 6
 1.911628e+02 2.077356e+01 9.283915e+00 5.932631e+00 3.001859e+00 1.307476e+00
<VARIANCE> 6
 6.811958e+03 4.345670e+02 6.313604e+01 1.592866e+01 3.867248e+00 1.327263e+00
<GCONST> 3.447712e+01
<STATE> 3
<MEAN> 6
 2.686306e+02 4.119641e+01 1.579483e+01 1.209739e+01 5.473189e+00 3.153006e+00
<VARIANCE> 6
 1.372264e+04 2.110576e+03 3.472805e+02 6.767834e+01 2.601276e+01 7.829053e+00
<GCONST> 4.359011e+01
<STATE> 4
<MEAN> 6
 2.325977e+02 1.107310e+01 5.710520e+00 3.234895e+00 1.724865e+00 7.398589e-01
<VARIANCE> 6
 1.571894e+04 2.116121e+02 3.805914e+01 1.189449e+01 2.294681e+00 9.185870e-01
<GCONST> 3.290553e+01
<TRANSP> 5
 0.000000e+00 1.000000e+00 0.000000e+00 0.000000e+00 0.000000e+00
 0.000000e+00 7.656255e-01 2.343745e-01 0.000000e+00 0.000000e+00
 0.000000e+00 0.000000e+00 6.543123e-01 3.456877e-01 0.000000e+00
 0.000000e+00 0.000000e+00 0.000000e+00 8.287830e-01 1.712170e-01
 0.000000e+00 0.000000e+00 0.000000e+00 0.000000e+00 0.000000e+00
<ENDHMM>
