~o
<STREAMINFO> 1 6
<VECSIZE> 6<NULLD><MFCC><DIAGC>
~h "bg_board"
<BEGINHMM>
<NUMSTATES> 5
<STATE> 2
<MEAN> 6
 1.633820e+02 1.741967e+01 9.100244e+00 5.056156e+00 2.805010e+00 1.142906e+00
<VARIANCE> 6
 4.614660e+03 2.660298e+02 7.754057e+01 1.172918e+01 4.337856e+00 1.003211e+00
<GCONST> 3.333133e+01
<STATE> 3
<MEAN> 6
 2.590562e+02 3.833423e+01 1.336977e+01 1.122202e+01 4.994929e+00 2.894198e+00
<VARIANCE> 6
 7.429180e+03 2.108963e+03 1.915802e+02 4.904834e+01 1.191509e+01 5.180914e+00
<GCONST> 4.086529e+01
<STATE> 4
<MEAN> 6
 3.657082e+02 9.350395e+00 4.859884e+00 2.282804e+00 1.577011e+00 6.024722e-01
<VARIANCE> 6
 9.307520e+03 1.674257e+02 2.385410e+01 5.995077e+00 2.080414e+00 5.094069e-01
<GCONST> 3.030733e+01
<TRANSP> 5
 0.000000e+00 1.000000e+00 0.000000e+00 0.000000e+00 0.000000e+00
 0.000000e+00 9.644849e-01 3.551511e-02 0.000000e+00 0.000000e+00
 0.000000e+00 0.000000e+00 9.576705e-01 4.232956e-02 0.000000e+00
 0.000000e+00 0.000000e+00 0.000000e+00 9.451117e-01 5.488834e-02
 0.000000e+00 0.000000e+00 0.000000e+00 0.000000e+00 0.000000e+00
<ENDHMM>
