~o
<STREAMINFO> 1 6
<VECSIZE> 6<NULLD><MFCC><DIAGC>
~h "bg_board_2"
<BEGINHMM>
<NUMSTATES> 5
<STATE> 2
<MEAN> 6
 1.614697e+02 1.636059e+01 8.059441e+00 4.845064e+00 2.450451e+00 1.032238e+00
<VARIANCE> 6
 5.474291e+03 2.778333e+02 5.537009e+01 1.394585e+01 2.968816e+00 1.208528e+00
<GCONST> 3.318889e+01
<STATE> 3
<MEAN> 6
 2.446628e+02 3.999620e+01 1.614198e+01 1.179490e+01 4.920013e+00 2.792359e+00
<VARIANCE> 6
 6.600024e+03 2.033303e+03 2.998917e+02 6.197856e+01 1.424918e+01 5.812777e+00
<GCONST> 4.168648e+01
<STATE> 4
<MEAN> 6
 2.929243e+02 1.481583e+01 7.249879e+00 3.551303e+00 2.111318e+00 8.346878e-01
<VARIANCE> 6
 1.884546e+04 4.143571e+02 5.722693e+01 1.380309e+01 4.301823e+00 9.001769e-01
<GCONST> 3.492381e+01
<TRANSP> 5
 0.000000e+00 1.000000e+00 0.000000e+00 0.000000e+00 0.000000e+00
 0.000000e+00 8.133833e-01 1.866166e-01 0.000000e+00 0.000000e+00
 0.000000e+00 0.000000e+00 7.097167e-01 2.902833e-01 0.000000e+00
 0.000000e+00 0.000000e+00 0.000000e+00 7.617068e-01 2.382932e-01
 0.000000e+00 0.000000e+00 0.000000e+00 0.000000e+00 0.000000e+00
<ENDHMM>
