~o
<STREAMINFO> 1 6
<VECSIZE> 6<NULLD><MFCC><DIAGC>
~h "bg_board_5"
<BEGINHMM>
<NUMSTATES> 5
<STATE> 2
<MEAN> 6
 2.663076e+02 2.245500e+01 1.027959e+01 7.139307e+00 4.084996e+00 2.365893e+00
<VARIANCE> 6
 6.314379e+03 4.420611e+02 7.768410e+01 1.862783e+01 5.371889e+00 2.911178e+00
<GCONST> 3.589634e+01
<STATE> 3
<MEAN> 6
 2.872030e+02 4.673231e+01 1.577245e+01 1.122375e+01 5.419574e+00 3.054882e+00
<VARIANCE> 6
 6.919279e+03 3.149850e+03 2.578070e+02 5.564479e+01 1.751441e+01 7.179713e+00
<GCONST> 4.232993e+01
<STATE> 4
<MEAN> 6
 3.423590e+02 1.311693e+01 6.099346e+00 4.016778e+00 2.437627e+00 1.098978e+00
<VARIANCE> 6
 1.185334e+04 3.536071e+02 3.366985e+01 1.254960e+01 3.406329e+00 1.335012e+00
<GCONST> 3.383668e+01
<TRANSP> 5
 0.000000e+00 1.000000e+00 0.000000e+00 0.000000e+00 0.000000e+00
 0.000000e+00 7.633202e-01 2.366798e-01 0.000000e+00 0.000000e+00
 0.000000e+00 0.000000e+00 5.922358e-01 4.077642e-01 0.000000e+00
 0.000000e+00 0.000000e+00 0.000000e+00 8.121178e-01 1.878822e-01
 0.000000e+00 0.000000e+00 0.000000e+00 0.000000e+00 0.000000e+00
<ENDHMM>
