~o
<STREAMINFO> 1 6
<VECSIZE> 6<NULLD><MFCC><DIAGC>
~h "bg_board_4"
<BEGINHMM>
<NUMSTATES> 5
<STATE> 2
<MEAN> 6
 2.025722e+02 1.965988e+01 1.025379e+01 6.755324e+00 3.849317e+00 1.876695e+00
<VARIANCE> 6
 6.037798e+03 4.156064e+02 7.962088e+01 1.838880e+01 5.227494e+00 2.312090e+00
<GCONST> 3.554390e+01
<STATE> 3
<MEAN> 6
 2.705054e+02 4.778209e+01 1.524917e+01 1.212347e+01 5.027704e+00 2.926580e+00
<VARIANCE> 6
 7.987459e+03 2.806239e+03 2.041949e+02 6.310427e+01 1.130512e+01 5.075629e+00
<GCONST> 4.146606e+01
<STATE> 4
<MEAN> 6
 3.038083e+02 1.547203e+01 6.600247e+00 4.185062e+00 2.317836e+00 1.129070e+00
<VARIANCE> 6
 1.067594e+04 3.952670e+02 4.553780e+01 1.794990e+01 3.744045e+00 1.692214e+00
<GCONST> 3.483490e+01
<TRANSP> 5
 0.000000e+00 1.000000e+00 0.000000e+00 0.000000e+00 0.000000e+00
 0.000000e+00 8.192421e-01 1.807580e-01 0.000000e+00 0.000000e+00
 0.000000e+00 0.000000e+00 6.621534e-01 3.378466e-01 0.000000e+00
 0.000000e+00 0.000000e+00 0.000000e+00 7.781632e-01 2.218368e-01
 0.000000e+00 0.000000e+00 0.000000e+00 0.000000e+00 0.000000e+00
<ENDHMM>
