~o
<STREAMINFO> 1 6
<VECSIZE> 6<NULLD><MFCC><DIAGC>
~h "bg_board_3"
<BEGINHMM>
<NUMSTATES> 5
<STATE> 2
<MEAN> 6
 1.669471e+02 1.884900e+01 8.312326e+00 4.950692e+00 2.728791e+00 1.043166e+00
<VARIANCE> 6
 8.795182e+03 4.744827e+02 6.767899e+01 1.434846e+01 4.638896e+00 9.648201e-01
<GCONST> 3.464853e+01
<STATE> 3
<MEAN> 6
 2.423568e+02 4.122246e+01 1.311220e+01 1.183778e+01 4.913461e+00 2.735020e+00
<VARIANCE> 6
 7.012315e+03 2.823990e+03 1.523070e+02 6.064152e+01 1.042331e+01 4.816507e+00
<GCONST> 4.087556e+01
<STATE> 4
<MEAN> 6
 3.062715e+02 1.637333e+01 7.832481e+00 4.331486e+00 2.409400e+00 1.041783e+00
<VARIANCE> 6
 1.829760e+04 4.170537e+02 6.349799e+01 1.663461e+01 3.513548e+00 1.452718e+00
<GCONST> 3.546756e+01
<TRANSP> 5
 0.000000e+00 1.000000e+00 0.000000e+00 0.000000e+00 0.000000e+00
 0.000000e+00 7.675475e-01 2.324525e-01 0.000000e+00 0.000000e+00
 0.000000e+00 0.000000e+00 6.877382e-01 3.122618e-01 0.000000e+00
 0.000000e+00 0.000000e+00 0.000000e+00 7.775605e-01 2.224395e-01
 0.000000e+00 0.000000e+00 0.000000e+00 0.000000e+00 0.000000e+00
<ENDHMM>
