~o
<STREAMINFO> 1 6
<VECSIZE> 6<NULLD><MFCC><DIAGC>
~h "bg_board_0"
<BEGINHMM>
<NUMSTATES> 5
<STATE> 2
<MEAN> 6
 2.035787e+02 1.703743e+01 8.662055e+00 5.664352e+00 2.984091e+00 1.340247e+00
<VARIANCE> 6
 6.654861e+03 3.624882e+02 6.773660e+01 1.417794e+01 4.657492e+00 1.515806e+00
<GCONST> 3.454510e+01
<STATE> 3
<MEAN> 6
 2.770933e+02 4.125520e+01 1.390283e+01 1.146453e+01 5.067757e+00 2.674354e+00
<VARIANCE> 6
 1.203251e+04 2.121713e+03 2.044286e+02 5.214319e+01 1.484530e+01 5.988011e+00
<GCONST> 4.184426e+01
<STATE> 4
<MEAN> 6
 2.476132e+02 1.156095e+01 5.478247e+00 3.255188e+00 1.832592e+00 7.221102e-01
<VARIANCE> 6
 1.760809e+04 2.875646e+02 3.399974e+01 1.233342e+01 2.676541e+00 7.145516e-01
<GCONST> 3.315191e+01
<TRANSP> 5
 0.000000e+00 1.000000e+00 0.000000e+00 0.000000e+00 0.000000e+00
 0.000000e+00 7.460937e-01 2.539063e-01 0.000000e+00 0.000000e+00
 0.000000e+00 0.000000e+00 6.262040e-01 3.737960e-01 0.000000e+00
 0.000000e+00 0.000000e+00 0.000000e+00 8.143432e-01 1.856568e-01
 0.000000e+00 0.000000e+00 0.000000e+00 0.000000e+00 0.000000e+00
<ENDHMM>
