~o
<STREAMINFO> 1 6
<VECSIZE> 6<NULLD><MFCC><DIAGC>
~h "bg_dark_0_2"
<BEGINHMM>
<NUMSTATES> 5
<STATE> 2
<MEAN> 6
 2.033134e+02 1.203362e+01 9.996337e+00 3.281317e+00 3.458796e+00 1.268569e+00
<VARIANCE> 6
 1.845858e+04 2.344623e+02 9.667471e+01 4.978287e+00 5.320719e+00 1.084291e+00
<GCONST> 3.423681e+01
<STATE> 3
<MEAN> 6
 2.310117e+02 3.888672e+01 1.522438e+01 8.539559e+00 4.958016e+00 2.728261e+00
<VARIANCE> 6
 1.709894e+04 1.176546e+03 1.929148e+02 4.233569e+01 1.511083e+01 4.819615e+00
<GCONST> 4.114036e+01
<STATE> 4
<MEAN> 6
 1.806431e+02 1.435898e+01 6.335432e+00 2.924493e+00 1.762158e+00 7.309088e-01
<VARIANCE> 6
 2.030736e+04 2.649271e+02 4.166534e+01 6.232134e+00 2.710073e+00 8.485930e-01
<GCONST> 3.291764e+01
<TRANSP> 5
 0.000000e+00 1.000000e+00 0.000000e+00 0.000000e+00 0.000000e+00
 0.000000e+00 8.020498e-01 1.979502e-01 0.000000e+00 0.000000e+00
 0.000000e+00 0.000000e+00 5.772136e-01 4.227864e-01 0.000000e+00
 0.000000e+00 0.000000e+00 0.000000e+00 8.208838e-01 1.791162e-01
 0.000000e+00 0.000000e+00 0.000000e+00 0.000000e+00 0.000000e+00
<ENDHMM>
