~o
<STREAMINFO> 1 6
<VECSIZE> 6<NULLD><MFCC><DIAGC>
~h "bg_dark_0_1"
<BEGINHMM>
<NUMSTATES> 5
<STATE> 2
<MEAN> 6
 2.279135e+02 1.089925e+01 7.421280e+00 3.250474e+00 2.869360e+00 1.173130e+00
<VARIANCE> 6
 2.106835e+04 1.619450e+02 4.439816e+01 6.773922e+00 3.650267e+00 9.991807e-01
<GCONST> 3.307030e+01
<STATE> 3
<MEAN> 6
 2.575320e+02 3.192783e+01 1.513788e+01 8.057265e+00 4.648685e+00 2.092900e+00
<VARIANCE> 6
 2.093198e+04 8.484318e+02 2.406463e+02 3.280279e+01 7.576689e+00 2.532554e+00
<GCONST> 3.964783e+01
<STATE> 4
<MEAN> 6
 1.629391e+02 1.089369e+01 8.770759e+00 2.548773e+00 2.436481e+00 7.817904e-01
<VARIANCE> 6
 1.161982e+04 2.061743e+02 9.033695e+01 3.957830e+00 3.047516e+00 4.596877e-01
<GCONST> 3.193281e+01
<TRANSP> 5
 0.000000e+00 1.000000e+00 0.000000e+00 0.000000e+00 0.000000e+00
 0.000000e+00 7.974549e-01 2.025451e-01 0.000000e+00 0.000000e+00
 0.000000e+00 0.000000e+00 5.947027e-01 4.052973e-01 0.000000e+00
 0.000000e+00 0.000000e+00 0.000000e+00 8.212850e-01 1.787150e-01
 0.000000e+00 0.000000e+00 0.000000e+00 0.000000e+00 0.000000e+00
<ENDHMM>
