~o
<STREAMINFO> 1 6
<VECSIZE> 6<NULLD><MFCC><DIAGC>
~h "bg_dark_0_3"
<BEGINHMM>
<NUMSTATES> 5
<STATE> 2
<MEAN> 6
 1.354048e+02 1.281351e+01 7.503337e+00 3.029839e+00 2.267924e+00 8.778718e-01
<VARIANCE> 6
 1.132792e+04 2.202172e+02 5.340504e+01 6.105587e+00 3.172408e+00 9.618734e-01
<GCONST> 3.265963e+01
<STATE> 3
<MEAN> 6
 2.588287e+02 3.248045e+01 1.381626e+01 8.679511e+00 5.068193e+00 2.468606e+00
<VARIANCE> 6
 2.148163e+04 1.171227e+03 1.752431e+02 4.556863e+01 1.276732e+01 4.819435e+00
<GCONST> 4.117297e+01
<STATE> 4
<MEAN> 6
 2.638691e+02 1.192006e+01 8.535050e+00 3.525019e+00 3.373255e+00 1.324545e+00
<VARIANCE> 6
 3.011039e+04 1.547711e+02 5.981953e+01 8.106092e+00 5.116017e+00 1.380089e+00
<GCONST> 3.452031e+01
<TRANSP> 5
 0.000000e+00 1.000000e+00 0.000000e+00 0.000000e+00 0.000000e+00
 0.000000e+00 8.176345e-01 1.823656e-01 0.000000e+00 0.000000e+00
 0.000000e+00 0.000000e+00 5.893195e-01 4.106805e-01 0.000000e+00
 0.000000e+00 0.000000e+00 0.000000e+00 7.549936e-01 2.450065e-01
 0.000000e+00 0.000000e+00 0.000000e+00 0.000000e+00 0.000000e+00
<ENDHMM>
