~o
<STREAMINFO> 1 6
<VECSIZE> 6<NULLD><MFCC><DIAGC>
~h "bg_dark_0_4"
<BEGINHMM>
<NUMSTATES> 5
<STATE> 2
<MEAN> 6
 1.883590e+02 1.224069e+01 8.149896e+00 3.502183e+00 3.075019e+00 1.386109e+00
<VARIANCE> 6
 2.277354e+04 1.983239e+02 5.624231e+01 8.403078e+00 4.925480e+00 1.796711e+00
<GCONST> 3.468916e+01
<STATE> 3
<MEAN> 6
 2.183543e+02 2.735470e+01 2.448317e+01 6.579668e+00 6.530120e+00 3.456556e+00
<VARIANCE> 6
 1.723092e+04 5.124117e+02 5.504145e+02 1.886751e+01 2.236600e+01 6.772637e+00
<GCONST> 4.128940e+01
<STATE> 4
<MEAN> 6
 8.508423e+01 7.324516e+00 6.829533e+00 1.628894e+00 1.826699e+00 5.357546e-01
<VARIANCE> 6
 1.616431e+03 8.431163e+01 6.982195e+01 2.534027e+00 2.921767e+00 2.343890e-01
<GCONST> 2.764693e+01
<TRANSP> 5
 0.000000e+00 1.000000e+00 0.000000e+00 0.000000e+00 0.000000e+00
 0.000000e+00 7.936800e-01 2.063200e-01 0.000000e+00 0.000000e+00
 0.000000e+00 0.000000e+00 5.653534e-01 4.346466e-01 0.000000e+00
 0.000000e+00 0.000000e+00 0.000000e+00 8.291311e-01 1.708689e-01
 0.000000e+00 0.000000e+00 0.000000e+00 0.000000e+00 0.000000e+00
<ENDHMM>
