~o
<STREAMINFO> 1 6
<VECSIZE> 6<NULLD><MFCC><DIAGC>
~h "bg_dark_0"
<BEGINHMM>
<NUMSTATES> 5
<STATE> 2
<MEAN> 6
 1.933812e+02 1.472933e+01 8.717950e+00 3.500597e+00 2.881611e+00 1.172430e+00
<VARIANCE> 6
 1.684966e+04 3.410216e+02 8.359985e+01 7.565731e+00 4.459434e+00 1.287801e+00
<GCONST> 3.478893e+01
<STATE> 3
<MEAN> 6
 3.234485e+02 2.923940e+01 1.356907e+01 8.013084e+00 5.057839e+00 2.619956e+00
<VARIANCE> 6
 2.029308e+04 1.042844e+03 2.438477e+02 4.822644e+01 1.311763e+01 5.338947e+00
<GCONST> 4.151644e+01
<STATE> 4
<MEAN> 6
 1.077127e+02 8.431820e+00 7.835742e+00 2.249576e+00 2.206772e+00 7.772737e-01
<VARIANCE> 6
 2.808937e+03 9.925858e+01 8.338036e+01 3.735888e+00 4.474792e+00 8.279242e-01
<GCONST> 3.061658e+01
<TRANSP> 5
 0.000000e+00 1.000000e+00 0.000000e+00 0.000000e+00 0.000000e+00
 0.000000e+00 9.646970e-01 3.530304e-02 0.000000e+00 0.000000e+00
 0.000000e+00 0.000000e+00 9.155184e-01 8.448159e-02 0.000000e+00
 0.000000e+00 0.000000e+00 0.000000e+00 9.664845e-01 3.351554e-02
 0.000000e+00 0.000000e+00 0.000000e+00 0.000000e+00 0.000000e+00
<ENDHMM>
