~o
<STREAMINFO> 1 6
<VECSIZE> 6<NULLD><MFCC><DIAGC>
~h "bg_dark_0_0"
<BEGINHMM>
<NUMSTATES> 5
<STATE> 2
<MEAN> 6
 2.606571e+02 1.729438e+01 6.736339e+00 4.104916e+00 2.710122e+00 1.342918e+00
<VARIANCE> 6
 1.928346e+04 7.078041e+02 3.623478e+01 1.170641e+01 2.362169e+00 1.293508e+00
<GCONST> 3.462353e+01
<STATE> 3
<MEAN> 6
 2.579375e+02 2.918580e+01 1.100214e+01 8.320919e+00 4.551429e+00 2.584841e+00
<VARIANCE> 6
 1.648347e+04 1.528426e+03 7.696407e+01 8.352790e+01 6.459846e+00 3.682293e+00
<GCONST> 4.000703e+01
<STATE> 4
<MEAN> 6
 1.624575e+02 9.922356e+00 1.031982e+01 3.060059e+00 2.846713e+00 9.535943e-01
<VARIANCE> 6
 7.591555e+03 1.438092e+02 9.642191e+01 6.244483e+00 2.972721e+00 6.316760e-01
<GCONST> 3.196107e+01
<TRANSP> 5
 0.000000e+00 1.000000e+00 0.000000e+00 0.000000e+00 0.000000e+00
 0.000000e+00 6.883628e-01 3.116372e-01 0.000000e+00 0.000000e+00
 0.000000e+00 0.000000e+00 6.069664e-01 3.930336e-01 0.000000e+00
 0.000000e+00 0.000000e+00 0.000000e+00 8.399189e-01 1.600812e-01
 0.000000e+00 0.000000e+00 0.000000e+00 0.000000e+00 0.000000e+00
<ENDHMM>
