~o
<STREAMINFO> 1 6
<VECSIZE> 6<NULLD><MFCC><DIAGC>
~h "bg_dark_0_5"
<BEGINHMM>
<NUMSTATES> 5
<STATE> 2
<MEAN> 6
 1.003420e+02 5.365958e+00 4.014560e+00 1.324420e+00 1.092361e+00 3.862439e-01
<VARIANCE> 6
 2.169921e+03 6.650239e+01 3.012531e+01 2.040805e+00 1.805034e+00 1.383893e-01
<GCONST> 2.563855e+01
<STATE> 3
<MEAN> 6
 1.247558e+02 1.849267e+01 1.293997e+01 5.049920e+00 4.861382e+00 1.899238e+00
<VARIANCE> 6
 2.393859e+03 3.489533e+02 2.086169e+02 1.378751e+01 1.240687e+01 5.407177e+00
<GCONST> 3.683310e+01
<STATE> 4
<MEAN> 6
 1.111116e+02 8.162048e+00 7.137363e+00 2.218485e+00 2.101660e+00 7.992875e-01
<VARIANCE> 6
 5.319295e+03 9.931622e+01 9.899255e+01 4.437970e+00 5.601263e+00 1.963223e+00
<GCONST> 3.268749e+01
<TRANSP> 5
 0.000000e+00 1.000000e+00 0.000000e+00 0.000000e+00 0.000000e+00
 0.000000e+00 8.408940e-01 1.591060e-01 0.000000e+00 0.000000e+00
 0.000000e+00 0.000000e+00 6.356653e-01 3.643347e-01 0.000000e+00
 0.000000e+00 0.000000e+00 0.000000e+00 6.633170e-01 3.366830e-01
 0.000000e+00 0.000000e+00 0.000000e+00 0.000000e+00 0.000000e+00
<ENDHMM>
