~o
<STREAMINFO> 1 6
<VECSIZE> 6<NULLD><MFCC><DIAGC>
~h "bg_red_0_0"
<BEGINHMM>
<NUMSTATES> 5
<STATE> 2
<MEAN> 6
 3.390980e+02 8.408749e+00 5.975765e+00 4.105988e+00 3.263500e+00 2.348702e+00
<VARIANCE> 6
 7.011091e+03 1.056922e+02 3.925747e+01 1.649010e+01 4.445199e+00 6.209851e+00
<GCONST> 3.433391e+01
<STATE> 3
<MEAN> 6
 4.247978e+02 3.999410e+01 1.428510e+01 1.227919e+01 4.203087e+00 2.778860e+00
<VARIANCE> 6
 3.712436e+04 2.677632e+03 8.334100e+02 1.388650e+02 2.902796e+01 1.034368e+01
<GCONST> 4.680564e+01
<STATE> 4
<MEAN> 6
 2.936927e+02 8.007932e+00 3.042447e+00 2.566303e+00 1.492398e+00 8.959938e-01
<VARIANCE> 6
 2.649340e+04 2.264940e+02 1.172486e+01 1.261974e+01 2.487679e+00 1.856330e+00
<GCONST> 3.316156e+01
<TRANSP> 5
 0.000000e+00 1.000000e+00 0.000000e+00 0.000000e+00 0.000000e+00
 0.000000e+00 7.910408e-01 2.089592e-01 0.000000e+00 0.000000e+00
 0.000000e+00 0.000000e+00 4.386651e-01 5.613349e-01 0.000000e+00
 0.000000e+00 0.000000e+00 0.000000e+00 8.159365e-01 1.840635e-01
 0.000000e+00 0.000000e+00 0.000000e+00 0.000000e+00 0.000000e+00
<ENDHMM>
