~o
<STREAMINFO> 1 6
<VECSIZE> 6<NULLD><MFCC><DIAGC>
~h "bg_red_0_4"
<BEGINHMM>
<NUMSTATES> 5
<STATE> 2
<MEAN> 6
 3.753810e+02 1.011507e+01 2.589526e+00 2.690955e+00 1.032490e+00 7.276662e-01
<VARIANCE> 6
 4.068207e+04 2.290759e+02 1.295409e+01 8.658276e+00 8.317606e-01 1.224537e+00
<GCONST> 3.181314e+01
<STATE> 3
<MEAN> 6
 3.312989e+02 3.302029e+01 3.393580e+00 1.132130e+01 1.296806e+00 1.238239e+00
<VARIANCE> 6
 1.141715e+04 3.174956e+03 1.416903e+01 3.160945e+02 1.748294e+00 3.644868e+00
<GCONST> 3.869225e+01
<STATE> 4
<MEAN> 6
 2.509800e+02 8.027333e+00 3.668733e+00 2.122110e+00 9.534853e-01 4.743972e-01
<VARIANCE> 6
 6.008167e+03 2.246732e+02 1.912813e+01 1.303795e+01 8.991403e-01 3.705976e-01
<GCONST> 2.956286e+01
<TRANSP> 5
 0.000000e+00 1.000000e+00 0.000000e+00 0.000000e+00 0.000000e+00
 0.000000e+00 5.862886e-01 4.137114e-01 0.000000e+00 0.000000e+00
 0.000000e+00 0.000000e+00 3.433155e-01 6.566845e-01 0.000000e+00
 0.000000e+00 0.000000e+00 0.000000e+00 8.896254e-01 1.103746e-01
 0.000000e+00 0.000000e+00 0.000000e+00 0.000000e+00 0.000000e+00
<ENDHMM>
