~o
<STREAMINFO> 1 6
<VECSIZE> 6<NULLD><MFCC><DIAGC>
~h "bg_red_0"
<BEGINHMM>
<NUMSTATES> 5
<STATE> 2
<MEAN> 6
 3.124135e+02 7.432337e+00 4.803856e+00 3.135947e+00 2.294238e+00 1.858975e+00
<VARIANCE> 6
 1.318738e+04 8.325789e+01 3.157073e+01 7.610068e+00 3.725065e+00 5.472343e+00
<GCONST> 3.343272e+01
<STATE> 3
<MEAN> 6
 4.697186e+02 4.288586e+01 7.515553e+00 1.311163e+01 2.752794e+00 2.203968e+00
<VARIANCE> 6
 4.830173e+04 3.661522e+03 2.350115e+02 2.880077e+02 2.515543e+01 1.418005e+01
<GCONST> 4.701765e+01
<STATE> 4
<MEAN> 6
 2.817354e+02 6.198302e+00 2.929816e+00 2.132980e+00 1.100909e+00 5.294493e-01
<VARIANCE> 6
 3.932151e+03 6.774074e+01 1.281591e+01 9.059661e+00 1.517310e+00 5.571436e-01
<GCONST> 2.810642e+01
<TRANSP> 5
 0.000000e+00 1.000000e+00 0.000000e+00 0.000000e+00 0.000000e+00
 0.000000e+00 9.482323e-01 5.176773e-02 0.000000e+00 0.000000e+00
 0.000000e+00 0.000000e+00 8.907230e-01 1.092770e-01 0.000000e+00
 0.000000e+00 0.000000e+00 0.000000e+00 9.759221e-01 2.407788e-02
 0.000000e+00 0.000000e+00 0.000000e+00 0.000000e+00 0.000000e+00
<ENDHMM>
