~o
<STREAMINFO> 1 6
<VECSIZE> 6<NULLD><MFCC><DIAGC>
~h "bg_red_0_1"
<BEGINHMM>
<NUMSTATES> 5
<STATE> 2
<MEAN> 6
 3.027455e+02 9.440158e+00 5.305095e+00 4.309942e+00 2.541168e+00 2.285196e+00
<VARIANCE> 6
 1.515083e+04 2.610040e+02 3.019957e+01 1.722967e+01 3.428473e+00 5.590231e+00
<GCONST> 3.542521e+01
<STATE> 3
<MEAN> 6
 4.297878e+02 3.764568e+01 7.036417e+00 1.131174e+01 4.519825e+00 4.336932e+00
<VARIANCE> 6
 3.615507e+04 2.182712e+03 4.463511e+01 1.105326e+02 6.304950e+01 3.621735e+01
<GCONST> 4.544845e+01
<STATE> 4
<MEAN> 6
 3.217514e+02 5.122001e+00 2.415627e+00 2.040037e+00 1.145928e+00 4.919104e-01
<VARIANCE> 6
 5.555148e+03 1.049968e+02 3.880002e+00 6.993754e+00 1.204974e+00 2.957377e-01
<GCONST> 2.657270e+01
<TRANSP> 5
 0.000000e+00 1.000000e+00 0.000000e+00 0.000000e+00 0.000000e+00
 0.000000e+00 7.621024e-01 2.378976e-01 0.000000e+00 0.000000e+00
 0.000000e+00 0.000000e+00 5.001584e-01 4.998417e-01 0.000000e+00
 0.000000e+00 0.000000e+00 0.000000e+00 8.528520e-01 1.471480e-01
 0.000000e+00 0.000000e+00 0.000000e+00 0.000000e+00 0.000000e+00
<ENDHMM>
