~o
<STREAMINFO> 1 6
<VECSIZE> 6<NULLD><MFCC><DIAGC>
~h "bg_red_0_3"
<BEGINHMM>
<NUMSTATES> 5
<STATE> 2
<MEAN> 6
 3.376760e+02 7.411938e+00 2.054412e+00 2.921484e+00 1.410921e+00 8.745867e-01
<VARIANCE> 6
 6.041074e+03 3.495637e+02 3.667452e+00 1.527011e+01 1.642234e+00 1.592850e+00
<GCONST> 3.057726e+01
<STATE> 3
<MEAN> 6
 4.119530e+02 3.248479e+01 4.084834e+00 1.030877e+01 1.484528e+00 7.484779e-01
<VARIANCE> 6
 3.768830e+04 3.946230e+03 1.116526e+01 3.320557e+02 2.065444e+00 6.952962e-01
<GCONST> 3.842492e+01
<STATE> 4
<MEAN> 6
 3.167292e+02 4.932929e+00 1.868732e+00 1.337502e+00 7.463995e-01 3.562095e-01
<VARIANCE> 6
 5.297697e+03 4.481451e+01 4.767040e+00 2.476877e+00 5.613881e-01 2.059105e-01
<GCONST> 2.371589e+01
<TRANSP> 5
 0.000000e+00 1.000000e+00 0.000000e+00 0.000000e+00 0.000000e+00
 0.000000e+00 6.687803e-01 3.312197e-01 0.000000e+00 0.000000e+00
 0.000000e+00 0.000000e+00 3.402710e-01 6.597291e-01 0.000000e+00
 0.000000e+00 0.000000e+00 0.000000e+00 8.660430e-01 1.339570e-01
 0.000000e+00 0.000000e+00 0.000000e+00 0.000000e+00 0.000000e+00
<ENDHMM>
