~o
<STREAMINFO> 1 6
<VECSIZE> 6<NULLD><MFCC><DIAGC>
~h "bg_red_0_2"
<BEGINHMM>
<NUMSTATES> 5
<STATE> 2
<MEAN> 6
 3.582299e+02 9.818438e+00 3.082993e+00 4.141295e+00 1.977471e+00 2.055535e+00
<VARIANCE> 6
 2.093916e+04 3.047484e+02 7.857970e+00 1.707932e+01 2.011037e+00 5.829174e+00
<GCONST> 3.405705e+01
<STATE> 3
<MEAN> 6
 3.538294e+02 3.005330e+01 4.251441e+00 1.170414e+01 1.844758e+00 1.345673e+00
<VARIANCE> 6
 8.263597e+03 2.887713e+03 1.480500e+01 4.028889e+02 2.472045e+00 4.692918e+00
<GCONST> 3.915982e+01
<STATE> 4
<MEAN> 6
 3.337511e+02 4.962395e+00 2.171188e+00 1.746153e+00 8.139178e-01 3.891435e-01
<VARIANCE> 6
 4.719542e+03 1.238924e+02 3.885748e+00 6.302009e+00 6.116722e-01 2.969117e-01
<GCONST> 2.579845e+01
<TRANSP> 5
 0.000000e+00 1.000000e+00 0.000000e+00 0.000000e+00 0.000000e+00
 0.000000e+00 6.185045e-01 3.814955e-01 0.000000e+00 0.000000e+00
 0.000000e+00 0.000000e+00 2.155439e-01 7.844561e-01 0.000000e+00
 0.000000e+00 0.000000e+00 0.000000e+00 8.901578e-01 1.098422e-01
 0.000000e+00 0.000000e+00 0.000000e+00 0.000000e+00 0.000000e+00
<ENDHMM>
