~o
<STREAMINFO> 1 6
<VECSIZE> 6<NULLD><MFCC><DIAGC>
~h "bg_red_0_5"
<BEGINHMM>
<NUMSTATES> 5
<STATE> 2
<MEAN> 6
 2.322013e+02 8.588435e+00 3.988213e+00 2.870417e+00 1.250698e+00 7.116138e-01
<VARIANCE> 6
 7.629340e+03 2.768971e+02 1.374331e+01 1.686447e+01 1.068659e+00 6.583595e-01
<GCONST> 3.068482e+01
<STATE> 3
<MEAN> 6
 3.267322e+02 5.491131e+01 1.442560e+01 1.570687e+01 4.543293e+00 3.405111e+00
<VARIANCE> 6
 3.156454e+04 5.142540e+03 2.690158e+02 4.173171e+02 2.245811e+01 1.548965e+01
<GCONST> 4.741280e+01
<STATE> 4
<MEAN> 6
 3.304366e+02 1.007479e+01 7.079934e+00 4.426282e+00 2.517385e+00 1.746869e+00
<VARIANCE> 6
 3.802689e+04 2.052465e+02 5.762800e+01 4.565962e+01 4.413415e+00 4.154137e+00
<GCONST> 3.768150e+01
<TRANSP> 5
 0.000000e+00 1.000000e+00 0.000000e+00 0.000000e+00 0.000000e+00
 0.000000e+00 8.694736e-01 1.305264e-01 0.000000e+00 0.000000e+00
 0.000000e+00 0.000000e+00 3.428999e-01 6.571002e-01 0.000000e+00
 0.000000e+00 0.000000e+00 0.000000e+00 6.449969e-01 3.550031e-01
 0.000000e+00 0.000000e+00 0.000000e+00 0.000000e+00 0.000000e+00
<ENDHMM>
