~o
<STREAMINFO> 1 6
<VECSIZE> 6<NULLD><MFCC><DIAGC>
~h "bg_white_0_5"
<BEGINHMM>
<NUMSTATES> 5
<STATE> 2
<MEAN> 6
 7.571622e+02 4.676794e+00 3.568254e+00 1.824162e+00 2.328165e+00 1.277992e+00
<VARIANCE> 6
 3.679658e+03 2.208505e+02 5.172905e+01 1.881935e+01 3.065373e+01 1.217398e+01
<GCONST> 3.743829e+01
<STATE> 3
<MEAN> 6
 6.226064e+02 3.544873e+01 5.617385e+01 1.301085e+01 2.210324e+01 9.310353e+00
<VARIANCE> 6
 2.351088e+04 2.022339e+03 4.753670e+03 1.909257e+02 2.677257e+02 1.290901e+02
<GCONST> 5.287352e+01
<STATE> 4
<MEAN> 6
 4.077686e+02 6.752440e+00 5.742419e+00 2.579191e+00 2.238930e+00 9.294676e-01
<VARIANCE> 6
 4.372484e+04 1.445374e+02 3.023181e+02 1.721366e+01 2.247699e+01 6.191543e+00
<GCONST> 4.017933e+01
<TRANSP> 5
 0.000000e+00 1.000000e+00 0.000000e+00 0.000000e+00 0.000000e+00
 0.000000e+00 8.123974e-01 1.876026e-01 0.000000e+00 0.000000e+00
 0.000000e+00 0.000000e+00 5.098069e-01 4.901932e-01 0.000000e+00
 0.000000e+00 0.000000e+00 0.000000e+00 7.839975e-01 2.160026e-01
 0.000000e+00 0.000000e+00 0.000000e+00 0.000000e+00 0.000000e+00
<ENDHMM>
