~o
<STREAMINFO> 1 6
<VECSIZE> 6<NULLD><MFCC><DIAGC>
~h "bg_white_0_4"
<BEGINHMM>
<NUMSTATES> 5
<STATE> 2
<MEAN> 6
 7.440760e+02 1.651251e+01 8.083269e+00 7.049973e+00 6.199347e+00 4.422691e+00
<VARIANCE> 6
 4.048060e+03 6.334443e+02 1.970169e+02 7.364767e+01 7.529127e+01 3.657998e+01
<GCONST> 4.328788e+01
<STATE> 3
<MEAN> 6
 6.877394e+02 4.829369e+01 1.944937e+01 1.692295e+01 1.603506e+01 1.152791e+01
<VARIANCE> 6
 7.120071e+03 1.725179e+03 4.029201e+02 1.366634e+02 1.915689e+02 1.036451e+02
<GCONST> 4.816351e+01
<STATE> 4
<MEAN> 6
 7.376675e+02 4.304778e+00 2.239784e+00 1.862517e+00 1.644082e+00 1.303094e+00
<VARIANCE> 6
 1.107541e+04 1.509413e+02 2.840873e+01 1.386089e+01 2.089588e+01 9.516709e+00
<GCONST> 3.662500e+01
<TRANSP> 5
 0.000000e+00 1.000000e+00 0.000000e+00 0.000000e+00 0.000000e+00
 0.000000e+00 5.871254e-01 4.128747e-01 0.000000e+00 0.000000e+00
 0.000000e+00 0.000000e+00 7.077332e-01 2.922668e-01 0.000000e+00
 0.000000e+00 0.000000e+00 0.000000e+00 8.602654e-01 1.397346e-01
 0.000000e+00 0.000000e+00 0.000000e+00 0.000000e+00 0.000000e+00
<ENDHMM>
