~o
<STREAMINFO> 1 6
<VECSIZE> 6<NULLD><MFCC><DIAGC>
~h "bg_white_0"
<BEGINHMM>
<NUMSTATES> 5
<STATE> 2
<MEAN> 6
 7.625782e+02 2.769265e+00 5.068583e+00 1.265313e+00 1.771286e+00 8.519219e-01
<VARIANCE> 6
 4.641784e+03 2.818733e+01 4.329831e+02 3.771298e+00 2.179954e+01 2.321457e+00
<GCONST> 3.413119e+01
<STATE> 3
<MEAN> 6
 7.104290e+02 4.448828e+01 1.739693e+01 1.575246e+01 1.517391e+01 1.087371e+01
<VARIANCE> 6
 5.855793e+03 1.768684e+03 4.080434e+02 1.269939e+02 1.838194e+02 9.340453e+01
<GCONST> 4.778685e+01
<STATE> 4
<MEAN> 6
 6.598502e+02 4.327694e+00 7.159595e+00 1.908976e+00 2.557390e+00 1.110748e+00
<VARIANCE> 6
 4.040809e+04 6.315670e+01 7.250362e+02 8.950336e+00 3.490123e+01 4.190075e+00
<GCONST> 3.954282e+01
<TRANSP> 5
 0.000000e+00 1.000000e+00 0.000000e+00 0.000000e+00 0.000000e+00
 0.000000e+00 9.511103e-01 4.888970e-02 0.000000e+00 0.000000e+00
 0.000000e+00 0.000000e+00 9.651729e-01 3.482707e-02 0.000000e+00
 0.000000e+00 0.000000e+00 0.000000e+00 9.519981e-01 4.800194e-02
 0.000000e+00 0.000000e+00 0.000000e+00 0.000000e+00 0.000000e+00
<ENDHMM>
