~o
<STREAMINFO> 1 6
<VECSIZE> 6<NULLD><MFCC><DIAGC>
~h "bg_white_0_0"
<BEGINHMM>
<NUMSTATES> 5
<STATE> 2
<MEAN> 6
 7.503710e+02 2.311457e+00 1.037516e+01 9.450073e-01 2.666181e+00 4.734008e-01
<VARIANCE> 6
 1.062941e+04 4.953146e+01 1.076856e+03 3.948900e+00 4.804126e+01 6.701267e-01
<GCONST> 3.602826e+01
<STATE> 3
<MEAN> 6
 7.042371e+02 4.231215e+01 2.038074e+01 1.435481e+01 1.580974e+01 1.087085e+01
<VARIANCE> 6
 9.005500e+03 2.217320e+03 7.558729e+02 1.511664e+02 2.352449e+02 1.249112e+02
<GCONST> 4.977139e+01
<STATE> 4
<MEAN> 6
 7.582891e+02 1.961212e+01 6.816655e+00 8.045973e+00 6.598759e+00 5.134542e+00
<VARIANCE> 6
 3.546220e+03 9.510495e+02 1.233999e+02 9.840379e+01 9.441621e+01 4.495756e+01
<GCONST> 4.381641e+01
<TRANSP> 5
 0.000000e+00 1.000000e+00 0.000000e+00 0.000000e+00 0.000000e+00
 0.000000e+00 8.668926e-01 1.331075e-01 0.000000e+00 0.000000e+00
 0.000000e+00 0.000000e+00 5.236043e-01 4.763958e-01 0.000000e+00
 0.000000e+00 0.000000e+00 0.000000e+00 5.812709e-01 4.187291e-01
 0.000000e+00 0.000000e+00 0.000000e+00 0.000000e+00 0.000000e+00
<ENDHMM>
