~o
<STREAMINFO> 1 6
<VECSIZE> 6<NULLD><MFCC><DIAGC>
~h "bg_white_0_1"
<BEGINHMM>
<NUMSTATES> 5
<STATE> 2
<MEAN> 6
 7.598367e+02 2.469299e+01 8.698208e+00 9.433747e+00 7.946784e+00 5.787120e+00
<VARIANCE> 6
 2.894621e+03 9.018831e+02 1.445313e+02 8.699164e+01 9.030220e+01 4.063182e+01
<GCONST> 4.344938e+01
<STATE> 3
<MEAN> 6
 6.946411e+02 5.990554e+01 2.068695e+01 1.859686e+01 1.868401e+01 1.305689e+01
<VARIANCE> 6
 5.062220e+03 2.009750e+03 4.322469e+02 1.320659e+02 1.967160e+02 1.013325e+02
<GCONST> 4.801506e+01
<STATE> 4
<MEAN> 6
 7.625725e+02 8.245349e+00 3.781438e+00 3.625333e+00 3.193949e+00 2.673800e+00
<VARIANCE> 6
 6.349446e+03 3.456324e+02 6.414765e+01 3.472169e+01 4.233498e+01 2.333870e+01
<GCONST> 4.023304e+01
<TRANSP> 5
 0.000000e+00 1.000000e+00 0.000000e+00 0.000000e+00 0.000000e+00
 0.000000e+00 6.401186e-01 3.598814e-01 0.000000e+00 0.000000e+00
 0.000000e+00 0.000000e+00 7.670397e-01 2.329603e-01 0.000000e+00
 0.000000e+00 0.000000e+00 0.000000e+00 8.313299e-01 1.686701e-01
 0.000000e+00 0.000000e+00 0.000000e+00 0.000000e+00 0.000000e+00
<ENDHMM>
