~o
<STREAMINFO> 1 6
<VECSIZE> 6<NULLD><MFCC><DIAGC>
~h "bg_white_0_3"
<BEGINHMM>
<NUMSTATES> 5
<STATE> 2
<MEAN> 6
 7.082832e+02 2.656246e+01 9.620752e+00 9.753257e+00 9.059802e+00 6.361291e+00
<VARIANCE> 6
 1.626286e+04 1.027477e+03 1.573494e+02 8.023299e+01 1.012863e+02 4.357203e+01
<GCONST> 4.549453e+01
<STATE> 3
<MEAN> 6
 6.896923e+02 5.088675e+01 2.049542e+01 1.813129e+01 1.774184e+01 1.266448e+01
<VARIANCE> 6
 6.547567e+03 2.034797e+03 4.291303e+02 1.468617e+02 2.055045e+02 1.158074e+02
<GCONST> 4.856091e+01
<STATE> 4
<MEAN> 6
 7.593806e+02 7.621344e+00 3.887670e+00 3.585870e+00 2.997876e+00 2.385147e+00
<VARIANCE> 6
 2.173917e+03 2.482520e+02 8.134638e+01 3.277333e+01 3.314977e+01 1.807677e+01
<GCONST> 3.850998e+01
<TRANSP> 5
 0.000000e+00 1.000000e+00 0.000000e+00 0.000000e+00 0.000000e+00
 0.000000e+00 6.094815e-01 3.905185e-01 0.000000e+00 0.000000e+00
 0.000000e+00 0.000000e+00 7.152567e-01 2.847433e-01 0.000000e+00
 0.000000e+00 0.000000e+00 0.000000e+00 8.312910e-01 1.687090e-01
 0.000000e+00 0.000000e+00 0.000000e+00 0.000000e+00 0.000000e+00
<ENDHMM>
