~o
<STREAMINFO> 1 6
<VECSIZE> 6<NULLD><MFCC><DIAGC>
~h "bg_white_0_2"
<BEGINHMM>
<NUMSTATES> 5
<STATE> 2
<MEAN> 6
 7.499190e+02 2.598834e+01 1.012167e+01 9.949884e+00 9.067929e+00 6.727424e+00
<VARIANCE> 6
 3.362779e+03 9.308925e+02 1.731955e+02 7.539297e+01 9.446461e+01 4.478179e+01
<GCONST> 4.381109e+01
<STATE> 3
<MEAN> 6
 6.846269e+02 5.620514e+01 2.278448e+01 1.907734e+01 1.894188e+01 1.369591e+01
<VARIANCE> 6
 5.141358e+03 2.049579e+03 5.149996e+02 1.451790e+02 2.159766e+02 1.186503e+02
<GCONST> 4.857121e+01
<STATE> 4
<MEAN> 6
 7.494592e+02 9.671364e+00 3.993998e+00 4.032582e+00 3.571877e+00 2.778034e+00
<VARIANCE> 6
 9.109714e+03 3.908199e+02 6.177533e+01 3.589076e+01 4.293551e+01 2.151768e+01
<GCONST> 4.064516e+01
<TRANSP> 5
 0.000000e+00 1.000000e+00 0.000000e+00 0.000000e+00 0.000000e+00
 0.000000e+00 7.007687e-01 2.992313e-01 0.000000e+00 0.000000e+00
 0.000000e+00 0.000000e+00 7.323992e-01 2.676009e-01 0.000000e+00
 0.000000e+00 0.000000e+00 0.000000e+00 8.311151e-01 1.688849e-01
 0.000000e+00 0.000000e+00 0.000000e+00 0.000000e+00 0.000000e+00
<ENDHMM>
