~o
<STREAMINFO> 1 6
<VECSIZE> 6<NULLD><MFCC><DIAGC>
~h "fp_key_5"
<BEGINHMM>
<NUMSTATES> 5
<STATE> 2
<MEAN> 6
 4.207456e+02 5.558250e+01 1.475289e+01 1.160567e+01 4.287296e+00 2.260201e+00
<VARIANCE> 6
 3.952402e+04 3.239419e+03 7.490443e+02 1.115386e+02 3.900837e+01 8.554754e+00
<GCONST> 4.683851e+01
<STATE> 3
<MEAN> 6
 4.449562e+02 3.761111e+01 3.774482e+01 1.130667e+01 1.086289e+01 4.886738e+00
<VARIANCE> 6
 3.162056e+04 2.819947e+03 3.196767e+03 2.100933e+02 2.160734e+02 3.851869e+01
<GCONST> 5.177750e+01
<STATE> 4
<MEAN> 6
 3.785709e+02 4.016057e+00 7.178382e+00 9.851751e-01 1.620529e+00 4.337566e-01
<VARIANCE> 6
 1.157809e+04 4.533784e+01 2.327097e+02 1.105196e+00 7.604345e+00 3.632138e-01
<GCONST> 3.076404e+01
<TRANSP> 5
 0.000000e+00 1.000000e+00 0.000000e+00 0.000000e+00 0.000000e+00
 0.000000e+00 5.563337e-01 4.436663e-01 0.000000e+00 0.000000e+00
 0.000000e+00 0.000000e+00 1.939878e-01 8.060122e-01 0.000000e+00
 0.000000e+00 0.000000e+00 0.000000e+00 8.824273e-01 1.175727e-01
 0.000000e+00 0.000000e+00 0.000000e+00 0.000000e+00 0.000000e+00
<ENDHMM>
