~o
<STREAMINFO> 1 6
<VECSIZE> 6<NULLD><MFCC><DIAGC>
~h "fp_key"
<BEGINHMM>
<NUMSTATES> 5
<STATE> 2
<MEAN> 6
 1.797124e+02 1.437537e+01 5.243993e+00 3.291036e+00 1.906829e+00 8.247767e-01
<VARIANCE> 6
 8.067830e+03 5.576074e+02 9.240861e+01 2.041727e+01 6.522552e+00 1.288763e+00
<GCONST> 3.601811e+01
<STATE> 3
<MEAN> 6
 4.003670e+02 6.814029e+01 2.727193e+01 1.601928e+01 9.539138e+00 3.866391e+00
<VARIANCE> 6
 4.383254e+04 4.201461e+03 2.244106e+03 1.990892e+02 1.972381e+02 2.803012e+01
<GCONST> 5.168609e+01
<STATE> 4
<MEAN> 6
 2.964653e+02 4.005542e+00 5.008891e+00 1.199524e+00 1.390597e+00 5.121490e-01
<VARIANCE> 6
 1.879652e+04 2.995243e+01 1.165487e+02 1.225531e+00 4.218663e+00 4.852971e-01
<GCONST> 2.994651e+01
<TRANSP> 5
 0.000000e+00 1.000000e+00 0.000000e+00 0.000000e+00 0.000000e+00
 0.000000e+00 9.333054e-01 6.669455e-02 0.000000e+00 0.000000e+00
 0.000000e+00 0.000000e+00 9.729572e-01 2.704278e-02 0.000000e+00
 0.000000e+00 0.000000e+00 0.000000e+00 9.445302e-01 5.546979e-02
 0.000000e+00 0.000000e+00 0.000000e+00 0.000000e+00 0.000000e+00
<ENDHMM>
