~o
<STREAMINFO> 1 6
<VECSIZE> 6<NULLD><MFCC><DIAGC>
~h "fp_key_4"
<BEGINHMM>
<NUMSTATES> 5
<STATE> 2
<MEAN> 6
 2.885386e+02 1.811008e+01 5.587022e+00 4.860716e+00 2.292399e+00 1.265122e+00
<VARIANCE> 6
 1.709353e+04 1.071596e+03 8.130133e+01 4.766527e+01 1.119878e+01 2.838685e+00
<GCONST> 3.947214e+01
<STATE> 3
<MEAN> 6
 5.072177e+02 7.559466e+01 5.681704e+01 2.065830e+01 2.026558e+01 7.988586e+00
<VARIANCE> 6
 3.260233e+04 3.668518e+03 3.551586e+03 2.162460e+02 2.738496e+02 4.656485e+01
<GCONST> 5.263194e+01
<STATE> 4
<MEAN> 6
 4.769130e+02 6.121200e+01 1.283843e+01 1.236738e+01 3.601263e+00 2.052169e+00
<VARIANCE> 6
 3.604478e+04 3.122876e+03 4.619724e+02 9.526234e+01 2.465789e+01 6.114188e+00
<GCONST> 4.527414e+01
<TRANSP> 5
 0.000000e+00 1.000000e+00 0.000000e+00 0.000000e+00 0.000000e+00
 0.000000e+00 8.321078e-01 1.678923e-01 0.000000e+00 0.000000e+00
 0.000000e+00 0.000000e+00 6.163687e-01 3.836313e-01 0.000000e+00
 0.000000e+00 0.000000e+00 0.000000e+00 7.746291e-01 2.253709e-01
 0.000000e+00 0.000000e+00 0.000000e+00 0.000000e+00 0.000000e+00
<ENDHMM>
