~o
<STREAMINFO> 1 6
<VECSIZE> 6<NULLD><MFCC><DIAGC>
~h "fp_key_1"
<BEGINHMM>
<NUMSTATES> 5
<STATE> 2
<MEAN> 6
 1.692057e+02 1.258777e+01 5.030214e+00 3.245553e+00 1.881566e+00 8.519509e-01
<VARIANCE> 6
 1.207906e+04 7.619730e+02 1.634382e+02 3.125522e+01 1.677194e+01 2.152596e+00
<GCONST> 3.918740e+01
<STATE> 3
<MEAN> 6
 3.623469e+02 6.646677e+01 6.523262e+01 2.081461e+01 2.086803e+01 7.755684e+00
<VARIANCE> 6
 3.628716e+04 3.688904e+03 5.139640e+03 3.162149e+02 3.115851e+02 5.372237e+01
<GCONST> 5.376623e+01
<STATE> 4
<MEAN> 6
 4.258064e+02 8.308764e+01 1.288282e+01 1.706742e+01 4.762759e+00 2.235371e+00
<VARIANCE> 6
 5.176154e+04 4.546686e+03 5.680330e+02 1.621334e+02 6.652587e+01 9.603395e+00
<GCONST> 4.819412e+01
<TRANSP> 5
 0.000000e+00 1.000000e+00 0.000000e+00 0.000000e+00 0.000000e+00
 0.000000e+00 8.531904e-01 1.468096e-01 0.000000e+00 0.000000e+00
 0.000000e+00 0.000000e+00 5.499382e-01 4.500618e-01 0.000000e+00
 0.000000e+00 0.000000e+00 0.000000e+00 7.478909e-01 2.521091e-01
 0.000000e+00 0.000000e+00 0.000000e+00 0.000000e+00 0.000000e+00
<ENDHMM>
