~o
<STREAMINFO> 1 6
<VECSIZE> 6<NULLD><MFCC><DIAGC>
~h "fp_key_2"
<BEGINHMM>
<NUMSTATES> 5
<STATE> 2
<MEAN> 6
 2.664511e+02 4.242266e+01 9.437867e+00 9.661960e+00 4.110019e+00 1.829510e+00
<VARIANCE> 6
 2.233149e+04 2.914385e+03 4.664758e+02 1.089611e+02 5.912675e+01 8.686016e+00
<GCONST> 4.609602e+01
<STATE> 3
<MEAN> 6
 4.486985e+02 9.417661e+01 4.823161e+01 2.212899e+01 1.760807e+01 6.129151e+00
<VARIANCE> 6
 4.225284e+04 4.866201e+03 3.896719e+03 2.742270e+02 3.531223e+02 5.048470e+01
<GCONST> 5.383909e+01
<STATE> 4
<MEAN> 6
 1.863959e+02 1.633843e+01 9.253722e+00 4.615962e+00 3.200613e+00 1.508072e+00
<VARIANCE> 6
 1.771400e+04 1.110202e+03 7.589608e+02 7.495082e+01 4.592124e+01 8.504638e+00
<GCONST> 4.473799e+01
<TRANSP> 5
 0.000000e+00 1.000000e+00 0.000000e+00 0.000000e+00 0.000000e+00
 0.000000e+00 7.465330e-01 2.534671e-01 0.000000e+00 0.000000e+00
 0.000000e+00 0.000000e+00 7.093582e-01 2.906418e-01 0.000000e+00
 0.000000e+00 0.000000e+00 0.000000e+00 8.218756e-01 1.781244e-01
 0.000000e+00 0.000000e+00 0.000000e+00 0.000000e+00 0.000000e+00
<ENDHMM>
