~o
<STREAMINFO> 1 6
<VECSIZE> 6<NULLD><MFCC><DIAGC>
~h "fp_key_3"
<BEGINHMM>
<NUMSTATES> 5
<STATE> 2
<MEAN> 6
 4.226885e+02 7.945123e+01 1.605119e+01 1.776663e+01 5.498516e+00 2.588865e+00
<VARIANCE> 6
 3.729866e+04 4.457849e+03 1.067775e+03 2.159374e+02 7.459222e+01 1.297970e+01
<GCONST> 4.918014e+01
<STATE> 3
<MEAN> 6
 4.112228e+02 7.694817e+01 6.634876e+01 2.271705e+01 2.461145e+01 8.854226e+00
<VARIANCE> 6
 3.743507e+04 4.703914e+03 4.782604e+03 3.124483e+02 4.111848e+02 5.717121e+01
<GCONST> 5.429605e+01
<STATE> 4
<MEAN> 6
 2.274408e+02 1.745179e+01 5.314225e+00 4.572771e+00 2.373993e+00 1.256296e+00
<VARIANCE> 6
 1.654065e+04 9.790682e+02 8.130454e+01 4.510721e+01 1.183048e+01 2.796125e+00
<GCONST> 3.933360e+01
<TRANSP> 5
 0.000000e+00 1.000000e+00 0.000000e+00 0.000000e+00 0.000000e+00
 0.000000e+00 7.420962e-01 2.579038e-01 0.000000e+00 0.000000e+00
 0.000000e+00 0.000000e+00 5.800725e-01 4.199275e-01 0.000000e+00
 0.000000e+00 0.000000e+00 0.000000e+00 8.258213e-01 1.741788e-01
 0.000000e+00 0.000000e+00 0.000000e+00 0.000000e+00 0.000000e+00
<ENDHMM>
