~o
<STREAMINFO> 1 6
<VECSIZE> 6<NULLD><MFCC><DIAGC>
~h "fp_key_0"
<BEGINHMM>
<NUMSTATES> 5
<STATE> 2
<MEAN> 6
 1.802032e+02 1.337794e+01 5.066743e+00 3.065342e+00 1.592623e+00 5.520896e-01
<VARIANCE> 6
 8.423521e+03 7.544561e+02 1.350610e+02 3.078899e+01 3.832691e+00 3.534549e-01
<GCONST> 3.532850e+01
<STATE> 3
<MEAN> 6
 4.408903e+02 9.498594e+01 2.599650e+01 1.907436e+01 8.434533e+00 3.005457e+00
<VARIANCE> 6
 4.691634e+04 4.627634e+03 1.684184e+03 1.497858e+02 1.416934e+02 1.480667e+01
<GCONST> 5.031017e+01
<STATE> 4
<MEAN> 6
 2.495120e+02 2.046687e+01 7.392849e+00 4.682144e+00 2.998262e+00 1.213996e+00
<VARIANCE> 6
 1.653291e+04 1.574406e+03 3.217492e+02 5.618037e+01 3.576236e+01 3.521608e+00
<GCONST> 4.274016e+01
<TRANSP> 5
 0.000000e+00 1.000000e+00 0.000000e+00 0.000000e+00 0.000000e+00
 0.000000e+00 7.992501e-01 2.007499e-01 0.000000e+00 0.000000e+00
 0.000000e+00 0.000000e+00 7.457659e-01 2.542341e-01 0.000000e+00
 0.000000e+00 0.000000e+00 0.000000e+00 6.758818e-01 3.241183e-01
 0.000000e+00 0.000000e+00 0.000000e+00 0.000000e+00 0.000000e+00
<ENDHMM>
