~o
<STREAMINFO> 1 6
<VECSIZE> 6<NULLD><MFCC><DIAGC>
~h "fp_logo"
<BEGINHMM>
<NUMSTATES> 5
<STATE> 2
<MEAN> 6
 1.474242e+02 1.100713e+01 3.715035e+00 4.338186e+00 1.953295e+00 1.026827e+00
<VARIANCE> 6
 2.491692e+03 2.754260e+02 1.827115e+01 2.817158e+01 3.428165e+00 1.855385e+00
<GCONST> 3.256005e+01
<STATE> 3
<MEAN> 6
 3.737453e+02 7.375224e+01 6.035311e+01 2.022806e+01 1.755803e+01 7.321615e+00
<VARIANCE> 6
 4.044631e+04 6.413593e+03 5.840557e+03 3.742798e+02 3.197422e+02 5.099607e+01
<GCONST> 5.469801e+01
<STATE> 4
<MEAN> 6
 2.420834e+02 3.270165e+00 3.111264e+00 1.418180e+00 1.380917e+00 5.147361e-01
<VARIANCE> 6
 1.235500e+04 7.654526e+00 7.894124e+00 1.303694e+00 1.241682e+00 2.754913e-01
<GCONST> 2.374296e+01
<TRANSP> 5
 0.000000e+00 1.000000e+00 0.000000e+00 0.000000e+00 0.000000e+00
 0.000000e+00 9.543282e-01 4.567182e-02 0.000000e+00 0.000000e+00
 0.000000e+00 0.000000e+00 8.863983e-01 1.136017e-01 0.000000e+00
 0.000000e+00 0.000000e+00 0.000000e+00 9.745560e-01 2.544400e-02
 0.000000e+00 0.000000e+00 0.000000e+00 0.000000e+00 0.000000e+00
<ENDHMM>
