~o
<STREAMINFO> 1 6
<VECSIZE> 6<NULLD><MFCC><DIAGC>
~h "fp_logo_2"
<BEGINHMM>
<NUMSTATES> 5
<STATE> 2
<MEAN> 6
 1.924263e+02 2.284905e+01 2.099582e+01 6.895283e+00 5.948841e+00 2.504587e+00
<VARIANCE> 6
 1.577041e+04 2.841799e+03 2.510142e+03 1.304726e+02 1.291227e+02 1.810746e+01
<GCONST> 4.910169e+01
<STATE> 3
<MEAN> 6
 3.653076e+02 6.781356e+01 7.228515e+01 1.983317e+01 2.090374e+01 7.947548e+00
<VARIANCE> 6
 3.799730e+04 5.662640e+03 7.052082e+03 4.300075e+02 3.460227e+02 5.745238e+01
<GCONST> 5.503652e+01
<STATE> 4
<MEAN> 6
 1.649436e+02 8.914627e+00 5.584418e+00 3.821299e+00 2.301449e+00 1.184252e+00
<VARIANCE> 6
 5.722086e+03 3.796280e+02 3.871610e+02 4.418537e+01 2.537327e+01 4.683732e+00
<GCONST> 4.014357e+01
<TRANSP> 5
 0.000000e+00 1.000000e+00 0.000000e+00 0.000000e+00 0.000000e+00
 0.000000e+00 3.192368e-01 6.807632e-01 0.000000e+00 0.000000e+00
 0.000000e+00 0.000000e+00 7.107119e-01 2.892881e-01 0.000000e+00
 0.000000e+00 0.000000e+00 0.000000e+00 8.761503e-01 1.238498e-01
 0.000000e+00 0.000000e+00 0.000000e+00 0.000000e+00 0.000000e+00
<ENDHMM>
