~o
<STREAMINFO> 1 6
<VECSIZE> 6<NULLD><MFCC><DIAGC>
~h "fp_logo_5"
<BEGINHMM>
<NUMSTATES> 5
<STATE> 2
<MEAN> 6
 2.963234e+02 7.497093e+00 3.832530e+00 3.295422e+00 2.011355e+00 8.420377e-01
<VARIANCE> 6
 6.212933e+03 7.821657e+01 3.980221e+01 1.700631e+01 3.751245e+00 1.025652e+00
<GCONST> 3.198605e+01
<STATE> 3
<MEAN> 6
 3.078333e+02 5.744139e+00 6.366009e+00 2.457504e+00 2.463599e+00 1.460104e+00
<VARIANCE> 6
 7.236793e+03 5.613622e+01 2.375301e+02 9.436830e+00 6.593343e+00 8.388226e+00
<GCONST> 3.566978e+01
<STATE> 4
<MEAN> 6
 3.475249e+02 2.715287e+00 2.957613e+00 1.183402e+00 1.202078e+00 4.315557e-01
<VARIANCE> 6
 1.004425e+04 7.600508e+00 6.163367e+00 1.643017e+00 1.019720e+00 1.774435e-01
<GCONST> 2.287581e+01
<TRANSP> 5
 0.000000e+00 1.000000e+00 0.000000e+00 0.000000e+00 0.000000e+00
 0.000000e+00 3.567861e-01 6.432140e-01 0.000000e+00 0.000000e+00
 0.000000e+00 0.000000e+00 8.948676e-02 9.105132e-01 0.000000e+00
 0.000000e+00 0.000000e+00 0.000000e+00 8.930141e-01 1.069859e-01
 0.000000e+00 0.000000e+00 0.000000e+00 0.000000e+00 0.000000e+00
<ENDHMM>
