~o
<STREAMINFO> 1 6
<VECSIZE> 6<NULLD><MFCC><DIAGC>
~h "fp_logo_0"
<BEGINHMM>
<NUMSTATES> 5
<STATE> 2
<MEAN> 6
 1.320577e+02 1.102722e+01 4.688931e+00 4.065394e+00 1.980222e+00 6.593408e-01
<VARIANCE> 6
 1.105360e+03 2.849764e+02 4.084257e+01 2.278211e+01 4.614913e+00 2.994708e-01
<GCONST> 3.084685e+01
<STATE> 3
<MEAN> 6
 1.752749e+02 4.197665e+01 4.907605e+00 9.390759e+00 2.592004e+00 1.449501e+00
<VARIANCE> 6
 1.104488e+04 6.509987e+03 3.333271e+01 1.559525e+02 5.047053e+00 2.370434e+00
<GCONST> 4.015604e+01
<STATE> 4
<MEAN> 6
 1.283541e+02 4.446404e+00 2.509978e+00 1.507347e+00 1.025745e+00 3.822657e-01
<VARIANCE> 6
 1.683579e+03 1.057706e+02 5.339709e+00 7.322629e+00 8.774611e-01 1.224525e-01
<GCONST> 2.455260e+01
<TRANSP> 5
 0.000000e+00 1.000000e+00 0.000000e+00 0.000000e+00 0.000000e+00
 0.000000e+00 6.466517e-01 3.533482e-01 0.000000e+00 0.000000e+00
 0.000000e+00 0.000000e+00 3.737956e-01 6.262044e-01 0.000000e+00
 0.000000e+00 0.000000e+00 0.000000e+00 8.679521e-01 1.320479e-01
 0.000000e+00 0.000000e+00 0.000000e+00 0.000000e+00 0.000000e+00
<ENDHMM>
