~o
<STREAMINFO> 1 6
<VECSIZE> 6<NULLD><MFCC><DIAGC>
~h "fp_logo_1"
<BEGINHMM>
<NUMSTATES> 5
<STATE> 2
<MEAN> 6
 1.357933e+02 5.261361e+00 2.963275e+00 1.994910e+00 1.499944e+00 7.048876e-01
<VARIANCE> 6
 2.262873e+03 1.134757e+02 8.822543e+00 8.080216e+00 1.890699e+00 7.170979e-01
<GCONST> 2.805437e+01
<STATE> 3
<MEAN> 6
 3.333763e+02 6.627352e+01 4.988574e+01 1.860777e+01 1.501907e+01 5.940406e+00
<VARIANCE> 6
 4.877100e+04 5.680855e+03 5.151604e+03 3.509055e+02 2.930280e+02 3.997191e+01
<GCONST> 5.424303e+01
<STATE> 4
<MEAN> 6
 1.840546e+02 2.351720e+01 1.663089e+01 8.897577e+00 5.603654e+00 2.658588e+00
<VARIANCE> 6
 1.155396e+04 1.954266e+03 1.696487e+03 1.024491e+02 8.768793e+01 1.301382e+01
<GCONST> 4.706530e+01
<TRANSP> 5
 0.000000e+00 1.000000e+00 0.000000e+00 0.000000e+00 0.000000e+00
 0.000000e+00 8.826520e-01 1.173480e-01 0.000000e+00 0.000000e+00
 0.000000e+00 0.000000e+00 5.507305e-01 4.492695e-01 0.000000e+00
 0.000000e+00 0.000000e+00 0.000000e+00 5.560485e-01 4.439515e-01
 0.000000e+00 0.000000e+00 0.000000e+00 0.000000e+00 0.000000e+00
<ENDHMM>
