~o
<STREAMINFO> 1 6
<VECSIZE> 6<NULLD><MFCC><DIAGC>
~h "fp_logo_4"
<BEGINHMM>
<NUMSTATES> 5
<STATE> 2
<MEAN> 6
 2.323950e+02 1.658658e+01 5.496762e+00 5.287859e+00 2.275654e+00 1.046636e+00
<VARIANCE> 6
 5.098023e+03 6.282157e+02 3.449161e+01 3.920049e+01 2.446099e+00 9.599109e-01
<GCONST> 3.406973e+01
<STATE> 3
<MEAN> 6
 3.370938e+02 2.895457e+01 1.648807e+01 9.306719e+00 4.304191e+00 2.035773e+00
<VARIANCE> 6
 5.032242e+04 2.687944e+03 1.022183e+03 1.826925e+02 4.478794e+01 7.339132e+00
<GCONST> 4.768266e+01
<STATE> 4
<MEAN> 6
 2.771157e+02 3.810436e+00 3.694786e+00 1.631581e+00 1.775486e+00 6.055025e-01
<VARIANCE> 6
 6.739039e+03 1.485804e+01 1.485520e+01 1.819526e+00 2.004314e+00 3.467481e-01
<GCONST> 2.547455e+01
<TRANSP> 5
 0.000000e+00 1.000000e+00 0.000000e+00 0.000000e+00 0.000000e+00
 0.000000e+00 5.706158e-01 4.293842e-01 0.000000e+00 0.000000e+00
 0.000000e+00 0.000000e+00 3.285750e-01 6.714250e-01 0.000000e+00
 0.000000e+00 0.000000e+00 0.000000e+00 8.910879e-01 1.089122e-01
 0.000000e+00 0.000000e+00 0.000000e+00 0.000000e+00 0.000000e+00
<ENDHMM>
