~o
<STREAMINFO> 1 6
<VECSIZE> 6<NULLD><MFCC><DIAGC>
~h "fp_logo_3"
<BEGINHMM>
<NUMSTATES> 5
<STATE> 2
<MEAN> 6
 2.048595e+02 2.666074e+01 1.662209e+01 8.772014e+00 5.507258e+00 2.404298e+00
<VARIANCE> 6
 1.462897e+04 1.794235e+03 2.014747e+03 1.801000e+02 1.216867e+02 1.595422e+01
<GCONST> 4.848329e+01
<STATE> 3
<MEAN> 6
 3.182827e+02 6.202314e+01 4.447900e+01 1.613466e+01 1.377374e+01 6.786494e+00
<VARIANCE> 6
 3.060571e+04 6.275849e+03 4.841732e+03 3.440348e+02 3.422935e+02 7.142860e+01
<GCONST> 5.453081e+01
<STATE> 4
<MEAN> 6
 2.042459e+02 6.717925e+00 3.524089e+00 2.628548e+00 1.615500e+00 7.248234e-01
<VARIANCE> 6
 6.906860e+03 1.786460e+02 8.285042e+00 1.296194e+01 1.499661e+00 7.670290e-01
<GCONST> 2.986942e+01
<TRANSP> 5
 0.000000e+00 1.000000e+00 0.000000e+00 0.000000e+00 0.000000e+00
 0.000000e+00 2.897810e-01 7.102190e-01 0.000000e+00 0.000000e+00
 0.000000e+00 0.000000e+00 5.176046e-01 4.823955e-01 0.000000e+00
 0.000000e+00 0.000000e+00 0.000000e+00 8.826153e-01 1.173848e-01
 0.000000e+00 0.000000e+00 0.000000e+00 0.000000e+00 0.000000e+00
<ENDHMM>
