~o
<STREAMINFO> 1 6
<VECSIZE> 6<NULLD><MFCC><DIAGC>
~h "fp_screen_3"
<BEGINHMM>
<NUMSTATES> 5
<STATE> 2
<MEAN> 6
 4.320923e+02 4.434187e+01 1.882458e+01 1.072596e+01 6.328147e+00 2.875299e+00
<VARIANCE> 6
 2.282004e+04 2.006783e+03 1.274157e+03 1.113363e+02 9.411466e+01 1.763034e+01
<GCONST> 4.794368e+01
<STATE> 3
<MEAN> 6
 5.487202e+02 7.597876e+01 3.445874e+01 1.715268e+01 1.376170e+01 6.012856e+00
<VARIANCE> 6
 4.608227e+04 5.573236e+03 2.848280e+03 1.859696e+02 2.363658e+02 4.284634e+01
<GCONST> 5.279424e+01
<STATE> 4
<MEAN> 6
 3.483915e+02 1.014667e+01 4.575379e+00 2.895950e+00 1.985926e+00 9.500515e-01
<VARIANCE> 6
 9.696748e+03 2.826927e+02 3.854376e+01 1.474052e+01 5.009702e+00 1.484312e+00
<GCONST> 3.419989e+01
<TRANSP> 5
 0.000000e+00 1.000000e+00 0.000000e+00 0.000000e+00 0.000000e+00
 0.000000e+00 5.014171e-01 4.985829e-01 0.000000e+00 0.000000e+00
 0.000000e+00 0.000000e+00 5.574020e-01 4.425980e-01 0.000000e+00
 0.000000e+00 0.000000e+00 0.000000e+00 8.707164e-01 1.292836e-01
 0.000000e+00 0.000000e+00 0.000000e+00 0.000000e+00 0.000000e+00
<ENDHMM>
