~o
<STREAMINFO> 1 6
<VECSIZE> 6<NULLD><MFCC><DIAGC>
~h "fp_screen_2"
<BEGINHMM>
<NUMSTATES> 5
<STATE> 2
<MEAN> 6
 3.700429e+02 1.028682e+01 7.425946e+00 3.083087e+00 2.745577e+00 1.027219e+00
<VARIANCE> 6
 1.805953e+04 3.620612e+02 2.593292e+02 2.340865e+01 1.464542e+01 2.688169e+00
<GCONST> 3.910470e+01
<STATE> 3
<MEAN> 6
 5.724467e+02 7.647871e+01 4.015122e+01 2.139395e+01 1.592890e+01 7.347515e+00
<VARIANCE> 6
 3.857737e+04 5.645519e+03 2.523393e+03 2.571443e+02 2.731893e+02 5.876997e+01
<GCONST> 5.329309e+01
<STATE> 4
<MEAN> 6
 4.451641e+02 4.032786e+01 1.811619e+01 9.545837e+00 5.877472e+00 2.756708e+00
<VARIANCE> 6
 2.345346e+04 2.180919e+03 1.132120e+03 1.043290e+02 7.996053e+01 1.576342e+01
<GCONST> 4.759616e+01
<TRANSP> 5
 0.000000e+00 1.000000e+00 0.000000e+00 0.000000e+00 0.000000e+00
 0.000000e+00 8.675752e-01 1.324248e-01 0.000000e+00 0.000000e+00
 0.000000e+00 0.000000e+00 6.571240e-01 3.428760e-01 0.000000e+00
 0.000000e+00 0.000000e+00 0.000000e+00 6.050610e-01 3.949390e-01
 0.000000e+00 0.000000e+00 0.000000e+00 0.000000e+00 0.000000e+00
<ENDHMM>
