~o
<STREAMINFO> 1 6
<VECSIZE> 6<NULLD><MFCC><DIAGC>
~h "fp_screen"
<BEGINHMM>
<NUMSTATES> 5
<STATE> 2
<MEAN> 6
 3.181520e+02 8.205519e+00 7.945590e+00 2.693030e+00 2.969920e+00 9.965095e-01
<VARIANCE> 6
 2.404812e+04 1.252809e+02 2.712359e+02 1.074975e+01 2.116657e+01 2.099807e+00
<GCONST> 3.771777e+01
<STATE> 3
<MEAN> 6
 5.205571e+02 6.196180e+01 2.872947e+01 1.645869e+01 1.056296e+01 4.975201e+00
<VARIANCE> 6
 3.637885e+04 3.825346e+03 1.930864e+03 1.898852e+02 1.724805e+02 3.825290e+01
<GCONST> 5.138505e+01
<STATE> 4
<MEAN> 6
 3.656340e+02 5.086170e+00 6.078495e+00 1.800534e+00 1.973926e+00 7.605079e-01
<VARIANCE> 6
 9.967333e+03 3.016631e+01 1.026148e+02 2.919066e+00 5.775810e+00 8.975829e-01
<GCONST> 3.098893e+01
<TRANSP> 5
 0.000000e+00 1.000000e+00 0.000000e+00 0.000000e+00 0.000000e+00
 0.000000e+00 9.475123e-01 5.248775e-02 0.000000e+00 0.000000e+00
 0.000000e+00 0.000000e+00 9.305723e-01 6.942776e-02 0.000000e+00
 0.000000e+00 0.000000e+00 0.000000e+00 9.726361e-01 2.736391e-02
 0.000000e+00 0.000000e+00 0.000000e+00 0.000000e+00 0.000000e+00
<ENDHMM>
