~o
<STREAMINFO> 1 6
<VECSIZE> 6<NULLD><MFCC><DIAGC>
~h "fp_screen_5"
<BEGINHMM>
<NUMSTATES> 5
<STATE> 2
<MEAN> 6
 2.970979e+02 6.511924e+00 1.031716e+01 3.012820e+00 3.899976e+00 1.453909e+00
<VARIANCE> 6
 7.617064e+03 1.074706e+02 2.094546e+02 1.177069e+01 1.427248e+01 2.022895e+00
<GCONST> 3.581561e+01
<STATE> 3
<MEAN> 6
 3.506989e+02 1.978094e+01 3.097208e+01 5.988248e+00 8.162609e+00 2.549970e+00
<VARIANCE> 6
 1.769809e+04 1.622646e+03 9.207329e+02 7.808484e+01 8.000848e+01 1.502212e+01
<GCONST> 4.647491e+01
<STATE> 4
<MEAN> 6
 4.208433e+02 2.585294e+00 3.379956e+00 1.075363e+00 1.091283e+00 4.150677e-01
<VARIANCE> 6
 1.363021e+04 5.926092e+00 9.763948e+00 8.511595e-01 1.165274e+00 2.603903e-01
<GCONST> 2.325159e+01
<TRANSP> 5
 0.000000e+00 1.000000e+00 0.000000e+00 0.000000e+00 0.000000e+00
 0.000000e+00 7.353139e-01 2.646861e-01 0.000000e+00 0.000000e+00
 0.000000e+00 0.000000e+00 2.663543e-01 7.336457e-01 0.000000e+00
 0.000000e+00 0.000000e+00 0.000000e+00 8.542037e-01 1.457963e-01
 0.000000e+00 0.000000e+00 0.000000e+00 0.000000e+00 0.000000e+00
<ENDHMM>
