~o
<STREAMINFO> 1 6
<VECSIZE> 6<NULLD><MFCC><DIAGC>
~h "fp_screen_1"
<BEGINHMM>
<NUMSTATES> 5
<STATE> 2
<MEAN> 6
 3.720826e+02 9.860361e+00 7.250396e+00 2.924668e+00 2.647476e+00 1.150971e+00
<VARIANCE> 6
 2.971872e+04 3.578880e+02 2.660468e+02 2.520303e+01 2.447983e+01 5.477112e+00
<GCONST> 4.091608e+01
<STATE> 3
<MEAN> 6
 4.878693e+02 5.122170e+01 2.457893e+01 1.681350e+01 7.848633e+00 4.023759e+00
<VARIANCE> 6
 3.478312e+04 3.392157e+03 1.470132e+03 2.741847e+02 8.948135e+01 3.182510e+01
<GCONST> 5.047456e+01
<STATE> 4
<MEAN> 6
 3.911921e+02 9.308209e+00 4.181792e+00 2.755136e+00 1.658864e+00 7.669791e-01
<VARIANCE> 6
 1.813506e+04 3.540277e+02 1.287883e+02 2.284337e+01 7.014534e+00 2.212145e+00
<GCONST> 3.743102e+01
<TRANSP> 5
 0.000000e+00 1.000000e+00 0.000000e+00 0.000000e+00 0.000000e+00
 0.000000e+00 6.705734e-01 3.294266e-01 0.000000e+00 0.000000e+00
 0.000000e+00 0.000000e+00 5.410596e-01 4.589405e-01 0.000000e+00
 0.000000e+00 0.000000e+00 0.000000e+00 8.715559e-01 1.284441e-01
 0.000000e+00 0.000000e+00 0.000000e+00 0.000000e+00 0.000000e+00
<ENDHMM>
