~o
<STREAMINFO> 1 6
<VECSIZE> 6<NULLD><MFCC><DIAGC>
~h "fp_screen_4"
<BEGINHMM>
<NUMSTATES> 5
<STATE> 2
<MEAN> 6
 3.658086e+02 1.772993e+01 6.833139e+00 6.069772e+00 2.881289e+00 1.528840e+00
<VARIANCE> 6
 1.329088e+04 8.149560e+02 1.035215e+02 5.008971e+01 1.112376e+01 3.480182e+00
<GCONST> 3.943499e+01
<STATE> 3
<MEAN> 6
 4.696547e+02 4.078779e+01 2.687942e+01 1.126128e+01 8.184963e+00 3.774307e+00
<VARIANCE> 6
 4.109198e+04 3.164796e+03 2.150442e+03 1.620559e+02 1.278084e+02 2.216530e+01
<GCONST> 5.042110e+01
<STATE> 4
<MEAN> 6
 3.210872e+02 6.053166e+00 8.403527e+00 2.153364e+00 2.366508e+00 8.066434e-01
<VARIANCE> 6
 8.956311e+03 5.755332e+01 1.443462e+02 5.972635e+00 6.529582e+00 6.544136e-01
<GCONST> 3.239182e+01
<TRANSP> 5
 0.000000e+00 1.000000e+00 0.000000e+00 0.000000e+00 0.000000e+00
 0.000000e+00 5.713901e-01 4.286099e-01 0.000000e+00 0.000000e+00
 0.000000e+00 0.000000e+00 3.752141e-01 6.247858e-01 0.000000e+00
 0.000000e+00 0.000000e+00 0.000000e+00 8.897018e-01 1.102983e-01
 0.000000e+00 0.000000e+00 0.000000e+00 0.000000e+00 0.000000e+00
<ENDHMM>
