~o
<STREAMINFO> 1 6
<VECSIZE> 6<NULLD><MFCC><DIAGC>
~h "fp_screen_0"
<BEGINHMM>
<NUMSTATES> 5
<STATE> 2
<MEAN> 6
 2.136616e+02 5.432288e+00 1.008124e+01 2.108157e+00 3.622939e+00 8.337556e-01
<VARIANCE> 6
 1.325125e+04 1.335525e+02 3.322891e+02 8.462154e+00 3.344865e+01 1.827299e+00
<GCONST> 3.746807e+01
<STATE> 3
<MEAN> 6
 4.527834e+02 3.902036e+01 3.746043e+01 1.090391e+01 1.243102e+01 4.796643e+00
<VARIANCE> 6
 4.274476e+04 1.851054e+03 1.435769e+03 1.190427e+02 1.219754e+02 3.802777e+01
<GCONST> 4.970485e+01
<STATE> 4
<MEAN> 6
 4.288474e+02 7.210323e+00 4.315771e+00 2.100558e+00 1.714403e+00 7.819846e-01
<VARIANCE> 6
 1.211635e+04 2.038440e+02 1.213432e+02 1.434354e+01 1.405799e+01 3.039272e+00
<GCONST> 3.696366e+01
<TRANSP> 5
 0.000000e+00 1.000000e+00 0.000000e+00 0.000000e+00 0.000000e+00
 0.000000e+00 7.909643e-01 2.090357e-01 0.000000e+00 0.000000e+00
 0.000000e+00 0.000000e+00 5.115746e-01 4.884254e-01 0.000000e+00
 0.000000e+00 0.000000e+00 0.000000e+00 8.065291e-01 1.934709e-01
 0.000000e+00 0.000000e+00 0.000000e+00 0.000000e+00 0.000000e+00
<ENDHMM>
