~o
<STREAMINFO> 1 6
<VECSIZE> 6<NULLD><MFCC><DIAGC>
~h "bg_red_0"
<BEGINHMM>
<NUMSTATES> 5
<STATE> 2
<MEAN> 6
 3.124135e+02 7.432337e+00 4.803856e+00 3.135947e+00 2.294238e+00 1.858975e+00
<VARIANCE> 6
 1.318738e+04 8.325789e+01 3.157073e+01 7.610068e+00 3.725065e+00 5.472343e+00
<GCONST> 3.343272e+01
<STATE> 3
<MEAN> 6
 4.697186e+02 4.288586e+01 7.515553e+00 1.311163e+01 2.752794e+00 2.203968e+00
<VARIANCE> 6
 4.830173e+04 3.661522e+03 2.350115e+02 2.880077e+02 2.515543e+01 1.418005e+01
<GCONST> 4.701765e+01
<STATE> 4
<MEAN> 6
 2.817354e+02 6.198302e+00 2.929816e+00 2.132980e+00 1.100909e+00 5.294493e-01
<VARIANCE> 6
 3.932151e+03 6.774074e+01 1.281591e+01 9.059661e+00 1.517310e+00 5.571436e-01
<GCONST> 2.810642e+01
<TRANSP> 5
 0.000000e+00 1.000000e+00 0.000000e+00 0.000000e+00 0.000000e+00
 0.000000e+00 9.482323e-01 5.176773e-02 0.000000e+00 0.000000e+00
 0.000000e+00 0.000000e+00 8.907230e-01 1.092770e-01 0.000000e+00
 0.000000e+00 0.000000e+00 0.000000e+00 9.759221e-01 2.407788e-02
 0.000000e+00 0.000000e+00 0.000000e+00 0.000000e+00 0.000000e+00
<ENDHMM>
~h "bg_red_0_0"
<BEGINHMM>
<NUMSTATES> 5
<STATE> 2
<MEAN> 6
 3.390980e+02 8.408749e+00 5.975765e+00 4.105988e+00 3.263500e+00 2.348702e+00
<VARIANCE> 6
 7.011091e+03 1.056922e+02 3.925747e+01 1.649010e+01 4.445199e+00 6.209851e+00
<GCONST> 3.433391e+01
<STATE> 3
<MEAN> 6
 4.247978e+02 3.999410e+01 1.428510e+01 1.227919e+01 4.203087e+00 2.778860e+00
<VARIANCE> 6
 3.712436e+04 2.677632e+03 8.334100e+02 1.388650e+02 2.902796e+01 1.034368e+01
<GCONST> 4.680564e+01
<STATE> 4
<MEAN> 6
 2.936927e+02 8.007932e+00 3.042447e+00 2.566303e+00 1.492398e+00 8.959938e-01
<VARIANCE> 6
 2.649340e+04 2.264940e+02 1.172486e+01 1.261974e+01 2.487679e+00 1.856330e+00
<GCONST> 3.316156e+01
<TRANSP> 5
 0.000000e+00 1.000000e+00 0.000000e+00 0.000000e+00 0.000000e+00
 0.000000e+00 7.910408e-01 2.089592e-01 0.000000e+00 0.000000e+00
 0.000000e+00 0.000000e+00 4.386651e-01 5.613349e-01 0.000000e+00
 0.000000e+00 0.000000e+00 0.000000e+00 8.159365e-01 1.840635e-01
 0.000000e+00 0.000000e+00 0.000000e+00 0.000000e+00 0.000000e+00
<ENDHMM>
~h "bg_red_0_1"
<BEGINHMM>
<NUMSTATES> 5
<STATE> 2
<MEAN> 6
 3.027455e+02 9.440158e+00 5.305095e+00 4.309942e+00 2.541168e+00 2.285196e+00
<VARIANCE> 6
 1.515083e+04 2.610040e+02 3.019957e+01 1.722967e+01 3.428473e+00 5.590231e+00
<GCONST> 3.542521e+01
<STATE> 3
<MEAN> 6
 4.297878e+02 3.764568e+01 7.036417e+00 1.131174e+01 4.519825e+00 4.336932e+00
<VARIANCE> 6
 3.615507e+04 2.182712e+03 4.463511e+01 1.105326e+02 6.304950e+01 3.621735e+01
<GCONST> 4.544845e+01
<STATE> 4
<MEAN> 6
 3.217514e+02 5.122001e+00 2.415627e+00 2.040037e+00 1.145928e+00 4.919104e-01
<VARIANCE> 6
 5.555148e+03 1.049968e+02 3.880002e+00 6.993754e+00 1.204974e+00 2.957377e-01
<GCONST> 2.657270e+01
<TRANSP> 5
 0.000000e+00 1.000000e+00 0.000000e+00 0.000000e+00 0.000000e+00
 0.000000e+00 7.621024e-01 2.378976e-01 0.000000e+00 0.000000e+00
 0.000000e+00 0.000000e+00 5.001584e-01 4.998417e-01 0.000000e+00
 0.000000e+00 0.000000e+00 0.000000e+00 8.528520e-01 1.471480e-01
 0.000000e+00 0.000000e+00 0.000000e+00 0.000000e+00 0.000000e+00
<ENDHMM>
~h "bg_red_0_2"
<BEGINHMM>
<NUMSTATES> 5
<STATE> 2
<MEAN> 6
 3.582299e+02 9.818438e+00 3.082993e+00 4.141295e+00 1.977471e+00 2.055535e+00
<VARIANCE> 6
 2.093916e+04 3.047484e+02 7.857970e+00 1.707932e+01 2.011037e+00 5.829174e+00
<GCONST> 3.405705e+01
<STATE> 3
<MEAN> 6
 3.538294e+02 3.005330e+01 4.251441e+00 1.170414e+01 1.844758e+00 1.345673e+00
<VARIANCE> 6
 8.263597e+03 2.887713e+03 1.480500e+01 4.028889e+02 2.472045e+00 4.692918e+00
<GCONST> 3.915982e+01
<STATE> 4
<MEAN> 6
 3.337511e+02 4.962395e+00 2.171188e+00 1.746153e+00 8.139178e-01 3.891435e-01
<VARIANCE> 6
 4.719542e+03 1.238924e+02 3.885748e+00 6.302009e+00 6.116722e-01 2.969117e-01
<GCONST> 2.579845e+01
<TRANSP> 5
 0.000000e+00 1.000000e+00 0.000000e+00 0.000000e+00 0.000000e+00
 0.000000e+00 6.185045e-01 3.814955e-01 0.000000e+00 0.000000e+00
 0.000000e+00 0.000000e+00 2.155439e-01 7.844561e-01 0.000000e+00
 0.000000e+00 0.000000e+00 0.000000e+00 8.901578e-01 1.098422e-01
 0.000000e+00 0.000000e+00 0.000000e+00 0.000000e+00 0.000000e+00
<ENDHMM>
~h "bg_red_0_3"
<BEGINHMM>
<NUMSTATES> 5
<STATE> 2
<MEAN> 6
 3.376760e+02 7.411938e+00 2.054412e+00 2.921484e+00 1.410921e+00 8.745867e-01
<VARIANCE> 6
 6.041074e+03 3.495637e+02 3.667452e+00 1.527011e+01 1.642234e+00 1.592850e+00
<GCONST> 3.057726e+01
<STATE> 3
<MEAN> 6
 4.119530e+02 3.248479e+01 4.084834e+00 1.030877e+01 1.484528e+00 7.484779e-01
<VARIANCE> 6
 3.768830e+04 3.946230e+03 1.116526e+01 3.320557e+02 2.065444e+00 6.952962e-01
<GCONST> 3.842492e+01
<STATE> 4
<MEAN> 6
 3.167292e+02 4.932929e+00 1.868732e+00 1.337502e+00 7.463995e-01 3.562095e-01
<VARIANCE> 6
 5.297697e+03 4.481451e+01 4.767040e+00 2.476877e+00 5.613881e-01 2.059105e-01
<GCONST> 2.371589e+01
<TRANSP> 5
 0.000000e+00 1.000000e+00 0.000000e+00 0.000000e+00 0.000000e+00
 0.000000e+00 6.687803e-01 3.312197e-01 0.000000e+00 0.000000e+00
 0.000000e+00 0.000000e+00 3.402710e-01 6.597291e-01 0.000000e+00
 0.000000e+00 0.000000e+00 0.000000e+00 8.660430e-01 1.339570e-01
 0.000000e+00 0.000000e+00 0.000000e+00 0.000000e+00 0.000000e+00
<ENDHMM>
~h "bg_red_0_4"
<BEGINHMM>
<NUMSTATES> 5
<STATE> 2
<MEAN> 6
 3.753810e+02 1.011507e+01 2.589526e+00 2.690955e+00 1.032490e+00 7.276662e-01
<VARIANCE> 6
 4.068207e+04 2.290759e+02 1.295409e+01 8.658276e+00 8.317606e-01 1.224537e+00
<GCONST> 3.181314e+01
<STATE> 3
<MEAN> 6
 3.312989e+02 3.302029e+01 3.393580e+00 1.132130e+01 1.296806e+00 1.238239e+00
<VARIANCE> 6
 1.141715e+04 3.174956e+03 1.416903e+01 3.160945e+02 1.748294e+00 3.644868e+00
<GCONST> 3.869225e+01
<STATE> 4
<MEAN> 6
 2.509800e+02 8.027333e+00 3.668733e+00 2.122110e+00 9.534853e-01 4.743972e-01
<VARIANCE> 6
 6.008167e+03 2.246732e+02 1.912813e+01 1.303795e+01 8.991403e-01 3.705976e-01
<GCONST> 2.956286e+01
<TRANSP> 5
 0.000000e+00 1.000000e+00 0.000000e+00 0.000000e+00 0.000000e+00
 0.000000e+00 5.862886e-01 4.137114e-01 0.000000e+00 0.000000e+00
 0.000000e+00 0.000000e+00 3.433155e-01 6.566845e-01 0.000000e+00
 0.000000e+00 0.000000e+00 0.000000e+00 8.896254e-01 1.103746e-01
 0.000000e+00 0.000000e+00 0.000000e+00 0.000000e+00 0.000000e+00
<ENDHMM>
~h "bg_red_0_5"
<BEGINHMM>
<NUMSTATES> 5
<STATE> 2
<MEAN> 6
 2.322013e+02 8.588435e+00 3.988213e+00 2.870417e+00 1.250698e+00 7.116138e-01
<VARIANCE> 6
 7.629340e+03 2.768971e+02 1.374331e+01 1.686447e+01 1.068659e+00 6.583595e-01
<GCONST> 3.068482e+01
<STATE> 3
<MEAN> 6
 3.267322e+02 5.491131e+01 1.442560e+01 1.570687e+01 4.543293e+00 3.405111e+00
<VARIANCE> 6
 3.156454e+04 5.142540e+03 2.690158e+02 4.173171e+02 2.245811e+01 1.548965e+01
<GCONST> 4.741280e+01
<STATE> 4
<MEAN> 6
 3.304366e+02 1.007479e+01 7.079934e+00 4.426282e+00 2.517385e+00 1.746869e+00
<VARIANCE> 6
 3.802689e+04 2.052465e+02 5.762800e+01 4.565962e+01 4.413415e+00 4.154137e+00
<GCONST> 3.768150e+01
<TRANSP> 5
 0.000000e+00 1.000000e+00 0.000000e+00 0.000000e+00 0.000000e+00
 0.000000e+00 8.694736e-01 1.305264e-01 0.000000e+00 0.000000e+00
 0.000000e+00 0.000000e+00 3.428999e-01 6.571002e-01 0.000000e+00
 0.000000e+00 0.000000e+00 0.000000e+00 6.449969e-01 3.550031e-01
 0.000000e+00 0.000000e+00 0.000000e+00 0.000000e+00 0.000000e+00
<ENDHMM>
~h "bg_dark_0"
<BEGINHMM>
<NUMSTATES> 5
<STATE> 2
<MEAN> 6
 1.933812e+02 1.472933e+01 8.717950e+00 3.500597e+00 2.881611e+00 1.172430e+00
<VARIANCE> 6
 1.684966e+04 3.410216e+02 8.359985e+01 7.565731e+00 4.459434e+00 1.287801e+00
<GCONST> 3.478893e+01
<STATE> 3
<MEAN> 6
 3.234485e+02 2.923940e+01 1.356907e+01 8.013084e+00 5.057839e+00 2.619956e+00
<VARIANCE> 6
 2.029308e+04 1.042844e+03 2.438477e+02 4.822644e+01 1.311763e+01 5.338947e+00
<GCONST> 4.151644e+01
<STATE> 4
<MEAN> 6
 1.077127e+02 8.431820e+00 7.835742e+00 2.249576e+00 2.206772e+00 7.772737e-01
<VARIANCE> 6
 2.808937e+03 9.925858e+01 8.338036e+01 3.735888e+00 4.474792e+00 8.279242e-01
<GCONST> 3.061658e+01
<TRANSP> 5
 0.000000e+00 1.000000e+00 0.000000e+00 0.000000e+00 0.000000e+00
 0.000000e+00 9.646970e-01 3.530304e-02 0.000000e+00 0.000000e+00
 0.000000e+00 0.000000e+00 9.155184e-01 8.448159e-02 0.000000e+00
 0.000000e+00 0.000000e+00 0.000000e+00 9.664845e-01 3.351554e-02
 0.000000e+00 0.000000e+00 0.000000e+00 0.000000e+00 0.000000e+00
<ENDHMM>
~h "bg_dark_0_0"
<BEGINHMM>
<NUMSTATES> 5
<STATE> 2
<MEAN> 6
 2.606571e+02 1.729438e+01 6.736339e+00 4.104916e+00 2.710122e+00 1.342918e+00
<VARIANCE> 6
 1.928346e+04 7.078041e+02 3.623478e+01 1.170641e+01 2.362169e+00 1.293508e+00
<GCONST> 3.462353e+01
<STATE> 3
<MEAN> 6
 2.579375e+02 2.918580e+01 1.100214e+01 8.320919e+00 4.551429e+00 2.584841e+00
<VARIANCE> 6
 1.648347e+04 1.528426e+03 7.696407e+01 8.352790e+01 6.459846e+00 3.682293e+00
<GCONST> 4.000703e+01
<STATE> 4
<MEAN> 6
 1.624575e+02 9.922356e+00 1.031982e+01 3.060059e+00 2.846713e+00 9.535943e-01
<VARIANCE> 6
 7.591555e+03 1.438092e+02 9.642191e+01 6.244483e+00 2.972721e+00 6.316760e-01
<GCONST> 3.196107e+01
<TRANSP> 5
 0.000000e+00 1.000000e+00 0.000000e+00 0.000000e+00 0.000000e+00
 0.000000e+00 6.883628e-01 3.116372e-01 0.000000e+00 0.000000e+00
 0.000000e+00 0.000000e+00 6.069664e-01 3.930336e-01 0.000000e+00
 0.000000e+00 0.000000e+00 0.000000e+00 8.399189e-01 1.600812e-01
 0.000000e+00 0.000000e+00 0.000000e+00 0.000000e+00 0.000000e+00
<ENDHMM>
~h "bg_dark_0_1"
<BEGINHMM>
<NUMSTATES> 5
<STATE> 2
<MEAN> 6
 2.279135e+02 1.089925e+01 7.421280e+00 3.250474e+00 2.869360e+00 1.173130e+00
<VARIANCE> 6
 2.106835e+04 1.619450e+02 4.439816e+01 6.773922e+00 3.650267e+00 9.991807e-01
<GCONST> 3.307030e+01
<STATE> 3
<MEAN> 6
 2.575320e+02 3.192783e+01 1.513788e+01 8.057265e+00 4.648685e+00 2.092900e+00
<VARIANCE> 6
 2.093198e+04 8.484318e+02 2.406463e+02 3.280279e+01 7.576689e+00 2.532554e+00
<GCONST> 3.964783e+01
<STATE> 4
<MEAN> 6
 1.629391e+02 1.089369e+01 8.770759e+00 2.548773e+00 2.436481e+00 7.817904e-01
<VARIANCE> 6
 1.161982e+04 2.061743e+02 9.033695e+01 3.957830e+00 3.047516e+00 4.596877e-01
<GCONST> 3.193281e+01
<TRANSP> 5
 0.000000e+00 1.000000e+00 0.000000e+00 0.000000e+00 0.000000e+00
 0.000000e+00 7.974549e-01 2.025451e-01 0.000000e+00 0.000000e+00
 0.000000e+00 0.000000e+00 5.947027e-01 4.052973e-01 0.000000e+00
 0.000000e+00 0.000000e+00 0.000000e+00 8.212850e-01 1.787150e-01
 0.000000e+00 0.000000e+00 0.000000e+00 0.000000e+00 0.000000e+00
<ENDHMM>
~h "bg_dark_0_2"
<BEGINHMM>
<NUMSTATES> 5
<STATE> 2
<MEAN> 6
 2.033134e+02 1.203362e+01 9.996337e+00 3.281317e+00 3.458796e+00 1.268569e+00
<VARIANCE> 6
 1.845858e+04 2.344623e+02 9.667471e+01 4.978287e+00 5.320719e+00 1.084291e+00
<GCONST> 3.423681e+01
<STATE> 3
<MEAN> 6
 2.310117e+02 3.888672e+01 1.522438e+01 8.539559e+00 4.958016e+00 2.728261e+00
<VARIANCE> 6
 1.709894e+04 1.176546e+03 1.929148e+02 4.233569e+01 1.511083e+01 4.819615e+00
<GCONST> 4.114036e+01
<STATE> 4
<MEAN> 6
 1.806431e+02 1.435898e+01 6.335432e+00 2.924493e+00 1.762158e+00 7.309088e-01
<VARIANCE> 6
 2.030736e+04 2.649271e+02 4.166534e+01 6.232134e+00 2.710073e+00 8.485930e-01
<GCONST> 3.291764e+01
<TRANSP> 5
 0.000000e+00 1.000000e+00 0.000000e+00 0.000000e+00 0.000000e+00
 0.000000e+00 8.020498e-01 1.979502e-01 0.000000e+00 0.000000e+00
 0.000000e+00 0.000000e+00 5.772136e-01 4.227864e-01 0.000000e+00
 0.000000e+00 0.000000e+00 0.000000e+00 8.208838e-01 1.791162e-01
 0.000000e+00 0.000000e+00 0.000000e+00 0.000000e+00 0.000000e+00
<ENDHMM>
~h "bg_dark_0_3"
<BEGINHMM>
<NUMSTATES> 5
<STATE> 2
<MEAN> 6
 1.354048e+02 1.281351e+01 7.503337e+00 3.029839e+00 2.267924e+00 8.778718e-01
<VARIANCE> 6
 1.132792e+04 2.202172e+02 5.340504e+01 6.105587e+00 3.172408e+00 9.618734e-01
<GCONST> 3.265963e+01
<STATE> 3
<MEAN> 6
 2.588287e+02 3.248045e+01 1.381626e+01 8.679511e+00 5.068193e+00 2.468606e+00
<VARIANCE> 6
 2.148163e+04 1.171227e+03 1.752431e+02 4.556863e+01 1.276732e+01 4.819435e+00
<GCONST> 4.117297e+01
<STATE> 4
<MEAN> 6
 2.638691e+02 1.192006e+01 8.535050e+00 3.525019e+00 3.373255e+00 1.324545e+00
<VARIANCE> 6
 3.011039e+04 1.547711e+02 5.981953e+01 8.106092e+00 5.116017e+00 1.380089e+00
<GCONST> 3.452031e+01
<TRANSP> 5
 0.000000e+00 1.000000e+00 0.000000e+00 0.000000e+00 0.000000e+00
 0.000000e+00 8.176345e-01 1.823656e-01 0.000000e+00 0.000000e+00
 0.000000e+00 0.000000e+00 5.893195e-01 4.106805e-01 0.000000e+00
 0.000000e+00 0.000000e+00 0.000000e+00 7.549936e-01 2.450065e-01
 0.000000e+00 0.000000e+00 0.000000e+00 0.000000e+00 0.000000e+00
<ENDHMM>
~h "bg_dark_0_4"
<BEGINHMM>
<NUMSTATES> 5
<STATE> 2
<MEAN> 6
 1.883590e+02 1.224069e+01 8.149896e+00 3.502183e+00 3.075019e+00 1.386109e+00
<VARIANCE> 6
 2.277354e+04 1.983239e+02 5.624231e+01 8.403078e+00 4.925480e+00 1.796711e+00
<GCONST> 3.468916e+01
<STATE> 3
<MEAN> 6
 2.183543e+02 2.735470e+01 2.448317e+01 6.579668e+00 6.530120e+00 3.456556e+00
<VARIANCE> 6
 1.723092e+04 5.124117e+02 5.504145e+02 1.886751e+01 2.236600e+01 6.772637e+00
<GCONST> 4.128940e+01
<STATE> 4
<MEAN> 6
 8.508423e+01 7.324516e+00 6.829533e+00 1.628894e+00 1.826699e+00 5.357546e-01
<VARIANCE> 6
 1.616431e+03 8.431163e+01 6.982195e+01 2.534027e+00 2.921767e+00 2.343890e-01
<GCONST> 2.764693e+01
<TRANSP> 5
 0.000000e+00 1.000000e+00 0.000000e+00 0.000000e+00 0.000000e+00
 0.000000e+00 7.936800e-01 2.063200e-01 0.000000e+00 0.000000e+00
 0.000000e+00 0.000000e+00 5.653534e-01 4.346466e-01 0.000000e+00
 0.000000e+00 0.000000e+00 0.000000e+00 8.291311e-01 1.708689e-01
 0.000000e+00 0.000000e+00 0.000000e+00 0.000000e+00 0.000000e+00
<ENDHMM>
~h "bg_dark_0_5"
<BEGINHMM>
<NUMSTATES> 5
<STATE> 2
<MEAN> 6
 1.003420e+02 5.365958e+00 4.014560e+00 1.324420e+00 1.092361e+00 3.862439e-01
<VARIANCE> 6
 2.169921e+03 6.650239e+01 3.012531e+01 2.040805e+00 1.805034e+00 1.383893e-01
<GCONST> 2.563855e+01
<STATE> 3
<MEAN> 6
 1.247558e+02 1.849267e+01 1.293997e+01 5.049920e+00 4.861382e+00 1.899238e+00
<VARIANCE> 6
 2.393859e+03 3.489533e+02 2.086169e+02 1.378751e+01 1.240687e+01 5.407177e+00
<GCONST> 3.683310e+01
<STATE> 4
<MEAN> 6
 1.111116e+02 8.162048e+00 7.137363e+00 2.218485e+00 2.101660e+00 7.992875e-01
<VARIANCE> 6
 5.319295e+03 9.931622e+01 9.899255e+01 4.437970e+00 5.601263e+00 1.963223e+00
<GCONST> 3.268749e+01
<TRANSP> 5
 0.000000e+00 1.000000e+00 0.000000e+00 0.000000e+00 0.000000e+00
 0.000000e+00 8.408940e-01 1.591060e-01 0.000000e+00 0.000000e+00
 0.000000e+00 0.000000e+00 6.356653e-01 3.643347e-01 0.000000e+00
 0.000000e+00 0.000000e+00 0.000000e+00 6.633170e-01 3.366830e-01
 0.000000e+00 0.000000e+00 0.000000e+00 0.000000e+00 0.000000e+00
<ENDHMM>
~h "bg_white_0"
<BEGINHMM>
<NUMSTATES> 5
<STATE> 2
<MEAN> 6
 7.625782e+02 2.769265e+00 5.068583e+00 1.265313e+00 1.771286e+00 8.519219e-01
<VARIANCE> 6
 4.641784e+03 2.818733e+01 4.329831e+02 3.771298e+00 2.179954e+01 2.321457e+00
<GCONST> 3.413119e+01
<STATE> 3
<MEAN> 6
 7.104290e+02 4.448828e+01 1.739693e+01 1.575246e+01 1.517391e+01 1.087371e+01
<VARIANCE> 6
 5.855793e+03 1.768684e+03 4.080434e+02 1.269939e+02 1.838194e+02 9.340453e+01
<GCONST> 4.778685e+01
<STATE> 4
<MEAN> 6
 6.598502e+02 4.327694e+00 7.159595e+00 1.908976e+00 2.557390e+00 1.110748e+00
<VARIANCE> 6
 4.040809e+04 6.315670e+01 7.250362e+02 8.950336e+00 3.490123e+01 4.190075e+00
<GCONST> 3.954282e+01
<TRANSP> 5
 0.000000e+00 1.000000e+00 0.000000e+00 0.000000e+00 0.000000e+00
 0.000000e+00 9.511103e-01 4.888970e-02 0.000000e+00 0.000000e+00
 0.000000e+00 0.000000e+00 9.651729e-01 3.482707e-02 0.000000e+00
 0.000000e+00 0.000000e+00 0.000000e+00 9.519981e-01 4.800194e-02
 0.000000e+00 0.000000e+00 0.000000e+00 0.000000e+00 0.000000e+00
<ENDHMM>
~h "bg_white_0_0"
<BEGINHMM>
<NUMSTATES> 5
<STATE> 2
<MEAN> 6
 7.503710e+02 2.311457e+00 1.037516e+01 9.450073e-01 2.666181e+00 4.734008e-01
<VARIANCE> 6
 1.062941e+04 4.953146e+01 1.076856e+03 3.948900e+00 4.804126e+01 6.701267e-01
<GCONST> 3.602826e+01
<STATE> 3
<MEAN> 6
 7.042371e+02 4.231215e+01 2.038074e+01 1.435481e+01 1.580974e+01 1.087085e+01
<VARIANCE> 6
 9.005500e+03 2.217320e+03 7.558729e+02 1.511664e+02 2.352449e+02 1.249112e+02
<GCONST> 4.977139e+01
<STATE> 4
<MEAN> 6
 7.582891e+02 1.961212e+01 6.816655e+00 8.045973e+00 6.598759e+00 5.134542e+00
<VARIANCE> 6
 3.546220e+03 9.510495e+02 1.233999e+02 9.840379e+01 9.441621e+01 4.495756e+01
<GCONST> 4.381641e+01
<TRANSP> 5
 0.000000e+00 1.000000e+00 0.000000e+00 0.000000e+00 0.000000e+00
 0.000000e+00 8.668926e-01 1.331075e-01 0.000000e+00 0.000000e+00
 0.000000e+00 0.000000e+00 5.236043e-01 4.763958e-01 0.000000e+00
 0.000000e+00 0.000000e+00 0.000000e+00 5.812709e-01 4.187291e-01
 0.000000e+00 0.000000e+00 0.000000e+00 0.000000e+00 0.000000e+00
<ENDHMM>
~h "bg_white_0_1"
<BEGINHMM>
<NUMSTATES> 5
<STATE> 2
<MEAN> 6
 7.598367e+02 2.469299e+01 8.698208e+00 9.433747e+00 7.946784e+00 5.787120e+00
<VARIANCE> 6
 2.894621e+03 9.018831e+02 1.445313e+02 8.699164e+01 9.030220e+01 4.063182e+01
<GCONST> 4.344938e+01
<STATE> 3
<MEAN> 6
 6.946411e+02 5.990554e+01 2.068695e+01 1.859686e+01 1.868401e+01 1.305689e+01
<VARIANCE> 6
 5.062220e+03 2.009750e+03 4.322469e+02 1.320659e+02 1.967160e+02 1.013325e+02
<GCONST> 4.801506e+01
<STATE> 4
<MEAN> 6
 7.625725e+02 8.245349e+00 3.781438e+00 3.625333e+00 3.193949e+00 2.673800e+00
<VARIANCE> 6
 6.349446e+03 3.456324e+02 6.414765e+01 3.472169e+01 4.233498e+01 2.333870e+01
<GCONST> 4.023304e+01
<TRANSP> 5
 0.000000e+00 1.000000e+00 0.000000e+00 0.000000e+00 0.000000e+00
 0.000000e+00 6.401186e-01 3.598814e-01 0.000000e+00 0.000000e+00
 0.000000e+00 0.000000e+00 7.670397e-01 2.329603e-01 0.000000e+00
 0.000000e+00 0.000000e+00 0.000000e+00 8.313299e-01 1.686701e-01
 0.000000e+00 0.000000e+00 0.000000e+00 0.000000e+00 0.000000e+00
<ENDHMM>
~h "bg_white_0_2"
<BEGINHMM>
<NUMSTATES> 5
<STATE> 2
<MEAN> 6
 7.499190e+02 2.598834e+01 1.012167e+01 9.949884e+00 9.067929e+00 6.727424e+00
<VARIANCE> 6
 3.362779e+03 9.308925e+02 1.731955e+02 7.539297e+01 9.446461e+01 4.478179e+01
<GCONST> 4.381109e+01
<STATE> 3
<MEAN> 6
 6.846269e+02 5.620514e+01 2.278448e+01 1.907734e+01 1.894188e+01 1.369591e+01
<VARIANCE> 6
 5.141358e+03 2.049579e+03 5.149996e+02 1.451790e+02 2.159766e+02 1.186503e+02
<GCONST> 4.857121e+01
<STATE> 4
<MEAN> 6
 7.494592e+02 9.671364e+00 3.993998e+00 4.032582e+00 3.571877e+00 2.778034e+00
<VARIANCE> 6
 9.109714e+03 3.908199e+02 6.177533e+01 3.589076e+01 4.293551e+01 2.151768e+01
<GCONST> 4.064516e+01
<TRANSP> 5
 0.000000e+00 1.000000e+00 0.000000e+00 0.000000e+00 0.000000e+00
 0.000000e+00 7.007687e-01 2.992313e-01 0.000000e+00 0.000000e+00
 0.000000e+00 0.000000e+00 7.323992e-01 2.676009e-01 0.000000e+00
 0.000000e+00 0.000000e+00 0.000000e+00 8.311151e-01 1.688849e-01
 0.000000e+00 0.000000e+00 0.000000e+00 0.000000e+00 0.000000e+00
<ENDHMM>
~h "bg_white_0_3"
<BEGINHMM>
<NUMSTATES> 5
<STATE> 2
<MEAN> 6
 7.082832e+02 2.656246e+01 9.620752e+00 9.753257e+00 9.059802e+00 6.361291e+00
<VARIANCE> 6
 1.626286e+04 1.027477e+03 1.573494e+02 8.023299e+01 1.012863e+02 4.357203e+01
<GCONST> 4.549453e+01
<STATE> 3
<MEAN> 6
 6.896923e+02 5.088675e+01 2.049542e+01 1.813129e+01 1.774184e+01 1.266448e+01
<VARIANCE> 6
 6.547567e+03 2.034797e+03 4.291303e+02 1.468617e+02 2.055045e+02 1.158074e+02
<GCONST> 4.856091e+01
<STATE> 4
<MEAN> 6
 7.593806e+02 7.621344e+00 3.887670e+00 3.585870e+00 2.997876e+00 2.385147e+00
<VARIANCE> 6
 2.173917e+03 2.482520e+02 8.134638e+01 3.277333e+01 3.314977e+01 1.807677e+01
<GCONST> 3.850998e+01
<TRANSP> 5
 0.000000e+00 1.000000e+00 0.000000e+00 0.000000e+00 0.000000e+00
 0.000000e+00 6.094815e-01 3.905185e-01 0.000000e+00 0.000000e+00
 0.000000e+00 0.000000e+00 7.152567e-01 2.847433e-01 0.000000e+00
 0.000000e+00 0.000000e+00 0.000000e+00 8.312910e-01 1.687090e-01
 0.000000e+00 0.000000e+00 0.000000e+00 0.000000e+00 0.000000e+00
<ENDHMM>
~h "bg_white_0_4"
<BEGINHMM>
<NUMSTATES> 5
<STATE> 2
<MEAN> 6
 7.440760e+02 1.651251e+01 8.083269e+00 7.049973e+00 6.199347e+00 4.422691e+00
<VARIANCE> 6
 4.048060e+03 6.334443e+02 1.970169e+02 7.364767e+01 7.529127e+01 3.657998e+01
<GCONST> 4.328788e+01
<STATE> 3
<MEAN> 6
 6.877394e+02 4.829369e+01 1.944937e+01 1.692295e+01 1.603506e+01 1.152791e+01
<VARIANCE> 6
 7.120071e+03 1.725179e+03 4.029201e+02 1.366634e+02 1.915689e+02 1.036451e+02
<GCONST> 4.816351e+01
<STATE> 4
<MEAN> 6
 7.376675e+02 4.304778e+00 2.239784e+00 1.862517e+00 1.644082e+00 1.303094e+00
<VARIANCE> 6
 1.107541e+04 1.509413e+02 2.840873e+01 1.386089e+01 2.089588e+01 9.516709e+00
<GCONST> 3.662500e+01
<TRANSP> 5
 0.000000e+00 1.000000e+00 0.000000e+00 0.000000e+00 0.000000e+00
 0.000000e+00 5.871254e-01 4.128747e-01 0.000000e+00 0.000000e+00
 0.000000e+00 0.000000e+00 7.077332e-01 2.922668e-01 0.000000e+00
 0.000000e+00 0.000000e+00 0.000000e+00 8.602654e-01 1.397346e-01
 0.000000e+00 0.000000e+00 0.000000e+00 0.000000e+00 0.000000e+00
<ENDHMM>
~h "bg_white_0_5"
<BEGINHMM>
<NUMSTATES> 5
<STATE> 2
<MEAN> 6
 7.571622e+02 4.676794e+00 3.568254e+00 1.824162e+00 2.328165e+00 1.277992e+00
<VARIANCE> 6
 3.679658e+03 2.208505e+02 5.172905e+01 1.881935e+01 3.065373e+01 1.217398e+01
<GCONST> 3.743829e+01
<STATE> 3
<MEAN> 6
 6.226064e+02 3.544873e+01 5.617385e+01 1.301085e+01 2.210324e+01 9.310353e+00
<VARIANCE> 6
 2.351088e+04 2.022339e+03 4.753670e+03 1.909257e+02 2.677257e+02 1.290901e+02
<GCONST> 5.287352e+01
<STATE> 4
<MEAN> 6
 4.077686e+02 6.752440e+00 5.742419e+00 2.579191e+00 2.238930e+00 9.294676e-01
<VARIANCE> 6
 4.372484e+04 1.445374e+02 3.023181e+02 1.721366e+01 2.247699e+01 6.191543e+00
<GCONST> 4.017933e+01
<TRANSP> 5
 0.000000e+00 1.000000e+00 0.000000e+00 0.000000e+00 0.000000e+00
 0.000000e+00 8.123974e-01 1.876026e-01 0.000000e+00 0.000000e+00
 0.000000e+00 0.000000e+00 5.098069e-01 4.901932e-01 0.000000e+00
 0.000000e+00 0.000000e+00 0.000000e+00 7.839975e-01 2.160026e-01
 0.000000e+00 0.000000e+00 0.000000e+00 0.000000e+00 0.000000e+00
<ENDHMM>
~h "bg_board"
<BEGINHMM>
<NUMSTATES> 5
<STATE> 2
<MEAN> 6
 1.633820e+02 1.741967e+01 9.100244e+00 5.056156e+00 2.805010e+00 1.142906e+00
<VARIANCE> 6
 4.614660e+03 2.660298e+02 7.754057e+01 1.172918e+01 4.337856e+00 1.003211e+00
<GCONST> 3.333133e+01
<STATE> 3
<MEAN> 6
 2.590562e+02 3.833423e+01 1.336977e+01 1.122202e+01 4.994929e+00 2.894198e+00
<VARIANCE> 6
 7.429180e+03 2.108963e+03 1.915802e+02 4.904834e+01 1.191509e+01 5.180914e+00
<GCONST> 4.086529e+01
<STATE> 4
<MEAN> 6
 3.657082e+02 9.350395e+00 4.859884e+00 2.282804e+00 1.577011e+00 6.024722e-01
<VARIANCE> 6
 9.307520e+03 1.674257e+02 2.385410e+01 5.995077e+00 2.080414e+00 5.094069e-01
<GCONST> 3.030733e+01
<TRANSP> 5
 0.000000e+00 1.000000e+00 0.000000e+00 0.000000e+00 0.000000e+00
 0.000000e+00 9.644849e-01 3.551511e-02 0.000000e+00 0.000000e+00
 0.000000e+00 0.000000e+00 9.576705e-01 4.232956e-02 0.000000e+00
 0.000000e+00 0.000000e+00 0.000000e+00 9.451117e-01 5.488834e-02
 0.000000e+00 0.000000e+00 0.000000e+00 0.000000e+00 0.000000e+00
<ENDHMM>
~h "bg_board_0"
<BEGINHMM>
<NUMSTATES> 5
<STATE> 2
<MEAN> 6
 2.035787e+02 1.703743e+01 8.662055e+00 5.664352e+00 2.984091e+00 1.340247e+00
<VARIANCE> 6
 6.654861e+03 3.624882e+02 6.773660e+01 1.417794e+01 4.657492e+00 1.515806e+00
<GCONST> 3.454510e+01
<STATE> 3
<MEAN> 6
 2.770933e+02 4.125520e+01 1.390283e+01 1.146453e+01 5.067757e+00 2.674354e+00
<VARIANCE> 6
 1.203251e+04 2.121713e+03 2.044286e+02 5.214319e+01 1.484530e+01 5.988011e+00
<GCONST> 4.184426e+01
<STATE> 4
<MEAN> 6
 2.476132e+02 1.156095e+01 5.478247e+00 3.255188e+00 1.832592e+00 7.221102e-01
<VARIANCE> 6
 1.760809e+04 2.875646e+02 3.399974e+01 1.233342e+01 2.676541e+00 7.145516e-01
<GCONST> 3.315191e+01
<TRANSP> 5
 0.000000e+00 1.000000e+00 0.000000e+00 0.000000e+00 0.000000e+00
 0.000000e+00 7.460937e-01 2.539063e-01 0.000000e+00 0.000000e+00
 0.000000e+00 0.000000e+00 6.262040e-01 3.737960e-01 0.000000e+00
 0.000000e+00 0.000000e+00 0.000000e+00 8.143432e-01 1.856568e-01
 0.000000e+00 0.000000e+00 0.000000e+00 0.000000e+00 0.000000e+00
<ENDHMM>
~h "bg_board_1"
<BEGINHMM>
<NUMSTATES> 5
<STATE> 2
<MEAN> 6
 1.911628e+02 2.077356e+01 9.283915e+00 5.932631e+00 3.001859e+00 1.307476e+00
<VARIANCE> 6
 6.811958e+03 4.345670e+02 6.313604e+01 1.592866e+01 3.867248e+00 1.327263e+00
<GCONST> 3.447712e+01
<STATE> 3
<MEAN> 6
 2.686306e+02 4.119641e+01 1.579483e+01 1.209739e+01 5.473189e+00 3.153006e+00
<VARIANCE> 6
 1.372264e+04 2.110576e+03 3.472805e+02 6.767834e+01 2.601276e+01 7.829053e+00
<GCONST> 4.359011e+01
<STATE> 4
<MEAN> 6
 2.325977e+02 1.107310e+01 5.710520e+00 3.234895e+00 1.724865e+00 7.398589e-01
<VARIANCE> 6
 1.571894e+04 2.116121e+02 3.805914e+01 1.189449e+01 2.294681e+00 9.185870e-01
<GCONST> 3.290553e+01
<TRANSP> 5
 0.000000e+00 1.000000e+00 0.000000e+00 0.000000e+00 0.000000e+00
 0.000000e+00 7.656255e-01 2.343745e-01 0.000000e+00 0.000000e+00
 0.000000e+00 0.000000e+00 6.543123e-01 3.456877e-01 0.000000e+00
 0.000000e+00 0.000000e+00 0.000000e+00 8.287830e-01 1.712170e-01
 0.000000e+00 0.000000e+00 0.000000e+00 0.000000e+00 0.000000e+00
<ENDHMM>
~h "bg_board_2"
<BEGINHMM>
<NUMSTATES> 5
<STATE> 2
<MEAN> 6
 1.614697e+02 1.636059e+01 8.059441e+00 4.845064e+00 2.450451e+00 1.032238e+00
<VARIANCE> 6
 5.474291e+03 2.778333e+02 5.537009e+01 1.394585e+01 2.968816e+00 1.208528e+00
<GCONST> 3.318889e+01
<STATE> 3
<MEAN> 6
 2.446628e+02 3.999620e+01 1.614198e+01 1.179490e+01 4.920013e+00 2.792359e+00
<VARIANCE> 6
 6.600024e+03 2.033303e+03 2.998917e+02 6.197856e+01 1.424918e+01 5.812777e+00
<GCONST> 4.168648e+01
<STATE> 4
<MEAN> 6
 2.929243e+02 1.481583e+01 7.249879e+00 3.551303e+00 2.111318e+00 8.346878e-01
<VARIANCE> 6
 1.884546e+04 4.143571e+02 5.722693e+01 1.380309e+01 4.301823e+00 9.001769e-01
<GCONST> 3.492381e+01
<TRANSP> 5
 0.000000e+00 1.000000e+00 0.000000e+00 0.000000e+00 0.000000e+00
 0.000000e+00 8.133833e-01 1.866166e-01 0.000000e+00 0.000000e+00
 0.000000e+00 0.000000e+00 7.097167e-01 2.902833e-01 0.000000e+00
 0.000000e+00 0.000000e+00 0.000000e+00 7.617068e-01 2.382932e-01
 0.000000e+00 0.000000e+00 0.000000e+00 0.000000e+00 0.000000e+00
<ENDHMM>
~h "bg_board_3"
<BEGINHMM>
<NUMSTATES> 5
<STATE> 2
<MEAN> 6
 1.669471e+02 1.884900e+01 8.312326e+00 4.950692e+00 2.728791e+00 1.043166e+00
<VARIANCE> 6
 8.795182e+03 4.744827e+02 6.767899e+01 1.434846e+01 4.638896e+00 9.648201e-01
<GCONST> 3.464853e+01
<STATE> 3
<MEAN> 6
 2.423568e+02 4.122246e+01 1.311220e+01 1.183778e+01 4.913461e+00 2.735020e+00
<VARIANCE> 6
 7.012315e+03 2.823990e+03 1.523070e+02 6.064152e+01 1.042331e+01 4.816507e+00
<GCONST> 4.087556e+01
<STATE> 4
<MEAN> 6
 3.062715e+02 1.637333e+01 7.832481e+00 4.331486e+00 2.409400e+00 1.041783e+00
<VARIANCE> 6
 1.829760e+04 4.170537e+02 6.349799e+01 1.663461e+01 3.513548e+00 1.452718e+00
<GCONST> 3.546756e+01
<TRANSP> 5
 0.000000e+00 1.000000e+00 0.000000e+00 0.000000e+00 0.000000e+00
 0.000000e+00 7.675475e-01 2.324525e-01 0.000000e+00 0.000000e+00
 0.000000e+00 0.000000e+00 6.877382e-01 3.122618e-01 0.000000e+00
 0.000000e+00 0.000000e+00 0.000000e+00 7.775605e-01 2.224395e-01
 0.000000e+00 0.000000e+00 0.000000e+00 0.000000e+00 0.000000e+00
<ENDHMM>
~h "bg_board_4"
<BEGINHMM>
<NUMSTATES> 5
<STATE> 2
<MEAN> 6
 2.025722e+02 1.965988e+01 1.025379e+01 6.755324e+00 3.849317e+00 1.876695e+00
<VARIANCE> 6
 6.037798e+03 4.156064e+02 7.962088e+01 1.838880e+01 5.227494e+00 2.312090e+00
<GCONST> 3.554390e+01
<STATE> 3
<MEAN> 6
 2.705054e+02 4.778209e+01 1.524917e+01 1.212347e+01 5.027704e+00 2.926580e+00
<VARIANCE> 6
 7.987459e+03 2.806239e+03 2.041949e+02 6.310427e+01 1.130512e+01 5.075629e+00
<GCONST> 4.146606e+01
<STATE> 4
<MEAN> 6
 3.038083e+02 1.547203e+01 6.600247e+00 4.185062e+00 2.317836e+00 1.129070e+00
<VARIANCE> 6
 1.067594e+04 3.952670e+02 4.553780e+01 1.794990e+01 3.744045e+00 1.692214e+00
<GCONST> 3.483490e+01
<TRANSP> 5
 0.000000e+00 1.000000e+00 0.000000e+00 0.000000e+00 0.000000e+00
 0.000000e+00 8.192421e-01 1.807580e-01 0.000000e+00 0.000000e+00
 0.000000e+00 0.000000e+00 6.621534e-01 3.378466e-01 0.000000e+00
 0.000000e+00 0.000000e+00 0.000000e+00 7.781632e-01 2.218368e-01
 0.000000e+00 0.000000e+00 0.000000e+00 0.000000e+00 0.000000e+00
<ENDHMM>
~h "bg_board_5"
<BEGINHMM>
<NUMSTATES> 5
<STATE> 2
<MEAN> 6
 2.663076e+02 2.245500e+01 1.027959e+01 7.139307e+00 4.084996e+00 2.365893e+00
<VARIANCE> 6
 6.314379e+03 4.420611e+02 7.768410e+01 1.862783e+01 5.371889e+00 2.911178e+00
<GCONST> 3.589634e+01
<STATE> 3
<MEAN> 6
 2.872030e+02 4.673231e+01 1.577245e+01 1.122375e+01 5.419574e+00 3.054882e+00
<VARIANCE> 6
 6.919279e+03 3.149850e+03 2.578070e+02 5.564479e+01 1.751441e+01 7.179713e+00
<GCONST> 4.232993e+01
<STATE> 4
<MEAN> 6
 3.423590e+02 1.311693e+01 6.099346e+00 4.016778e+00 2.437627e+00 1.098978e+00
<VARIANCE> 6
 1.185334e+04 3.536071e+02 3.366985e+01 1.254960e+01 3.406329e+00 1.335012e+00
<GCONST> 3.383668e+01
<TRANSP> 5
 0.000000e+00 1.000000e+00 0.000000e+00 0.000000e+00 0.000000e+00
 0.000000e+00 7.633202e-01 2.366798e-01 0.000000e+00 0.000000e+00
 0.000000e+00 0.000000e+00 5.922358e-01 4.077642e-01 0.000000e+00
 0.000000e+00 0.000000e+00 0.000000e+00 8.121178e-01 1.878822e-01
 0.000000e+00 0.000000e+00 0.000000e+00 0.000000e+00 0.000000e+00
<ENDHMM>
~h "fp_logo"
<BEGINHMM>
<NUMSTATES> 5
<STATE> 2
<MEAN> 6
 1.474242e+02 1.100713e+01 3.715035e+00 4.338186e+00 1.953295e+00 1.026827e+00
<VARIANCE> 6
 2.491692e+03 2.754260e+02 1.827115e+01 2.817158e+01 3.428165e+00 1.855385e+00
<GCONST> 3.256005e+01
<STATE> 3
<MEAN> 6
 3.737453e+02 7.375224e+01 6.035311e+01 2.022806e+01 1.755803e+01 7.321615e+00
<VARIANCE> 6
 4.044631e+04 6.413593e+03 5.840557e+03 3.742798e+02 3.197422e+02 5.099607e+01
<GCONST> 5.469801e+01
<STATE> 4
<MEAN> 6
 2.420834e+02 3.270165e+00 3.111264e+00 1.418180e+00 1.380917e+00 5.147361e-01
<VARIANCE> 6
 1.235500e+04 7.654526e+00 7.894124e+00 1.303694e+00 1.241682e+00 2.754913e-01
<GCONST> 2.374296e+01
<TRANSP> 5
 0.000000e+00 1.000000e+00 0.000000e+00 0.000000e+00 0.000000e+00
 0.000000e+00 9.543282e-01 4.567182e-02 0.000000e+00 0.000000e+00
 0.000000e+00 0.000000e+00 8.863983e-01 1.136017e-01 0.000000e+00
 0.000000e+00 0.000000e+00 0.000000e+00 9.745560e-01 2.544400e-02
 0.000000e+00 0.000000e+00 0.000000e+00 0.000000e+00 0.000000e+00
<ENDHMM>
~h "fp_logo_0"
<BEGINHMM>
<NUMSTATES> 5
<STATE> 2
<MEAN> 6
 1.320577e+02 1.102722e+01 4.688931e+00 4.065394e+00 1.980222e+00 6.593408e-01
<VARIANCE> 6
 1.105360e+03 2.849764e+02 4.084257e+01 2.278211e+01 4.614913e+00 2.994708e-01
<GCONST> 3.084685e+01
<STATE> 3
<MEAN> 6
 1.752749e+02 4.197665e+01 4.907605e+00 9.390759e+00 2.592004e+00 1.449501e+00
<VARIANCE> 6
 1.104488e+04 6.509987e+03 3.333271e+01 1.559525e+02 5.047053e+00 2.370434e+00
<GCONST> 4.015604e+01
<STATE> 4
<MEAN> 6
 1.283541e+02 4.446404e+00 2.509978e+00 1.507347e+00 1.025745e+00 3.822657e-01
<VARIANCE> 6
 1.683579e+03 1.057706e+02 5.339709e+00 7.322629e+00 8.774611e-01 1.224525e-01
<GCONST> 2.455260e+01
<TRANSP> 5
 0.000000e+00 1.000000e+00 0.000000e+00 0.000000e+00 0.000000e+00
 0.000000e+00 6.466517e-01 3.533482e-01 0.000000e+00 0.000000e+00
 0.000000e+00 0.000000e+00 3.737956e-01 6.262044e-01 0.000000e+00
 0.000000e+00 0.000000e+00 0.000000e+00 8.679521e-01 1.320479e-01
 0.000000e+00 0.000000e+00 0.000000e+00 0.000000e+00 0.000000e+00
<ENDHMM>
~h "fp_logo_1"
<BEGINHMM>
<NUMSTATES> 5
<STATE> 2
<MEAN> 6
 1.357933e+02 5.261361e+00 2.963275e+00 1.994910e+00 1.499944e+00 7.048876e-01
<VARIANCE> 6
 2.262873e+03 1.134757e+02 8.822543e+00 8.080216e+00 1.890699e+00 7.170979e-01
<GCONST> 2.805437e+01
<STATE> 3
<MEAN> 6
 3.333763e+02 6.627352e+01 4.988574e+01 1.860777e+01 1.501907e+01 5.940406e+00
<VARIANCE> 6
 4.877100e+04 5.680855e+03 5.151604e+03 3.509055e+02 2.930280e+02 3.997191e+01
<GCONST> 5.424303e+01
<STATE> 4
<MEAN> 6
 1.840546e+02 2.351720e+01 1.663089e+01 8.897577e+00 5.603654e+00 2.658588e+00
<VARIANCE> 6
 1.155396e+04 1.954266e+03 1.696487e+03 1.024491e+02 8.768793e+01 1.301382e+01
<GCONST> 4.706530e+01
<TRANSP> 5
 0.000000e+00 1.000000e+00 0.000000e+00 0.000000e+00 0.000000e+00
 0.000000e+00 8.826520e-01 1.173480e-01 0.000000e+00 0.000000e+00
 0.000000e+00 0.000000e+00 5.507305e-01 4.492695e-01 0.000000e+00
 0.000000e+00 0.000000e+00 0.000000e+00 5.560485e-01 4.439515e-01
 0.000000e+00 0.000000e+00 0.000000e+00 0.000000e+00 0.000000e+00
<ENDHMM>
~h "fp_logo_2"
<BEGINHMM>
<NUMSTATES> 5
<STATE> 2
<MEAN> 6
 1.924263e+02 2.284905e+01 2.099582e+01 6.895283e+00 5.948841e+00 2.504587e+00
<VARIANCE> 6
 1.577041e+04 2.841799e+03 2.510142e+03 1.304726e+02 1.291227e+02 1.810746e+01
<GCONST> 4.910169e+01
<STATE> 3
<MEAN> 6
 3.653076e+02 6.781356e+01 7.228515e+01 1.983317e+01 2.090374e+01 7.947548e+00
<VARIANCE> 6
 3.799730e+04 5.662640e+03 7.052082e+03 4.300075e+02 3.460227e+02 5.745238e+01
<GCONST> 5.503652e+01
<STATE> 4
<MEAN> 6
 1.649436e+02 8.914627e+00 5.584418e+00 3.821299e+00 2.301449e+00 1.184252e+00
<VARIANCE> 6
 5.722086e+03 3.796280e+02 3.871610e+02 4.418537e+01 2.537327e+01 4.683732e+00
<GCONST> 4.014357e+01
<TRANSP> 5
 0.000000e+00 1.000000e+00 0.000000e+00 0.000000e+00 0.000000e+00
 0.000000e+00 3.192368e-01 6.807632e-01 0.000000e+00 0.000000e+00
 0.000000e+00 0.000000e+00 7.107119e-01 2.892881e-01 0.000000e+00
 0.000000e+00 0.000000e+00 0.000000e+00 8.761503e-01 1.238498e-01
 0.000000e+00 0.000000e+00 0.000000e+00 0.000000e+00 0.000000e+00
<ENDHMM>
~h "fp_logo_3"
<BEGINHMM>
<NUMSTATES> 5
<STATE> 2
<MEAN> 6
 2.048595e+02 2.666074e+01 1.662209e+01 8.772014e+00 5.507258e+00 2.404298e+00
<VARIANCE> 6
 1.462897e+04 1.794235e+03 2.014747e+03 1.801000e+02 1.216867e+02 1.595422e+01
<GCONST> 4.848329e+01
<STATE> 3
<MEAN> 6
 3.182827e+02 6.202314e+01 4.447900e+01 1.613466e+01 1.377374e+01 6.786494e+00
<VARIANCE> 6
 3.060571e+04 6.275849e+03 4.841732e+03 3.440348e+02 3.422935e+02 7.142860e+01
<GCONST> 5.453081e+01
<STATE> 4
<MEAN> 6
 2.042459e+02 6.717925e+00 3.524089e+00 2.628548e+00 1.615500e+00 7.248234e-01
<VARIANCE> 6
 6.906860e+03 1.786460e+02 8.285042e+00 1.296194e+01 1.499661e+00 7.670290e-01
<GCONST> 2.986942e+01
<TRANSP> 5
 0.000000e+00 1.000000e+00 0.000000e+00 0.000000e+00 0.000000e+00
 0.000000e+00 2.897810e-01 7.102190e-01 0.000000e+00 0.000000e+00
 0.000000e+00 0.000000e+00 5.176046e-01 4.823955e-01 0.000000e+00
 0.000000e+00 0.000000e+00 0.000000e+00 8.826153e-01 1.173848e-01
 0.000000e+00 0.000000e+00 0.000000e+00 0.000000e+00 0.000000e+00
<ENDHMM>
~h "fp_logo_4"
<BEGINHMM>
<NUMSTATES> 5
<STATE> 2
<MEAN> 6
 2.323950e+02 1.658658e+01 5.496762e+00 5.287859e+00 2.275654e+00 1.046636e+00
<VARIANCE> 6
 5.098023e+03 6.282157e+02 3.449161e+01 3.920049e+01 2.446099e+00 9.599109e-01
<GCONST> 3.406973e+01
<STATE> 3
<MEAN> 6
 3.370938e+02 2.895457e+01 1.648807e+01 9.306719e+00 4.304191e+00 2.035773e+00
<VARIANCE> 6
 5.032242e+04 2.687944e+03 1.022183e+03 1.826925e+02 4.478794e+01 7.339132e+00
<GCONST> 4.768266e+01
<STATE> 4
<MEAN> 6
 2.771157e+02 3.810436e+00 3.694786e+00 1.631581e+00 1.775486e+00 6.055025e-01
<VARIANCE> 6
 6.739039e+03 1.485804e+01 1.485520e+01 1.819526e+00 2.004314e+00 3.467481e-01
<GCONST> 2.547455e+01
<TRANSP> 5
 0.000000e+00 1.000000e+00 0.000000e+00 0.000000e+00 0.000000e+00
 0.000000e+00 5.706158e-01 4.293842e-01 0.000000e+00 0.000000e+00
 0.000000e+00 0.000000e+00 3.285750e-01 6.714250e-01 0.000000e+00
 0.000000e+00 0.000000e+00 0.000000e+00 8.910879e-01 1.089122e-01
 0.000000e+00 0.000000e+00 0.000000e+00 0.000000e+00 0.000000e+00
<ENDHMM>
~h "fp_logo_5"
<BEGINHMM>
<NUMSTATES> 5
<STATE> 2
<MEAN> 6
 2.963234e+02 7.497093e+00 3.832530e+00 3.295422e+00 2.011355e+00 8.420377e-01
<VARIANCE> 6
 6.212933e+03 7.821657e+01 3.980221e+01 1.700631e+01 3.751245e+00 1.025652e+00
<GCONST> 3.198605e+01
<STATE> 3
<MEAN> 6
 3.078333e+02 5.744139e+00 6.366009e+00 2.457504e+00 2.463599e+00 1.460104e+00
<VARIANCE> 6
 7.236793e+03 5.613622e+01 2.375301e+02 9.436830e+00 6.593343e+00 8.388226e+00
<GCONST> 3.566978e+01
<STATE> 4
<MEAN> 6
 3.475249e+02 2.715287e+00 2.957613e+00 1.183402e+00 1.202078e+00 4.315557e-01
<VARIANCE> 6
 1.004425e+04 7.600508e+00 6.163367e+00 1.643017e+00 1.019720e+00 1.774435e-01
<GCONST> 2.287581e+01
<TRANSP> 5
 0.000000e+00 1.000000e+00 0.000000e+00 0.000000e+00 0.000000e+00
 0.000000e+00 3.567861e-01 6.432140e-01 0.000000e+00 0.000000e+00
 0.000000e+00 0.000000e+00 8.948676e-02 9.105132e-01 0.000000e+00
 0.000000e+00 0.000000e+00 0.000000e+00 8.930141e-01 1.069859e-01
 0.000000e+00 0.000000e+00 0.000000e+00 0.000000e+00 0.000000e+00
<ENDHMM>
~h "fp_screen"
<BEGINHMM>
<NUMSTATES> 5
<STATE> 2
<MEAN> 6
 3.181520e+02 8.205519e+00 7.945590e+00 2.693030e+00 2.969920e+00 9.965095e-01
<VARIANCE> 6
 2.404812e+04 1.252809e+02 2.712359e+02 1.074975e+01 2.116657e+01 2.099807e+00
<GCONST> 3.771777e+01
<STATE> 3
<MEAN> 6
 5.205571e+02 6.196180e+01 2.872947e+01 1.645869e+01 1.056296e+01 4.975201e+00
<VARIANCE> 6
 3.637885e+04 3.825346e+03 1.930864e+03 1.898852e+02 1.724805e+02 3.825290e+01
<GCONST> 5.138505e+01
<STATE> 4
<MEAN> 6
 3.656340e+02 5.086170e+00 6.078495e+00 1.800534e+00 1.973926e+00 7.605079e-01
<VARIANCE> 6
 9.967333e+03 3.016631e+01 1.026148e+02 2.919066e+00 5.775810e+00 8.975829e-01
<GCONST> 3.098893e+01
<TRANSP> 5
 0.000000e+00 1.000000e+00 0.000000e+00 0.000000e+00 0.000000e+00
 0.000000e+00 9.475123e-01 5.248775e-02 0.000000e+00 0.000000e+00
 0.000000e+00 0.000000e+00 9.305723e-01 6.942776e-02 0.000000e+00
 0.000000e+00 0.000000e+00 0.000000e+00 9.726361e-01 2.736391e-02
 0.000000e+00 0.000000e+00 0.000000e+00 0.000000e+00 0.000000e+00
<ENDHMM>
~h "fp_screen_0"
<BEGINHMM>
<NUMSTATES> 5
<STATE> 2
<MEAN> 6
 2.136616e+02 5.432288e+00 1.008124e+01 2.108157e+00 3.622939e+00 8.337556e-01
<VARIANCE> 6
 1.325125e+04 1.335525e+02 3.322891e+02 8.462154e+00 3.344865e+01 1.827299e+00
<GCONST> 3.746807e+01
<STATE> 3
<MEAN> 6
 4.527834e+02 3.902036e+01 3.746043e+01 1.090391e+01 1.243102e+01 4.796643e+00
<VARIANCE> 6
 4.274476e+04 1.851054e+03 1.435769e+03 1.190427e+02 1.219754e+02 3.802777e+01
<GCONST> 4.970485e+01
<STATE> 4
<MEAN> 6
 4.288474e+02 7.210323e+00 4.315771e+00 2.100558e+00 1.714403e+00 7.819846e-01
<VARIANCE> 6
 1.211635e+04 2.038440e+02 1.213432e+02 1.434354e+01 1.405799e+01 3.039272e+00
<GCONST> 3.696366e+01
<TRANSP> 5
 0.000000e+00 1.000000e+00 0.000000e+00 0.000000e+00 0.000000e+00
 0.000000e+00 7.909643e-01 2.090357e-01 0.000000e+00 0.000000e+00
 0.000000e+00 0.000000e+00 5.115746e-01 4.884254e-01 0.000000e+00
 0.000000e+00 0.000000e+00 0.000000e+00 8.065291e-01 1.934709e-01
 0.000000e+00 0.000000e+00 0.000000e+00 0.000000e+00 0.000000e+00
<ENDHMM>
~h "fp_screen_1"
<BEGINHMM>
<NUMSTATES> 5
<STATE> 2
<MEAN> 6
 3.720826e+02 9.860361e+00 7.250396e+00 2.924668e+00 2.647476e+00 1.150971e+00
<VARIANCE> 6
 2.971872e+04 3.578880e+02 2.660468e+02 2.520303e+01 2.447983e+01 5.477112e+00
<GCONST> 4.091608e+01
<STATE> 3
<MEAN> 6
 4.878693e+02 5.122170e+01 2.457893e+01 1.681350e+01 7.848633e+00 4.023759e+00
<VARIANCE> 6
 3.478312e+04 3.392157e+03 1.470132e+03 2.741847e+02 8.948135e+01 3.182510e+01
<GCONST> 5.047456e+01
<STATE> 4
<MEAN> 6
 3.911921e+02 9.308209e+00 4.181792e+00 2.755136e+00 1.658864e+00 7.669791e-01
<VARIANCE> 6
 1.813506e+04 3.540277e+02 1.287883e+02 2.284337e+01 7.014534e+00 2.212145e+00
<GCONST> 3.743102e+01
<TRANSP> 5
 0.000000e+00 1.000000e+00 0.000000e+00 0.000000e+00 0.000000e+00
 0.000000e+00 6.705734e-01 3.294266e-01 0.000000e+00 0.000000e+00
 0.000000e+00 0.000000e+00 5.410596e-01 4.589405e-01 0.000000e+00
 0.000000e+00 0.000000e+00 0.000000e+00 8.715559e-01 1.284441e-01
 0.000000e+00 0.000000e+00 0.000000e+00 0.000000e+00 0.000000e+00
<ENDHMM>
~h "fp_screen_2"
<BEGINHMM>
<NUMSTATES> 5
<STATE> 2
<MEAN> 6
 3.700429e+02 1.028682e+01 7.425946e+00 3.083087e+00 2.745577e+00 1.027219e+00
<VARIANCE> 6
 1.805953e+04 3.620612e+02 2.593292e+02 2.340865e+01 1.464542e+01 2.688169e+00
<GCONST> 3.910470e+01
<STATE> 3
<MEAN> 6
 5.724467e+02 7.647871e+01 4.015122e+01 2.139395e+01 1.592890e+01 7.347515e+00
<VARIANCE> 6
 3.857737e+04 5.645519e+03 2.523393e+03 2.571443e+02 2.731893e+02 5.876997e+01
<GCONST> 5.329309e+01
<STATE> 4
<MEAN> 6
 4.451641e+02 4.032786e+01 1.811619e+01 9.545837e+00 5.877472e+00 2.756708e+00
<VARIANCE> 6
 2.345346e+04 2.180919e+03 1.132120e+03 1.043290e+02 7.996053e+01 1.576342e+01
<GCONST> 4.759616e+01
<TRANSP> 5
 0.000000e+00 1.000000e+00 0.000000e+00 0.000000e+00 0.000000e+00
 0.000000e+00 8.675752e-01 1.324248e-01 0.000000e+00 0.000000e+00
 0.000000e+00 0.000000e+00 6.571240e-01 3.428760e-01 0.000000e+00
 0.000000e+00 0.000000e+00 0.000000e+00 6.050610e-01 3.949390e-01
 0.000000e+00 0.000000e+00 0.000000e+00 0.000000e+00 0.000000e+00
<ENDHMM>
~h "fp_screen_3"
<BEGINHMM>
<NUMSTATES> 5
<STATE> 2
<MEAN> 6
 4.320923e+02 4.434187e+01 1.882458e+01 1.072596e+01 6.328147e+00 2.875299e+00
<VARIANCE> 6
 2.282004e+04 2.006783e+03 1.274157e+03 1.113363e+02 9.411466e+01 1.763034e+01
<GCONST> 4.794368e+01
<STATE> 3
<MEAN> 6
 5.487202e+02 7.597876e+01 3.445874e+01 1.715268e+01 1.376170e+01 6.012856e+00
<VARIANCE> 6
 4.608227e+04 5.573236e+03 2.848280e+03 1.859696e+02 2.363658e+02 4.284634e+01
<GCONST> 5.279424e+01
<STATE> 4
<MEAN> 6
 3.483915e+02 1.014667e+01 4.575379e+00 2.895950e+00 1.985926e+00 9.500515e-01
<VARIANCE> 6
 9.696748e+03 2.826927e+02 3.854376e+01 1.474052e+01 5.009702e+00 1.484312e+00
<GCONST> 3.419989e+01
<TRANSP> 5
 0.000000e+00 1.000000e+00 0.000000e+00 0.000000e+00 0.000000e+00
 0.000000e+00 5.014171e-01 4.985829e-01 0.000000e+00 0.000000e+00
 0.000000e+00 0.000000e+00 5.574020e-01 4.425980e-01 0.000000e+00
 0.000000e+00 0.000000e+00 0.000000e+00 8.707164e-01 1.292836e-01
 0.000000e+00 0.000000e+00 0.000000e+00 0.000000e+00 0.000000e+00
<ENDHMM>
~h "fp_screen_4"
<BEGINHMM>
<NUMSTATES> 5
<STATE> 2
<MEAN> 6
 3.658086e+02 1.772993e+01 6.833139e+00 6.069772e+00 2.881289e+00 1.528840e+00
<VARIANCE> 6
 1.329088e+04 8.149560e+02 1.035215e+02 5.008971e+01 1.112376e+01 3.480182e+00
<GCONST> 3.943499e+01
<STATE> 3
<MEAN> 6
 4.696547e+02 4.078779e+01 2.687942e+01 1.126128e+01 8.184963e+00 3.774307e+00
<VARIANCE> 6
 4.109198e+04 3.164796e+03 2.150442e+03 1.620559e+02 1.278084e+02 2.216530e+01
<GCONST> 5.042110e+01
<STATE> 4
<MEAN> 6
 3.210872e+02 6.053166e+00 8.403527e+00 2.153364e+00 2.366508e+00 8.066434e-01
<VARIANCE> 6
 8.956311e+03 5.755332e+01 1.443462e+02 5.972635e+00 6.529582e+00 6.544136e-01
<GCONST> 3.239182e+01
<TRANSP> 5
 0.000000e+00 1.000000e+00 0.000000e+00 0.000000e+00 0.000000e+00
 0.000000e+00 5.713901e-01 4.286099e-01 0.000000e+00 0.000000e+00
 0.000000e+00 0.000000e+00 3.752141e-01 6.247858e-01 0.000000e+00
 0.000000e+00 0.000000e+00 0.000000e+00 8.897018e-01 1.102983e-01
 0.000000e+00 0.000000e+00 0.000000e+00 0.000000e+00 0.000000e+00
<ENDHMM>
~h "fp_screen_5"
<BEGINHMM>
<NUMSTATES> 5
<STATE> 2
<MEAN> 6
 2.970979e+02 6.511924e+00 1.031716e+01 3.012820e+00 3.899976e+00 1.453909e+00
<VARIANCE> 6
 7.617064e+03 1.074706e+02 2.094546e+02 1.177069e+01 1.427248e+01 2.022895e+00
<GCONST> 3.581561e+01
<STATE> 3
<MEAN> 6
 3.506989e+02 1.978094e+01 3.097208e+01 5.988248e+00 8.162609e+00 2.549970e+00
<VARIANCE> 6
 1.769809e+04 1.622646e+03 9.207329e+02 7.808484e+01 8.000848e+01 1.502212e+01
<GCONST> 4.647491e+01
<STATE> 4
<MEAN> 6
 4.208433e+02 2.585294e+00 3.379956e+00 1.075363e+00 1.091283e+00 4.150677e-01
<VARIANCE> 6
 1.363021e+04 5.926092e+00 9.763948e+00 8.511595e-01 1.165274e+00 2.603903e-01
<GCONST> 2.325159e+01
<TRANSP> 5
 0.000000e+00 1.000000e+00 0.000000e+00 0.000000e+00 0.000000e+00
 0.000000e+00 7.353139e-01 2.646861e-01 0.000000e+00 0.000000e+00
 0.000000e+00 0.000000e+00 2.663543e-01 7.336457e-01 0.000000e+00
 0.000000e+00 0.000000e+00 0.000000e+00 8.542037e-01 1.457963e-01
 0.000000e+00 0.000000e+00 0.000000e+00 0.000000e+00 0.000000e+00
<ENDHMM>
~h "fp_key"
<BEGINHMM>
<NUMSTATES> 5
<STATE> 2
<MEAN> 6
 1.797124e+02 1.437537e+01 5.243993e+00 3.291036e+00 1.906829e+00 8.247767e-01
<VARIANCE> 6
 8.067830e+03 5.576074e+02 9.240861e+01 2.041727e+01 6.522552e+00 1.288763e+00
<GCONST> 3.601811e+01
<STATE> 3
<MEAN> 6
 4.003670e+02 6.814029e+01 2.727193e+01 1.601928e+01 9.539138e+00 3.866391e+00
<VARIANCE> 6
 4.383254e+04 4.201461e+03 2.244106e+03 1.990892e+02 1.972381e+02 2.803012e+01
<GCONST> 5.168609e+01
<STATE> 4
<MEAN> 6
 2.964653e+02 4.005542e+00 5.008891e+00 1.199524e+00 1.390597e+00 5.121490e-01
<VARIANCE> 6
 1.879652e+04 2.995243e+01 1.165487e+02 1.225531e+00 4.218663e+00 4.852971e-01
<GCONST> 2.994651e+01
<TRANSP> 5
 0.000000e+00 1.000000e+00 0.000000e+00 0.000000e+00 0.000000e+00
 0.000000e+00 9.333054e-01 6.669455e-02 0.000000e+00 0.000000e+00
 0.000000e+00 0.000000e+00 9.729572e-01 2.704278e-02 0.000000e+00
 0.000000e+00 0.000000e+00 0.000000e+00 9.445302e-01 5.546979e-02
 0.000000e+00 0.000000e+00 0.000000e+00 0.000000e+00 0.000000e+00
<ENDHMM>
~h "fp_key_0"
<BEGINHMM>
<NUMSTATES> 5
<STATE> 2
<MEAN> 6
 1.802032e+02 1.337794e+01 5.066743e+00 3.065342e+00 1.592623e+00 5.520896e-01
<VARIANCE> 6
 8.423521e+03 7.544561e+02 1.350610e+02 3.078899e+01 3.832691e+00 3.534549e-01
<GCONST> 3.532850e+01
<STATE> 3
<MEAN> 6
 4.408903e+02 9.498594e+01 2.599650e+01 1.907436e+01 8.434533e+00 3.005457e+00
<VARIANCE> 6
 4.691634e+04 4.627634e+03 1.684184e+03 1.497858e+02 1.416934e+02 1.480667e+01
<GCONST> 5.031017e+01
<STATE> 4
<MEAN> 6
 2.495120e+02 2.046687e+01 7.392849e+00 4.682144e+00 2.998262e+00 1.213996e+00
<VARIANCE> 6
 1.653291e+04 1.574406e+03 3.217492e+02 5.618037e+01 3.576236e+01 3.521608e+00
<GCONST> 4.274016e+01
<TRANSP> 5
 0.000000e+00 1.000000e+00 0.000000e+00 0.000000e+00 0.000000e+00
 0.000000e+00 7.992501e-01 2.007499e-01 0.000000e+00 0.000000e+00
 0.000000e+00 0.000000e+00 7.457659e-01 2.542341e-01 0.000000e+00
 0.000000e+00 0.000000e+00 0.000000e+00 6.758818e-01 3.241183e-01
 0.000000e+00 0.000000e+00 0.000000e+00 0.000000e+00 0.000000e+00
<ENDHMM>
~h "fp_key_1"
<BEGINHMM>
<NUMSTATES> 5
<STATE> 2
<MEAN> 6
 1.692057e+02 1.258777e+01 5.030214e+00 3.245553e+00 1.881566e+00 8.519509e-01
<VARIANCE> 6
 1.207906e+04 7.619730e+02 1.634382e+02 3.125522e+01 1.677194e+01 2.152596e+00
<GCONST> 3.918740e+01
<STATE> 3
<MEAN> 6
 3.623469e+02 6.646677e+01 6.523262e+01 2.081461e+01 2.086803e+01 7.755684e+00
<VARIANCE> 6
 3.628716e+04 3.688904e+03 5.139640e+03 3.162149e+02 3.115851e+02 5.372237e+01
<GCONST> 5.376623e+01
<STATE> 4
<MEAN> 6
 4.258064e+02 8.308764e+01 1.288282e+01 1.706742e+01 4.762759e+00 2.235371e+00
<VARIANCE> 6
 5.176154e+04 4.546686e+03 5.680330e+02 1.621334e+02 6.652587e+01 9.603395e+00
<GCONST> 4.819412e+01
<TRANSP> 5
 0.000000e+00 1.000000e+00 0.000000e+00 0.000000e+00 0.000000e+00
 0.000000e+00 8.531904e-01 1.468096e-01 0.000000e+00 0.000000e+00
 0.000000e+00 0.000000e+00 5.499382e-01 4.500618e-01 0.000000e+00
 0.000000e+00 0.000000e+00 0.000000e+00 7.478909e-01 2.521091e-01
 0.000000e+00 0.000000e+00 0.000000e+00 0.000000e+00 0.000000e+00
<ENDHMM>
~h "fp_key_2"
<BEGINHMM>
<NUMSTATES> 5
<STATE> 2
<MEAN> 6
 2.664511e+02 4.242266e+01 9.437867e+00 9.661960e+00 4.110019e+00 1.829510e+00
<VARIANCE> 6
 2.233149e+04 2.914385e+03 4.664758e+02 1.089611e+02 5.912675e+01 8.686016e+00
<GCONST> 4.609602e+01
<STATE> 3
<MEAN> 6
 4.486985e+02 9.417661e+01 4.823161e+01 2.212899e+01 1.760807e+01 6.129151e+00
<VARIANCE> 6
 4.225284e+04 4.866201e+03 3.896719e+03 2.742270e+02 3.531223e+02 5.048470e+01
<GCONST> 5.383909e+01
<STATE> 4
<MEAN> 6
 1.863959e+02 1.633843e+01 9.253722e+00 4.615962e+00 3.200613e+00 1.508072e+00
<VARIANCE> 6
 1.771400e+04 1.110202e+03 7.589608e+02 7.495082e+01 4.592124e+01 8.504638e+00
<GCONST> 4.473799e+01
<TRANSP> 5
 0.000000e+00 1.000000e+00 0.000000e+00 0.000000e+00 0.000000e+00
 0.000000e+00 7.465330e-01 2.534671e-01 0.000000e+00 0.000000e+00
 0.000000e+00 0.000000e+00 7.093582e-01 2.906418e-01 0.000000e+00
 0.000000e+00 0.000000e+00 0.000000e+00 8.218756e-01 1.781244e-01
 0.000000e+00 0.000000e+00 0.000000e+00 0.000000e+00 0.000000e+00
<ENDHMM>
~h "fp_key_3"
<BEGINHMM>
<NUMSTATES> 5
<STATE> 2
<MEAN> 6
 4.226885e+02 7.945123e+01 1.605119e+01 1.776663e+01 5.498516e+00 2.588865e+00
<VARIANCE> 6
 3.729866e+04 4.457849e+03 1.067775e+03 2.159374e+02 7.459222e+01 1.297970e+01
<GCONST> 4.918014e+01
<STATE> 3
<MEAN> 6
 4.112228e+02 7.694817e+01 6.634876e+01 2.271705e+01 2.461145e+01 8.854226e+00
<VARIANCE> 6
 3.743507e+04 4.703914e+03 4.782604e+03 3.124483e+02 4.111848e+02 5.717121e+01
<GCONST> 5.429605e+01
<STATE> 4
<MEAN> 6
 2.274408e+02 1.745179e+01 5.314225e+00 4.572771e+00 2.373993e+00 1.256296e+00
<VARIANCE> 6
 1.654065e+04 9.790682e+02 8.130454e+01 4.510721e+01 1.183048e+01 2.796125e+00
<GCONST> 3.933360e+01
<TRANSP> 5
 0.000000e+00 1.000000e+00 0.000000e+00 0.000000e+00 0.000000e+00
 0.000000e+00 7.420962e-01 2.579038e-01 0.000000e+00 0.000000e+00
 0.000000e+00 0.000000e+00 5.800725e-01 4.199275e-01 0.000000e+00
 0.000000e+00 0.000000e+00 0.000000e+00 8.258213e-01 1.741788e-01
 0.000000e+00 0.000000e+00 0.000000e+00 0.000000e+00 0.000000e+00
<ENDHMM>
~h "fp_key_4"
<BEGINHMM>
<NUMSTATES> 5
<STATE> 2
<MEAN> 6
 2.885386e+02 1.811008e+01 5.587022e+00 4.860716e+00 2.292399e+00 1.265122e+00
<VARIANCE> 6
 1.709353e+04 1.071596e+03 8.130133e+01 4.766527e+01 1.119878e+01 2.838685e+00
<GCONST> 3.947214e+01
<STATE> 3
<MEAN> 6
 5.072177e+02 7.559466e+01 5.681704e+01 2.065830e+01 2.026558e+01 7.988586e+00
<VARIANCE> 6
 3.260233e+04 3.668518e+03 3.551586e+03 2.162460e+02 2.738496e+02 4.656485e+01
<GCONST> 5.263194e+01
<STATE> 4
<MEAN> 6
 4.769130e+02 6.121200e+01 1.283843e+01 1.236738e+01 3.601263e+00 2.052169e+00
<VARIANCE> 6
 3.604478e+04 3.122876e+03 4.619724e+02 9.526234e+01 2.465789e+01 6.114188e+00
<GCONST> 4.527414e+01
<TRANSP> 5
 0.000000e+00 1.000000e+00 0.000000e+00 0.000000e+00 0.000000e+00
 0.000000e+00 8.321078e-01 1.678923e-01 0.000000e+00 0.000000e+00
 0.000000e+00 0.000000e+00 6.163687e-01 3.836313e-01 0.000000e+00
 0.000000e+00 0.000000e+00 0.000000e+00 7.746291e-01 2.253709e-01
 0.000000e+00 0.000000e+00 0.000000e+00 0.000000e+00 0.000000e+00
<ENDHMM>
~h "fp_key_5"
<BEGINHMM>
<NUMSTATES> 5
<STATE> 2
<MEAN> 6
 4.207456e+02 5.558250e+01 1.475289e+01 1.160567e+01 4.287296e+00 2.260201e+00
<VARIANCE> 6
 3.952402e+04 3.239419e+03 7.490443e+02 1.115386e+02 3.900837e+01 8.554754e+00
<GCONST> 4.683851e+01
<STATE> 3
<MEAN> 6
 4.449562e+02 3.761111e+01 3.774482e+01 1.130667e+01 1.086289e+01 4.886738e+00
<VARIANCE> 6
 3.162056e+04 2.819947e+03 3.196767e+03 2.100933e+02 2.160734e+02 3.851869e+01
<GCONST> 5.177750e+01
<STATE> 4
<MEAN> 6
 3.785709e+02 4.016057e+00 7.178382e+00 9.851751e-01 1.620529e+00 4.337566e-01
<VARIANCE> 6
 1.157809e+04 4.533784e+01 2.327097e+02 1.105196e+00 7.604345e+00 3.632138e-01
<GCONST> 3.076404e+01
<TRANSP> 5
 0.000000e+00 1.000000e+00 0.000000e+00 0.000000e+00 0.000000e+00
 0.000000e+00 5.563337e-01 4.436663e-01 0.000000e+00 0.000000e+00
 0.000000e+00 0.000000e+00 1.939878e-01 8.060122e-01 0.000000e+00
 0.000000e+00 0.000000e+00 0.000000e+00 8.824273e-01 1.175727e-01
 0.000000e+00 0.000000e+00 0.000000e+00 0.000000e+00 0.000000e+00
<ENDHMM>
