~o
<STREAMINFO> 1 6
<VECSIZE> 6<NULLD><MFCC><DIAGC>
~h "bg_board_2"
<BEGINHMM>
<NUMSTATES> 5
<STATE> 2
<MEAN> 6
 4.515105e+02 1.167335e+01 9.139892e+00 4.652163e+00 3.492999e+00 1.682973e+00
<VARIANCE> 6
 6.345495e+04 2.474486e+02 2.583941e+02 2.670784e+01 1.943759e+01 3.967239e+00
<GCONST> 4.078127e+01
<STATE> 3
<MEAN> 6
 6.248857e+02 4.738157e+01 1.698101e+01 1.399461e+01 8.922591e+00 5.551949e+00
<VARIANCE> 6
 3.204942e+04 2.555428e+03 7.522738e+02 1.286635e+02 9.920220e+01 3.521835e+01
<GCONST> 4.888731e+01
<STATE> 4
<MEAN> 6
 4.592109e+02 4.111031e+00 4.300474e+00 9.853198e-01 1.077448e+00 3.657432e-01
<VARIANCE> 6
 3.420347e+04 3.898995e+01 1.188944e+02 1.632294e+00 4.696217e+00 1.508512e-01
<GCONST> 3.005417e+01
<TRANSP> 5
 0.000000e+00 1.000000e+00 0.000000e+00 0.000000e+00 0.000000e+00
 0.000000e+00 9.629685e-01 3.703155e-02 0.000000e+00 0.000000e+00
 0.000000e+00 0.000000e+00 9.468085e-01 5.319148e-02 0.000000e+00
 0.000000e+00 0.000000e+00 0.000000e+00 9.586709e-01 4.132915e-02
 0.000000e+00 0.000000e+00 0.000000e+00 0.000000e+00 0.000000e+00
<ENDHMM>
