~o
<STREAMINFO> 1 6
<VECSIZE> 6<NULLD><MFCC><DIAGC>
~h "bg_board_3"
<BEGINHMM>
<NUMSTATES> 5
<STATE> 2
<MEAN> 6
 2.691061e+02 2.431644e+01 7.124213e+00 5.940964e+00 3.480421e+00 1.563895e+00
<VARIANCE> 6
 1.561472e+04 6.260933e+02 5.163634e+01 1.795002e+01 1.024063e+01 2.171126e+00
<GCONST> 3.705616e+01
<STATE> 3
<MEAN> 6
 2.715686e+02 3.179285e+01 1.272348e+01 1.089246e+01 5.158442e+00 3.355222e+00
<VARIANCE> 6
 8.786218e+03 2.560870e+03 1.266025e+02 5.527009e+01 1.145588e+01 6.381739e+00
<GCONST> 4.110153e+01
<STATE> 4
<MEAN> 6
 3.964621e+02 1.163181e+01 6.710618e+00 2.911870e+00 1.633877e+00 6.577595e-01
<VARIANCE> 6
 1.745899e+04 3.128191e+02 5.583507e+01 1.570958e+01 2.796122e+00 1.097513e+00
<GCONST> 3.443845e+01
<TRANSP> 5
 0.000000e+00 1.000000e+00 0.000000e+00 0.000000e+00 0.000000e+00
 0.000000e+00 5.364034e-01 4.635966e-01 0.000000e+00 0.000000e+00
 0.000000e+00 0.000000e+00 7.490025e-01 2.509976e-01 0.000000e+00
 0.000000e+00 0.000000e+00 0.000000e+00 8.293180e-01 1.706820e-01
 0.000000e+00 0.000000e+00 0.000000e+00 0.000000e+00 0.000000e+00
<ENDHMM>
