~o
<STREAMINFO> 1 6
<VECSIZE> 6<NULLD><MFCC><DIAGC>
~h "bg_board_0"
<BEGINHMM>
<NUMSTATES> 5
<STATE> 2
<MEAN> 6
 3.944112e+02 1.682793e+01 8.678042e+00 7.418097e+00 4.076507e+00 2.191992e+00
<VARIANCE> 6
 8.001580e+03 1.230500e+03 1.835546e+02 5.807774e+01 2.718992e+01 6.729053e+00
<GCONST> 4.161340e+01
<STATE> 3
<MEAN> 6
 3.492538e+02 3.849018e+01 1.299995e+01 1.258202e+01 5.648682e+00 3.348751e+00
<VARIANCE> 6
 7.807298e+03 2.241817e+03 1.735139e+02 5.640269e+01 1.613920e+01 7.156728e+00
<GCONST> 4.164320e+01
<STATE> 4
<MEAN> 6
 4.245247e+02 7.154573e+00 3.551655e+00 2.269517e+00 1.274469e+00 6.840454e-01
<VARIANCE> 6
 3.903856e+03 3.865553e+02 2.734022e+01 1.786143e+01 3.398294e+00 1.514202e+00
<GCONST> 3.308342e+01
<TRANSP> 5
 0.000000e+00 1.000000e+00 0.000000e+00 0.000000e+00 0.000000e+00
 0.000000e+00 3.982044e-05 9.999602e-01 0.000000e+00 0.000000e+00
 0.000000e+00 0.000000e+00 8.115097e-01 1.884903e-01 0.000000e+00
 0.000000e+00 0.000000e+00 0.000000e+00 8.243965e-01 1.756035e-01
 0.000000e+00 0.000000e+00 0.000000e+00 0.000000e+00 0.000000e+00
<ENDHMM>
