~o
<STREAMINFO> 1 6
<VECSIZE> 6<NULLD><MFCC><DIAGC>
~h "bg_board_2"
<BEGINHMM>
<NUMSTATES> 5
<STATE> 2
<MEAN> 6
 2.736446e+02 2.252874e+01 1.162321e+01 1.024131e+01 5.172127e+00 3.524817e+00
<VARIANCE> 6
 5.351153e+03 3.918768e+02 1.029888e+02 4.734227e+01 1.212650e+01 6.073227e+00
<GCONST> 3.837458e+01
<STATE> 3
<MEAN> 6
 3.180078e+02 4.191889e+01 1.658679e+01 1.212461e+01 5.238532e+00 3.224389e+00
<VARIANCE> 6
 1.214126e+04 2.187021e+03 4.384334e+02 9.834586e+01 2.356018e+01 1.257270e+01
<GCONST> 4.448471e+01
<STATE> 4
<MEAN> 6
 3.742137e+02 1.147165e+01 5.195843e+00 2.178394e+00 1.475531e+00 5.256674e-01
<VARIANCE> 6
 1.512997e+04 2.475836e+02 2.690900e+01 7.898817e+00 3.960444e+00 5.483008e-01
<GCONST> 3.229804e+01
<TRANSP> 5
 0.000000e+00 1.000000e+00 0.000000e+00 0.000000e+00 0.000000e+00
 0.000000e+00 7.620148e-01 2.379852e-01 0.000000e+00 0.000000e+00
 0.000000e+00 0.000000e+00 5.123295e-01 4.876705e-01 0.000000e+00
 0.000000e+00 0.000000e+00 0.000000e+00 8.517968e-01 1.482032e-01
 0.000000e+00 0.000000e+00 0.000000e+00 0.000000e+00 0.000000e+00
<ENDHMM>
