~o
<STREAMINFO> 1 6
<VECSIZE> 6<NULLD><MFCC><DIAGC>
~h "bg_board_5"
<BEGINHMM>
<NUMSTATES> 5
<STATE> 2
<MEAN> 6
 2.605995e+02 2.037467e+01 7.402221e+00 7.279127e+00 3.773492e+00 2.275047e+00
<VARIANCE> 6
 4.588103e+03 5.017884e+02 4.315071e+01 2.084107e+01 5.210354e+00 2.995836e+00
<GCONST> 3.522616e+01
<STATE> 3
<MEAN> 6
 2.839611e+02 3.974068e+01 1.136654e+01 9.588831e+00 3.963842e+00 2.032027e+00
<VARIANCE> 6
 5.886083e+03 4.018866e+03 1.783748e+02 6.042100e+01 1.687015e+01 5.651181e+00
<GCONST> 4.184900e+01
<STATE> 4
<MEAN> 6
 3.811470e+02 8.918618e+00 4.749363e+00 2.392141e+00 1.403151e+00 5.495681e-01
<VARIANCE> 6
 1.121735e+04 2.500588e+02 1.918635e+01 7.261714e+00 1.551838e+00 4.515692e-01
<GCONST> 3.045540e+01
<TRANSP> 5
 0.000000e+00 1.000000e+00 0.000000e+00 0.000000e+00 0.000000e+00
 0.000000e+00 7.453603e-01 2.546398e-01 0.000000e+00 0.000000e+00
 0.000000e+00 0.000000e+00 4.951915e-01 5.048086e-01 0.000000e+00
 0.000000e+00 0.000000e+00 0.000000e+00 8.358485e-01 1.641515e-01
 0.000000e+00 0.000000e+00 0.000000e+00 0.000000e+00 0.000000e+00
<ENDHMM>
