~o
<STREAMINFO> 1 6
<VECSIZE> 6<NULLD><MFCC><DIAGC>
~h "bg_board"
<BEGINHMM>
<NUMSTATES> 5
<STATE> 2
<MEAN> 6
 2.635236e+02 2.206839e+01 1.204215e+01 1.008810e+01 5.439509e+00 3.282788e+00
<VARIANCE> 6
 5.338507e+03 3.660517e+02 1.333525e+02 3.427803e+01 1.224791e+01 5.340652e+00
<GCONST> 3.812094e+01
<STATE> 3
<MEAN> 6
 3.526650e+02 7.618813e+01 1.140770e+01 1.599688e+01 4.345285e+00 2.993575e+00
<VARIANCE> 6
 1.588234e+04 6.071475e+03 2.620331e+02 1.064986e+02 1.610356e+01 9.936054e+00
<GCONST> 4.472340e+01
<STATE> 4
<MEAN> 6
 3.997827e+02 7.537825e+00 4.203889e+00 1.544457e+00 1.007869e+00 3.727927e-01
<VARIANCE> 6
 9.554857e+03 1.160986e+02 1.706987e+01 3.465914e+00 8.065541e-01 1.304327e-01
<GCONST> 2.677492e+01
<TRANSP> 5
 0.000000e+00 1.000000e+00 0.000000e+00 0.000000e+00 0.000000e+00
 0.000000e+00 9.652278e-01 3.477224e-02 0.000000e+00 0.000000e+00
 0.000000e+00 0.000000e+00 8.364987e-01 1.635013e-01 0.000000e+00
 0.000000e+00 0.000000e+00 0.000000e+00 9.715304e-01 2.846955e-02
 0.000000e+00 0.000000e+00 0.000000e+00 0.000000e+00 0.000000e+00
<ENDHMM>
