~o
<STREAMINFO> 1 6
<VECSIZE> 6<NULLD><MFCC><DIAGC>
~h "bg_board_1"
<BEGINHMM>
<NUMSTATES> 5
<STATE> 2
<MEAN> 6
 3.068184e+02 2.144660e+01 1.158735e+01 1.061731e+01 5.615720e+00 3.596964e+00
<VARIANCE> 6
 5.602049e+03 5.685333e+02 9.384934e+01 3.654298e+01 1.266311e+01 6.015376e+00
<GCONST> 3.847440e+01
<STATE> 3
<MEAN> 6
 3.972247e+02 5.153623e+01 1.460524e+01 1.567424e+01 5.421306e+00 3.483860e+00
<VARIANCE> 6
 2.387002e+04 4.064113e+03 4.620616e+02 1.888179e+02 2.669504e+01 1.203609e+01
<GCONST> 4.656646e+01
<STATE> 4
<MEAN> 6
 3.838343e+02 6.003938e+00 4.360659e+00 2.283670e+00 1.287343e+00 7.331293e-01
<VARIANCE> 6
 4.363638e+03 1.555574e+02 2.904198e+01 2.057223e+01 3.864635e+00 2.279183e+00
<GCONST> 3.302371e+01
<TRANSP> 5
 0.000000e+00 1.000000e+00 0.000000e+00 0.000000e+00 0.000000e+00
 0.000000e+00 7.935160e-01 2.064840e-01 0.000000e+00 0.000000e+00
 0.000000e+00 0.000000e+00 4.625659e-01 5.374341e-01 0.000000e+00
 0.000000e+00 0.000000e+00 0.000000e+00 8.411770e-01 1.588229e-01
 0.000000e+00 0.000000e+00 0.000000e+00 0.000000e+00 0.000000e+00
<ENDHMM>
