~o
<STREAMINFO> 1 6
<VECSIZE> 6<NULLD><MFCC><DIAGC>
~h "bg_board_4"
<BEGINHMM>
<NUMSTATES> 5
<STATE> 2
<MEAN> 6
 2.438669e+02 2.180796e+01 1.001837e+01 9.091249e+00 4.622797e+00 2.891343e+00
<VARIANCE> 6
 8.124292e+03 4.909691e+02 9.182007e+01 2.913151e+01 9.771298e+00 4.558193e+00
<GCONST> 3.791428e+01
<STATE> 3
<MEAN> 6
 2.999413e+02 5.334406e+01 7.247160e+00 8.689596e+00 2.290678e+00 1.019945e+00
<VARIANCE> 6
 1.148626e+04 5.483694e+03 5.186428e+01 5.979425e+01 5.268542e+00 1.341128e+00
<GCONST> 3.898051e+01
<STATE> 4
<MEAN> 6
 3.490702e+02 1.070829e+01 4.754758e+00 2.268615e+00 1.367340e+00 5.864116e-01
<VARIANCE> 6
 1.010363e+04 2.854199e+02 2.166747e+01 9.494486e+00 2.009339e+00 6.500404e-01
<GCONST> 3.149548e+01
<TRANSP> 5
 0.000000e+00 1.000000e+00 0.000000e+00 0.000000e+00 0.000000e+00
 0.000000e+00 8.133332e-01 1.866669e-01 0.000000e+00 0.000000e+00
 0.000000e+00 0.000000e+00 2.096751e-01 7.903250e-01 0.000000e+00
 0.000000e+00 0.000000e+00 0.000000e+00 8.432002e-01 1.567998e-01
 0.000000e+00 0.000000e+00 0.000000e+00 0.000000e+00 0.000000e+00
<ENDHMM>
