~o
<STREAMINFO> 1 6
<VECSIZE> 6<NULLD><MFCC><DIAGC>
~h "bg_dark_0_3"
<BEGINHMM>
<NUMSTATES> 5
<STATE> 2
<MEAN> 6
 4.218718e+02 2.139098e+01 8.734691e+00 5.499053e+00 3.602759e+00 1.923022e+00
<VARIANCE> 6
 1.408753e+04 5.666425e+02 4.535212e+01 8.191539e+00 5.432035e+00 2.409793e+00
<GCONST> 3.540945e+01
<STATE> 3
<MEAN> 6
 3.317938e+02 3.455101e+01 1.475348e+01 1.326579e+01 5.178747e+00 2.575088e+00
<VARIANCE> 6
 1.746971e+04 8.018226e+02 1.888670e+02 7.134560e+01 1.078045e+01 5.040464e+00
<GCONST> 4.098619e+01
<STATE> 4
<MEAN> 6
 3.413948e+02 1.488650e+01 6.774072e+00 4.054570e+00 3.256786e+00 1.282875e+00
<VARIANCE> 6
 3.761273e+04 2.022531e+02 3.400459e+01 6.620057e+00 4.067843e+00 1.582353e+00
<GCONST> 3.415051e+01
<TRANSP> 5
 0.000000e+00 1.000000e+00 0.000000e+00 0.000000e+00 0.000000e+00
 0.000000e+00 6.339820e-01 3.660180e-01 0.000000e+00 0.000000e+00
 0.000000e+00 0.000000e+00 6.062730e-01 3.937270e-01 0.000000e+00
 0.000000e+00 0.000000e+00 0.000000e+00 8.513688e-01 1.486312e-01
 0.000000e+00 0.000000e+00 0.000000e+00 0.000000e+00 0.000000e+00
<ENDHMM>
