~o
<STREAMINFO> 1 6
<VECSIZE> 6<NULLD><MFCC><DIAGC>
~h "bg_dark_0"
<BEGINHMM>
<NUMSTATES> 5
<STATE> 2
<MEAN> 6
 4.061221e+02 1.431050e+01 7.467948e+00 4.965243e+00 3.628984e+00 1.851687e+00
<VARIANCE> 6
 1.491665e+04 2.814926e+02 4.492318e+01 1.331205e+01 4.433296e+00 2.376851e+00
<GCONST> 3.502615e+01
<STATE> 3
<MEAN> 6
 3.311159e+02 4.237027e+01 1.478060e+01 1.016012e+01 5.422081e+00 2.856383e+00
<VARIANCE> 6
 1.751920e+04 1.312031e+03 3.840063e+02 5.803811e+01 1.960929e+01 8.818523e+00
<GCONST> 4.314226e+01
<STATE> 4
<MEAN> 6
 1.052991e+02 9.016946e+00 5.679063e+00 2.031559e+00 1.806068e+00 7.393094e-01
<VARIANCE> 6
 2.288693e+03 1.786918e+02 7.385773e+01 4.437500e+00 4.211617e+00 1.312598e+00
<GCONST> 3.145075e+01
<TRANSP> 5
 0.000000e+00 1.000000e+00 0.000000e+00 0.000000e+00 0.000000e+00
 0.000000e+00 9.661722e-01 3.382784e-02 0.000000e+00 0.000000e+00
 0.000000e+00 0.000000e+00 9.297088e-01 7.029120e-02 0.000000e+00
 0.000000e+00 0.000000e+00 0.000000e+00 9.618496e-01 3.815044e-02
 0.000000e+00 0.000000e+00 0.000000e+00 0.000000e+00 0.000000e+00
<ENDHMM>
