~o
<STREAMINFO> 1 6
<VECSIZE> 6<NULLD><MFCC><DIAGC>
~h "bg_dark_0_0"
<BEGINHMM>
<NUMSTATES> 5
<STATE> 2
<MEAN> 6
 3.767444e+02 1.355917e+01 6.042327e+00 4.523213e+00 3.038048e+00 1.470050e+00
<VARIANCE> 6
 1.683862e+04 3.097659e+02 2.147836e+01 1.131683e+01 2.371758e+00 1.253764e+00
<GCONST> 3.307763e+01
<STATE> 3
<MEAN> 6
 3.262639e+02 3.140873e+01 1.185068e+01 9.208490e+00 5.339180e+00 3.036314e+00
<VARIANCE> 6
 1.177737e+04 7.948514e+02 9.992027e+01 3.463878e+01 5.714171e+00 4.148026e+00
<GCONST> 3.839428e+01
<STATE> 4
<MEAN> 6
 2.127992e+02 1.544160e+01 6.126617e+00 4.111951e+00 2.491555e+00 1.248376e+00
<VARIANCE> 6
 3.033021e+04 2.978522e+02 4.154277e+01 1.588517e+01 3.179117e+00 1.911911e+00
<GCONST> 3.534058e+01
<TRANSP> 5
 0.000000e+00 1.000000e+00 0.000000e+00 0.000000e+00 0.000000e+00
 0.000000e+00 7.688904e-01 2.311096e-01 0.000000e+00 0.000000e+00
 0.000000e+00 0.000000e+00 7.275584e-01 2.724416e-01 0.000000e+00
 0.000000e+00 0.000000e+00 0.000000e+00 7.501584e-01 2.498416e-01
 0.000000e+00 0.000000e+00 0.000000e+00 0.000000e+00 0.000000e+00
<ENDHMM>
