~o
<STREAMINFO> 1 6
<VECSIZE> 6<NULLD><MFCC><DIAGC>
~h "bg_dark_0_5"
<BEGINHMM>
<NUMSTATES> 5
<STATE> 2
<MEAN> 6
 1.371242e+02 1.602607e+00 1.440681e+00 4.787562e-01 3.964218e-01 2.698812e-01
<VARIANCE> 6
 2.731758e+02 4.696775e+00 2.347343e+00 4.312347e-01 4.024507e-01 8.262409e-02
<GCONST> 1.479280e+01
<STATE> 3
<MEAN> 6
 1.345462e+02 1.217635e+01 1.776325e+01 2.227020e+00 3.042876e+00 2.750559e+00
<VARIANCE> 6
 2.226307e+03 5.058922e+02 8.063702e+02 7.735639e+00 1.755631e+01 3.415336e+01
<GCONST> 4.009634e+01
<STATE> 4
<MEAN> 6
 9.360110e+01 1.030960e+01 5.869691e+00 2.513836e+00 2.391132e+00 9.725245e-01
<VARIANCE> 6
 7.087541e+03 2.592391e+02 1.745825e+02 7.584434e+00 9.176090e+00 5.557969e+00
<GCONST> 3.657144e+01
<TRANSP> 5
 0.000000e+00 1.000000e+00 0.000000e+00 0.000000e+00 0.000000e+00
 0.000000e+00 8.678364e-01 1.321637e-01 0.000000e+00 0.000000e+00
 0.000000e+00 0.000000e+00 7.960445e-02 9.203956e-01 0.000000e+00
 0.000000e+00 0.000000e+00 0.000000e+00 7.012368e-01 2.987632e-01
 0.000000e+00 0.000000e+00 0.000000e+00 0.000000e+00 0.000000e+00
<ENDHMM>
