~o
<STREAMINFO> 1 6
<VECSIZE> 6<NULLD><MFCC><DIAGC>
~h "bg_dark_0_2"
<BEGINHMM>
<NUMSTATES> 5
<STATE> 2
<MEAN> 6
 4.209829e+02 1.487610e+01 6.405322e+00 4.253296e+00 2.884397e+00 1.279764e+00
<VARIANCE> 6
 6.284583e+03 4.534857e+02 2.375564e+01 7.641633e+00 2.392953e+00 8.303593e-01
<GCONST> 3.177814e+01
<STATE> 3
<MEAN> 6
 3.188841e+02 6.218798e+01 1.391389e+01 1.251985e+01 6.130401e+00 3.425704e+00
<VARIANCE> 6
 1.111558e+04 1.955296e+03 1.170090e+02 7.349611e+01 1.825875e+01 6.315173e+00
<GCONST> 4.172875e+01
<STATE> 4
<MEAN> 6
 2.298970e+02 2.515088e+01 8.793483e+00 5.028996e+00 2.677680e+00 1.355884e+00
<VARIANCE> 6
 3.021919e+04 5.985754e+02 4.182478e+01 1.060029e+01 4.402341e+00 1.401949e+00
<GCONST> 3.565242e+01
<TRANSP> 5
 0.000000e+00 1.000000e+00 0.000000e+00 0.000000e+00 0.000000e+00
 0.000000e+00 8.084089e-01 1.915912e-01 0.000000e+00 0.000000e+00
 0.000000e+00 0.000000e+00 6.397216e-01 3.602785e-01 0.000000e+00
 0.000000e+00 0.000000e+00 0.000000e+00 8.001966e-01 1.998033e-01
 0.000000e+00 0.000000e+00 0.000000e+00 0.000000e+00 0.000000e+00
<ENDHMM>
