~o
<STREAMINFO> 1 6
<VECSIZE> 6<NULLD><MFCC><DIAGC>
~h "bg_dark_0_4"
<BEGINHMM>
<NUMSTATES> 5
<STATE> 2
<MEAN> 6
 2.920295e+02 1.495131e+01 8.497263e+00 4.599853e+00 3.939293e+00 1.897741e+00
<VARIANCE> 6
 4.281123e+04 2.083498e+02 6.834937e+01 9.826013e+00 5.012782e+00 3.163383e+00
<GCONST> 3.630434e+01
<STATE> 3
<MEAN> 6
 2.942412e+02 3.257639e+01 3.148855e+01 8.148525e+00 8.646947e+00 4.844271e+00
<VARIANCE> 6
 2.024011e+04 6.565623e+02 1.069811e+03 2.912187e+01 3.818321e+01 9.979392e+00
<GCONST> 4.371935e+01
<STATE> 4
<MEAN> 6
 1.042564e+02 2.774578e+00 2.601146e+00 7.956647e-01 8.345524e-01 5.164105e-01
<VARIANCE> 6
 7.029338e+02 9.059684e+00 9.780155e+00 7.839686e-01 8.276491e-01 2.506272e-01
<GCONST> 2.025037e+01
<TRANSP> 5
 0.000000e+00 1.000000e+00 0.000000e+00 0.000000e+00 0.000000e+00
 0.000000e+00 8.263223e-01 1.736778e-01 0.000000e+00 0.000000e+00
 0.000000e+00 0.000000e+00 6.039022e-01 3.960979e-01 0.000000e+00
 0.000000e+00 0.000000e+00 0.000000e+00 7.880270e-01 2.119730e-01
 0.000000e+00 0.000000e+00 0.000000e+00 0.000000e+00 0.000000e+00
<ENDHMM>
