~o
<STREAMINFO> 1 6
<VECSIZE> 6<NULLD><MFCC><DIAGC>
~h "bg_dark_0_1"
<BEGINHMM>
<NUMSTATES> 5
<STATE> 2
<MEAN> 6
 2.309378e+02 1.071697e+01 7.251992e+00 3.660326e+00 3.066371e+00 1.337224e+00
<VARIANCE> 6
 2.968515e+04 1.719589e+02 4.901448e+01 1.293884e+01 4.202002e+00 1.785769e+00
<GCONST> 3.494068e+01
<STATE> 3
<MEAN> 6
 3.359567e+02 4.581706e+01 1.230590e+01 1.162719e+01 5.143869e+00 2.475891e+00
<VARIANCE> 6
 1.211116e+04 1.251814e+03 8.138812e+01 4.574121e+01 7.441717e+00 3.760272e+00
<GCONST> 3.911531e+01
<STATE> 4
<MEAN> 6
 4.375549e+02 1.433672e+01 6.614483e+00 4.301440e+00 4.021095e+00 1.715280e+00
<VARIANCE> 6
 8.839303e+03 4.831580e+02 2.542656e+01 6.914202e+00 3.714945e+00 1.376068e+00
<GCONST> 3.309554e+01
<TRANSP> 5
 0.000000e+00 1.000000e+00 0.000000e+00 0.000000e+00 0.000000e+00
 0.000000e+00 7.976710e-01 2.023290e-01 0.000000e+00 0.000000e+00
 0.000000e+00 0.000000e+00 6.862132e-01 3.137868e-01 0.000000e+00
 0.000000e+00 0.000000e+00 0.000000e+00 7.946899e-01 2.053101e-01
 0.000000e+00 0.000000e+00 0.000000e+00 0.000000e+00 0.000000e+00
<ENDHMM>
