~o
<STREAMINFO> 1 6
<VECSIZE> 6<NULLD><MFCC><DIAGC>
~h "bg_red_0_2"
<BEGINHMM>
<NUMSTATES> 5
<STATE> 2
<MEAN> 6
 3.161189e+02 7.084490e+00 2.691805e+00 3.068603e+00 1.194302e+00 6.155010e-01
<VARIANCE> 6
 7.196064e+03 6.084676e+01 5.118084e+00 9.878399e+00 1.582513e+00 5.489993e-01
<GCONST> 2.779939e+01
<STATE> 3
<MEAN> 6
 3.044951e+02 1.826910e+01 4.926324e+00 4.564250e+00 1.508452e+00 6.129255e-01
<VARIANCE> 6
 8.587135e+03 2.454366e+02 1.362477e+01 9.131061e+00 1.984361e+00 1.729167e-01
<GCONST> 2.934224e+01
<STATE> 4
<MEAN> 6
 3.470950e+02 3.937313e+00 1.771818e+00 1.526161e+00 6.475738e-01 3.438817e-01
<VARIANCE> 6
 6.193287e+03 1.156999e+01 2.538917e+00 1.839793e+00 2.937975e-01 5.338149e-02
<GCONST> 1.959313e+01
<TRANSP> 5
 0.000000e+00 1.000000e+00 0.000000e+00 0.000000e+00 0.000000e+00
 0.000000e+00 5.315354e-01 4.684645e-01 0.000000e+00 0.000000e+00
 0.000000e+00 0.000000e+00 6.450545e-01 3.549456e-01 0.000000e+00
 0.000000e+00 0.000000e+00 0.000000e+00 8.757460e-01 1.242540e-01
 0.000000e+00 0.000000e+00 0.000000e+00 0.000000e+00 0.000000e+00
<ENDHMM>
