~o
<STREAMINFO> 1 6
<VECSIZE> 6<NULLD><MFCC><DIAGC>
~h "bg_red_0_0"
<BEGINHMM>
<NUMSTATES> 5
<STATE> 2
<MEAN> 6
 2.967473e+02 7.989386e+00 6.809719e+00 3.620103e+00 3.225672e+00 1.661677e+00
<VARIANCE> 6
 4.198202e+03 5.244574e+01 5.384044e+01 6.633611e+00 3.850661e+00 1.632937e+00
<GCONST> 3.104625e+01
<STATE> 3
<MEAN> 6
 3.814555e+02 5.788820e+01 2.665865e+01 1.367479e+01 6.233972e+00 2.566850e+00
<VARIANCE> 6
 4.644703e+04 5.115076e+03 2.188934e+03 1.909161e+02 4.226943e+01 7.860464e+00
<GCONST> 4.906219e+01
<STATE> 4
<MEAN> 6
 2.414153e+02 8.839324e+00 3.332704e+00 2.624153e+00 1.421537e+00 7.257447e-01
<VARIANCE> 6
 3.183041e+04 2.595973e+02 1.784736e+01 1.821577e+01 2.384714e+00 1.124303e+00
<GCONST> 3.372496e+01
<TRANSP> 5
 0.000000e+00 1.000000e+00 0.000000e+00 0.000000e+00 0.000000e+00
 0.000000e+00 7.939756e-01 2.060244e-01 0.000000e+00 0.000000e+00
 0.000000e+00 0.000000e+00 3.389849e-01 6.610151e-01 0.000000e+00
 0.000000e+00 0.000000e+00 0.000000e+00 8.224868e-01 1.775133e-01
 0.000000e+00 0.000000e+00 0.000000e+00 0.000000e+00 0.000000e+00
<ENDHMM>
