~o
<STREAMINFO> 1 6
<VECSIZE> 6<NULLD><MFCC><DIAGC>
~h "bg_red_0_1"
<BEGINHMM>
<NUMSTATES> 5
<STATE> 2
<MEAN> 6
 2.554559e+02 1.185598e+01 6.556334e+00 4.242140e+00 2.248397e+00 1.304997e+00
<VARIANCE> 6
 1.517803e+04 3.054110e+02 4.171012e+01 2.180119e+01 2.828832e+00 1.838029e+00
<GCONST> 3.483779e+01
<STATE> 3
<MEAN> 6
 3.976206e+02 4.449873e+01 7.977214e+00 1.215899e+01 1.919406e+00 1.814167e+00
<VARIANCE> 6
 4.033719e+04 2.326540e+03 2.494520e+01 1.106611e+02 2.640845e+00 5.130234e+00
<GCONST> 3.991384e+01
<STATE> 4
<MEAN> 6
 2.871370e+02 5.700613e+00 2.590282e+00 2.530175e+00 1.456388e+00 4.929767e-01
<VARIANCE> 6
 5.033354e+03 4.221384e+01 4.530647e+00 7.275132e+00 1.904514e+00 9.162229e-02
<GCONST> 2.504333e+01
<TRANSP> 5
 0.000000e+00 1.000000e+00 0.000000e+00 0.000000e+00 0.000000e+00
 0.000000e+00 8.146085e-01 1.853915e-01 0.000000e+00 0.000000e+00
 0.000000e+00 0.000000e+00 5.236822e-01 4.763179e-01 0.000000e+00
 0.000000e+00 0.000000e+00 0.000000e+00 8.183988e-01 1.816012e-01
 0.000000e+00 0.000000e+00 0.000000e+00 0.000000e+00 0.000000e+00
<ENDHMM>
