~o
<STREAMINFO> 1 6
<VECSIZE> 6<NULLD><MFCC><DIAGC>
~h "bg_red_0"
<BEGINHMM>
<NUMSTATES> 5
<STATE> 2
<MEAN> 6
 2.601971e+02 9.462123e+00 5.218199e+00 2.779199e+00 1.855512e+00 8.703926e-01
<VARIANCE> 6
 1.610883e+04 1.240033e+02 3.565590e+01 5.965001e+00 3.067747e+00 8.694670e-01
<GCONST> 3.187559e+01
<STATE> 3
<MEAN> 6
 3.448961e+02 2.688188e+01 1.049125e+01 7.108406e+00 2.651171e+00 1.745807e+00
<VARIANCE> 6
 3.902847e+04 1.834654e+03 4.552984e+02 8.297836e+01 1.523744e+01 7.502100e+00
<GCONST> 4.439239e+01
<STATE> 4
<MEAN> 6
 2.775344e+02 6.182897e+00 3.289507e+00 2.405013e+00 1.261562e+00 6.056852e-01
<VARIANCE> 6
 2.153298e+03 4.713435e+01 1.671729e+01 7.716846e+00 2.292855e+00 7.682744e-01
<GCONST> 2.798106e+01
<TRANSP> 5
 0.000000e+00 1.000000e+00 0.000000e+00 0.000000e+00 0.000000e+00
 0.000000e+00 9.635931e-01 3.640690e-02 0.000000e+00 0.000000e+00
 0.000000e+00 0.000000e+00 9.060246e-01 9.397539e-02 0.000000e+00
 0.000000e+00 0.000000e+00 0.000000e+00 9.686438e-01 3.135622e-02
 0.000000e+00 0.000000e+00 0.000000e+00 0.000000e+00 0.000000e+00
<ENDHMM>
