~o
<STREAMINFO> 1 6
<VECSIZE> 6<NULLD><MFCC><DIAGC>
~h "bg_red_0_4"
<BEGINHMM>
<NUMSTATES> 5
<STATE> 2
<MEAN> 6
 2.509362e+02 1.233963e+01 7.034127e+00 3.127326e+00 1.588350e+00 7.352555e-01
<VARIANCE> 6
 8.835321e+03 3.240667e+02 4.785453e+01 6.277337e+00 1.784955e+00 5.205055e-01
<GCONST> 3.152628e+01
<STATE> 3
<MEAN> 6
 2.604137e+02 4.081897e+00 1.509449e+00 8.091394e-01 4.544017e-01 2.671935e-01
<VARIANCE> 6
 4.334132e+03 1.285748e+01 1.782288e+00 2.997502e-01 9.136715e-02 1.613668e-02
<GCONST> 1.480903e+01
<STATE> 4
<MEAN> 6
 1.873988e+02 1.433851e+01 6.462973e+00 3.283108e+00 1.694015e+00 7.318534e-01
<VARIANCE> 6
 5.019443e+03 1.656225e+02 2.304230e+01 9.012218e+00 2.117606e+00 2.906294e-01
<GCONST> 2.950854e+01
<TRANSP> 5
 0.000000e+00 1.000000e+00 0.000000e+00 0.000000e+00 0.000000e+00
 0.000000e+00 7.245583e-01 2.754418e-01 0.000000e+00 0.000000e+00
 0.000000e+00 0.000000e+00 8.168409e-01 1.831591e-01 0.000000e+00
 0.000000e+00 0.000000e+00 0.000000e+00 7.442279e-01 2.557720e-01
 0.000000e+00 0.000000e+00 0.000000e+00 0.000000e+00 0.000000e+00
<ENDHMM>
