~o
<STREAMINFO> 1 6
<VECSIZE> 6<NULLD><MFCC><DIAGC>
~h "bg_red_0_5"
<BEGINHMM>
<NUMSTATES> 5
<STATE> 2
<MEAN> 6
 1.796489e+02 6.848552e+00 4.537372e+00 2.261347e+00 1.426034e+00 6.567616e-01
<VARIANCE> 6
 7.000842e+03 7.750239e+01 1.556483e+01 5.131145e+00 1.257903e+00 4.827914e-01
<GCONST> 2.811298e+01
<STATE> 3
<MEAN> 6
 2.075510e+02 3.090115e+01 2.151037e+01 8.437234e+00 6.765625e+00 4.941638e+00
<VARIANCE> 6
 8.441807e+03 4.528931e+02 3.254272e+02 2.195695e+01 2.366657e+01 1.673518e+01
<GCONST> 4.103967e+01
<STATE> 4
<MEAN> 6
 2.475275e+02 1.123476e+01 8.835789e+00 4.987315e+00 2.916043e+00 1.703150e+00
<VARIANCE> 6
 9.791199e+03 1.369106e+02 6.019153e+01 8.868550e+00 3.294538e+00 2.329838e+00
<GCONST> 3.345394e+01
<TRANSP> 5
 0.000000e+00 1.000000e+00 0.000000e+00 0.000000e+00 0.000000e+00
 0.000000e+00 8.380373e-01 1.619627e-01 0.000000e+00 0.000000e+00
 0.000000e+00 0.000000e+00 4.056359e-01 5.943640e-01 0.000000e+00
 0.000000e+00 0.000000e+00 0.000000e+00 7.586447e-01 2.413553e-01
 0.000000e+00 0.000000e+00 0.000000e+00 0.000000e+00 0.000000e+00
<ENDHMM>
