~o
<STREAMINFO> 1 6
<VECSIZE> 6<NULLD><MFCC><DIAGC>
~h "bg_red_0_3"
<BEGINHMM>
<NUMSTATES> 5
<STATE> 2
<MEAN> 6
 3.333560e+02 3.664149e+00 1.600922e+00 1.001498e+00 5.818495e-01 2.566926e-01
<VARIANCE> 6
 5.604487e+03 9.352306e+00 2.049678e+00 1.208809e+00 2.558368e-01 1.329215e-02
<GCONST> 1.711773e+01
<STATE> 3
<MEAN> 6
 3.399528e+02 9.870956e+00 3.321309e+00 4.204587e+00 1.635702e+00 5.442101e-01
<VARIANCE> 6
 7.339888e+03 2.292829e+02 1.045270e+01 1.684933e+01 2.179115e+00 2.000194e-01
<GCONST> 2.970405e+01
<STATE> 4
<MEAN> 6
 3.517968e+02 6.866190e+00 3.375326e+00 1.777855e+00 8.211342e-01 4.448827e-01
<VARIANCE> 6
 6.321509e+03 2.317400e+02 2.525211e+01 5.125478e+00 1.064902e+00 3.381227e-01
<GCONST> 2.906626e+01
<TRANSP> 5
 0.000000e+00 1.000000e+00 0.000000e+00 0.000000e+00 0.000000e+00
 0.000000e+00 8.615405e-01 1.384595e-01 0.000000e+00 0.000000e+00
 0.000000e+00 0.000000e+00 5.618089e-01 4.381911e-01 0.000000e+00
 0.000000e+00 0.000000e+00 0.000000e+00 5.992886e-01 4.007114e-01
 0.000000e+00 0.000000e+00 0.000000e+00 0.000000e+00 0.000000e+00
<ENDHMM>
