~o
<STREAMINFO> 1 6
<VECSIZE> 6<NULLD><MFCC><DIAGC>
~h "bg_white_0"
<BEGINHMM>
<NUMSTATES> 5
<STATE> 2
<MEAN> 6
 7.780464e+02 3.030699e+00 5.870285e+00 1.306718e+00 1.961820e+00 8.647112e-01
<VARIANCE> 6
 6.086617e+03 2.482414e+01 5.649601e+02 6.209067e+00 2.886141e+01 3.132684e+00
<GCONST> 3.562009e+01
<STATE> 3
<MEAN> 6
 7.205538e+02 3.608874e+01 1.486613e+01 1.104003e+01 9.097185e+00 5.685380e+00
<VARIANCE> 6
 6.789878e+03 1.665286e+03 8.036736e+02 1.124167e+02 1.043480e+02 3.534105e+01
<GCONST> 4.689239e+01
<STATE> 4
<MEAN> 6
 4.150108e+02 6.494974e+00 4.233933e+00 2.418353e+00 1.664176e+00 6.155006e-01
<VARIANCE> 6
 3.670346e+04 7.505826e+01 3.522627e+01 1.079751e+01 6.437835e+00 5.182677e-01
<GCONST> 3.300219e+01
<TRANSP> 5
 0.000000e+00 1.000000e+00 0.000000e+00 0.000000e+00 0.000000e+00
 0.000000e+00 9.640461e-01 3.595391e-02 0.000000e+00 0.000000e+00
 0.000000e+00 0.000000e+00 9.678414e-01 3.215859e-02 0.000000e+00
 0.000000e+00 0.000000e+00 0.000000e+00 9.098346e-01 9.016547e-02
 0.000000e+00 0.000000e+00 0.000000e+00 0.000000e+00 0.000000e+00
<ENDHMM>
