~o
<STREAMINFO> 1 6
<VECSIZE> 6<NULLD><MFCC><DIAGC>
~h "bg_white_0_3"
<BEGINHMM>
<NUMSTATES> 5
<STATE> 2
<MEAN> 6
 7.693624e+02 9.232306e+00 3.083889e+00 3.101291e+00 2.506070e+00 1.624226e+00
<VARIANCE> 6
 1.516119e+03 4.615176e+02 3.381619e+01 3.141660e+01 2.657772e+01 8.050138e+00
<GCONST> 3.681973e+01
<STATE> 3
<MEAN> 6
 6.974926e+02 5.250530e+01 1.502236e+01 1.535699e+01 1.200651e+01 8.154589e+00
<VARIANCE> 6
 5.673329e+03 1.805227e+03 3.166603e+02 1.158385e+02 9.584863e+01 3.587488e+01
<GCONST> 4.582207e+01
<STATE> 4
<MEAN> 6
 6.937463e+02 1.202564e+01 5.424233e+00 5.348769e+00 4.346377e+00 3.214345e+00
<VARIANCE> 6
 1.845520e+04 4.663409e+02 8.951471e+01 5.019476e+01 4.315788e+01 2.016500e+01
<GCONST> 4.217441e+01
<TRANSP> 5
 0.000000e+00 1.000000e+00 0.000000e+00 0.000000e+00 0.000000e+00
 0.000000e+00 8.333626e-01 1.666374e-01 0.000000e+00 0.000000e+00
 0.000000e+00 0.000000e+00 7.307678e-01 2.692322e-01 0.000000e+00
 0.000000e+00 0.000000e+00 0.000000e+00 5.623016e-01 4.376984e-01
 0.000000e+00 0.000000e+00 0.000000e+00 0.000000e+00 0.000000e+00
<ENDHMM>
