~o
<STREAMINFO> 1 6
<VECSIZE> 6<NULLD><MFCC><DIAGC>
~h "bg_white_0_5"
<BEGINHMM>
<NUMSTATES> 5
<STATE> 2
<MEAN> 6
 7.426266e+02 3.598212e+00 1.957161e+00 9.271281e-01 6.466846e-01 2.530775e-01
<VARIANCE> 6
 4.340571e+03 1.684844e+02 5.666404e+00 1.498794e+01 4.898538e-01 2.183450e-02
<GCONST> 2.443375e+01
<STATE> 3
<MEAN> 6
 4.787212e+02 1.960655e+01 5.182180e+01 6.158999e+00 1.329711e+01 1.287012e+00
<VARIANCE> 6
 3.942651e+04 8.286691e+02 4.641790e+03 8.229726e+01 2.092788e+02 1.760291e+00
<GCONST> 4.709162e+01
<STATE> 4
<MEAN> 6
 3.121941e+02 6.007713e+00 4.096143e+00 2.195375e+00 1.523458e+00 6.037898e-01
<VARIANCE> 6
 2.369369e+03 5.004875e+01 1.755651e+01 5.462298e+00 1.548870e+00 3.960042e-01
<GCONST> 2.678513e+01
<TRANSP> 5
 0.000000e+00 1.000000e+00 0.000000e+00 0.000000e+00 0.000000e+00
 0.000000e+00 6.582475e-01 3.417526e-01 0.000000e+00 0.000000e+00
 0.000000e+00 0.000000e+00 6.357935e-01 3.642065e-01 0.000000e+00
 0.000000e+00 0.000000e+00 0.000000e+00 8.419775e-01 1.580225e-01
 0.000000e+00 0.000000e+00 0.000000e+00 0.000000e+00 0.000000e+00
<ENDHMM>
