~o
<STREAMINFO> 1 6
<VECSIZE> 6<NULLD><MFCC><DIAGC>
~h "bg_white_0_4"
<BEGINHMM>
<NUMSTATES> 5
<STATE> 2
<MEAN> 6
 7.460029e+02 9.842520e+00 3.592448e+00 4.120240e+00 2.957526e+00 2.463505e+00
<VARIANCE> 6
 2.554981e+03 3.872084e+02 5.611430e+01 3.462374e+01 2.738069e+01 1.395439e+01
<GCONST> 3.834959e+01
<STATE> 3
<MEAN> 6
 6.675490e+02 4.207182e+01 1.427805e+01 1.408370e+01 9.554953e+00 6.271030e+00
<VARIANCE> 6
 1.338183e+04 1.690096e+03 3.110630e+02 1.457406e+02 8.025970e+01 3.457133e+01
<GCONST> 4.661157e+01
<STATE> 4
<MEAN> 6
 7.391807e+02 2.560381e+00 1.165047e+00 6.288067e-01 3.242078e-01 2.019630e-01
<VARIANCE> 6
 8.252744e+03 7.455556e+01 1.032819e+00 6.543843e+00 7.158808e-02 1.369786e-02
<GCONST> 1.934058e+01
<TRANSP> 5
 0.000000e+00 1.000000e+00 0.000000e+00 0.000000e+00 0.000000e+00
 0.000000e+00 7.340186e-01 2.659814e-01 0.000000e+00 0.000000e+00
 0.000000e+00 0.000000e+00 6.667141e-01 3.332859e-01 0.000000e+00
 0.000000e+00 0.000000e+00 0.000000e+00 8.397413e-01 1.602587e-01
 0.000000e+00 0.000000e+00 0.000000e+00 0.000000e+00 0.000000e+00
<ENDHMM>
