~o
<STREAMINFO> 1 6
<VECSIZE> 6<NULLD><MFCC><DIAGC>
~h "bg_white_0_1"
<BEGINHMM>
<NUMSTATES> 5
<STATE> 2
<MEAN> 6
 7.951962e+02 5.935074e+00 1.872049e+00 2.549189e+00 1.307729e+00 1.274584e+00
<VARIANCE> 6
 1.348340e+03 1.974607e+02 8.432306e+00 2.302926e+01 5.575989e+00 5.070228e+00
<GCONST> 3.213012e+01
<STATE> 3
<MEAN> 6
 7.234620e+02 5.757788e+01 1.894743e+01 1.674383e+01 1.408389e+01 9.530431e+00
<VARIANCE> 6
 3.482643e+03 1.439372e+03 4.123912e+02 8.214577e+01 9.830939e+01 3.508671e+01
<GCONST> 4.503119e+01
<STATE> 4
<MEAN> 6
 7.433999e+02 2.336981e+01 7.778269e+00 7.921191e+00 5.330972e+00 4.021965e+00
<VARIANCE> 6
 1.650729e+04 1.193479e+03 1.445665e+02 6.607092e+01 3.863565e+01 1.998377e+01
<GCONST> 4.363701e+01
<TRANSP> 5
 0.000000e+00 1.000000e+00 0.000000e+00 0.000000e+00 0.000000e+00
 0.000000e+00 8.427966e-01 1.572034e-01 0.000000e+00 0.000000e+00
 0.000000e+00 0.000000e+00 7.714512e-01 2.285489e-01 0.000000e+00
 0.000000e+00 0.000000e+00 0.000000e+00 5.581826e-01 4.418174e-01
 0.000000e+00 0.000000e+00 0.000000e+00 0.000000e+00 0.000000e+00
<ENDHMM>
