~o
<STREAMINFO> 1 6
<VECSIZE> 6<NULLD><MFCC><DIAGC>
~h "bg_white_0_2"
<BEGINHMM>
<NUMSTATES> 5
<STATE> 2
<MEAN> 6
 7.823088e+02 9.510980e+00 4.185196e+00 3.452599e+00 2.876594e+00 2.452099e+00
<VARIANCE> 6
 1.416776e+03 3.497162e+02 7.905942e+01 2.986296e+01 2.401031e+01 1.443387e+01
<GCONST> 3.775541e+01
<STATE> 3
<MEAN> 6
 7.201340e+02 5.381000e+01 1.617965e+01 1.540277e+01 1.329661e+01 9.195546e+00
<VARIANCE> 6
 3.251519e+03 1.350439e+03 3.088970e+02 8.230696e+01 1.060666e+02 3.755939e+01
<GCONST> 4.475578e+01
<STATE> 4
<MEAN> 6
 6.657211e+02 4.077615e+01 7.260151e+00 1.004007e+01 5.438788e+00 2.929107e+00
<VARIANCE> 6
 2.238014e+04 3.081702e+03 9.243944e+01 1.233339e+02 7.018871e+01 1.888678e+01
<GCONST> 4.560752e+01
<TRANSP> 5
 0.000000e+00 1.000000e+00 0.000000e+00 0.000000e+00 0.000000e+00
 0.000000e+00 8.513060e-01 1.486939e-01 0.000000e+00 0.000000e+00
 0.000000e+00 0.000000e+00 7.832537e-01 2.167464e-01 0.000000e+00
 0.000000e+00 0.000000e+00 0.000000e+00 3.979854e-01 6.020146e-01
 0.000000e+00 0.000000e+00 0.000000e+00 0.000000e+00 0.000000e+00
<ENDHMM>
