~o
<STREAMINFO> 1 6
<VECSIZE> 6<NULLD><MFCC><DIAGC>
~h "bg_white_0_0"
<BEGINHMM>
<NUMSTATES> 5
<STATE> 2
<MEAN> 6
 6.652321e+02 4.494398e+00 1.940355e+01 1.874613e+00 5.839965e+00 8.357483e-01
<VARIANCE> 6
 3.910537e+04 9.521495e+01 1.914288e+03 1.336099e+01 1.027099e+02 1.714054e+00
<GCONST> 4.147762e+01
<STATE> 3
<MEAN> 6
 6.746871e+02 3.261906e+01 5.288034e+01 1.080286e+01 1.537263e+01 4.579917e+00
<VARIANCE> 6
 1.981851e+04 2.154560e+03 4.403439e+03 1.396284e+02 1.795096e+02 3.950631e+01
<GCONST> 5.079279e+01
<STATE> 4
<MEAN> 6
 8.060364e+02 3.780005e+00 1.983722e+00 1.634679e+00 1.065360e+00 7.933761e-01
<VARIANCE> 6
 1.101787e+03 1.604120e+02 1.100531e+01 1.971558e+01 5.529181e+00 4.103238e+00
<GCONST> 3.161130e+01
<TRANSP> 5
 0.000000e+00 1.000000e+00 0.000000e+00 0.000000e+00 0.000000e+00
 0.000000e+00 5.964145e-01 4.035855e-01 0.000000e+00 0.000000e+00
 0.000000e+00 0.000000e+00 4.006828e-01 5.993171e-01 0.000000e+00
 0.000000e+00 0.000000e+00 0.000000e+00 8.726706e-01 1.273294e-01
 0.000000e+00 0.000000e+00 0.000000e+00 0.000000e+00 0.000000e+00
<ENDHMM>
