~o
<STREAMINFO> 1 6
<VECSIZE> 6<NULLD><MFCC><DIAGC>
~h "fp_key_0"
<BEGINHMM>
<NUMSTATES> 5
<STATE> 2
<MEAN> 6
 2.027669e+02 7.109622e+00 1.203609e+01 1.883126e+00 3.922920e+00 8.824205e-01
<VARIANCE> 6
 7.547538e+03 1.389373e+02 1.893864e+02 5.326499e+00 1.081569e+01 7.429700e-01
<GCONST> 3.389064e+01
<STATE> 3
<MEAN> 6
 3.835314e+02 3.648845e+01 4.350137e+01 9.192741e+00 1.049353e+01 3.116758e+00
<VARIANCE> 6
 2.556171e+04 1.457023e+03 2.241659e+03 7.097850e+01 4.483965e+01 6.770354e+00
<GCONST> 4.615325e+01
<STATE> 4
<MEAN> 6
 3.032786e+02 3.844047e+00 4.735105e+00 1.121749e+00 2.386442e+00 6.249660e-01
<VARIANCE> 6
 1.355979e+03 6.746664e+01 1.770114e+02 3.387724e+00 2.397923e+01 1.291188e+00
<GCONST> 3.228030e+01
<TRANSP> 5
 0.000000e+00 1.000000e+00 0.000000e+00 0.000000e+00 0.000000e+00
 0.000000e+00 4.665255e-01 5.334744e-01 0.000000e+00 0.000000e+00
 0.000000e+00 0.000000e+00 6.123187e-01 3.876814e-01 0.000000e+00
 0.000000e+00 0.000000e+00 0.000000e+00 8.674805e-01 1.325195e-01
 0.000000e+00 0.000000e+00 0.000000e+00 0.000000e+00 0.000000e+00
<ENDHMM>
