~o
<STREAMINFO> 1 6
<VECSIZE> 6<NULLD><MFCC><DIAGC>
~h "fp_key_2"
<BEGINHMM>
<NUMSTATES> 5
<STATE> 2
<MEAN> 6
 2.773694e+02 8.652526e+00 6.584612e+00 2.430493e+00 2.163088e+00 9.153549e-01
<VARIANCE> 6
 5.922280e+03 2.344742e+02 4.486036e+02 5.615661e+00 1.852115e+01 1.135214e+00
<GCONST> 3.604852e+01
<STATE> 3
<MEAN> 6
 5.789992e+02 1.069099e+02 2.567179e+01 2.249393e+01 1.114852e+01 4.795498e+00
<VARIANCE> 6
 2.991866e+04 3.889734e+03 1.718002e+03 1.454167e+02 2.252748e+02 3.550522e+01
<GCONST> 5.101512e+01
<STATE> 4
<MEAN> 6
 2.917124e+02 1.636615e+01 2.189797e+01 3.811924e+00 6.523911e+00 1.873021e+00
<VARIANCE> 6
 6.722756e+03 7.349204e+02 2.331612e+03 2.279491e+01 1.492468e+02 1.115521e+01
<GCONST> 4.473864e+01
<TRANSP> 5
 0.000000e+00 1.000000e+00 0.000000e+00 0.000000e+00 0.000000e+00
 0.000000e+00 7.964388e-01 2.035613e-01 0.000000e+00 0.000000e+00
 0.000000e+00 0.000000e+00 8.171940e-01 1.828060e-01 0.000000e+00
 0.000000e+00 0.000000e+00 0.000000e+00 6.179117e-01 3.820883e-01
 0.000000e+00 0.000000e+00 0.000000e+00 0.000000e+00 0.000000e+00
<ENDHMM>
