~o
<STREAMINFO> 1 6
<VECSIZE> 6<NULLD><MFCC><DIAGC>
~h "fp_key_4"
<BEGINHMM>
<NUMSTATES> 5
<STATE> 2
<MEAN> 6
 3.026969e+02 1.172550e+01 4.164505e+00 4.285927e+00 1.598841e+00 1.041481e+00
<VARIANCE> 6
 1.717062e+04 6.036517e+02 5.232615e+01 6.605035e+01 8.779553e+00 2.002763e+00
<GCONST> 3.819608e+01
<STATE> 3
<MEAN> 6
 5.309969e+02 6.244353e+01 5.392463e+01 2.040890e+01 2.148888e+01 7.955374e+00
<VARIANCE> 6
 3.174413e+04 2.958854e+03 3.792592e+03 2.255085e+02 3.064492e+02 5.011654e+01
<GCONST> 5.268385e+01
<STATE> 4
<MEAN> 6
 5.510827e+02 5.204518e+01 9.278275e+00 1.256721e+01 2.495399e+00 1.719596e+00
<VARIANCE> 6
 3.286999e+04 2.148356e+03 3.113504e+02 7.611568e+01 8.365039e+00 3.337713e+00
<GCONST> 4.250256e+01
<TRANSP> 5
 0.000000e+00 1.000000e+00 0.000000e+00 0.000000e+00 0.000000e+00
 0.000000e+00 8.307533e-01 1.692467e-01 0.000000e+00 0.000000e+00
 0.000000e+00 0.000000e+00 6.780303e-01 3.219697e-01 0.000000e+00
 0.000000e+00 0.000000e+00 0.000000e+00 7.490957e-01 2.509043e-01
 0.000000e+00 0.000000e+00 0.000000e+00 0.000000e+00 0.000000e+00
<ENDHMM>
