~o
<STREAMINFO> 1 6
<VECSIZE> 6<NULLD><MFCC><DIAGC>
~h "fp_key"
<BEGINHMM>
<NUMSTATES> 5
<STATE> 2
<MEAN> 6
 2.824546e+02 4.311672e+00 7.405085e+00 1.088200e+00 2.829853e+00 5.872297e-01
<VARIANCE> 6
 3.930159e+03 4.589550e+01 2.251485e+02 1.849995e+00 1.966829e+01 5.034957e-01
<GCONST> 3.145483e+01
<STATE> 3
<MEAN> 6
 4.879366e+02 5.929834e+01 2.310679e+01 1.559269e+01 8.600040e+00 3.669033e+00
<VARIANCE> 6
 3.669890e+04 3.643433e+03 1.694512e+03 2.012111e+02 1.703127e+02 2.580576e+01
<GCONST> 5.086619e+01
<STATE> 4
<MEAN> 6
 3.053876e+02 5.808179e+00 4.127228e+00 1.194340e+00 1.077997e+00 3.871391e-01
<VARIANCE> 6
 1.818219e+04 6.935741e+01 5.658162e+01 1.578352e+00 3.494435e+00 1.292094e-01
<GCONST> 2.877165e+01
<TRANSP> 5
 0.000000e+00 1.000000e+00 0.000000e+00 0.000000e+00 0.000000e+00
 0.000000e+00 9.048450e-01 9.515500e-02 0.000000e+00 0.000000e+00
 0.000000e+00 0.000000e+00 9.745168e-01 2.548321e-02 0.000000e+00
 0.000000e+00 0.000000e+00 0.000000e+00 9.506156e-01 4.938439e-02
 0.000000e+00 0.000000e+00 0.000000e+00 0.000000e+00 0.000000e+00
<ENDHMM>
