~o
<STREAMINFO> 1 6
<VECSIZE> 6<NULLD><MFCC><DIAGC>
~h "fp_key_5"
<BEGINHMM>
<NUMSTATES> 5
<STATE> 2
<MEAN> 6
 4.484011e+02 5.084356e+01 1.083617e+01 1.042533e+01 2.626427e+00 1.294027e+00
<VARIANCE> 6
 4.233082e+04 3.137278e+03 6.611182e+02 8.276463e+01 1.608394e+01 3.124308e+00
<GCONST> 4.455861e+01
<STATE> 3
<MEAN> 6
 4.557013e+02 2.480834e+01 2.866699e+01 9.048957e+00 6.119200e+00 3.313740e+00
<VARIANCE> 6
 3.318223e+04 1.245739e+03 2.116023e+03 1.294400e+02 6.466607e+01 1.181114e+01
<GCONST> 4.772331e+01
<STATE> 4
<MEAN> 6
 3.870258e+02 3.965653e+00 6.278300e+00 7.055339e-01 1.566007e+00 3.627339e-01
<VARIANCE> 6
 1.578814e+04 1.216717e+01 1.099542e+02 1.582062e-01 6.866562e+00 3.180422e-02
<GCONST> 2.452773e+01
<TRANSP> 5
 0.000000e+00 1.000000e+00 0.000000e+00 0.000000e+00 0.000000e+00
 0.000000e+00 4.095171e-01 5.904829e-01 0.000000e+00 0.000000e+00
 0.000000e+00 0.000000e+00 2.506854e-01 7.493147e-01 0.000000e+00
 0.000000e+00 0.000000e+00 0.000000e+00 8.885411e-01 1.114589e-01
 0.000000e+00 0.000000e+00 0.000000e+00 0.000000e+00 0.000000e+00
<ENDHMM>
