~o
<STREAMINFO> 1 6
<VECSIZE> 6<NULLD><MFCC><DIAGC>
~h "fp_key_3"
<BEGINHMM>
<NUMSTATES> 5
<STATE> 2
<MEAN> 6
 3.038045e+02 1.493777e+01 1.941082e+01 3.672974e+00 6.893328e+00 2.072180e+00
<VARIANCE> 6
 4.486946e+03 6.665558e+02 2.053868e+03 2.135767e+01 1.366268e+02 1.046980e+01
<GCONST> 4.389295e+01
<STATE> 3
<MEAN> 6
 5.835247e+02 1.058646e+02 3.113351e+01 3.077816e+01 1.445382e+01 6.174923e+00
<VARIANCE> 6
 2.315800e+04 3.912350e+03 1.927887e+03 2.594308e+02 3.342458e+02 6.056137e+01
<GCONST> 5.238745e+01
<STATE> 4
<MEAN> 6
 2.756546e+02 1.508411e+01 3.336421e+00 4.706287e+00 1.391577e+00 9.448251e-01
<VARIANCE> 6
 2.158167e+04 8.549042e+02 4.745521e+01 8.107103e+01 9.594471e+00 1.571837e+00
<GCONST> 3.872640e+01
<TRANSP> 5
 0.000000e+00 1.000000e+00 0.000000e+00 0.000000e+00 0.000000e+00
 0.000000e+00 6.796280e-01 3.203721e-01 0.000000e+00 0.000000e+00
 0.000000e+00 0.000000e+00 7.815068e-01 2.184932e-01 0.000000e+00
 0.000000e+00 0.000000e+00 0.000000e+00 7.675408e-01 2.324592e-01
 0.000000e+00 0.000000e+00 0.000000e+00 0.000000e+00 0.000000e+00
<ENDHMM>
