~o
<STREAMINFO> 1 6
<VECSIZE> 6<NULLD><MFCC><DIAGC>
~h "fp_key_1"
<BEGINHMM>
<NUMSTATES> 5
<STATE> 2
<MEAN> 6
 3.067045e+02 5.558428e+00 4.496334e+00 1.721525e+00 1.419008e+00 7.381307e-01
<VARIANCE> 6
 2.188144e+03 1.201130e+02 2.949718e+02 5.364321e+00 1.738650e+01 1.972589e+00
<GCONST> 3.440820e+01
<STATE> 3
<MEAN> 6
 6.294345e+02 8.863178e+01 2.638369e+01 2.236210e+01 9.108917e+00 3.923937e+00
<VARIANCE> 6
 4.065820e+04 2.981031e+03 1.745989e+03 1.468164e+02 1.581617e+02 2.243313e+01
<GCONST> 5.026866e+01
<STATE> 4
<MEAN> 6
 3.248514e+02 1.627030e+01 1.095256e+01 5.026884e+00 2.970010e+00 1.330884e+00
<VARIANCE> 6
 3.826451e+03 3.791037e+02 6.550630e+02 1.493764e+01 2.443398e+01 1.348422e+00
<GCONST> 3.789829e+01
<TRANSP> 5
 0.000000e+00 1.000000e+00 0.000000e+00 0.000000e+00 0.000000e+00
 0.000000e+00 7.451923e-01 2.548077e-01 0.000000e+00 0.000000e+00
 0.000000e+00 0.000000e+00 8.264981e-01 1.735019e-01 0.000000e+00
 0.000000e+00 0.000000e+00 0.000000e+00 6.980538e-01 3.019462e-01
 0.000000e+00 0.000000e+00 0.000000e+00 0.000000e+00 0.000000e+00
<ENDHMM>
