~o
<STREAMINFO> 1 6
<VECSIZE> 6<NULLD><MFCC><DIAGC>
~h "fp_logo_4"
<BEGINHMM>
<NUMSTATES> 5
<STATE> 2
<MEAN> 6
 1.699693e+02 3.131495e+00 1.445493e+00 5.549108e-01 5.044761e-01 2.449072e-01
<VARIANCE> 6
 3.781024e+02 1.017893e+01 1.295015e+00 1.436390e-01 9.844305e-02 1.082093e-02
<GCONST> 1.075627e+01
<STATE> 3
<MEAN> 6
 2.048527e+02 2.487899e+00 1.733927e+00 5.467514e-01 5.020300e-01 2.247256e-01
<VARIANCE> 6
 1.907580e+02 1.552076e+01 2.329793e+00 8.936587e-02 4.899637e-02 7.158765e-03
<GCONST> 9.495783e+00
<STATE> 4
<MEAN> 6
 2.331749e+02 1.327104e+01 1.032903e+00 5.417396e-01 5.598968e-01 2.158393e-01
<VARIANCE> 6
 6.377408e+02 1.138044e+02 6.438758e-01 1.296114e-01 1.244093e-01 5.037526e-03
<GCONST> 1.236119e+01
<TRANSP> 5
 0.000000e+00 1.000000e+00 0.000000e+00 0.000000e+00 0.000000e+00
 0.000000e+00 8.273901e-01 1.726099e-01 0.000000e+00 0.000000e+00
 0.000000e+00 0.000000e+00 8.055097e-01 1.944903e-01 0.000000e+00
 0.000000e+00 0.000000e+00 0.000000e+00 5.157258e-01 4.842742e-01
 0.000000e+00 0.000000e+00 0.000000e+00 0.000000e+00 0.000000e+00
<ENDHMM>
