~o
<STREAMINFO> 1 6
<VECSIZE> 6<NULLD><MFCC><DIAGC>
~h "fp_logo_5"
<BEGINHMM>
<NUMSTATES> 5
<STATE> 2
<MEAN> 6
 2.148309e+02 4.003457e+00 1.020866e+00 4.281171e-01 5.008743e-01 2.037873e-01
<VARIANCE> 6
 4.234709e+02 3.718624e+01 5.292611e-01 5.090804e-02 3.666637e-02 5.030916e-03
<GCONST> 8.479630e+00
<STATE> 3
<MEAN> 6
 2.172023e+02 3.607389e+00 1.519403e+00 3.527952e-01 5.566031e-01 3.357109e-01
<VARIANCE> 6
 3.556403e+02 2.856057e+01 1.399240e+00 2.346714e-02 8.165269e-02 8.910017e-03
<GCONST> 9.611123e+00
<STATE> 4
<MEAN> 6
 2.287889e+02 3.985547e+00 1.631491e+00 3.828852e-01 3.930746e-01 2.036589e-01
<VARIANCE> 6
 4.647481e+02 2.375927e+01 2.105743e+00 3.901078e-02 7.221702e-02 1.004212e-02
<GCONST> 1.060844e+01
<TRANSP> 5
 0.000000e+00 1.000000e+00 0.000000e+00 0.000000e+00 0.000000e+00
 0.000000e+00 8.804056e-02 9.119595e-01 0.000000e+00 0.000000e+00
 0.000000e+00 0.000000e+00 1.661161e-06 9.999984e-01 0.000000e+00
 0.000000e+00 0.000000e+00 0.000000e+00 8.990252e-01 1.009748e-01
 0.000000e+00 0.000000e+00 0.000000e+00 0.000000e+00 0.000000e+00
<ENDHMM>
