~o
<STREAMINFO> 1 6
<VECSIZE> 6<NULLD><MFCC><DIAGC>
~h "fp_logo_1"
<BEGINHMM>
<NUMSTATES> 5
<STATE> 2
<MEAN> 6
 1.500593e+02 2.770261e+00 1.212736e+00 6.166855e-01 4.508033e-01 2.661245e-01
<VARIANCE> 6
 2.056516e+02 1.578433e+01 7.492544e-01 2.874435e-01 5.024497e-02 1.132380e-02
<GCONST> 1.010537e+01
<STATE> 3
<MEAN> 6
 1.355928e+02 5.030925e+00 3.699328e+00 2.021974e+00 1.640859e+00 9.335032e-01
<VARIANCE> 6
 8.448694e+02 2.901622e+01 9.928883e+00 3.762117e+00 2.193240e+00 9.037393e-01
<GCONST> 2.543890e+01
<STATE> 4
<MEAN> 6
 1.564188e+02 1.023206e+01 1.598576e+00 9.663260e-01 7.159701e-01 3.001913e-01
<VARIANCE> 6
 2.180422e+03 1.011759e+02 1.680696e+00 2.653221e-01 1.021755e-01 1.951220e-02
<GCONST> 1.630602e+01
<TRANSP> 5
 0.000000e+00 1.000000e+00 0.000000e+00 0.000000e+00 0.000000e+00
 0.000000e+00 8.660538e-01 1.339462e-01 0.000000e+00 0.000000e+00
 0.000000e+00 0.000000e+00 4.456039e-01 5.543961e-01 0.000000e+00
 0.000000e+00 0.000000e+00 0.000000e+00 7.319430e-01 2.680571e-01
 0.000000e+00 0.000000e+00 0.000000e+00 0.000000e+00 0.000000e+00
<ENDHMM>
