~o
<STREAMINFO> 1 6
<VECSIZE> 6<NULLD><MFCC><DIAGC>
~h "fp_logo_3"
<BEGINHMM>
<NUMSTATES> 5
<STATE> 2
<MEAN> 6
 2.568749e+02 2.374108e+01 4.079059e+01 1.271854e+01 1.218849e+01 5.435131e+00
<VARIANCE> 6
 2.399909e+04 8.125521e+02 7.419170e+03 5.557450e+02 3.340468e+02 7.901814e+01
<GCONST> 5.322630e+01
<STATE> 3
<MEAN> 6
 3.181787e+02 5.372265e+01 8.143801e+01 2.188555e+01 2.730647e+01 1.129496e+01
<VARIANCE> 6
 2.015244e+04 2.436965e+03 6.093150e+03 4.550822e+02 5.272698e+02 1.134306e+02
<GCONST> 5.457115e+01
<STATE> 4
<MEAN> 6
 1.654200e+02 5.856974e+00 1.944857e+00 1.026552e+00 7.942479e-01 5.492923e-01
<VARIANCE> 6
 1.032828e+03 7.031421e+01 3.446606e+00 1.020084e+00 4.642275e-01 7.503856e-01
<GCONST> 2.242302e+01
<TRANSP> 5
 0.000000e+00 1.000000e+00 0.000000e+00 0.000000e+00 0.000000e+00
 0.000000e+00 2.466341e-06 9.999976e-01 0.000000e+00 0.000000e+00
 0.000000e+00 0.000000e+00 7.142854e-01 2.857146e-01 0.000000e+00
 0.000000e+00 0.000000e+00 0.000000e+00 8.666667e-01 1.333333e-01
 0.000000e+00 0.000000e+00 0.000000e+00 0.000000e+00 0.000000e+00
<ENDHMM>
