~o
<STREAMINFO> 1 6
<VECSIZE> 6<NULLD><MFCC><DIAGC>
~h "fp_logo_2"
<BEGINHMM>
<NUMSTATES> 5
<STATE> 2
<MEAN> 6
 1.430243e+02 2.729558e+00 1.678252e+00 7.300360e-01 6.357634e-01 2.799594e-01
<VARIANCE> 6
 3.185201e+02 1.135540e+01 2.382739e+00 2.314891e-01 2.317092e-01 2.453019e-02
<GCONST> 1.345554e+01
<STATE> 3
<MEAN> 6
 3.123665e+02 4.524583e+01 6.018402e+01 2.165652e+01 2.408051e+01 8.884866e+00
<VARIANCE> 6
 2.306460e+04 3.476676e+03 6.265831e+03 5.389638e+02 5.573730e+02 7.760609e+01
<GCONST> 5.493455e+01
<STATE> 4
<MEAN> 6
 2.366345e+02 2.477249e+01 2.226744e+01 8.049006e+00 6.886296e+00 3.236789e+00
<VARIANCE> 6
 1.154943e+04 3.929272e+02 3.798466e+03 2.910465e+02 1.924711e+02 4.327176e+01
<GCONST> 4.929856e+01
<TRANSP> 5
 0.000000e+00 1.000000e+00 0.000000e+00 0.000000e+00 0.000000e+00
 0.000000e+00 8.733800e-01 1.266200e-01 0.000000e+00 0.000000e+00
 0.000000e+00 0.000000e+00 6.542379e-01 3.457621e-01 0.000000e+00
 0.000000e+00 0.000000e+00 0.000000e+00 5.475508e-01 4.524492e-01
 0.000000e+00 0.000000e+00 0.000000e+00 0.000000e+00 0.000000e+00
<ENDHMM>
