~o
<STREAMINFO> 1 6
<VECSIZE> 6<NULLD><MFCC><DIAGC>
~h "fp_logo"
<BEGINHMM>
<NUMSTATES> 5
<STATE> 2
<MEAN> 6
 1.449787e+02 2.773696e+00 3.061759e+00 8.078828e-01 1.106444e+00 3.002756e-01
<VARIANCE> 6
 2.205154e+02 2.707283e+01 4.011302e+01 3.405214e+00 5.838342e+00 6.171166e-02
<GCONST> 2.361793e+01
<STATE> 3
<MEAN> 6
 2.827448e+02 4.358741e+01 6.070915e+01 1.978959e+01 2.189091e+01 8.990593e+00
<VARIANCE> 6
 2.388529e+04 2.466511e+03 6.153782e+03 4.511868e+02 5.075578e+02 8.884702e+01
<GCONST> 5.447207e+01
<STATE> 4
<MEAN> 6
 1.831198e+02 5.667102e+00 1.638138e+00 6.721690e-01 5.566649e-01 2.511174e-01
<VARIANCE> 6
 1.830270e+03 6.118876e+01 2.183524e+00 2.891206e-01 1.554470e-01 1.486975e-02
<GCONST> 1.612360e+01
<TRANSP> 5
 0.000000e+00 1.000000e+00 0.000000e+00 0.000000e+00 0.000000e+00
 0.000000e+00 9.265720e-01 7.342803e-02 0.000000e+00 0.000000e+00
 0.000000e+00 0.000000e+00 8.809519e-01 1.190481e-01 0.000000e+00
 0.000000e+00 0.000000e+00 0.000000e+00 9.791585e-01 2.084147e-02
 0.000000e+00 0.000000e+00 0.000000e+00 0.000000e+00 0.000000e+00
<ENDHMM>
