~o
<STREAMINFO> 1 6
<VECSIZE> 6<NULLD><MFCC><DIAGC>
~h "fp_logo_0"
<BEGINHMM>
<NUMSTATES> 5
<STATE> 2
<MEAN> 6
 1.330005e+02 1.020312e+01 2.231139e+01 2.804953e+00 7.667497e+00 4.796940e-01
<VARIANCE> 6
 6.510430e+02 2.765164e+02 1.255599e+02 3.807504e+01 3.056572e+01 3.255355e-01
<GCONST> 3.389804e+01
<STATE> 3
<MEAN> 6
 1.287877e+02 1.238504e+01 2.691534e+00 4.380663e+00 1.659871e+00 4.491598e-01
<VARIANCE> 6
 4.309691e+02 1.635698e+02 3.020170e+00 2.673253e+01 1.024762e+00 1.400443e-01
<GCONST> 2.464040e+01
<STATE> 4
<MEAN> 6
 1.488667e+02 5.264101e+00 1.214491e+00 6.400871e-01 5.269248e-01 2.446623e-01
<VARIANCE> 6
 6.852455e+02 6.076771e+01 9.018314e-01 2.793174e-01 1.031821e-01 1.280337e-02
<GCONST> 1.365606e+01
<TRANSP> 5
 0.000000e+00 1.000000e+00 0.000000e+00 0.000000e+00 0.000000e+00
 0.000000e+00 1.468767e-04 9.998531e-01 0.000000e+00 0.000000e+00
 0.000000e+00 0.000000e+00 5.287429e-01 4.712571e-01 0.000000e+00
 0.000000e+00 0.000000e+00 0.000000e+00 8.873604e-01 1.126396e-01
 0.000000e+00 0.000000e+00 0.000000e+00 0.000000e+00 0.000000e+00
<ENDHMM>
