~o
<STREAMINFO> 1 6
<VECSIZE> 6<NULLD><MFCC><DIAGC>
~h "fp_screen_0"
<BEGINHMM>
<NUMSTATES> 5
<STATE> 2
<MEAN> 6
 2.302752e+02 1.879859e+00 2.989756e+00 6.988805e-01 1.288510e+00 2.725546e-01
<VARIANCE> 6
 1.143743e+02 3.109167e+00 2.869779e+01 2.952923e-01 9.293081e+00 3.612396e-02
<GCONST> 1.794660e+01
<STATE> 3
<MEAN> 6
 2.555207e+02 2.459294e+00 2.438600e+01 9.982794e-01 1.016181e+01 5.333582e-01
<VARIANCE> 6
 4.833521e+02 4.204255e+00 7.586883e+02 5.255975e-01 9.646889e+01 1.439603e-01
<GCONST> 2.726348e+01
<STATE> 4
<MEAN> 6
 2.279623e+02 3.355470e+00 1.751505e+01 1.644461e+00 7.625715e+00 1.021798e+00
<VARIANCE> 6
 1.055400e+03 1.779964e+01 6.030237e+02 4.664462e+00 8.076066e+01 1.505698e+00
<GCONST> 3.361079e+01
<TRANSP> 5
 0.000000e+00 1.000000e+00 0.000000e+00 0.000000e+00 0.000000e+00
 0.000000e+00 8.943937e-01 1.056063e-01 0.000000e+00 0.000000e+00
 0.000000e+00 0.000000e+00 4.433202e-02 9.556680e-01 0.000000e+00
 0.000000e+00 0.000000e+00 0.000000e+00 3.263638e-01 6.736363e-01
 0.000000e+00 0.000000e+00 0.000000e+00 0.000000e+00 0.000000e+00
<ENDHMM>
