~o
<STREAMINFO> 1 6
<VECSIZE> 6<NULLD><MFCC><DIAGC>
~h "fp_screen_1"
<BEGINHMM>
<NUMSTATES> 5
<STATE> 2
<MEAN> 6
 2.448511e+02 2.839374e+00 9.976416e+00 1.144852e+00 2.958777e+00 4.693777e-01
<VARIANCE> 6
 7.936062e+03 7.636231e+00 3.625132e+02 1.654078e+00 2.991052e+01 3.807682e-01
<GCONST> 3.086829e+01
<STATE> 3
<MEAN> 6
 4.962431e+02 6.402126e+01 3.206380e+01 1.526159e+01 7.677676e+00 2.176875e+00
<VARIANCE> 6
 3.741403e+04 6.207095e+03 2.032574e+03 2.082017e+02 5.169995e+01 7.433246e+00
<GCONST> 4.919750e+01
<STATE> 4
<MEAN> 6
 5.126065e+02 1.079995e+01 4.970872e+00 3.221637e+00 1.567160e+00 9.382220e-01
<VARIANCE> 6
 2.605480e+04 6.752072e+02 1.147441e+02 3.291867e+01 4.081123e+00 4.811708e+00
<GCONST> 3.892441e+01
<TRANSP> 5
 0.000000e+00 1.000000e+00 0.000000e+00 0.000000e+00 0.000000e+00
 0.000000e+00 8.186691e-01 1.813309e-01 0.000000e+00 0.000000e+00
 0.000000e+00 0.000000e+00 5.782518e-01 4.217483e-01 0.000000e+00
 0.000000e+00 0.000000e+00 0.000000e+00 8.044636e-01 1.955364e-01
 0.000000e+00 0.000000e+00 0.000000e+00 0.000000e+00 0.000000e+00
<ENDHMM>
