~o
<STREAMINFO> 1 6
<VECSIZE> 6<NULLD><MFCC><DIAGC>
~h "fp_screen_4"
<BEGINHMM>
<NUMSTATES> 5
<STATE> 2
<MEAN> 6
 4.662742e+02 3.524148e+01 7.066338e+00 8.878644e+00 3.383507e+00 1.661130e+00
<VARIANCE> 6
 1.474601e+04 1.792340e+03 2.592581e+02 8.882035e+01 3.275838e+01 4.839416e+00
<GCONST> 4.322766e+01
<STATE> 3
<MEAN> 6
 5.248510e+02 6.957648e+01 2.659576e+01 1.848966e+01 9.949243e+00 4.959122e+00
<VARIANCE> 6
 4.011709e+04 4.137051e+03 1.936182e+03 2.225356e+02 1.174293e+02 3.343195e+01
<GCONST> 5.120347e+01
<STATE> 4
<MEAN> 6
 3.781869e+02 7.889537e+00 5.868494e+00 2.135086e+00 1.457719e+00 5.250167e-01
<VARIANCE> 6
 6.337470e+03 2.600580e+02 9.273463e+01 1.752586e+01 3.502115e+00 5.459251e-01
<GCONST> 3.338391e+01
<TRANSP> 5
 0.000000e+00 1.000000e+00 0.000000e+00 0.000000e+00 0.000000e+00
 0.000000e+00 5.998729e-01 4.001271e-01 0.000000e+00 0.000000e+00
 0.000000e+00 0.000000e+00 5.493318e-01 4.506682e-01 0.000000e+00
 0.000000e+00 0.000000e+00 0.000000e+00 8.792543e-01 1.207457e-01
 0.000000e+00 0.000000e+00 0.000000e+00 0.000000e+00 0.000000e+00
<ENDHMM>
