~o
<STREAMINFO> 1 6
<VECSIZE> 6<NULLD><MFCC><DIAGC>
~h "fp_screen_3"
<BEGINHMM>
<NUMSTATES> 5
<STATE> 2
<MEAN> 6
 4.681612e+02 4.203922e+01 2.155637e+01 1.166741e+01 7.394195e+00 2.840894e+00
<VARIANCE> 6
 9.013412e+03 1.969735e+03 7.358619e+02 1.166410e+02 5.001228e+01 7.938494e+00
<GCONST> 4.506353e+01
<STATE> 3
<MEAN> 6
 6.156633e+02 8.173873e+01 2.793999e+01 2.138201e+01 1.245620e+01 4.317143e+00
<VARIANCE> 6
 4.557476e+04 4.192955e+03 2.038449e+03 2.306684e+02 2.246367e+02 2.297091e+01
<GCONST> 5.170517e+01
<STATE> 4
<MEAN> 6
 3.947428e+02 1.877845e+01 5.872074e+00 4.930613e+00 2.426057e+00 1.044809e+00
<VARIANCE> 6
 1.361126e+04 7.480203e+02 1.205437e+02 4.260653e+01 1.487103e+01 2.168456e+00
<GCONST> 3.918079e+01
<TRANSP> 5
 0.000000e+00 1.000000e+00 0.000000e+00 0.000000e+00 0.000000e+00
 0.000000e+00 6.473866e-01 3.526134e-01 0.000000e+00 0.000000e+00
 0.000000e+00 0.000000e+00 6.646078e-01 3.353922e-01 0.000000e+00
 0.000000e+00 0.000000e+00 0.000000e+00 8.382518e-01 1.617482e-01
 0.000000e+00 0.000000e+00 0.000000e+00 0.000000e+00 0.000000e+00
<ENDHMM>
