~o
<STREAMINFO> 1 6
<VECSIZE> 6<NULLD><MFCC><DIAGC>
~h "fp_screen_2"
<BEGINHMM>
<NUMSTATES> 5
<STATE> 2
<MEAN> 6
 4.502549e+02 9.372287e+00 3.618292e+00 2.426926e+00 1.337691e+00 7.086559e-01
<VARIANCE> 6
 2.203119e+04 4.949066e+02 7.973272e+01 1.989791e+01 2.602463e+00 2.853386e+00
<GCONST> 3.660611e+01
<STATE> 3
<MEAN> 6
 4.907076e+02 8.257138e+01 3.990471e+01 2.217581e+01 8.668439e+00 4.174579e+00
<VARIANCE> 6
 2.946324e+04 7.838268e+03 2.075141e+03 3.716500e+02 1.082441e+02 4.366775e+01
<GCONST> 5.230167e+01
<STATE> 4
<MEAN> 6
 4.623490e+02 4.072730e+01 1.822832e+01 8.332596e+00 4.418740e+00 7.834684e-01
<VARIANCE> 6
 1.721347e+04 2.792016e+03 7.600420e+02 8.947078e+01 4.043920e+01 1.778887e+00
<GCONST> 4.411830e+01
<TRANSP> 5
 0.000000e+00 1.000000e+00 0.000000e+00 0.000000e+00 0.000000e+00
 0.000000e+00 8.639410e-01 1.360590e-01 0.000000e+00 0.000000e+00
 0.000000e+00 0.000000e+00 4.834302e-01 5.165698e-01 0.000000e+00
 0.000000e+00 0.000000e+00 0.000000e+00 7.307776e-01 2.692224e-01
 0.000000e+00 0.000000e+00 0.000000e+00 0.000000e+00 0.000000e+00
<ENDHMM>
