~o
<STREAMINFO> 1 6
<VECSIZE> 6<NULLD><MFCC><DIAGC>
~h "fp_screen"
<BEGINHMM>
<NUMSTATES> 5
<STATE> 2
<MEAN> 6
 3.361201e+02 2.522993e+00 8.472830e+00 9.617679e-01 2.672917e+00 4.061810e-01
<VARIANCE> 6
 2.136655e+04 5.209925e+00 3.707157e+02 6.514480e-01 2.624805e+01 1.596373e-01
<GCONST> 2.956703e+01
<STATE> 3
<MEAN> 6
 5.213326e+02 5.988213e+01 1.943797e+01 1.516741e+01 6.715052e+00 3.070990e+00
<VARIANCE> 6
 3.059717e+04 3.962376e+03 1.200418e+03 1.926851e+02 8.908771e+01 1.758856e+01
<GCONST> 4.934888e+01
<STATE> 4
<MEAN> 6
 3.517854e+02 5.594629e+00 4.924132e+00 1.627419e+00 1.260741e+00 4.394286e-01
<VARIANCE> 6
 8.409715e+03 5.128331e+01 4.580566e+01 3.830095e+00 1.624340e+00 1.269435e-01
<GCONST> 2.759016e+01
<TRANSP> 5
 0.000000e+00 1.000000e+00 0.000000e+00 0.000000e+00 0.000000e+00
 0.000000e+00 9.566654e-01 4.333462e-02 0.000000e+00 0.000000e+00
 0.000000e+00 0.000000e+00 9.477188e-01 5.228119e-02 0.000000e+00
 0.000000e+00 0.000000e+00 0.000000e+00 9.640241e-01 3.597584e-02
 0.000000e+00 0.000000e+00 0.000000e+00 0.000000e+00 0.000000e+00
<ENDHMM>
