~o
<STREAMINFO> 1 6
<VECSIZE> 6<NULLD><MFCC><DIAGC>
~h "fp_screen_5"
<BEGINHMM>
<NUMSTATES> 5
<STATE> 2
<MEAN> 6
 3.441629e+02 1.706846e+01 1.831302e+01 5.597116e+00 4.296247e+00 1.436074e+00
<VARIANCE> 6
 1.124604e+04 1.040177e+03 4.783684e+02 7.877312e+01 1.770663e+01 3.486738e+00
<GCONST> 4.196204e+01
<STATE> 3
<MEAN> 6
 3.041978e+02 3.491118e+00 1.092108e+01 1.017959e+00 1.687513e+00 4.409627e-01
<VARIANCE> 6
 4.921731e+03 1.190356e+01 1.377332e+02 4.539687e-01 1.433663e+00 7.111067e-02
<GCONST> 2.385782e+01
<STATE> 4
<MEAN> 6
 4.194404e+02 2.354125e+00 2.445751e+00 5.648851e-01 6.130068e-01 3.211571e-01
<VARIANCE> 6
 3.774662e+03 2.796382e+00 3.102303e+00 9.958535e-02 1.889583e-01 2.458006e-02
<GCONST> 1.374501e+01
<TRANSP> 5
 0.000000e+00 1.000000e+00 0.000000e+00 0.000000e+00 0.000000e+00
 0.000000e+00 5.231485e-01 4.768514e-01 0.000000e+00 0.000000e+00
 0.000000e+00 0.000000e+00 7.172602e-01 2.827398e-01 0.000000e+00
 0.000000e+00 0.000000e+00 0.000000e+00 8.429177e-01 1.570823e-01
 0.000000e+00 0.000000e+00 0.000000e+00 0.000000e+00 0.000000e+00
<ENDHMM>
