~o
<STREAMINFO> 1 6
<VECSIZE> 6<NULLD><MFCC><DIAGC>
~h "bg_red_0"
<BEGINHMM>
<NUMSTATES> 5
<STATE> 2
<MEAN> 6
 2.601971e+02 9.462123e+00 5.218199e+00 2.779199e+00 1.855512e+00 8.703926e-01
<VARIANCE> 6
 1.610883e+04 1.240033e+02 3.565590e+01 5.965001e+00 3.067747e+00 8.694670e-01
<GCONST> 3.187559e+01
<STATE> 3
<MEAN> 6
 3.448961e+02 2.688188e+01 1.049125e+01 7.108406e+00 2.651171e+00 1.745807e+00
<VARIANCE> 6
 3.902847e+04 1.834654e+03 4.552984e+02 8.297836e+01 1.523744e+01 7.502100e+00
<GCONST> 4.439239e+01
<STATE> 4
<MEAN> 6
 2.775344e+02 6.182897e+00 3.289507e+00 2.405013e+00 1.261562e+00 6.056852e-01
<VARIANCE> 6
 2.153298e+03 4.713435e+01 1.671729e+01 7.716846e+00 2.292855e+00 7.682744e-01
<GCONST> 2.798106e+01
<TRANSP> 5
 0.000000e+00 1.000000e+00 0.000000e+00 0.000000e+00 0.000000e+00
 0.000000e+00 9.635931e-01 3.640690e-02 0.000000e+00 0.000000e+00
 0.000000e+00 0.000000e+00 9.060246e-01 9.397539e-02 0.000000e+00
 0.000000e+00 0.000000e+00 0.000000e+00 9.686438e-01 3.135622e-02
 0.000000e+00 0.000000e+00 0.000000e+00 0.000000e+00 0.000000e+00
<ENDHMM>
~h "bg_red_0_0"
<BEGINHMM>
<NUMSTATES> 5
<STATE> 2
<MEAN> 6
 2.967473e+02 7.989386e+00 6.809719e+00 3.620103e+00 3.225672e+00 1.661677e+00
<VARIANCE> 6
 4.198202e+03 5.244574e+01 5.384044e+01 6.633611e+00 3.850661e+00 1.632937e+00
<GCONST> 3.104625e+01
<STATE> 3
<MEAN> 6
 3.814555e+02 5.788820e+01 2.665865e+01 1.367479e+01 6.233972e+00 2.566850e+00
<VARIANCE> 6
 4.644703e+04 5.115076e+03 2.188934e+03 1.909161e+02 4.226943e+01 7.860464e+00
<GCONST> 4.906219e+01
<STATE> 4
<MEAN> 6
 2.414153e+02 8.839324e+00 3.332704e+00 2.624153e+00 1.421537e+00 7.257447e-01
<VARIANCE> 6
 3.183041e+04 2.595973e+02 1.784736e+01 1.821577e+01 2.384714e+00 1.124303e+00
<GCONST> 3.372496e+01
<TRANSP> 5
 0.000000e+00 1.000000e+00 0.000000e+00 0.000000e+00 0.000000e+00
 0.000000e+00 7.939756e-01 2.060244e-01 0.000000e+00 0.000000e+00
 0.000000e+00 0.000000e+00 3.389849e-01 6.610151e-01 0.000000e+00
 0.000000e+00 0.000000e+00 0.000000e+00 8.224868e-01 1.775133e-01
 0.000000e+00 0.000000e+00 0.000000e+00 0.000000e+00 0.000000e+00
<ENDHMM>
~h "bg_red_0_1"
<BEGINHMM>
<NUMSTATES> 5
<STATE> 2
<MEAN> 6
 2.554559e+02 1.185598e+01 6.556334e+00 4.242140e+00 2.248397e+00 1.304997e+00
<VARIANCE> 6
 1.517803e+04 3.054110e+02 4.171012e+01 2.180119e+01 2.828832e+00 1.838029e+00
<GCONST> 3.483779e+01
<STATE> 3
<MEAN> 6
 3.976206e+02 4.449873e+01 7.977214e+00 1.215899e+01 1.919406e+00 1.814167e+00
<VARIANCE> 6
 4.033719e+04 2.326540e+03 2.494520e+01 1.106611e+02 2.640845e+00 5.130234e+00
<GCONST> 3.991384e+01
<STATE> 4
<MEAN> 6
 2.871370e+02 5.700613e+00 2.590282e+00 2.530175e+00 1.456388e+00 4.929767e-01
<VARIANCE> 6
 5.033354e+03 4.221384e+01 4.530647e+00 7.275132e+00 1.904514e+00 9.162229e-02
<GCONST> 2.504333e+01
<TRANSP> 5
 0.000000e+00 1.000000e+00 0.000000e+00 0.000000e+00 0.000000e+00
 0.000000e+00 8.146085e-01 1.853915e-01 0.000000e+00 0.000000e+00
 0.000000e+00 0.000000e+00 5.236822e-01 4.763179e-01 0.000000e+00
 0.000000e+00 0.000000e+00 0.000000e+00 8.183988e-01 1.816012e-01
 0.000000e+00 0.000000e+00 0.000000e+00 0.000000e+00 0.000000e+00
<ENDHMM>
~h "bg_red_0_2"
<BEGINHMM>
<NUMSTATES> 5
<STATE> 2
<MEAN> 6
 3.161189e+02 7.084490e+00 2.691805e+00 3.068603e+00 1.194302e+00 6.155010e-01
<VARIANCE> 6
 7.196064e+03 6.084676e+01 5.118084e+00 9.878399e+00 1.582513e+00 5.489993e-01
<GCONST> 2.779939e+01
<STATE> 3
<MEAN> 6
 3.044951e+02 1.826910e+01 4.926324e+00 4.564250e+00 1.508452e+00 6.129255e-01
<VARIANCE> 6
 8.587135e+03 2.454366e+02 1.362477e+01 9.131061e+00 1.984361e+00 1.729167e-01
<GCONST> 2.934224e+01
<STATE> 4
<MEAN> 6
 3.470950e+02 3.937313e+00 1.771818e+00 1.526161e+00 6.475738e-01 3.438817e-01
<VARIANCE> 6
 6.193287e+03 1.156999e+01 2.538917e+00 1.839793e+00 2.937975e-01 5.338149e-02
<GCONST> 1.959313e+01
<TRANSP> 5
 0.000000e+00 1.000000e+00 0.000000e+00 0.000000e+00 0.000000e+00
 0.000000e+00 5.315354e-01 4.684645e-01 0.000000e+00 0.000000e+00
 0.000000e+00 0.000000e+00 6.450545e-01 3.549456e-01 0.000000e+00
 0.000000e+00 0.000000e+00 0.000000e+00 8.757460e-01 1.242540e-01
 0.000000e+00 0.000000e+00 0.000000e+00 0.000000e+00 0.000000e+00
<ENDHMM>
~h "bg_red_0_3"
<BEGINHMM>
<NUMSTATES> 5
<STATE> 2
<MEAN> 6
 3.333560e+02 3.664149e+00 1.600922e+00 1.001498e+00 5.818495e-01 2.566926e-01
<VARIANCE> 6
 5.604487e+03 9.352306e+00 2.049678e+00 1.208809e+00 2.558368e-01 1.329215e-02
<GCONST> 1.711773e+01
<STATE> 3
<MEAN> 6
 3.399528e+02 9.870956e+00 3.321309e+00 4.204587e+00 1.635702e+00 5.442101e-01
<VARIANCE> 6
 7.339888e+03 2.292829e+02 1.045270e+01 1.684933e+01 2.179115e+00 2.000194e-01
<GCONST> 2.970405e+01
<STATE> 4
<MEAN> 6
 3.517968e+02 6.866190e+00 3.375326e+00 1.777855e+00 8.211342e-01 4.448827e-01
<VARIANCE> 6
 6.321509e+03 2.317400e+02 2.525211e+01 5.125478e+00 1.064902e+00 3.381227e-01
<GCONST> 2.906626e+01
<TRANSP> 5
 0.000000e+00 1.000000e+00 0.000000e+00 0.000000e+00 0.000000e+00
 0.000000e+00 8.615405e-01 1.384595e-01 0.000000e+00 0.000000e+00
 0.000000e+00 0.000000e+00 5.618089e-01 4.381911e-01 0.000000e+00
 0.000000e+00 0.000000e+00 0.000000e+00 5.992886e-01 4.007114e-01
 0.000000e+00 0.000000e+00 0.000000e+00 0.000000e+00 0.000000e+00
<ENDHMM>
~h "bg_red_0_4"
<BEGINHMM>
<NUMSTATES> 5
<STATE> 2
<MEAN> 6
 2.509362e+02 1.233963e+01 7.034127e+00 3.127326e+00 1.588350e+00 7.352555e-01
<VARIANCE> 6
 8.835321e+03 3.240667e+02 4.785453e+01 6.277337e+00 1.784955e+00 5.205055e-01
<GCONST> 3.152628e+01
<STATE> 3
<MEAN> 6
 2.604137e+02 4.081897e+00 1.509449e+00 8.091394e-01 4.544017e-01 2.671935e-01
<VARIANCE> 6
 4.334132e+03 1.285748e+01 1.782288e+00 2.997502e-01 9.136715e-02 1.613668e-02
<GCONST> 1.480903e+01
<STATE> 4
<MEAN> 6
 1.873988e+02 1.433851e+01 6.462973e+00 3.283108e+00 1.694015e+00 7.318534e-01
<VARIANCE> 6
 5.019443e+03 1.656225e+02 2.304230e+01 9.012218e+00 2.117606e+00 2.906294e-01
<GCONST> 2.950854e+01
<TRANSP> 5
 0.000000e+00 1.000000e+00 0.000000e+00 0.000000e+00 0.000000e+00
 0.000000e+00 7.245583e-01 2.754418e-01 0.000000e+00 0.000000e+00
 0.000000e+00 0.000000e+00 8.168409e-01 1.831591e-01 0.000000e+00
 0.000000e+00 0.000000e+00 0.000000e+00 7.442279e-01 2.557720e-01
 0.000000e+00 0.000000e+00 0.000000e+00 0.000000e+00 0.000000e+00
<ENDHMM>
~h "bg_red_0_5"
<BEGINHMM>
<NUMSTATES> 5
<STATE> 2
<MEAN> 6
 1.796489e+02 6.848552e+00 4.537372e+00 2.261347e+00 1.426034e+00 6.567616e-01
<VARIANCE> 6
 7.000842e+03 7.750239e+01 1.556483e+01 5.131145e+00 1.257903e+00 4.827914e-01
<GCONST> 2.811298e+01
<STATE> 3
<MEAN> 6
 2.075510e+02 3.090115e+01 2.151037e+01 8.437234e+00 6.765625e+00 4.941638e+00
<VARIANCE> 6
 8.441807e+03 4.528931e+02 3.254272e+02 2.195695e+01 2.366657e+01 1.673518e+01
<GCONST> 4.103967e+01
<STATE> 4
<MEAN> 6
 2.475275e+02 1.123476e+01 8.835789e+00 4.987315e+00 2.916043e+00 1.703150e+00
<VARIANCE> 6
 9.791199e+03 1.369106e+02 6.019153e+01 8.868550e+00 3.294538e+00 2.329838e+00
<GCONST> 3.345394e+01
<TRANSP> 5
 0.000000e+00 1.000000e+00 0.000000e+00 0.000000e+00 0.000000e+00
 0.000000e+00 8.380373e-01 1.619627e-01 0.000000e+00 0.000000e+00
 0.000000e+00 0.000000e+00 4.056359e-01 5.943640e-01 0.000000e+00
 0.000000e+00 0.000000e+00 0.000000e+00 7.586447e-01 2.413553e-01
 0.000000e+00 0.000000e+00 0.000000e+00 0.000000e+00 0.000000e+00
<ENDHMM>
~h "bg_dark_0"
<BEGINHMM>
<NUMSTATES> 5
<STATE> 2
<MEAN> 6
 4.061221e+02 1.431050e+01 7.467948e+00 4.965243e+00 3.628984e+00 1.851687e+00
<VARIANCE> 6
 1.491665e+04 2.814926e+02 4.492318e+01 1.331205e+01 4.433296e+00 2.376851e+00
<GCONST> 3.502615e+01
<STATE> 3
<MEAN> 6
 3.311159e+02 4.237027e+01 1.478060e+01 1.016012e+01 5.422081e+00 2.856383e+00
<VARIANCE> 6
 1.751920e+04 1.312031e+03 3.840063e+02 5.803811e+01 1.960929e+01 8.818523e+00
<GCONST> 4.314226e+01
<STATE> 4
<MEAN> 6
 1.052991e+02 9.016946e+00 5.679063e+00 2.031559e+00 1.806068e+00 7.393094e-01
<VARIANCE> 6
 2.288693e+03 1.786918e+02 7.385773e+01 4.437500e+00 4.211617e+00 1.312598e+00
<GCONST> 3.145075e+01
<TRANSP> 5
 0.000000e+00 1.000000e+00 0.000000e+00 0.000000e+00 0.000000e+00
 0.000000e+00 9.661722e-01 3.382784e-02 0.000000e+00 0.000000e+00
 0.000000e+00 0.000000e+00 9.297088e-01 7.029120e-02 0.000000e+00
 0.000000e+00 0.000000e+00 0.000000e+00 9.618496e-01 3.815044e-02
 0.000000e+00 0.000000e+00 0.000000e+00 0.000000e+00 0.000000e+00
<ENDHMM>
~h "bg_dark_0_0"
<BEGINHMM>
<NUMSTATES> 5
<STATE> 2
<MEAN> 6
 3.767444e+02 1.355917e+01 6.042327e+00 4.523213e+00 3.038048e+00 1.470050e+00
<VARIANCE> 6
 1.683862e+04 3.097659e+02 2.147836e+01 1.131683e+01 2.371758e+00 1.253764e+00
<GCONST> 3.307763e+01
<STATE> 3
<MEAN> 6
 3.262639e+02 3.140873e+01 1.185068e+01 9.208490e+00 5.339180e+00 3.036314e+00
<VARIANCE> 6
 1.177737e+04 7.948514e+02 9.992027e+01 3.463878e+01 5.714171e+00 4.148026e+00
<GCONST> 3.839428e+01
<STATE> 4
<MEAN> 6
 2.127992e+02 1.544160e+01 6.126617e+00 4.111951e+00 2.491555e+00 1.248376e+00
<VARIANCE> 6
 3.033021e+04 2.978522e+02 4.154277e+01 1.588517e+01 3.179117e+00 1.911911e+00
<GCONST> 3.534058e+01
<TRANSP> 5
 0.000000e+00 1.000000e+00 0.000000e+00 0.000000e+00 0.000000e+00
 0.000000e+00 7.688904e-01 2.311096e-01 0.000000e+00 0.000000e+00
 0.000000e+00 0.000000e+00 7.275584e-01 2.724416e-01 0.000000e+00
 0.000000e+00 0.000000e+00 0.000000e+00 7.501584e-01 2.498416e-01
 0.000000e+00 0.000000e+00 0.000000e+00 0.000000e+00 0.000000e+00
<ENDHMM>
~h "bg_dark_0_1"
<BEGINHMM>
<NUMSTATES> 5
<STATE> 2
<MEAN> 6
 2.309378e+02 1.071697e+01 7.251992e+00 3.660326e+00 3.066371e+00 1.337224e+00
<VARIANCE> 6
 2.968515e+04 1.719589e+02 4.901448e+01 1.293884e+01 4.202002e+00 1.785769e+00
<GCONST> 3.494068e+01
<STATE> 3
<MEAN> 6
 3.359567e+02 4.581706e+01 1.230590e+01 1.162719e+01 5.143869e+00 2.475891e+00
<VARIANCE> 6
 1.211116e+04 1.251814e+03 8.138812e+01 4.574121e+01 7.441717e+00 3.760272e+00
<GCONST> 3.911531e+01
<STATE> 4
<MEAN> 6
 4.375549e+02 1.433672e+01 6.614483e+00 4.301440e+00 4.021095e+00 1.715280e+00
<VARIANCE> 6
 8.839303e+03 4.831580e+02 2.542656e+01 6.914202e+00 3.714945e+00 1.376068e+00
<GCONST> 3.309554e+01
<TRANSP> 5
 0.000000e+00 1.000000e+00 0.000000e+00 0.000000e+00 0.000000e+00
 0.000000e+00 7.976710e-01 2.023290e-01 0.000000e+00 0.000000e+00
 0.000000e+00 0.000000e+00 6.862132e-01 3.137868e-01 0.000000e+00
 0.000000e+00 0.000000e+00 0.000000e+00 7.946899e-01 2.053101e-01
 0.000000e+00 0.000000e+00 0.000000e+00 0.000000e+00 0.000000e+00
<ENDHMM>
~h "bg_dark_0_2"
<BEGINHMM>
<NUMSTATES> 5
<STATE> 2
<MEAN> 6
 4.209829e+02 1.487610e+01 6.405322e+00 4.253296e+00 2.884397e+00 1.279764e+00
<VARIANCE> 6
 6.284583e+03 4.534857e+02 2.375564e+01 7.641633e+00 2.392953e+00 8.303593e-01
<GCONST> 3.177814e+01
<STATE> 3
<MEAN> 6
 3.188841e+02 6.218798e+01 1.391389e+01 1.251985e+01 6.130401e+00 3.425704e+00
<VARIANCE> 6
 1.111558e+04 1.955296e+03 1.170090e+02 7.349611e+01 1.825875e+01 6.315173e+00
<GCONST> 4.172875e+01
<STATE> 4
<MEAN> 6
 2.298970e+02 2.515088e+01 8.793483e+00 5.028996e+00 2.677680e+00 1.355884e+00
<VARIANCE> 6
 3.021919e+04 5.985754e+02 4.182478e+01 1.060029e+01 4.402341e+00 1.401949e+00
<GCONST> 3.565242e+01
<TRANSP> 5
 0.000000e+00 1.000000e+00 0.000000e+00 0.000000e+00 0.000000e+00
 0.000000e+00 8.084089e-01 1.915912e-01 0.000000e+00 0.000000e+00
 0.000000e+00 0.000000e+00 6.397216e-01 3.602785e-01 0.000000e+00
 0.000000e+00 0.000000e+00 0.000000e+00 8.001966e-01 1.998033e-01
 0.000000e+00 0.000000e+00 0.000000e+00 0.000000e+00 0.000000e+00
<ENDHMM>
~h "bg_dark_0_3"
<BEGINHMM>
<NUMSTATES> 5
<STATE> 2
<MEAN> 6
 4.218718e+02 2.139098e+01 8.734691e+00 5.499053e+00 3.602759e+00 1.923022e+00
<VARIANCE> 6
 1.408753e+04 5.666425e+02 4.535212e+01 8.191539e+00 5.432035e+00 2.409793e+00
<GCONST> 3.540945e+01
<STATE> 3
<MEAN> 6
 3.317938e+02 3.455101e+01 1.475348e+01 1.326579e+01 5.178747e+00 2.575088e+00
<VARIANCE> 6
 1.746971e+04 8.018226e+02 1.888670e+02 7.134560e+01 1.078045e+01 5.040464e+00
<GCONST> 4.098619e+01
<STATE> 4
<MEAN> 6
 3.413948e+02 1.488650e+01 6.774072e+00 4.054570e+00 3.256786e+00 1.282875e+00
<VARIANCE> 6
 3.761273e+04 2.022531e+02 3.400459e+01 6.620057e+00 4.067843e+00 1.582353e+00
<GCONST> 3.415051e+01
<TRANSP> 5
 0.000000e+00 1.000000e+00 0.000000e+00 0.000000e+00 0.000000e+00
 0.000000e+00 6.339820e-01 3.660180e-01 0.000000e+00 0.000000e+00
 0.000000e+00 0.000000e+00 6.062730e-01 3.937270e-01 0.000000e+00
 0.000000e+00 0.000000e+00 0.000000e+00 8.513688e-01 1.486312e-01
 0.000000e+00 0.000000e+00 0.000000e+00 0.000000e+00 0.000000e+00
<ENDHMM>
~h "bg_dark_0_4"
<BEGINHMM>
<NUMSTATES> 5
<STATE> 2
<MEAN> 6
 2.920295e+02 1.495131e+01 8.497263e+00 4.599853e+00 3.939293e+00 1.897741e+00
<VARIANCE> 6
 4.281123e+04 2.083498e+02 6.834937e+01 9.826013e+00 5.012782e+00 3.163383e+00
<GCONST> 3.630434e+01
<STATE> 3
<MEAN> 6
 2.942412e+02 3.257639e+01 3.148855e+01 8.148525e+00 8.646947e+00 4.844271e+00
<VARIANCE> 6
 2.024011e+04 6.565623e+02 1.069811e+03 2.912187e+01 3.818321e+01 9.979392e+00
<GCONST> 4.371935e+01
<STATE> 4
<MEAN> 6
 1.042564e+02 2.774578e+00 2.601146e+00 7.956647e-01 8.345524e-01 5.164105e-01
<VARIANCE> 6
 7.029338e+02 9.059684e+00 9.780155e+00 7.839686e-01 8.276491e-01 2.506272e-01
<GCONST> 2.025037e+01
<TRANSP> 5
 0.000000e+00 1.000000e+00 0.000000e+00 0.000000e+00 0.000000e+00
 0.000000e+00 8.263223e-01 1.736778e-01 0.000000e+00 0.000000e+00
 0.000000e+00 0.000000e+00 6.039022e-01 3.960979e-01 0.000000e+00
 0.000000e+00 0.000000e+00 0.000000e+00 7.880270e-01 2.119730e-01
 0.000000e+00 0.000000e+00 0.000000e+00 0.000000e+00 0.000000e+00
<ENDHMM>
~h "bg_dark_0_5"
<BEGINHMM>
<NUMSTATES> 5
<STATE> 2
<MEAN> 6
 1.371242e+02 1.602607e+00 1.440681e+00 4.787562e-01 3.964218e-01 2.698812e-01
<VARIANCE> 6
 2.731758e+02 4.696775e+00 2.347343e+00 4.312347e-01 4.024507e-01 8.262409e-02
<GCONST> 1.479280e+01
<STATE> 3
<MEAN> 6
 1.345462e+02 1.217635e+01 1.776325e+01 2.227020e+00 3.042876e+00 2.750559e+00
<VARIANCE> 6
 2.226307e+03 5.058922e+02 8.063702e+02 7.735639e+00 1.755631e+01 3.415336e+01
<GCONST> 4.009634e+01
<STATE> 4
<MEAN> 6
 9.360110e+01 1.030960e+01 5.869691e+00 2.513836e+00 2.391132e+00 9.725245e-01
<VARIANCE> 6
 7.087541e+03 2.592391e+02 1.745825e+02 7.584434e+00 9.176090e+00 5.557969e+00
<GCONST> 3.657144e+01
<TRANSP> 5
 0.000000e+00 1.000000e+00 0.000000e+00 0.000000e+00 0.000000e+00
 0.000000e+00 8.678364e-01 1.321637e-01 0.000000e+00 0.000000e+00
 0.000000e+00 0.000000e+00 7.960445e-02 9.203956e-01 0.000000e+00
 0.000000e+00 0.000000e+00 0.000000e+00 7.012368e-01 2.987632e-01
 0.000000e+00 0.000000e+00 0.000000e+00 0.000000e+00 0.000000e+00
<ENDHMM>
~h "bg_white_0"
<BEGINHMM>
<NUMSTATES> 5
<STATE> 2
<MEAN> 6
 7.780464e+02 3.030699e+00 5.870285e+00 1.306718e+00 1.961820e+00 8.647112e-01
<VARIANCE> 6
 6.086617e+03 2.482414e+01 5.649601e+02 6.209067e+00 2.886141e+01 3.132684e+00
<GCONST> 3.562009e+01
<STATE> 3
<MEAN> 6
 7.205538e+02 3.608874e+01 1.486613e+01 1.104003e+01 9.097185e+00 5.685380e+00
<VARIANCE> 6
 6.789878e+03 1.665286e+03 8.036736e+02 1.124167e+02 1.043480e+02 3.534105e+01
<GCONST> 4.689239e+01
<STATE> 4
<MEAN> 6
 4.150108e+02 6.494974e+00 4.233933e+00 2.418353e+00 1.664176e+00 6.155006e-01
<VARIANCE> 6
 3.670346e+04 7.505826e+01 3.522627e+01 1.079751e+01 6.437835e+00 5.182677e-01
<GCONST> 3.300219e+01
<TRANSP> 5
 0.000000e+00 1.000000e+00 0.000000e+00 0.000000e+00 0.000000e+00
 0.000000e+00 9.640461e-01 3.595391e-02 0.000000e+00 0.000000e+00
 0.000000e+00 0.000000e+00 9.678414e-01 3.215859e-02 0.000000e+00
 0.000000e+00 0.000000e+00 0.000000e+00 9.098346e-01 9.016547e-02
 0.000000e+00 0.000000e+00 0.000000e+00 0.000000e+00 0.000000e+00
<ENDHMM>
~h "bg_white_0_0"
<BEGINHMM>
<NUMSTATES> 5
<STATE> 2
<MEAN> 6
 6.652321e+02 4.494398e+00 1.940355e+01 1.874613e+00 5.839965e+00 8.357483e-01
<VARIANCE> 6
 3.910537e+04 9.521495e+01 1.914288e+03 1.336099e+01 1.027099e+02 1.714054e+00
<GCONST> 4.147762e+01
<STATE> 3
<MEAN> 6
 6.746871e+02 3.261906e+01 5.288034e+01 1.080286e+01 1.537263e+01 4.579917e+00
<VARIANCE> 6
 1.981851e+04 2.154560e+03 4.403439e+03 1.396284e+02 1.795096e+02 3.950631e+01
<GCONST> 5.079279e+01
<STATE> 4
<MEAN> 6
 8.060364e+02 3.780005e+00 1.983722e+00 1.634679e+00 1.065360e+00 7.933761e-01
<VARIANCE> 6
 1.101787e+03 1.604120e+02 1.100531e+01 1.971558e+01 5.529181e+00 4.103238e+00
<GCONST> 3.161130e+01
<TRANSP> 5
 0.000000e+00 1.000000e+00 0.000000e+00 0.000000e+00 0.000000e+00
 0.000000e+00 5.964145e-01 4.035855e-01 0.000000e+00 0.000000e+00
 0.000000e+00 0.000000e+00 4.006828e-01 5.993171e-01 0.000000e+00
 0.000000e+00 0.000000e+00 0.000000e+00 8.726706e-01 1.273294e-01
 0.000000e+00 0.000000e+00 0.000000e+00 0.000000e+00 0.000000e+00
<ENDHMM>
~h "bg_white_0_1"
<BEGINHMM>
<NUMSTATES> 5
<STATE> 2
<MEAN> 6
 7.951962e+02 5.935074e+00 1.872049e+00 2.549189e+00 1.307729e+00 1.274584e+00
<VARIANCE> 6
 1.348340e+03 1.974607e+02 8.432306e+00 2.302926e+01 5.575989e+00 5.070228e+00
<GCONST> 3.213012e+01
<STATE> 3
<MEAN> 6
 7.234620e+02 5.757788e+01 1.894743e+01 1.674383e+01 1.408389e+01 9.530431e+00
<VARIANCE> 6
 3.482643e+03 1.439372e+03 4.123912e+02 8.214577e+01 9.830939e+01 3.508671e+01
<GCONST> 4.503119e+01
<STATE> 4
<MEAN> 6
 7.433999e+02 2.336981e+01 7.778269e+00 7.921191e+00 5.330972e+00 4.021965e+00
<VARIANCE> 6
 1.650729e+04 1.193479e+03 1.445665e+02 6.607092e+01 3.863565e+01 1.998377e+01
<GCONST> 4.363701e+01
<TRANSP> 5
 0.000000e+00 1.000000e+00 0.000000e+00 0.000000e+00 0.000000e+00
 0.000000e+00 8.427966e-01 1.572034e-01 0.000000e+00 0.000000e+00
 0.000000e+00 0.000000e+00 7.714512e-01 2.285489e-01 0.000000e+00
 0.000000e+00 0.000000e+00 0.000000e+00 5.581826e-01 4.418174e-01
 0.000000e+00 0.000000e+00 0.000000e+00 0.000000e+00 0.000000e+00
<ENDHMM>
~h "bg_white_0_2"
<BEGINHMM>
<NUMSTATES> 5
<STATE> 2
<MEAN> 6
 7.823088e+02 9.510980e+00 4.185196e+00 3.452599e+00 2.876594e+00 2.452099e+00
<VARIANCE> 6
 1.416776e+03 3.497162e+02 7.905942e+01 2.986296e+01 2.401031e+01 1.443387e+01
<GCONST> 3.775541e+01
<STATE> 3
<MEAN> 6
 7.201340e+02 5.381000e+01 1.617965e+01 1.540277e+01 1.329661e+01 9.195546e+00
<VARIANCE> 6
 3.251519e+03 1.350439e+03 3.088970e+02 8.230696e+01 1.060666e+02 3.755939e+01
<GCONST> 4.475578e+01
<STATE> 4
<MEAN> 6
 6.657211e+02 4.077615e+01 7.260151e+00 1.004007e+01 5.438788e+00 2.929107e+00
<VARIANCE> 6
 2.238014e+04 3.081702e+03 9.243944e+01 1.233339e+02 7.018871e+01 1.888678e+01
<GCONST> 4.560752e+01
<TRANSP> 5
 0.000000e+00 1.000000e+00 0.000000e+00 0.000000e+00 0.000000e+00
 0.000000e+00 8.513060e-01 1.486939e-01 0.000000e+00 0.000000e+00
 0.000000e+00 0.000000e+00 7.832537e-01 2.167464e-01 0.000000e+00
 0.000000e+00 0.000000e+00 0.000000e+00 3.979854e-01 6.020146e-01
 0.000000e+00 0.000000e+00 0.000000e+00 0.000000e+00 0.000000e+00
<ENDHMM>
~h "bg_white_0_3"
<BEGINHMM>
<NUMSTATES> 5
<STATE> 2
<MEAN> 6
 7.693624e+02 9.232306e+00 3.083889e+00 3.101291e+00 2.506070e+00 1.624226e+00
<VARIANCE> 6
 1.516119e+03 4.615176e+02 3.381619e+01 3.141660e+01 2.657772e+01 8.050138e+00
<GCONST> 3.681973e+01
<STATE> 3
<MEAN> 6
 6.974926e+02 5.250530e+01 1.502236e+01 1.535699e+01 1.200651e+01 8.154589e+00
<VARIANCE> 6
 5.673329e+03 1.805227e+03 3.166603e+02 1.158385e+02 9.584863e+01 3.587488e+01
<GCONST> 4.582207e+01
<STATE> 4
<MEAN> 6
 6.937463e+02 1.202564e+01 5.424233e+00 5.348769e+00 4.346377e+00 3.214345e+00
<VARIANCE> 6
 1.845520e+04 4.663409e+02 8.951471e+01 5.019476e+01 4.315788e+01 2.016500e+01
<GCONST> 4.217441e+01
<TRANSP> 5
 0.000000e+00 1.000000e+00 0.000000e+00 0.000000e+00 0.000000e+00
 0.000000e+00 8.333626e-01 1.666374e-01 0.000000e+00 0.000000e+00
 0.000000e+00 0.000000e+00 7.307678e-01 2.692322e-01 0.000000e+00
 0.000000e+00 0.000000e+00 0.000000e+00 5.623016e-01 4.376984e-01
 0.000000e+00 0.000000e+00 0.000000e+00 0.000000e+00 0.000000e+00
<ENDHMM>
~h "bg_white_0_4"
<BEGINHMM>
<NUMSTATES> 5
<STATE> 2
<MEAN> 6
 7.460029e+02 9.842520e+00 3.592448e+00 4.120240e+00 2.957526e+00 2.463505e+00
<VARIANCE> 6
 2.554981e+03 3.872084e+02 5.611430e+01 3.462374e+01 2.738069e+01 1.395439e+01
<GCONST> 3.834959e+01
<STATE> 3
<MEAN> 6
 6.675490e+02 4.207182e+01 1.427805e+01 1.408370e+01 9.554953e+00 6.271030e+00
<VARIANCE> 6
 1.338183e+04 1.690096e+03 3.110630e+02 1.457406e+02 8.025970e+01 3.457133e+01
<GCONST> 4.661157e+01
<STATE> 4
<MEAN> 6
 7.391807e+02 2.560381e+00 1.165047e+00 6.288067e-01 3.242078e-01 2.019630e-01
<VARIANCE> 6
 8.252744e+03 7.455556e+01 1.032819e+00 6.543843e+00 7.158808e-02 1.369786e-02
<GCONST> 1.934058e+01
<TRANSP> 5
 0.000000e+00 1.000000e+00 0.000000e+00 0.000000e+00 0.000000e+00
 0.000000e+00 7.340186e-01 2.659814e-01 0.000000e+00 0.000000e+00
 0.000000e+00 0.000000e+00 6.667141e-01 3.332859e-01 0.000000e+00
 0.000000e+00 0.000000e+00 0.000000e+00 8.397413e-01 1.602587e-01
 0.000000e+00 0.000000e+00 0.000000e+00 0.000000e+00 0.000000e+00
<ENDHMM>
~h "bg_white_0_5"
<BEGINHMM>
<NUMSTATES> 5
<STATE> 2
<MEAN> 6
 7.426266e+02 3.598212e+00 1.957161e+00 9.271281e-01 6.466846e-01 2.530775e-01
<VARIANCE> 6
 4.340571e+03 1.684844e+02 5.666404e+00 1.498794e+01 4.898538e-01 2.183450e-02
<GCONST> 2.443375e+01
<STATE> 3
<MEAN> 6
 4.787212e+02 1.960655e+01 5.182180e+01 6.158999e+00 1.329711e+01 1.287012e+00
<VARIANCE> 6
 3.942651e+04 8.286691e+02 4.641790e+03 8.229726e+01 2.092788e+02 1.760291e+00
<GCONST> 4.709162e+01
<STATE> 4
<MEAN> 6
 3.121941e+02 6.007713e+00 4.096143e+00 2.195375e+00 1.523458e+00 6.037898e-01
<VARIANCE> 6
 2.369369e+03 5.004875e+01 1.755651e+01 5.462298e+00 1.548870e+00 3.960042e-01
<GCONST> 2.678513e+01
<TRANSP> 5
 0.000000e+00 1.000000e+00 0.000000e+00 0.000000e+00 0.000000e+00
 0.000000e+00 6.582475e-01 3.417526e-01 0.000000e+00 0.000000e+00
 0.000000e+00 0.000000e+00 6.357935e-01 3.642065e-01 0.000000e+00
 0.000000e+00 0.000000e+00 0.000000e+00 8.419775e-01 1.580225e-01
 0.000000e+00 0.000000e+00 0.000000e+00 0.000000e+00 0.000000e+00
<ENDHMM>
~h "bg_board"
<BEGINHMM>
<NUMSTATES> 5
<STATE> 2
<MEAN> 6
 2.635236e+02 2.206839e+01 1.204215e+01 1.008810e+01 5.439509e+00 3.282788e+00
<VARIANCE> 6
 5.338507e+03 3.660517e+02 1.333525e+02 3.427803e+01 1.224791e+01 5.340652e+00
<GCONST> 3.812094e+01
<STATE> 3
<MEAN> 6
 3.526650e+02 7.618813e+01 1.140770e+01 1.599688e+01 4.345285e+00 2.993575e+00
<VARIANCE> 6
 1.588234e+04 6.071475e+03 2.620331e+02 1.064986e+02 1.610356e+01 9.936054e+00
<GCONST> 4.472340e+01
<STATE> 4
<MEAN> 6
 3.997827e+02 7.537825e+00 4.203889e+00 1.544457e+00 1.007869e+00 3.727927e-01
<VARIANCE> 6
 9.554857e+03 1.160986e+02 1.706987e+01 3.465914e+00 8.065541e-01 1.304327e-01
<GCONST> 2.677492e+01
<TRANSP> 5
 0.000000e+00 1.000000e+00 0.000000e+00 0.000000e+00 0.000000e+00
 0.000000e+00 9.652278e-01 3.477224e-02 0.000000e+00 0.000000e+00
 0.000000e+00 0.000000e+00 8.364987e-01 1.635013e-01 0.000000e+00
 0.000000e+00 0.000000e+00 0.000000e+00 9.715304e-01 2.846955e-02
 0.000000e+00 0.000000e+00 0.000000e+00 0.000000e+00 0.000000e+00
<ENDHMM>
~h "bg_board_0"
<BEGINHMM>
<NUMSTATES> 5
<STATE> 2
<MEAN> 6
 3.944112e+02 1.682793e+01 8.678042e+00 7.418097e+00 4.076507e+00 2.191992e+00
<VARIANCE> 6
 8.001580e+03 1.230500e+03 1.835546e+02 5.807774e+01 2.718992e+01 6.729053e+00
<GCONST> 4.161340e+01
<STATE> 3
<MEAN> 6
 3.492538e+02 3.849018e+01 1.299995e+01 1.258202e+01 5.648682e+00 3.348751e+00
<VARIANCE> 6
 7.807298e+03 2.241817e+03 1.735139e+02 5.640269e+01 1.613920e+01 7.156728e+00
<GCONST> 4.164320e+01
<STATE> 4
<MEAN> 6
 4.245247e+02 7.154573e+00 3.551655e+00 2.269517e+00 1.274469e+00 6.840454e-01
<VARIANCE> 6
 3.903856e+03 3.865553e+02 2.734022e+01 1.786143e+01 3.398294e+00 1.514202e+00
<GCONST> 3.308342e+01
<TRANSP> 5
 0.000000e+00 1.000000e+00 0.000000e+00 0.000000e+00 0.000000e+00
 0.000000e+00 3.982044e-05 9.999602e-01 0.000000e+00 0.000000e+00
 0.000000e+00 0.000000e+00 8.115097e-01 1.884903e-01 0.000000e+00
 0.000000e+00 0.000000e+00 0.000000e+00 8.243965e-01 1.756035e-01
 0.000000e+00 0.000000e+00 0.000000e+00 0.000000e+00 0.000000e+00
<ENDHMM>
~h "bg_board_1"
<BEGINHMM>
<NUMSTATES> 5
<STATE> 2
<MEAN> 6
 3.068184e+02 2.144660e+01 1.158735e+01 1.061731e+01 5.615720e+00 3.596964e+00
<VARIANCE> 6
 5.602049e+03 5.685333e+02 9.384934e+01 3.654298e+01 1.266311e+01 6.015376e+00
<GCONST> 3.847440e+01
<STATE> 3
<MEAN> 6
 3.972247e+02 5.153623e+01 1.460524e+01 1.567424e+01 5.421306e+00 3.483860e+00
<VARIANCE> 6
 2.387002e+04 4.064113e+03 4.620616e+02 1.888179e+02 2.669504e+01 1.203609e+01
<GCONST> 4.656646e+01
<STATE> 4
<MEAN> 6
 3.838343e+02 6.003938e+00 4.360659e+00 2.283670e+00 1.287343e+00 7.331293e-01
<VARIANCE> 6
 4.363638e+03 1.555574e+02 2.904198e+01 2.057223e+01 3.864635e+00 2.279183e+00
<GCONST> 3.302371e+01
<TRANSP> 5
 0.000000e+00 1.000000e+00 0.000000e+00 0.000000e+00 0.000000e+00
 0.000000e+00 7.935160e-01 2.064840e-01 0.000000e+00 0.000000e+00
 0.000000e+00 0.000000e+00 4.625659e-01 5.374341e-01 0.000000e+00
 0.000000e+00 0.000000e+00 0.000000e+00 8.411770e-01 1.588229e-01
 0.000000e+00 0.000000e+00 0.000000e+00 0.000000e+00 0.000000e+00
<ENDHMM>
~h "bg_board_2"
<BEGINHMM>
<NUMSTATES> 5
<STATE> 2
<MEAN> 6
 2.736446e+02 2.252874e+01 1.162321e+01 1.024131e+01 5.172127e+00 3.524817e+00
<VARIANCE> 6
 5.351153e+03 3.918768e+02 1.029888e+02 4.734227e+01 1.212650e+01 6.073227e+00
<GCONST> 3.837458e+01
<STATE> 3
<MEAN> 6
 3.180078e+02 4.191889e+01 1.658679e+01 1.212461e+01 5.238532e+00 3.224389e+00
<VARIANCE> 6
 1.214126e+04 2.187021e+03 4.384334e+02 9.834586e+01 2.356018e+01 1.257270e+01
<GCONST> 4.448471e+01
<STATE> 4
<MEAN> 6
 3.742137e+02 1.147165e+01 5.195843e+00 2.178394e+00 1.475531e+00 5.256674e-01
<VARIANCE> 6
 1.512997e+04 2.475836e+02 2.690900e+01 7.898817e+00 3.960444e+00 5.483008e-01
<GCONST> 3.229804e+01
<TRANSP> 5
 0.000000e+00 1.000000e+00 0.000000e+00 0.000000e+00 0.000000e+00
 0.000000e+00 7.620148e-01 2.379852e-01 0.000000e+00 0.000000e+00
 0.000000e+00 0.000000e+00 5.123295e-01 4.876705e-01 0.000000e+00
 0.000000e+00 0.000000e+00 0.000000e+00 8.517968e-01 1.482032e-01
 0.000000e+00 0.000000e+00 0.000000e+00 0.000000e+00 0.000000e+00
<ENDHMM>
~h "bg_board_3"
<BEGINHMM>
<NUMSTATES> 5
<STATE> 2
<MEAN> 6
 2.691061e+02 2.431644e+01 7.124213e+00 5.940964e+00 3.480421e+00 1.563895e+00
<VARIANCE> 6
 1.561472e+04 6.260933e+02 5.163634e+01 1.795002e+01 1.024063e+01 2.171126e+00
<GCONST> 3.705616e+01
<STATE> 3
<MEAN> 6
 2.715686e+02 3.179285e+01 1.272348e+01 1.089246e+01 5.158442e+00 3.355222e+00
<VARIANCE> 6
 8.786218e+03 2.560870e+03 1.266025e+02 5.527009e+01 1.145588e+01 6.381739e+00
<GCONST> 4.110153e+01
<STATE> 4
<MEAN> 6
 3.964621e+02 1.163181e+01 6.710618e+00 2.911870e+00 1.633877e+00 6.577595e-01
<VARIANCE> 6
 1.745899e+04 3.128191e+02 5.583507e+01 1.570958e+01 2.796122e+00 1.097513e+00
<GCONST> 3.443845e+01
<TRANSP> 5
 0.000000e+00 1.000000e+00 0.000000e+00 0.000000e+00 0.000000e+00
 0.000000e+00 5.364034e-01 4.635966e-01 0.000000e+00 0.000000e+00
 0.000000e+00 0.000000e+00 7.490025e-01 2.509976e-01 0.000000e+00
 0.000000e+00 0.000000e+00 0.000000e+00 8.293180e-01 1.706820e-01
 0.000000e+00 0.000000e+00 0.000000e+00 0.000000e+00 0.000000e+00
<ENDHMM>
~h "bg_board_4"
<BEGINHMM>
<NUMSTATES> 5
<STATE> 2
<MEAN> 6
 2.438669e+02 2.180796e+01 1.001837e+01 9.091249e+00 4.622797e+00 2.891343e+00
<VARIANCE> 6
 8.124292e+03 4.909691e+02 9.182007e+01 2.913151e+01 9.771298e+00 4.558193e+00
<GCONST> 3.791428e+01
<STATE> 3
<MEAN> 6
 2.999413e+02 5.334406e+01 7.247160e+00 8.689596e+00 2.290678e+00 1.019945e+00
<VARIANCE> 6
 1.148626e+04 5.483694e+03 5.186428e+01 5.979425e+01 5.268542e+00 1.341128e+00
<GCONST> 3.898051e+01
<STATE> 4
<MEAN> 6
 3.490702e+02 1.070829e+01 4.754758e+00 2.268615e+00 1.367340e+00 5.864116e-01
<VARIANCE> 6
 1.010363e+04 2.854199e+02 2.166747e+01 9.494486e+00 2.009339e+00 6.500404e-01
<GCONST> 3.149548e+01
<TRANSP> 5
 0.000000e+00 1.000000e+00 0.000000e+00 0.000000e+00 0.000000e+00
 0.000000e+00 8.133332e-01 1.866669e-01 0.000000e+00 0.000000e+00
 0.000000e+00 0.000000e+00 2.096751e-01 7.903250e-01 0.000000e+00
 0.000000e+00 0.000000e+00 0.000000e+00 8.432002e-01 1.567998e-01
 0.000000e+00 0.000000e+00 0.000000e+00 0.000000e+00 0.000000e+00
<ENDHMM>
~h "bg_board_5"
<BEGINHMM>
<NUMSTATES> 5
<STATE> 2
<MEAN> 6
 2.605995e+02 2.037467e+01 7.402221e+00 7.279127e+00 3.773492e+00 2.275047e+00
<VARIANCE> 6
 4.588103e+03 5.017884e+02 4.315071e+01 2.084107e+01 5.210354e+00 2.995836e+00
<GCONST> 3.522616e+01
<STATE> 3
<MEAN> 6
 2.839611e+02 3.974068e+01 1.136654e+01 9.588831e+00 3.963842e+00 2.032027e+00
<VARIANCE> 6
 5.886083e+03 4.018866e+03 1.783748e+02 6.042100e+01 1.687015e+01 5.651181e+00
<GCONST> 4.184900e+01
<STATE> 4
<MEAN> 6
 3.811470e+02 8.918618e+00 4.749363e+00 2.392141e+00 1.403151e+00 5.495681e-01
<VARIANCE> 6
 1.121735e+04 2.500588e+02 1.918635e+01 7.261714e+00 1.551838e+00 4.515692e-01
<GCONST> 3.045540e+01
<TRANSP> 5
 0.000000e+00 1.000000e+00 0.000000e+00 0.000000e+00 0.000000e+00
 0.000000e+00 7.453603e-01 2.546398e-01 0.000000e+00 0.000000e+00
 0.000000e+00 0.000000e+00 4.951915e-01 5.048086e-01 0.000000e+00
 0.000000e+00 0.000000e+00 0.000000e+00 8.358485e-01 1.641515e-01
 0.000000e+00 0.000000e+00 0.000000e+00 0.000000e+00 0.000000e+00
<ENDHMM>
~h "fp_logo"
<BEGINHMM>
<NUMSTATES> 5
<STATE> 2
<MEAN> 6
 1.449787e+02 2.773696e+00 3.061759e+00 8.078828e-01 1.106444e+00 3.002756e-01
<VARIANCE> 6
 2.205154e+02 2.707283e+01 4.011302e+01 3.405214e+00 5.838342e+00 6.171166e-02
<GCONST> 2.361793e+01
<STATE> 3
<MEAN> 6
 2.827448e+02 4.358741e+01 6.070915e+01 1.978959e+01 2.189091e+01 8.990593e+00
<VARIANCE> 6
 2.388529e+04 2.466511e+03 6.153782e+03 4.511868e+02 5.075578e+02 8.884702e+01
<GCONST> 5.447207e+01
<STATE> 4
<MEAN> 6
 1.831198e+02 5.667102e+00 1.638138e+00 6.721690e-01 5.566649e-01 2.511174e-01
<VARIANCE> 6
 1.830270e+03 6.118876e+01 2.183524e+00 2.891206e-01 1.554470e-01 1.486975e-02
<GCONST> 1.612360e+01
<TRANSP> 5
 0.000000e+00 1.000000e+00 0.000000e+00 0.000000e+00 0.000000e+00
 0.000000e+00 9.265720e-01 7.342803e-02 0.000000e+00 0.000000e+00
 0.000000e+00 0.000000e+00 8.809519e-01 1.190481e-01 0.000000e+00
 0.000000e+00 0.000000e+00 0.000000e+00 9.791585e-01 2.084147e-02
 0.000000e+00 0.000000e+00 0.000000e+00 0.000000e+00 0.000000e+00
<ENDHMM>
~h "fp_logo_0"
<BEGINHMM>
<NUMSTATES> 5
<STATE> 2
<MEAN> 6
 1.330005e+02 1.020312e+01 2.231139e+01 2.804953e+00 7.667497e+00 4.796940e-01
<VARIANCE> 6
 6.510430e+02 2.765164e+02 1.255599e+02 3.807504e+01 3.056572e+01 3.255355e-01
<GCONST> 3.389804e+01
<STATE> 3
<MEAN> 6
 1.287877e+02 1.238504e+01 2.691534e+00 4.380663e+00 1.659871e+00 4.491598e-01
<VARIANCE> 6
 4.309691e+02 1.635698e+02 3.020170e+00 2.673253e+01 1.024762e+00 1.400443e-01
<GCONST> 2.464040e+01
<STATE> 4
<MEAN> 6
 1.488667e+02 5.264101e+00 1.214491e+00 6.400871e-01 5.269248e-01 2.446623e-01
<VARIANCE> 6
 6.852455e+02 6.076771e+01 9.018314e-01 2.793174e-01 1.031821e-01 1.280337e-02
<GCONST> 1.365606e+01
<TRANSP> 5
 0.000000e+00 1.000000e+00 0.000000e+00 0.000000e+00 0.000000e+00
 0.000000e+00 1.468767e-04 9.998531e-01 0.000000e+00 0.000000e+00
 0.000000e+00 0.000000e+00 5.287429e-01 4.712571e-01 0.000000e+00
 0.000000e+00 0.000000e+00 0.000000e+00 8.873604e-01 1.126396e-01
 0.000000e+00 0.000000e+00 0.000000e+00 0.000000e+00 0.000000e+00
<ENDHMM>
~h "fp_logo_1"
<BEGINHMM>
<NUMSTATES> 5
<STATE> 2
<MEAN> 6
 1.500593e+02 2.770261e+00 1.212736e+00 6.166855e-01 4.508033e-01 2.661245e-01
<VARIANCE> 6
 2.056516e+02 1.578433e+01 7.492544e-01 2.874435e-01 5.024497e-02 1.132380e-02
<GCONST> 1.010537e+01
<STATE> 3
<MEAN> 6
 1.355928e+02 5.030925e+00 3.699328e+00 2.021974e+00 1.640859e+00 9.335032e-01
<VARIANCE> 6
 8.448694e+02 2.901622e+01 9.928883e+00 3.762117e+00 2.193240e+00 9.037393e-01
<GCONST> 2.543890e+01
<STATE> 4
<MEAN> 6
 1.564188e+02 1.023206e+01 1.598576e+00 9.663260e-01 7.159701e-01 3.001913e-01
<VARIANCE> 6
 2.180422e+03 1.011759e+02 1.680696e+00 2.653221e-01 1.021755e-01 1.951220e-02
<GCONST> 1.630602e+01
<TRANSP> 5
 0.000000e+00 1.000000e+00 0.000000e+00 0.000000e+00 0.000000e+00
 0.000000e+00 8.660538e-01 1.339462e-01 0.000000e+00 0.000000e+00
 0.000000e+00 0.000000e+00 4.456039e-01 5.543961e-01 0.000000e+00
 0.000000e+00 0.000000e+00 0.000000e+00 7.319430e-01 2.680571e-01
 0.000000e+00 0.000000e+00 0.000000e+00 0.000000e+00 0.000000e+00
<ENDHMM>
~h "fp_logo_2"
<BEGINHMM>
<NUMSTATES> 5
<STATE> 2
<MEAN> 6
 1.430243e+02 2.729558e+00 1.678252e+00 7.300360e-01 6.357634e-01 2.799594e-01
<VARIANCE> 6
 3.185201e+02 1.135540e+01 2.382739e+00 2.314891e-01 2.317092e-01 2.453019e-02
<GCONST> 1.345554e+01
<STATE> 3
<MEAN> 6
 3.123665e+02 4.524583e+01 6.018402e+01 2.165652e+01 2.408051e+01 8.884866e+00
<VARIANCE> 6
 2.306460e+04 3.476676e+03 6.265831e+03 5.389638e+02 5.573730e+02 7.760609e+01
<GCONST> 5.493455e+01
<STATE> 4
<MEAN> 6
 2.366345e+02 2.477249e+01 2.226744e+01 8.049006e+00 6.886296e+00 3.236789e+00
<VARIANCE> 6
 1.154943e+04 3.929272e+02 3.798466e+03 2.910465e+02 1.924711e+02 4.327176e+01
<GCONST> 4.929856e+01
<TRANSP> 5
 0.000000e+00 1.000000e+00 0.000000e+00 0.000000e+00 0.000000e+00
 0.000000e+00 8.733800e-01 1.266200e-01 0.000000e+00 0.000000e+00
 0.000000e+00 0.000000e+00 6.542379e-01 3.457621e-01 0.000000e+00
 0.000000e+00 0.000000e+00 0.000000e+00 5.475508e-01 4.524492e-01
 0.000000e+00 0.000000e+00 0.000000e+00 0.000000e+00 0.000000e+00
<ENDHMM>
~h "fp_logo_3"
<BEGINHMM>
<NUMSTATES> 5
<STATE> 2
<MEAN> 6
 2.568749e+02 2.374108e+01 4.079059e+01 1.271854e+01 1.218849e+01 5.435131e+00
<VARIANCE> 6
 2.399909e+04 8.125521e+02 7.419170e+03 5.557450e+02 3.340468e+02 7.901814e+01
<GCONST> 5.322630e+01
<STATE> 3
<MEAN> 6
 3.181787e+02 5.372265e+01 8.143801e+01 2.188555e+01 2.730647e+01 1.129496e+01
<VARIANCE> 6
 2.015244e+04 2.436965e+03 6.093150e+03 4.550822e+02 5.272698e+02 1.134306e+02
<GCONST> 5.457115e+01
<STATE> 4
<MEAN> 6
 1.654200e+02 5.856974e+00 1.944857e+00 1.026552e+00 7.942479e-01 5.492923e-01
<VARIANCE> 6
 1.032828e+03 7.031421e+01 3.446606e+00 1.020084e+00 4.642275e-01 7.503856e-01
<GCONST> 2.242302e+01
<TRANSP> 5
 0.000000e+00 1.000000e+00 0.000000e+00 0.000000e+00 0.000000e+00
 0.000000e+00 2.466341e-06 9.999976e-01 0.000000e+00 0.000000e+00
 0.000000e+00 0.000000e+00 7.142854e-01 2.857146e-01 0.000000e+00
 0.000000e+00 0.000000e+00 0.000000e+00 8.666667e-01 1.333333e-01
 0.000000e+00 0.000000e+00 0.000000e+00 0.000000e+00 0.000000e+00
<ENDHMM>
~h "fp_logo_4"
<BEGINHMM>
<NUMSTATES> 5
<STATE> 2
<MEAN> 6
 1.699693e+02 3.131495e+00 1.445493e+00 5.549108e-01 5.044761e-01 2.449072e-01
<VARIANCE> 6
 3.781024e+02 1.017893e+01 1.295015e+00 1.436390e-01 9.844305e-02 1.082093e-02
<GCONST> 1.075627e+01
<STATE> 3
<MEAN> 6
 2.048527e+02 2.487899e+00 1.733927e+00 5.467514e-01 5.020300e-01 2.247256e-01
<VARIANCE> 6
 1.907580e+02 1.552076e+01 2.329793e+00 8.936587e-02 4.899637e-02 7.158765e-03
<GCONST> 9.495783e+00
<STATE> 4
<MEAN> 6
 2.331749e+02 1.327104e+01 1.032903e+00 5.417396e-01 5.598968e-01 2.158393e-01
<VARIANCE> 6
 6.377408e+02 1.138044e+02 6.438758e-01 1.296114e-01 1.244093e-01 5.037526e-03
<GCONST> 1.236119e+01
<TRANSP> 5
 0.000000e+00 1.000000e+00 0.000000e+00 0.000000e+00 0.000000e+00
 0.000000e+00 8.273901e-01 1.726099e-01 0.000000e+00 0.000000e+00
 0.000000e+00 0.000000e+00 8.055097e-01 1.944903e-01 0.000000e+00
 0.000000e+00 0.000000e+00 0.000000e+00 5.157258e-01 4.842742e-01
 0.000000e+00 0.000000e+00 0.000000e+00 0.000000e+00 0.000000e+00
<ENDHMM>
~h "fp_logo_5"
<BEGINHMM>
<NUMSTATES> 5
<STATE> 2
<MEAN> 6
 2.148309e+02 4.003457e+00 1.020866e+00 4.281171e-01 5.008743e-01 2.037873e-01
<VARIANCE> 6
 4.234709e+02 3.718624e+01 5.292611e-01 5.090804e-02 3.666637e-02 5.030916e-03
<GCONST> 8.479630e+00
<STATE> 3
<MEAN> 6
 2.172023e+02 3.607389e+00 1.519403e+00 3.527952e-01 5.566031e-01 3.357109e-01
<VARIANCE> 6
 3.556403e+02 2.856057e+01 1.399240e+00 2.346714e-02 8.165269e-02 8.910017e-03
<GCONST> 9.611123e+00
<STATE> 4
<MEAN> 6
 2.287889e+02 3.985547e+00 1.631491e+00 3.828852e-01 3.930746e-01 2.036589e-01
<VARIANCE> 6
 4.647481e+02 2.375927e+01 2.105743e+00 3.901078e-02 7.221702e-02 1.004212e-02
<GCONST> 1.060844e+01
<TRANSP> 5
 0.000000e+00 1.000000e+00 0.000000e+00 0.000000e+00 0.000000e+00
 0.000000e+00 8.804056e-02 9.119595e-01 0.000000e+00 0.000000e+00
 0.000000e+00 0.000000e+00 1.661161e-06 9.999984e-01 0.000000e+00
 0.000000e+00 0.000000e+00 0.000000e+00 8.990252e-01 1.009748e-01
 0.000000e+00 0.000000e+00 0.000000e+00 0.000000e+00 0.000000e+00
<ENDHMM>
~h "fp_screen"
<BEGINHMM>
<NUMSTATES> 5
<STATE> 2
<MEAN> 6
 3.361201e+02 2.522993e+00 8.472830e+00 9.617679e-01 2.672917e+00 4.061810e-01
<VARIANCE> 6
 2.136655e+04 5.209925e+00 3.707157e+02 6.514480e-01 2.624805e+01 1.596373e-01
<GCONST> 2.956703e+01
<STATE> 3
<MEAN> 6
 5.213326e+02 5.988213e+01 1.943797e+01 1.516741e+01 6.715052e+00 3.070990e+00
<VARIANCE> 6
 3.059717e+04 3.962376e+03 1.200418e+03 1.926851e+02 8.908771e+01 1.758856e+01
<GCONST> 4.934888e+01
<STATE> 4
<MEAN> 6
 3.517854e+02 5.594629e+00 4.924132e+00 1.627419e+00 1.260741e+00 4.394286e-01
<VARIANCE> 6
 8.409715e+03 5.128331e+01 4.580566e+01 3.830095e+00 1.624340e+00 1.269435e-01
<GCONST> 2.759016e+01
<TRANSP> 5
 0.000000e+00 1.000000e+00 0.000000e+00 0.000000e+00 0.000000e+00
 0.000000e+00 9.566654e-01 4.333462e-02 0.000000e+00 0.000000e+00
 0.000000e+00 0.000000e+00 9.477188e-01 5.228119e-02 0.000000e+00
 0.000000e+00 0.000000e+00 0.000000e+00 9.640241e-01 3.597584e-02
 0.000000e+00 0.000000e+00 0.000000e+00 0.000000e+00 0.000000e+00
<ENDHMM>
~h "fp_screen_0"
<BEGINHMM>
<NUMSTATES> 5
<STATE> 2
<MEAN> 6
 2.302752e+02 1.879859e+00 2.989756e+00 6.988805e-01 1.288510e+00 2.725546e-01
<VARIANCE> 6
 1.143743e+02 3.109167e+00 2.869779e+01 2.952923e-01 9.293081e+00 3.612396e-02
<GCONST> 1.794660e+01
<STATE> 3
<MEAN> 6
 2.555207e+02 2.459294e+00 2.438600e+01 9.982794e-01 1.016181e+01 5.333582e-01
<VARIANCE> 6
 4.833521e+02 4.204255e+00 7.586883e+02 5.255975e-01 9.646889e+01 1.439603e-01
<GCONST> 2.726348e+01
<STATE> 4
<MEAN> 6
 2.279623e+02 3.355470e+00 1.751505e+01 1.644461e+00 7.625715e+00 1.021798e+00
<VARIANCE> 6
 1.055400e+03 1.779964e+01 6.030237e+02 4.664462e+00 8.076066e+01 1.505698e+00
<GCONST> 3.361079e+01
<TRANSP> 5
 0.000000e+00 1.000000e+00 0.000000e+00 0.000000e+00 0.000000e+00
 0.000000e+00 8.943937e-01 1.056063e-01 0.000000e+00 0.000000e+00
 0.000000e+00 0.000000e+00 4.433202e-02 9.556680e-01 0.000000e+00
 0.000000e+00 0.000000e+00 0.000000e+00 3.263638e-01 6.736363e-01
 0.000000e+00 0.000000e+00 0.000000e+00 0.000000e+00 0.000000e+00
<ENDHMM>
~h "fp_screen_1"
<BEGINHMM>
<NUMSTATES> 5
<STATE> 2
<MEAN> 6
 2.448511e+02 2.839374e+00 9.976416e+00 1.144852e+00 2.958777e+00 4.693777e-01
<VARIANCE> 6
 7.936062e+03 7.636231e+00 3.625132e+02 1.654078e+00 2.991052e+01 3.807682e-01
<GCONST> 3.086829e+01
<STATE> 3
<MEAN> 6
 4.962431e+02 6.402126e+01 3.206380e+01 1.526159e+01 7.677676e+00 2.176875e+00
<VARIANCE> 6
 3.741403e+04 6.207095e+03 2.032574e+03 2.082017e+02 5.169995e+01 7.433246e+00
<GCONST> 4.919750e+01
<STATE> 4
<MEAN> 6
 5.126065e+02 1.079995e+01 4.970872e+00 3.221637e+00 1.567160e+00 9.382220e-01
<VARIANCE> 6
 2.605480e+04 6.752072e+02 1.147441e+02 3.291867e+01 4.081123e+00 4.811708e+00
<GCONST> 3.892441e+01
<TRANSP> 5
 0.000000e+00 1.000000e+00 0.000000e+00 0.000000e+00 0.000000e+00
 0.000000e+00 8.186691e-01 1.813309e-01 0.000000e+00 0.000000e+00
 0.000000e+00 0.000000e+00 5.782518e-01 4.217483e-01 0.000000e+00
 0.000000e+00 0.000000e+00 0.000000e+00 8.044636e-01 1.955364e-01
 0.000000e+00 0.000000e+00 0.000000e+00 0.000000e+00 0.000000e+00
<ENDHMM>
~h "fp_screen_2"
<BEGINHMM>
<NUMSTATES> 5
<STATE> 2
<MEAN> 6
 4.502549e+02 9.372287e+00 3.618292e+00 2.426926e+00 1.337691e+00 7.086559e-01
<VARIANCE> 6
 2.203119e+04 4.949066e+02 7.973272e+01 1.989791e+01 2.602463e+00 2.853386e+00
<GCONST> 3.660611e+01
<STATE> 3
<MEAN> 6
 4.907076e+02 8.257138e+01 3.990471e+01 2.217581e+01 8.668439e+00 4.174579e+00
<VARIANCE> 6
 2.946324e+04 7.838268e+03 2.075141e+03 3.716500e+02 1.082441e+02 4.366775e+01
<GCONST> 5.230167e+01
<STATE> 4
<MEAN> 6
 4.623490e+02 4.072730e+01 1.822832e+01 8.332596e+00 4.418740e+00 7.834684e-01
<VARIANCE> 6
 1.721347e+04 2.792016e+03 7.600420e+02 8.947078e+01 4.043920e+01 1.778887e+00
<GCONST> 4.411830e+01
<TRANSP> 5
 0.000000e+00 1.000000e+00 0.000000e+00 0.000000e+00 0.000000e+00
 0.000000e+00 8.639410e-01 1.360590e-01 0.000000e+00 0.000000e+00
 0.000000e+00 0.000000e+00 4.834302e-01 5.165698e-01 0.000000e+00
 0.000000e+00 0.000000e+00 0.000000e+00 7.307776e-01 2.692224e-01
 0.000000e+00 0.000000e+00 0.000000e+00 0.000000e+00 0.000000e+00
<ENDHMM>
~h "fp_screen_3"
<BEGINHMM>
<NUMSTATES> 5
<STATE> 2
<MEAN> 6
 4.681612e+02 4.203922e+01 2.155637e+01 1.166741e+01 7.394195e+00 2.840894e+00
<VARIANCE> 6
 9.013412e+03 1.969735e+03 7.358619e+02 1.166410e+02 5.001228e+01 7.938494e+00
<GCONST> 4.506353e+01
<STATE> 3
<MEAN> 6
 6.156633e+02 8.173873e+01 2.793999e+01 2.138201e+01 1.245620e+01 4.317143e+00
<VARIANCE> 6
 4.557476e+04 4.192955e+03 2.038449e+03 2.306684e+02 2.246367e+02 2.297091e+01
<GCONST> 5.170517e+01
<STATE> 4
<MEAN> 6
 3.947428e+02 1.877845e+01 5.872074e+00 4.930613e+00 2.426057e+00 1.044809e+00
<VARIANCE> 6
 1.361126e+04 7.480203e+02 1.205437e+02 4.260653e+01 1.487103e+01 2.168456e+00
<GCONST> 3.918079e+01
<TRANSP> 5
 0.000000e+00 1.000000e+00 0.000000e+00 0.000000e+00 0.000000e+00
 0.000000e+00 6.473866e-01 3.526134e-01 0.000000e+00 0.000000e+00
 0.000000e+00 0.000000e+00 6.646078e-01 3.353922e-01 0.000000e+00
 0.000000e+00 0.000000e+00 0.000000e+00 8.382518e-01 1.617482e-01
 0.000000e+00 0.000000e+00 0.000000e+00 0.000000e+00 0.000000e+00
<ENDHMM>
~h "fp_screen_4"
<BEGINHMM>
<NUMSTATES> 5
<STATE> 2
<MEAN> 6
 4.662742e+02 3.524148e+01 7.066338e+00 8.878644e+00 3.383507e+00 1.661130e+00
<VARIANCE> 6
 1.474601e+04 1.792340e+03 2.592581e+02 8.882035e+01 3.275838e+01 4.839416e+00
<GCONST> 4.322766e+01
<STATE> 3
<MEAN> 6
 5.248510e+02 6.957648e+01 2.659576e+01 1.848966e+01 9.949243e+00 4.959122e+00
<VARIANCE> 6
 4.011709e+04 4.137051e+03 1.936182e+03 2.225356e+02 1.174293e+02 3.343195e+01
<GCONST> 5.120347e+01
<STATE> 4
<MEAN> 6
 3.781869e+02 7.889537e+00 5.868494e+00 2.135086e+00 1.457719e+00 5.250167e-01
<VARIANCE> 6
 6.337470e+03 2.600580e+02 9.273463e+01 1.752586e+01 3.502115e+00 5.459251e-01
<GCONST> 3.338391e+01
<TRANSP> 5
 0.000000e+00 1.000000e+00 0.000000e+00 0.000000e+00 0.000000e+00
 0.000000e+00 5.998729e-01 4.001271e-01 0.000000e+00 0.000000e+00
 0.000000e+00 0.000000e+00 5.493318e-01 4.506682e-01 0.000000e+00
 0.000000e+00 0.000000e+00 0.000000e+00 8.792543e-01 1.207457e-01
 0.000000e+00 0.000000e+00 0.000000e+00 0.000000e+00 0.000000e+00
<ENDHMM>
~h "fp_screen_5"
<BEGINHMM>
<NUMSTATES> 5
<STATE> 2
<MEAN> 6
 3.441629e+02 1.706846e+01 1.831302e+01 5.597116e+00 4.296247e+00 1.436074e+00
<VARIANCE> 6
 1.124604e+04 1.040177e+03 4.783684e+02 7.877312e+01 1.770663e+01 3.486738e+00
<GCONST> 4.196204e+01
<STATE> 3
<MEAN> 6
 3.041978e+02 3.491118e+00 1.092108e+01 1.017959e+00 1.687513e+00 4.409627e-01
<VARIANCE> 6
 4.921731e+03 1.190356e+01 1.377332e+02 4.539687e-01 1.433663e+00 7.111067e-02
<GCONST> 2.385782e+01
<STATE> 4
<MEAN> 6
 4.194404e+02 2.354125e+00 2.445751e+00 5.648851e-01 6.130068e-01 3.211571e-01
<VARIANCE> 6
 3.774662e+03 2.796382e+00 3.102303e+00 9.958535e-02 1.889583e-01 2.458006e-02
<GCONST> 1.374501e+01
<TRANSP> 5
 0.000000e+00 1.000000e+00 0.000000e+00 0.000000e+00 0.000000e+00
 0.000000e+00 5.231485e-01 4.768514e-01 0.000000e+00 0.000000e+00
 0.000000e+00 0.000000e+00 7.172602e-01 2.827398e-01 0.000000e+00
 0.000000e+00 0.000000e+00 0.000000e+00 8.429177e-01 1.570823e-01
 0.000000e+00 0.000000e+00 0.000000e+00 0.000000e+00 0.000000e+00
<ENDHMM>
~h "fp_key"
<BEGINHMM>
<NUMSTATES> 5
<STATE> 2
<MEAN> 6
 2.824546e+02 4.311672e+00 7.405085e+00 1.088200e+00 2.829853e+00 5.872297e-01
<VARIANCE> 6
 3.930159e+03 4.589550e+01 2.251485e+02 1.849995e+00 1.966829e+01 5.034957e-01
<GCONST> 3.145483e+01
<STATE> 3
<MEAN> 6
 4.879366e+02 5.929834e+01 2.310679e+01 1.559269e+01 8.600040e+00 3.669033e+00
<VARIANCE> 6
 3.669890e+04 3.643433e+03 1.694512e+03 2.012111e+02 1.703127e+02 2.580576e+01
<GCONST> 5.086619e+01
<STATE> 4
<MEAN> 6
 3.053876e+02 5.808179e+00 4.127228e+00 1.194340e+00 1.077997e+00 3.871391e-01
<VARIANCE> 6
 1.818219e+04 6.935741e+01 5.658162e+01 1.578352e+00 3.494435e+00 1.292094e-01
<GCONST> 2.877165e+01
<TRANSP> 5
 0.000000e+00 1.000000e+00 0.000000e+00 0.000000e+00 0.000000e+00
 0.000000e+00 9.048450e-01 9.515500e-02 0.000000e+00 0.000000e+00
 0.000000e+00 0.000000e+00 9.745168e-01 2.548321e-02 0.000000e+00
 0.000000e+00 0.000000e+00 0.000000e+00 9.506156e-01 4.938439e-02
 0.000000e+00 0.000000e+00 0.000000e+00 0.000000e+00 0.000000e+00
<ENDHMM>
~h "fp_key_0"
<BEGINHMM>
<NUMSTATES> 5
<STATE> 2
<MEAN> 6
 2.027669e+02 7.109622e+00 1.203609e+01 1.883126e+00 3.922920e+00 8.824205e-01
<VARIANCE> 6
 7.547538e+03 1.389373e+02 1.893864e+02 5.326499e+00 1.081569e+01 7.429700e-01
<GCONST> 3.389064e+01
<STATE> 3
<MEAN> 6
 3.835314e+02 3.648845e+01 4.350137e+01 9.192741e+00 1.049353e+01 3.116758e+00
<VARIANCE> 6
 2.556171e+04 1.457023e+03 2.241659e+03 7.097850e+01 4.483965e+01 6.770354e+00
<GCONST> 4.615325e+01
<STATE> 4
<MEAN> 6
 3.032786e+02 3.844047e+00 4.735105e+00 1.121749e+00 2.386442e+00 6.249660e-01
<VARIANCE> 6
 1.355979e+03 6.746664e+01 1.770114e+02 3.387724e+00 2.397923e+01 1.291188e+00
<GCONST> 3.228030e+01
<TRANSP> 5
 0.000000e+00 1.000000e+00 0.000000e+00 0.000000e+00 0.000000e+00
 0.000000e+00 4.665255e-01 5.334744e-01 0.000000e+00 0.000000e+00
 0.000000e+00 0.000000e+00 6.123187e-01 3.876814e-01 0.000000e+00
 0.000000e+00 0.000000e+00 0.000000e+00 8.674805e-01 1.325195e-01
 0.000000e+00 0.000000e+00 0.000000e+00 0.000000e+00 0.000000e+00
<ENDHMM>
~h "fp_key_1"
<BEGINHMM>
<NUMSTATES> 5
<STATE> 2
<MEAN> 6
 3.067045e+02 5.558428e+00 4.496334e+00 1.721525e+00 1.419008e+00 7.381307e-01
<VARIANCE> 6
 2.188144e+03 1.201130e+02 2.949718e+02 5.364321e+00 1.738650e+01 1.972589e+00
<GCONST> 3.440820e+01
<STATE> 3
<MEAN> 6
 6.294345e+02 8.863178e+01 2.638369e+01 2.236210e+01 9.108917e+00 3.923937e+00
<VARIANCE> 6
 4.065820e+04 2.981031e+03 1.745989e+03 1.468164e+02 1.581617e+02 2.243313e+01
<GCONST> 5.026866e+01
<STATE> 4
<MEAN> 6
 3.248514e+02 1.627030e+01 1.095256e+01 5.026884e+00 2.970010e+00 1.330884e+00
<VARIANCE> 6
 3.826451e+03 3.791037e+02 6.550630e+02 1.493764e+01 2.443398e+01 1.348422e+00
<GCONST> 3.789829e+01
<TRANSP> 5
 0.000000e+00 1.000000e+00 0.000000e+00 0.000000e+00 0.000000e+00
 0.000000e+00 7.451923e-01 2.548077e-01 0.000000e+00 0.000000e+00
 0.000000e+00 0.000000e+00 8.264981e-01 1.735019e-01 0.000000e+00
 0.000000e+00 0.000000e+00 0.000000e+00 6.980538e-01 3.019462e-01
 0.000000e+00 0.000000e+00 0.000000e+00 0.000000e+00 0.000000e+00
<ENDHMM>
~h "fp_key_2"
<BEGINHMM>
<NUMSTATES> 5
<STATE> 2
<MEAN> 6
 2.773694e+02 8.652526e+00 6.584612e+00 2.430493e+00 2.163088e+00 9.153549e-01
<VARIANCE> 6
 5.922280e+03 2.344742e+02 4.486036e+02 5.615661e+00 1.852115e+01 1.135214e+00
<GCONST> 3.604852e+01
<STATE> 3
<MEAN> 6
 5.789992e+02 1.069099e+02 2.567179e+01 2.249393e+01 1.114852e+01 4.795498e+00
<VARIANCE> 6
 2.991866e+04 3.889734e+03 1.718002e+03 1.454167e+02 2.252748e+02 3.550522e+01
<GCONST> 5.101512e+01
<STATE> 4
<MEAN> 6
 2.917124e+02 1.636615e+01 2.189797e+01 3.811924e+00 6.523911e+00 1.873021e+00
<VARIANCE> 6
 6.722756e+03 7.349204e+02 2.331612e+03 2.279491e+01 1.492468e+02 1.115521e+01
<GCONST> 4.473864e+01
<TRANSP> 5
 0.000000e+00 1.000000e+00 0.000000e+00 0.000000e+00 0.000000e+00
 0.000000e+00 7.964388e-01 2.035613e-01 0.000000e+00 0.000000e+00
 0.000000e+00 0.000000e+00 8.171940e-01 1.828060e-01 0.000000e+00
 0.000000e+00 0.000000e+00 0.000000e+00 6.179117e-01 3.820883e-01
 0.000000e+00 0.000000e+00 0.000000e+00 0.000000e+00 0.000000e+00
<ENDHMM>
~h "fp_key_3"
<BEGINHMM>
<NUMSTATES> 5
<STATE> 2
<MEAN> 6
 3.038045e+02 1.493777e+01 1.941082e+01 3.672974e+00 6.893328e+00 2.072180e+00
<VARIANCE> 6
 4.486946e+03 6.665558e+02 2.053868e+03 2.135767e+01 1.366268e+02 1.046980e+01
<GCONST> 4.389295e+01
<STATE> 3
<MEAN> 6
 5.835247e+02 1.058646e+02 3.113351e+01 3.077816e+01 1.445382e+01 6.174923e+00
<VARIANCE> 6
 2.315800e+04 3.912350e+03 1.927887e+03 2.594308e+02 3.342458e+02 6.056137e+01
<GCONST> 5.238745e+01
<STATE> 4
<MEAN> 6
 2.756546e+02 1.508411e+01 3.336421e+00 4.706287e+00 1.391577e+00 9.448251e-01
<VARIANCE> 6
 2.158167e+04 8.549042e+02 4.745521e+01 8.107103e+01 9.594471e+00 1.571837e+00
<GCONST> 3.872640e+01
<TRANSP> 5
 0.000000e+00 1.000000e+00 0.000000e+00 0.000000e+00 0.000000e+00
 0.000000e+00 6.796280e-01 3.203721e-01 0.000000e+00 0.000000e+00
 0.000000e+00 0.000000e+00 7.815068e-01 2.184932e-01 0.000000e+00
 0.000000e+00 0.000000e+00 0.000000e+00 7.675408e-01 2.324592e-01
 0.000000e+00 0.000000e+00 0.000000e+00 0.000000e+00 0.000000e+00
<ENDHMM>
~h "fp_key_4"
<BEGINHMM>
<NUMSTATES> 5
<STATE> 2
<MEAN> 6
 3.026969e+02 1.172550e+01 4.164505e+00 4.285927e+00 1.598841e+00 1.041481e+00
<VARIANCE> 6
 1.717062e+04 6.036517e+02 5.232615e+01 6.605035e+01 8.779553e+00 2.002763e+00
<GCONST> 3.819608e+01
<STATE> 3
<MEAN> 6
 5.309969e+02 6.244353e+01 5.392463e+01 2.040890e+01 2.148888e+01 7.955374e+00
<VARIANCE> 6
 3.174413e+04 2.958854e+03 3.792592e+03 2.255085e+02 3.064492e+02 5.011654e+01
<GCONST> 5.268385e+01
<STATE> 4
<MEAN> 6
 5.510827e+02 5.204518e+01 9.278275e+00 1.256721e+01 2.495399e+00 1.719596e+00
<VARIANCE> 6
 3.286999e+04 2.148356e+03 3.113504e+02 7.611568e+01 8.365039e+00 3.337713e+00
<GCONST> 4.250256e+01
<TRANSP> 5
 0.000000e+00 1.000000e+00 0.000000e+00 0.000000e+00 0.000000e+00
 0.000000e+00 8.307533e-01 1.692467e-01 0.000000e+00 0.000000e+00
 0.000000e+00 0.000000e+00 6.780303e-01 3.219697e-01 0.000000e+00
 0.000000e+00 0.000000e+00 0.000000e+00 7.490957e-01 2.509043e-01
 0.000000e+00 0.000000e+00 0.000000e+00 0.000000e+00 0.000000e+00
<ENDHMM>
~h "fp_key_5"
<BEGINHMM>
<NUMSTATES> 5
<STATE> 2
<MEAN> 6
 4.484011e+02 5.084356e+01 1.083617e+01 1.042533e+01 2.626427e+00 1.294027e+00
<VARIANCE> 6
 4.233082e+04 3.137278e+03 6.611182e+02 8.276463e+01 1.608394e+01 3.124308e+00
<GCONST> 4.455861e+01
<STATE> 3
<MEAN> 6
 4.557013e+02 2.480834e+01 2.866699e+01 9.048957e+00 6.119200e+00 3.313740e+00
<VARIANCE> 6
 3.318223e+04 1.245739e+03 2.116023e+03 1.294400e+02 6.466607e+01 1.181114e+01
<GCONST> 4.772331e+01
<STATE> 4
<MEAN> 6
 3.870258e+02 3.965653e+00 6.278300e+00 7.055339e-01 1.566007e+00 3.627339e-01
<VARIANCE> 6
 1.578814e+04 1.216717e+01 1.099542e+02 1.582062e-01 6.866562e+00 3.180422e-02
<GCONST> 2.452773e+01
<TRANSP> 5
 0.000000e+00 1.000000e+00 0.000000e+00 0.000000e+00 0.000000e+00
 0.000000e+00 4.095171e-01 5.904829e-01 0.000000e+00 0.000000e+00
 0.000000e+00 0.000000e+00 2.506854e-01 7.493147e-01 0.000000e+00
 0.000000e+00 0.000000e+00 0.000000e+00 8.885411e-01 1.114589e-01
 0.000000e+00 0.000000e+00 0.000000e+00 0.000000e+00 0.000000e+00
<ENDHMM>
