~o
<STREAMINFO> 1 6
<VECSIZE> 6<NULLD><MFCC><DIAGC>
~h "fp_logo_0"
<BEGINHMM>
<NUMSTATES> 5
<STATE> 2
<MEAN> 6
 1.425091e+02 8.958166e+00 4.310999e+00 4.182024e+00 2.081025e+00 8.753878e-01
<VARIANCE> 6
 2.502822e+03 1.085267e+02 1.903127e+01 1.586132e+01 2.227890e+00 5.244107e-01
<GCONST> 2.940497e+01
<STATE> 3
<MEAN> 6
 1.644648e+02 1.081976e+01 5.286456e+00 4.508362e+00 2.820878e+00 1.559067e+00
<VARIANCE> 6
 3.588582e+03 2.152438e+02 2.460659e+01 2.023518e+01 5.567528e+00 2.064988e+00
<GCONST> 3.323706e+01
<STATE> 4
<MEAN> 6
 1.415100e+02 5.362292e+00 2.361409e+00 1.385951e+00 9.641908e-01 3.328144e-01
<VARIANCE> 6
 2.064593e+03 4.929976e+01 3.605804e+00 2.446494e+00 4.763788e-01 4.252890e-02
<GCONST> 2.083595e+01
<TRANSP> 5
 0.000000e+00 1.000000e+00 0.000000e+00 0.000000e+00 0.000000e+00
 0.000000e+00 4.603987e-01 5.396013e-01 0.000000e+00 0.000000e+00
 0.000000e+00 0.000000e+00 1.561354e-01 8.438647e-01 0.000000e+00
 0.000000e+00 0.000000e+00 0.000000e+00 8.340661e-01 1.659339e-01
 0.000000e+00 0.000000e+00 0.000000e+00 0.000000e+00 0.000000e+00
<ENDHMM>
~h "fp_logo_1"
<BEGINHMM>
<NUMSTATES> 5
<STATE> 2
<MEAN> 6
 1.572243e+02 6.300449e+00 3.140421e+00 2.565167e+00 1.813177e+00 8.942388e-01
<VARIANCE> 6
 3.101991e+03 6.323061e+01 5.418161e+00 5.468509e+00 1.338005e+00 6.002170e-01
<GCONST> 2.638333e+01
<STATE> 3
<MEAN> 6
 3.719913e+02 8.125726e+01 4.555467e+01 1.970763e+01 1.248790e+01 5.741830e+00
<VARIANCE> 6
 4.604588e+04 7.452105e+03 4.572846e+03 2.948592e+02 2.450603e+02 4.754917e+01
<GCONST> 5.415856e+01
<STATE> 4
<MEAN> 6
 2.045844e+02 2.088965e+01 1.183897e+01 7.138530e+00 5.840745e+00 3.144078e+00
<VARIANCE> 6
 7.164173e+03 1.513748e+03 4.971254e+02 8.066885e+01 7.357092e+01 1.206537e+01
<GCONST> 4.461423e+01
<TRANSP> 5
 0.000000e+00 1.000000e+00 0.000000e+00 0.000000e+00 0.000000e+00
 0.000000e+00 5.294814e-01 4.705186e-01 0.000000e+00 0.000000e+00
 0.000000e+00 0.000000e+00 4.817246e-01 5.182754e-01 0.000000e+00
 0.000000e+00 0.000000e+00 0.000000e+00 1.512535e-01 8.487465e-01
 0.000000e+00 0.000000e+00 0.000000e+00 0.000000e+00 0.000000e+00
<ENDHMM>
~h "fp_logo_2"
<BEGINHMM>
<NUMSTATES> 5
<STATE> 2
<MEAN> 6
 2.215834e+02 2.789616e+01 2.191376e+01 9.197518e+00 7.123582e+00 3.586305e+00
<VARIANCE> 6
 9.083996e+03 2.499095e+03 1.680405e+03 1.306380e+02 1.049633e+02 2.301764e+01
<GCONST> 4.805431e+01
<STATE> 3
<MEAN> 6
 4.046007e+02 7.607079e+01 8.629712e+01 2.103514e+01 2.504559e+01 9.235056e+00
<VARIANCE> 6
 3.528596e+04 5.633696e+03 7.411324e+03 3.845465e+02 3.792099e+02 6.485954e+01
<GCONST> 5.510817e+01
<STATE> 4
<MEAN> 6
 1.791682e+02 1.038731e+01 5.264849e+00 4.883861e+00 3.296522e+00 2.319971e+00
<VARIANCE> 6
 2.936794e+03 1.930190e+02 3.540286e+01 2.536955e+01 1.136092e+01 4.374249e+00
<GCONST> 3.498138e+01
<TRANSP> 5
 0.000000e+00 1.000000e+00 0.000000e+00 0.000000e+00 0.000000e+00
 0.000000e+00 1.873240e-02 9.812676e-01 0.000000e+00 0.000000e+00
 0.000000e+00 0.000000e+00 6.923631e-01 3.076369e-01 0.000000e+00
 0.000000e+00 0.000000e+00 0.000000e+00 4.825017e-01 5.174983e-01
 0.000000e+00 0.000000e+00 0.000000e+00 0.000000e+00 0.000000e+00
<ENDHMM>
~h "fp_logo_3"
<BEGINHMM>
<NUMSTATES> 5
<STATE> 2
<MEAN> 6
 2.186662e+02 1.341678e+01 1.363772e+01 6.250026e+00 5.749028e+00 3.051935e+00
<VARIANCE> 6
 9.362792e+03 4.566795e+02 8.507059e+02 6.188261e+01 8.681422e+01 1.599020e+01
<GCONST> 4.440280e+01
<STATE> 3
<MEAN> 6
 3.479388e+02 6.999794e+01 3.840689e+01 2.075617e+01 1.152924e+01 6.195537e+00
<VARIANCE> 6
 3.285392e+04 7.506419e+03 3.776352e+03 4.940126e+02 2.235449e+02 4.942680e+01
<GCONST> 5.409978e+01
<STATE> 4
<MEAN> 6
 2.232816e+02 9.571575e+00 3.030962e+00 2.714536e+00 1.488577e+00 7.161247e-01
<VARIANCE> 6
 5.139650e+03 9.300694e+01 5.537091e+00 6.467348e+00 1.133201e+00 5.143114e-01
<GCONST> 2.714303e+01
<TRANSP> 5
 0.000000e+00 1.000000e+00 0.000000e+00 0.000000e+00 0.000000e+00
 0.000000e+00 2.713793e-02 9.728621e-01 0.000000e+00 0.000000e+00
 0.000000e+00 0.000000e+00 4.436944e-01 5.563056e-01 0.000000e+00
 0.000000e+00 0.000000e+00 0.000000e+00 6.927018e-01 3.072982e-01
 0.000000e+00 0.000000e+00 0.000000e+00 0.000000e+00 0.000000e+00
<ENDHMM>
~h "fp_logo_4"
<BEGINHMM>
<NUMSTATES> 5
<STATE> 2
<MEAN> 6
 2.091441e+02 1.809416e+01 4.195911e+00 8.585873e+00 2.186683e+00 1.069309e+00
<VARIANCE> 6
 3.616886e+03 3.985137e+02 1.601598e+01 3.965937e+01 1.959169e+00 8.736159e-01
<GCONST> 3.219969e+01
<STATE> 3
<MEAN> 6
 2.889493e+02 4.031622e+01 1.253943e+01 1.080551e+01 3.795959e+00 2.143645e+00
<VARIANCE> 6
 2.840897e+04 4.836091e+03 4.603348e+02 2.249507e+02 2.166516e+01 5.905820e+00
<GCONST> 4.616507e+01
<STATE> 4
<MEAN> 6
 2.485067e+02 3.570730e+00 3.467029e+00 1.521247e+00 1.558847e+00 5.223935e-01
<VARIANCE> 6
 3.417003e+03 7.679490e+00 8.879722e+00 9.541764e-01 1.019923e+00 1.625223e-01
<GCONST> 2.154198e+01
<TRANSP> 5
 0.000000e+00 1.000000e+00 0.000000e+00 0.000000e+00 0.000000e+00
 0.000000e+00 6.336246e-01 3.663754e-01 0.000000e+00 0.000000e+00
 0.000000e+00 0.000000e+00 3.474693e-01 6.525307e-01 0.000000e+00
 0.000000e+00 0.000000e+00 0.000000e+00 8.886756e-01 1.113245e-01
 0.000000e+00 0.000000e+00 0.000000e+00 0.000000e+00 0.000000e+00
<ENDHMM>
~h "fp_logo_5"
<BEGINHMM>
<NUMSTATES> 5
<STATE> 2
<MEAN> 6
 2.918424e+02 4.539893e+00 3.323160e+00 1.713574e+00 1.693606e+00 6.579342e-01
<VARIANCE> 6
 2.673510e+03 1.706486e+01 8.226418e+00 1.461071e+00 1.251156e+00 2.793250e-01
<GCONST> 2.319064e+01
<STATE> 3
<MEAN> 6
 3.157800e+02 6.140780e+00 1.049565e+01 2.384847e+00 3.990667e+00 1.018689e+00
<VARIANCE> 6
 4.678426e+03 5.611343e+01 1.827870e+02 1.122869e+01 1.440075e+01 1.149840e+00
<GCONST> 3.393905e+01
<STATE> 4
<MEAN> 6
 3.686178e+02 2.634247e+00 3.016517e+00 1.093757e+00 1.068120e+00 3.524436e-01
<VARIANCE> 6
 8.469290e+03 6.768017e+00 7.945117e+00 1.403075e+00 1.028267e+00 8.610051e-02
<GCONST> 2.197053e+01
<TRANSP> 5
 0.000000e+00 1.000000e+00 0.000000e+00 0.000000e+00 0.000000e+00
 0.000000e+00 5.517286e-01 4.482714e-01 0.000000e+00 0.000000e+00
 0.000000e+00 0.000000e+00 3.326119e-01 6.673881e-01 0.000000e+00
 0.000000e+00 0.000000e+00 0.000000e+00 8.906744e-01 1.093256e-01
 0.000000e+00 0.000000e+00 0.000000e+00 0.000000e+00 0.000000e+00
<ENDHMM>
~h "bg_white_0"
<BEGINHMM>
<NUMSTATES> 5
<STATE> 2
<MEAN> 6
 7.562247e+02 2.262574e+00 4.579358e+00 9.627540e-01 1.519005e+00 5.856490e-01
<VARIANCE> 6
 7.617712e+03 3.295311e+01 3.911732e+02 2.837288e+00 1.902880e+01 1.094820e+00
<GCONST> 3.350912e+01
<STATE> 3
<MEAN> 6
 6.881632e+02 3.607267e+01 2.773756e+01 1.410590e+01 1.661163e+01 1.015125e+01
<VARIANCE> 6
 1.159004e+04 1.762077e+03 1.753566e+03 1.463983e+02 2.555740e+02 1.270177e+02
<GCONST> 5.070299e+01
<STATE> 4
<MEAN> 6
 7.223575e+02 4.233556e+00 6.489838e+00 2.290711e+00 2.905660e+00 1.617252e+00
<VARIANCE> 6
 2.406106e+04 3.795067e+01 3.800931e+02 8.385394e+00 2.274970e+01 4.303871e+00
<GCONST> 3.740287e+01
<TRANSP> 5
 0.000000e+00 1.000000e+00 0.000000e+00 0.000000e+00 0.000000e+00
 0.000000e+00 9.079108e-01 9.208927e-02 0.000000e+00 0.000000e+00
 0.000000e+00 0.000000e+00 5.846954e-01 4.153046e-01 0.000000e+00
 0.000000e+00 0.000000e+00 0.000000e+00 3.669483e-01 6.330517e-01
 0.000000e+00 0.000000e+00 0.000000e+00 0.000000e+00 0.000000e+00
<ENDHMM>
~h "fp_screen_0"
<BEGINHMM>
<NUMSTATES> 5
<STATE> 2
<MEAN> 6
 2.149514e+02 5.950763e+00 9.144285e+00 2.299276e+00 3.278483e+00 8.415548e-01
<VARIANCE> 6
 1.961594e+04 4.503446e+01 2.255982e+02 4.573114e+00 1.832352e+01 7.858440e-01
<GCONST> 3.432493e+01
<STATE> 3
<MEAN> 6
 4.594469e+02 3.328813e+01 3.146560e+01 6.911091e+00 8.019445e+00 3.328796e+00
<VARIANCE> 6
 4.019852e+04 2.109444e+03 1.529634e+03 4.965723e+01 5.708863e+01 2.319613e+01
<GCONST> 4.770955e+01
<STATE> 4
<MEAN> 6
 4.392447e+02 8.434638e+00 3.628369e+00 2.553490e+00 1.786171e+00 9.257919e-01
<VARIANCE> 6
 2.116452e+04 1.330457e+02 1.769616e+01 8.709853e+00 2.693384e+00 1.255257e+00
<GCONST> 3.213398e+01
<TRANSP> 5
 0.000000e+00 1.000000e+00 0.000000e+00 0.000000e+00 0.000000e+00
 0.000000e+00 6.443875e-01 3.556125e-01 0.000000e+00 0.000000e+00
 0.000000e+00 0.000000e+00 2.464980e-01 7.535020e-01 0.000000e+00
 0.000000e+00 0.000000e+00 0.000000e+00 4.375331e-01 5.624669e-01
 0.000000e+00 0.000000e+00 0.000000e+00 0.000000e+00 0.000000e+00
<ENDHMM>
~h "fp_screen_1"
<BEGINHMM>
<NUMSTATES> 5
<STATE> 2
<MEAN> 6
 3.976169e+02 1.143706e+01 6.217009e+00 3.764261e+00 2.443884e+00 1.287944e+00
<VARIANCE> 6
 2.608555e+04 2.215286e+02 1.245339e+02 1.658418e+01 9.007552e+00 2.423761e+00
<GCONST> 3.731336e+01
<STATE> 3
<MEAN> 6
 5.148546e+02 4.561419e+01 2.374986e+01 1.372893e+01 6.235243e+00 3.077573e+00
<VARIANCE> 6
 4.094244e+04 2.345570e+03 1.425458e+03 2.026442e+02 5.819975e+01 1.788289e+01
<GCONST> 4.892890e+01
<STATE> 4
<MEAN> 6
 4.639590e+02 1.232550e+01 3.659922e+00 3.188142e+00 1.592000e+00 7.680664e-01
<VARIANCE> 6
 2.008921e+04 1.986012e+02 1.803352e+01 1.531912e+01 1.903047e+00 7.558068e-01
<GCONST> 3.221132e+01
<TRANSP> 5
 0.000000e+00 1.000000e+00 0.000000e+00 0.000000e+00 0.000000e+00
 0.000000e+00 1.518211e-01 8.481789e-01 0.000000e+00 0.000000e+00
 0.000000e+00 0.000000e+00 4.661632e-01 5.338368e-01 0.000000e+00
 0.000000e+00 0.000000e+00 0.000000e+00 6.300753e-01 3.699246e-01
 0.000000e+00 0.000000e+00 0.000000e+00 0.000000e+00 0.000000e+00
<ENDHMM>
~h "fp_screen_2"
<BEGINHMM>
<NUMSTATES> 5
<STATE> 2
<MEAN> 6
 4.067454e+02 1.230575e+01 1.134568e+01 4.057240e+00 3.497911e+00 1.269748e+00
<VARIANCE> 6
 1.773420e+04 2.581340e+02 3.755208e+02 2.055260e+01 1.072578e+01 1.851529e+00
<GCONST> 3.830396e+01
<STATE> 3
<MEAN> 6
 5.745093e+02 8.214757e+01 3.872293e+01 2.093238e+01 1.714391e+01 7.753262e+00
<VARIANCE> 6
 3.845182e+04 5.874578e+03 2.575024e+03 2.206019e+02 3.156010e+02 5.643391e+01
<GCONST> 5.330033e+01
<STATE> 4
<MEAN> 6
 4.814315e+02 4.705016e+01 1.365171e+01 1.368713e+01 5.459126e+00 2.708472e+00
<VARIANCE> 6
 3.078590e+04 1.945748e+03 5.136701e+02 1.395703e+02 4.900624e+01 9.951447e+00
<GCONST> 4.630529e+01
<TRANSP> 5
 0.000000e+00 1.000000e+00 0.000000e+00 0.000000e+00 0.000000e+00
 0.000000e+00 3.024058e-01 6.975942e-01 0.000000e+00 0.000000e+00
 0.000000e+00 0.000000e+00 6.042057e-01 3.957943e-01 0.000000e+00
 0.000000e+00 0.000000e+00 0.000000e+00 3.464743e-01 6.535258e-01
 0.000000e+00 0.000000e+00 0.000000e+00 0.000000e+00 0.000000e+00
<ENDHMM>
~h "fp_screen_3"
<BEGINHMM>
<NUMSTATES> 5
<STATE> 2
<MEAN> 6
 4.555773e+02 3.852088e+01 1.552858e+01 1.123240e+01 6.569676e+00 3.370956e+00
<VARIANCE> 6
 3.015327e+04 1.606819e+03 6.591302e+02 9.914802e+01 6.872500e+01 1.261213e+01
<GCONST> 4.657563e+01
<STATE> 3
<MEAN> 6
 5.672100e+02 7.403973e+01 4.372285e+01 1.720630e+01 1.521068e+01 7.452689e+00
<VARIANCE> 6
 3.946230e+04 5.272722e+03 3.056601e+03 1.487369e+02 1.943195e+02 4.768363e+01
<GCONST> 5.234200e+01
<STATE> 4
<MEAN> 6
 3.843663e+02 1.210974e+01 4.113355e+00 3.066118e+00 1.819590e+00 9.084092e-01
<VARIANCE> 6
 1.273153e+04 1.465727e+02 1.360393e+01 8.405009e+00 1.686600e+00 9.541487e-01
<GCONST> 3.068159e+01
<TRANSP> 5
 0.000000e+00 1.000000e+00 0.000000e+00 0.000000e+00 0.000000e+00
 0.000000e+00 1.831600e-01 8.168400e-01 0.000000e+00 0.000000e+00
 0.000000e+00 0.000000e+00 5.489012e-01 4.510988e-01 0.000000e+00
 0.000000e+00 0.000000e+00 0.000000e+00 7.719620e-01 2.280380e-01
 0.000000e+00 0.000000e+00 0.000000e+00 0.000000e+00 0.000000e+00
<ENDHMM>
~h "fp_screen_4"
<BEGINHMM>
<NUMSTATES> 5
<STATE> 2
<MEAN> 6
 3.457798e+02 2.990855e+01 6.083004e+00 7.002653e+00 2.822869e+00 1.565444e+00
<VARIANCE> 6
 1.375328e+04 8.008180e+02 4.317885e+01 3.275949e+01 5.115702e+00 2.518575e+00
<GCONST> 3.705248e+01
<STATE> 3
<MEAN> 6
 4.412340e+02 2.064692e+01 2.589557e+01 6.899638e+00 6.968017e+00 2.828851e+00
<VARIANCE> 6
 3.441409e+04 9.479464e+02 1.938938e+03 7.142422e+01 9.149118e+01 9.848368e+00
<GCONST> 4.696986e+01
<STATE> 4
<MEAN> 6
 3.322338e+02 5.585535e+00 5.700941e+00 1.882626e+00 1.772413e+00 6.489185e-01
<VARIANCE> 6
 7.146650e+03 2.397157e+01 4.971690e+01 2.085556e+00 2.074281e+00 2.747560e-01
<GCONST> 2.715765e+01
<TRANSP> 5
 0.000000e+00 1.000000e+00 0.000000e+00 0.000000e+00 0.000000e+00
 0.000000e+00 5.500122e-01 4.499877e-01 0.000000e+00 0.000000e+00
 0.000000e+00 0.000000e+00 2.245190e-01 7.754810e-01 0.000000e+00
 0.000000e+00 0.000000e+00 0.000000e+00 9.110802e-01 8.891977e-02
 0.000000e+00 0.000000e+00 0.000000e+00 0.000000e+00 0.000000e+00
<ENDHMM>
~h "fp_screen_5"
<BEGINHMM>
<NUMSTATES> 5
<STATE> 2
<MEAN> 6
 2.944638e+02 6.849873e+00 1.031736e+01 3.314135e+00 4.228640e+00 1.786449e+00
<VARIANCE> 6
 9.165334e+03 4.286222e+01 1.421304e+02 6.726772e+00 1.254295e+01 1.941051e+00
<GCONST> 3.396367e+01
<STATE> 3
<MEAN> 6
 3.627273e+02 1.941816e+01 3.226323e+01 6.535234e+00 8.658065e+00 2.429557e+00
<VARIANCE> 6
 1.548715e+04 1.395180e+03 1.027758e+03 8.390326e+01 7.420414e+01 1.327157e+01
<GCONST> 4.617305e+01
<STATE> 4
<MEAN> 6
 4.202983e+02 2.487996e+00 4.167899e+00 9.225069e-01 1.112973e+00 4.029496e-01
<VARIANCE> 6
 1.043259e+04 5.315978e+00 2.217569e+01 6.438606e-01 1.235149e+00 1.710474e-01
<GCONST> 2.305477e+01
<TRANSP> 5
 0.000000e+00 1.000000e+00 0.000000e+00 0.000000e+00 0.000000e+00
 0.000000e+00 4.952679e-01 5.047321e-01 0.000000e+00 0.000000e+00
 0.000000e+00 0.000000e+00 3.001457e-01 6.998543e-01 0.000000e+00
 0.000000e+00 0.000000e+00 0.000000e+00 9.070319e-01 9.296817e-02
 0.000000e+00 0.000000e+00 0.000000e+00 0.000000e+00 0.000000e+00
<ENDHMM>
~h "bg_white_0_0"
<BEGINHMM>
<NUMSTATES> 5
<STATE> 2
<MEAN> 6
 7.876487e+02 2.242222e+00 1.956064e+00 9.012215e-01 8.967043e-01 4.296761e-01
<VARIANCE> 6
 1.566836e+03 1.454749e+01 1.414200e+01 2.290670e+00 3.747504e+00 5.834675e-01
<GCONST> 2.532181e+01
<STATE> 3
<MEAN> 6
 7.151202e+02 4.427096e+01 1.991599e+01 1.448046e+01 1.329385e+01 9.172296e+00
<VARIANCE> 6
 7.068808e+03 2.983507e+03 6.022135e+02 1.726168e+02 1.799146e+02 9.097814e+01
<GCONST> 4.914635e+01
<STATE> 4
<MEAN> 6
 7.520038e+02 2.362827e+01 7.618415e+00 9.715351e+00 7.614320e+00 5.926516e+00
<VARIANCE> 6
 3.449887e+03 8.614807e+02 8.557488e+01 7.965252e+01 6.434736e+01 2.839021e+01
<GCONST> 4.226941e+01
<TRANSP> 5
 0.000000e+00 1.000000e+00 0.000000e+00 0.000000e+00 0.000000e+00
 0.000000e+00 7.576361e-01 2.423639e-01 0.000000e+00 0.000000e+00
 0.000000e+00 0.000000e+00 3.821611e-01 6.178388e-01 0.000000e+00
 0.000000e+00 0.000000e+00 0.000000e+00 2.109354e-01 7.890646e-01
 0.000000e+00 0.000000e+00 0.000000e+00 0.000000e+00 0.000000e+00
<ENDHMM>
~h "bg_white_0_1"
<BEGINHMM>
<NUMSTATES> 5
<STATE> 2
<MEAN> 6
 7.534568e+02 2.600597e+01 9.074021e+00 1.065271e+01 8.490260e+00 6.558290e+00
<VARIANCE> 6
 2.797939e+03 8.072209e+02 1.080144e+02 7.244498e+01 6.206567e+01 2.694345e+01
<GCONST> 4.204452e+01
<STATE> 3
<MEAN> 6
 6.945250e+02 6.139883e+01 2.119208e+01 1.860468e+01 1.903760e+01 1.321781e+01
<VARIANCE> 6
 2.894070e+03 1.420610e+03 3.935303e+02 8.877796e+01 1.613544e+02 7.424002e+01
<GCONST> 4.610873e+01
<STATE> 4
<MEAN> 6
 7.701928e+02 1.006686e+01 4.023139e+00 5.122055e+00 3.999130e+00 3.608872e+00
<VARIANCE> 6
 2.007419e+03 2.094248e+02 2.649811e+01 2.717015e+01 1.802585e+01 1.066533e+01
<GCONST> 3.581423e+01
<TRANSP> 5
 0.000000e+00 1.000000e+00 0.000000e+00 0.000000e+00 0.000000e+00
 0.000000e+00 3.663521e-01 6.336479e-01 0.000000e+00 0.000000e+00
 0.000000e+00 0.000000e+00 7.906836e-01 2.093163e-01 0.000000e+00
 0.000000e+00 0.000000e+00 0.000000e+00 5.677775e-01 4.322225e-01
 0.000000e+00 0.000000e+00 0.000000e+00 0.000000e+00 0.000000e+00
<ENDHMM>
~h "bg_white_0_2"
<BEGINHMM>
<NUMSTATES> 5
<STATE> 2
<MEAN> 6
 7.455103e+02 2.872635e+01 1.175162e+01 1.215523e+01 1.030283e+01 7.394518e+00
<VARIANCE> 6
 2.372002e+03 6.654346e+02 1.574462e+02 6.701992e+01 7.266299e+01 3.272557e+01
<GCONST> 4.233725e+01
<STATE> 3
<MEAN> 6
 6.873980e+02 5.643365e+01 2.258499e+01 2.058432e+01 2.008026e+01 1.509423e+01
<VARIANCE> 6
 5.350854e+03 2.008692e+03 4.832725e+02 1.702812e+02 2.268924e+02 1.472895e+02
<GCONST> 4.895242e+01
<STATE> 4
<MEAN> 6
 7.598730e+02 1.315053e+01 4.291537e+00 6.102015e+00 4.367306e+00 3.649610e+00
<VARIANCE> 6
 3.445735e+03 3.744972e+02 2.687976e+01 4.156378e+01 2.292578e+01 1.201428e+01
<GCONST> 3.773470e+01
<TRANSP> 5
 0.000000e+00 1.000000e+00 0.000000e+00 0.000000e+00 0.000000e+00
 0.000000e+00 4.816065e-01 5.183935e-01 0.000000e+00 0.000000e+00
 0.000000e+00 0.000000e+00 6.694974e-01 3.305026e-01 0.000000e+00
 0.000000e+00 0.000000e+00 0.000000e+00 4.039118e-01 5.960882e-01
 0.000000e+00 0.000000e+00 0.000000e+00 0.000000e+00 0.000000e+00
<ENDHMM>
~h "bg_white_0_3"
<BEGINHMM>
<NUMSTATES> 5
<STATE> 2
<MEAN> 6
 7.182819e+02 3.355795e+01 1.017576e+01 1.216358e+01 9.144190e+00 6.313610e+00
<VARIANCE> 6
 1.126347e+04 1.305296e+03 1.451805e+02 9.468554e+01 8.487418e+01 3.652958e+01
<GCONST> 4.509859e+01
<STATE> 3
<MEAN> 6
 7.011448e+02 4.987514e+01 2.092165e+01 1.673240e+01 1.675967e+01 1.173941e+01
<VARIANCE> 6
 4.070835e+03 1.483108e+03 4.151018e+02 9.949225e+01 1.488575e+02 7.802171e+01
<GCONST> 4.662934e+01
<STATE> 4
<MEAN> 6
 7.637910e+02 8.523881e+00 3.984328e+00 4.808218e+00 3.464044e+00 2.966779e+00
<VARIANCE> 6
 1.934635e+03 1.468976e+02 3.250608e+01 2.659059e+01 1.573558e+01 9.889890e+00
<GCONST> 3.539409e+01
<TRANSP> 5
 0.000000e+00 1.000000e+00 0.000000e+00 0.000000e+00 0.000000e+00
 0.000000e+00 2.055092e-01 7.944908e-01 0.000000e+00 0.000000e+00
 0.000000e+00 0.000000e+00 6.390963e-01 3.609038e-01 0.000000e+00
 0.000000e+00 0.000000e+00 0.000000e+00 6.495980e-01 3.504020e-01
 0.000000e+00 0.000000e+00 0.000000e+00 0.000000e+00 0.000000e+00
<ENDHMM>
~h "bg_white_0_4"
<BEGINHMM>
<NUMSTATES> 5
<STATE> 2
<MEAN> 6
 7.292410e+02 1.909184e+01 9.831257e+00 8.500648e+00 7.172747e+00 5.039785e+00
<VARIANCE> 6
 9.396011e+03 4.923787e+02 1.765329e+02 6.507143e+01 6.403191e+01 2.745936e+01
<GCONST> 4.319564e+01
<STATE> 3
<MEAN> 6
 7.024113e+02 4.620548e+01 2.058994e+01 1.596256e+01 1.605363e+01 1.111572e+01
<VARIANCE> 6
 4.183265e+03 1.343171e+03 3.962126e+02 9.892042e+01 1.365893e+02 7.030596e+01
<GCONST> 4.631500e+01
<STATE> 4
<MEAN> 6
 7.671757e+02 2.730502e+00 1.628690e+00 1.412629e+00 1.176486e+00 1.082090e+00
<VARIANCE> 6
 1.312755e+03 1.745866e+01 4.357679e+00 3.740022e+00 2.756963e+00 3.019720e+00
<GCONST> 2.597731e+01
<TRANSP> 5
 0.000000e+00 1.000000e+00 0.000000e+00 0.000000e+00 0.000000e+00
 0.000000e+00 1.715623e-01 8.284377e-01 0.000000e+00 0.000000e+00
 0.000000e+00 0.000000e+00 6.957182e-01 3.042818e-01 0.000000e+00
 0.000000e+00 0.000000e+00 0.000000e+00 9.246904e-01 7.530966e-02
 0.000000e+00 0.000000e+00 0.000000e+00 0.000000e+00 0.000000e+00
<ENDHMM>
~h "bg_white_0_5"
<BEGINHMM>
<NUMSTATES> 5
<STATE> 2
<MEAN> 6
 7.517491e+02 3.353305e+00 4.727387e+00 1.488474e+00 2.382581e+00 8.266580e-01
<VARIANCE> 6
 4.206622e+03 6.000331e+01 4.177704e+01 1.262556e+01 1.693434e+01 3.976134e+00
<GCONST> 3.394380e+01
<STATE> 3
<MEAN> 6
 6.009539e+02 5.134816e+01 5.145147e+01 1.632883e+01 2.079206e+01 8.879526e+00
<VARIANCE> 6
 2.216841e+04 3.916865e+03 4.496832e+03 2.734361e+02 3.306614e+02 1.558443e+02
<GCONST> 5.417888e+01
<STATE> 4
<MEAN> 6
 3.690564e+02 7.179343e+00 6.432873e+00 2.723987e+00 2.394918e+00 9.544552e-01
<VARIANCE> 6
 3.303664e+04 1.414626e+02 3.424296e+02 1.688998e+01 2.453234e+01 5.862256e+00
<GCONST> 4.001599e+01
<TRANSP> 5
 0.000000e+00 1.000000e+00 0.000000e+00 0.000000e+00 0.000000e+00
 0.000000e+00 4.323942e-01 5.676058e-01 0.000000e+00 0.000000e+00
 0.000000e+00 0.000000e+00 5.514672e-01 4.485328e-01 0.000000e+00
 0.000000e+00 0.000000e+00 0.000000e+00 7.616032e-01 2.383968e-01
 0.000000e+00 0.000000e+00 0.000000e+00 0.000000e+00 0.000000e+00
<ENDHMM>
~h "bg_dark_0"
<BEGINHMM>
<NUMSTATES> 5
<STATE> 2
<MEAN> 6
 2.634930e+02 1.061556e+01 9.456422e+00 3.417735e+00 3.348640e+00 1.353759e+00
<VARIANCE> 6
 1.052135e+04 3.559212e+02 7.261533e+01 8.431923e+00 4.390261e+00 1.364795e+00
<GCONST> 3.437073e+01
<STATE> 3
<MEAN> 6
 2.172873e+02 3.515074e+01 1.450909e+01 8.519825e+00 5.145857e+00 2.427736e+00
<VARIANCE> 6
 1.236280e+04 1.641517e+03 1.970004e+02 7.733961e+01 1.087254e+01 3.645832e+00
<GCONST> 4.116432e+01
<STATE> 4
<MEAN> 6
 1.133848e+02 8.890025e+00 7.074898e+00 2.535574e+00 2.484063e+00 8.004128e-01
<VARIANCE> 6
 4.977506e+03 9.405936e+01 5.023302e+01 2.710914e+00 2.511134e+00 4.152752e-01
<GCONST> 2.903975e+01
<TRANSP> 5
 0.000000e+00 1.000000e+00 0.000000e+00 0.000000e+00 0.000000e+00
 0.000000e+00 7.737672e-01 2.262327e-01 0.000000e+00 0.000000e+00
 0.000000e+00 0.000000e+00 5.564449e-01 4.435551e-01 0.000000e+00
 0.000000e+00 0.000000e+00 0.000000e+00 8.303087e-01 1.696912e-01
 0.000000e+00 0.000000e+00 0.000000e+00 0.000000e+00 0.000000e+00
<ENDHMM>
~h "bg_dark_0_0"
<BEGINHMM>
<NUMSTATES> 5
<STATE> 2
<MEAN> 6
 2.637152e+02 1.446626e+01 8.810679e+00 4.772478e+00 3.786006e+00 1.994284e+00
<VARIANCE> 6
 1.883504e+04 2.196934e+02 4.597696e+01 6.426303e+00 3.615631e+00 1.915177e+00
<GCONST> 3.388659e+01
<STATE> 3
<MEAN> 6
 2.348625e+02 3.740305e+01 1.379314e+01 9.269932e+00 5.236409e+00 2.347718e+00
<VARIANCE> 6
 1.462902e+04 1.114290e+03 1.577632e+02 4.332438e+01 9.752644e+00 3.085307e+00
<GCONST> 3.986800e+01
<STATE> 4
<MEAN> 6
 1.890370e+02 9.850015e+00 1.018146e+01 2.926227e+00 2.850251e+00 1.008139e+00
<VARIANCE> 6
 9.272579e+03 8.338866e+01 8.504061e+01 4.123216e+00 2.910692e+00 5.923809e-01
<GCONST> 3.099014e+01
<TRANSP> 5
 0.000000e+00 1.000000e+00 0.000000e+00 0.000000e+00 0.000000e+00
 0.000000e+00 4.194030e-01 5.805970e-01 0.000000e+00 0.000000e+00
 0.000000e+00 0.000000e+00 4.797081e-01 5.202919e-01 0.000000e+00
 0.000000e+00 0.000000e+00 0.000000e+00 6.393975e-01 3.606025e-01
 0.000000e+00 0.000000e+00 0.000000e+00 0.000000e+00 0.000000e+00
<ENDHMM>
~h "bg_dark_0_1"
<BEGINHMM>
<NUMSTATES> 5
<STATE> 2
<MEAN> 6
 2.948250e+02 9.537980e+00 7.681777e+00 3.399528e+00 3.109478e+00 1.291380e+00
<VARIANCE> 6
 2.175716e+04 7.955043e+01 4.038759e+01 4.308473e+00 3.484336e+00 1.010891e+00
<GCONST> 3.180957e+01
<STATE> 3
<MEAN> 6
 2.075925e+02 2.303377e+01 2.178155e+01 6.646830e+00 6.604692e+00 2.456959e+00
<VARIANCE> 6
 1.113316e+04 4.415305e+02 3.853975e+02 1.796391e+01 1.837439e+01 2.813159e+00
<GCONST> 3.922310e+01
<STATE> 4
<MEAN> 6
 1.784135e+02 1.173581e+01 8.161326e+00 2.962941e+00 2.516933e+00 8.777288e-01
<VARIANCE> 6
 1.143486e+04 1.516160e+02 6.232906e+01 3.632044e+00 2.926446e+00 4.562566e-01
<GCONST> 3.110435e+01
<TRANSP> 5
 0.000000e+00 1.000000e+00 0.000000e+00 0.000000e+00 0.000000e+00
 0.000000e+00 6.310046e-01 3.689954e-01 0.000000e+00 0.000000e+00
 0.000000e+00 0.000000e+00 5.489208e-01 4.510792e-01 0.000000e+00
 0.000000e+00 0.000000e+00 0.000000e+00 6.383511e-01 3.616489e-01
 0.000000e+00 0.000000e+00 0.000000e+00 0.000000e+00 0.000000e+00
<ENDHMM>
~h "bg_dark_0_2"
<BEGINHMM>
<NUMSTATES> 5
<STATE> 2
<MEAN> 6
 2.123701e+02 1.425693e+01 1.088020e+01 3.972794e+00 3.882703e+00 1.639127e+00
<VARIANCE> 6
 1.714830e+04 1.743105e+02 9.708978e+01 4.722676e+00 5.638237e+00 1.305653e+00
<GCONST> 3.406204e+01
<STATE> 3
<MEAN> 6
 2.053676e+02 2.809925e+01 1.976592e+01 7.992735e+00 6.992856e+00 3.275197e+00
<VARIANCE> 6
 8.734769e+03 7.402162e+02 2.696483e+02 2.339222e+01 2.225637e+01 5.270812e+00
<GCONST> 4.022361e+01
<STATE> 4
<MEAN> 6
 1.833185e+02 1.352275e+01 4.820392e+00 2.792048e+00 1.745398e+00 7.044254e-01
<VARIANCE> 6
 1.292078e+04 2.131947e+02 2.714936e+01 3.952878e+00 2.253547e+00 4.246028e-01
<GCONST> 3.048776e+01
<TRANSP> 5
 0.000000e+00 1.000000e+00 0.000000e+00 0.000000e+00 0.000000e+00
 0.000000e+00 3.999381e-01 6.000620e-01 0.000000e+00 0.000000e+00
 0.000000e+00 0.000000e+00 6.239195e-01 3.760806e-01 0.000000e+00
 0.000000e+00 0.000000e+00 0.000000e+00 7.590218e-01 2.409782e-01
 0.000000e+00 0.000000e+00 0.000000e+00 0.000000e+00 0.000000e+00
<ENDHMM>
~h "bg_dark_0_3"
<BEGINHMM>
<NUMSTATES> 5
<STATE> 2
<MEAN> 6
 1.977548e+02 1.494764e+01 1.097606e+01 4.412086e+00 4.016249e+00 1.653919e+00
<VARIANCE> 6
 1.415709e+04 1.806789e+02 8.226766e+01 5.603803e+00 6.330454e+00 1.255697e+00
<GCONST> 3.398844e+01
<STATE> 3
<MEAN> 6
 2.392030e+02 4.293866e+01 1.522295e+01 9.697942e+00 5.558821e+00 2.787290e+00
<VARIANCE> 6
 1.531674e+04 1.312481e+03 1.774755e+02 3.548266e+01 1.463606e+01 5.039298e+00
<GCONST> 4.089227e+01
<STATE> 4
<MEAN> 6
 3.080331e+02 9.843472e+00 5.692234e+00 2.928420e+00 2.371444e+00 9.588041e-01
<VARIANCE> 6
 2.706864e+04 7.877966e+01 2.784274e+01 3.497728e+00 2.669713e+00 6.877093e-01
<GCONST> 3.078632e+01
<TRANSP> 5
 0.000000e+00 1.000000e+00 0.000000e+00 0.000000e+00 0.000000e+00
 0.000000e+00 4.684443e-01 5.315557e-01 0.000000e+00 0.000000e+00
 0.000000e+00 0.000000e+00 6.269621e-01 3.730379e-01 0.000000e+00
 0.000000e+00 0.000000e+00 0.000000e+00 7.237976e-01 2.762024e-01
 0.000000e+00 0.000000e+00 0.000000e+00 0.000000e+00 0.000000e+00
<ENDHMM>
~h "bg_dark_0_4"
<BEGINHMM>
<NUMSTATES> 5
<STATE> 2
<MEAN> 6
 2.417840e+02 1.542224e+01 8.520731e+00 4.627460e+00 3.414741e+00 1.717152e+00
<VARIANCE> 6
 2.580091e+04 2.050670e+02 4.430592e+01 7.589688e+00 4.148787e+00 1.506831e+00
<GCONST> 3.415950e+01
<STATE> 3
<MEAN> 6
 2.091762e+02 2.570854e+01 2.525392e+01 7.981348e+00 7.158142e+00 3.511519e+00
<VARIANCE> 6
 1.050802e+04 4.517577e+02 5.184240e+02 2.162083e+01 2.230653e+01 5.713520e+00
<GCONST> 4.057247e+01
<STATE> 4
<MEAN> 6
 9.333054e+01 6.660158e+00 7.315904e+00 1.915705e+00 2.096408e+00 6.878139e-01
<VARIANCE> 6
 1.586885e+03 4.771917e+01 5.473232e+01 1.888427e+00 2.715631e+00 3.628143e-01
<GCONST> 2.688548e+01
<TRANSP> 5
 0.000000e+00 1.000000e+00 0.000000e+00 0.000000e+00 0.000000e+00
 0.000000e+00 4.398741e-01 5.601259e-01 0.000000e+00 0.000000e+00
 0.000000e+00 0.000000e+00 6.995220e-01 3.004780e-01 0.000000e+00
 0.000000e+00 0.000000e+00 0.000000e+00 8.535003e-01 1.464997e-01
 0.000000e+00 0.000000e+00 0.000000e+00 0.000000e+00 0.000000e+00
<ENDHMM>
~h "bg_dark_0_5"
<BEGINHMM>
<NUMSTATES> 5
<STATE> 2
<MEAN> 6
 1.306813e+02 1.329645e+01 1.100884e+01 3.517684e+00 3.233838e+00 1.145965e+00
<VARIANCE> 6
 3.630054e+03 1.655823e+02 9.855656e+01 5.242586e+00 4.160632e+00 8.352157e-01
<GCONST> 3.182678e+01
<STATE> 3
<MEAN> 6
 1.550511e+02 1.947004e+01 1.851581e+01 6.109128e+00 6.191600e+00 2.639628e+00
<VARIANCE> 6
 3.549229e+03 3.063686e+02 2.764044e+02 1.479642e+01 1.543548e+01 5.169777e+00
<GCONST> 3.762228e+01
<STATE> 4
<MEAN> 6
 9.686601e+01 5.493586e+00 5.048247e+00 1.445419e+00 1.435412e+00 5.198283e-01
<VARIANCE> 6
 2.424552e+03 6.586931e+01 4.759806e+01 2.454590e+00 2.873195e+00 7.504426e-01
<GCONST> 2.853742e+01
<TRANSP> 5
 0.000000e+00 1.000000e+00 0.000000e+00 0.000000e+00 0.000000e+00
 0.000000e+00 5.078198e-01 4.921802e-01 0.000000e+00 0.000000e+00
 0.000000e+00 0.000000e+00 7.499162e-01 2.500838e-01 0.000000e+00
 0.000000e+00 0.000000e+00 0.000000e+00 8.849924e-01 1.150076e-01
 0.000000e+00 0.000000e+00 0.000000e+00 0.000000e+00 0.000000e+00
<ENDHMM>
~h "bg_red_0"
<BEGINHMM>
<NUMSTATES> 5
<STATE> 2
<MEAN> 6
 3.028622e+02 8.548024e+00 5.387526e+00 3.920575e+00 2.894216e+00 1.796477e+00
<VARIANCE> 6
 1.658420e+04 1.396032e+02 3.470957e+01 2.341756e+01 4.248444e+00 3.771182e+00
<GCONST> 3.515672e+01
<STATE> 3
<MEAN> 6
 4.605870e+02 4.093730e+01 1.016229e+01 1.108416e+01 2.809195e+00 1.579908e+00
<VARIANCE> 6
 4.444046e+04 2.829996e+03 3.996891e+02 1.457476e+02 1.550507e+01 4.089972e+00
<GCONST> 4.479947e+01
<STATE> 4
<MEAN> 6
 2.773636e+02 5.094997e+00 2.370208e+00 1.872633e+00 1.109666e+00 5.269515e-01
<VARIANCE> 6
 7.492863e+03 3.750970e+01 5.653774e+00 3.880058e+00 1.108531e+00 3.457732e-01
<GCONST> 2.570281e+01
<TRANSP> 5
 0.000000e+00 1.000000e+00 0.000000e+00 0.000000e+00 0.000000e+00
 0.000000e+00 5.524943e-01 4.475057e-01 0.000000e+00 0.000000e+00
 0.000000e+00 0.000000e+00 4.532558e-01 5.467442e-01 0.000000e+00
 0.000000e+00 0.000000e+00 0.000000e+00 7.117636e-01 2.882364e-01
 0.000000e+00 0.000000e+00 0.000000e+00 0.000000e+00 0.000000e+00
<ENDHMM>
~h "bg_board"
<BEGINHMM>
<NUMSTATES> 5
<STATE> 2
<MEAN> 6
 1.681799e+02 1.649190e+01 8.842638e+00 4.845494e+00 2.658959e+00 1.065970e+00
<VARIANCE> 6
 6.831164e+03 2.651043e+02 6.268761e+01 1.020742e+01 3.405707e+00 9.713602e-01
<GCONST> 3.309431e+01
<STATE> 3
<MEAN> 6
 2.913024e+02 3.799129e+01 1.457231e+01 1.182601e+01 5.482853e+00 3.029786e+00
<VARIANCE> 6
 1.000229e+04 2.408230e+03 2.454456e+02 4.951033e+01 1.630373e+01 6.265070e+00
<GCONST> 4.205612e+01
<STATE> 4
<MEAN> 6
 3.924765e+02 6.200880e+00 3.787844e+00 1.421679e+00 1.027354e+00 3.805270e-01
<VARIANCE> 6
 1.049616e+04 7.905597e+01 1.245578e+01 2.715652e+00 8.015886e-01 1.119760e-01
<GCONST> 2.576677e+01
<TRANSP> 5
 0.000000e+00 1.000000e+00 0.000000e+00 0.000000e+00 0.000000e+00
 0.000000e+00 8.814427e-01 1.185573e-01 0.000000e+00 0.000000e+00
 0.000000e+00 0.000000e+00 7.356167e-01 2.643833e-01 0.000000e+00
 0.000000e+00 0.000000e+00 0.000000e+00 9.216603e-01 7.833965e-02
 0.000000e+00 0.000000e+00 0.000000e+00 0.000000e+00 0.000000e+00
<ENDHMM>
~h "fp_key_0"
<BEGINHMM>
<NUMSTATES> 5
<STATE> 2
<MEAN> 6
 1.808863e+02 1.719891e+01 7.221101e+00 4.145005e+00 2.421211e+00 8.333845e-01
<VARIANCE> 6
 1.157984e+04 3.915091e+02 1.748912e+02 1.424231e+01 1.506594e+01 7.877720e-01
<GCONST> 3.664856e+01
<STATE> 3
<MEAN> 6
 3.366277e+02 6.078955e+01 4.324216e+01 1.589943e+01 1.475100e+01 5.210980e+00
<VARIANCE> 6
 2.995414e+04 3.264753e+03 3.176786e+03 1.863305e+02 2.391925e+02 2.769079e+01
<GCONST> 5.151514e+01
<STATE> 4
<MEAN> 6
 4.543075e+02 8.458094e+01 8.332251e+00 1.664375e+01 2.886462e+00 1.555204e+00
<VARIANCE> 6
 5.936260e+04 4.273391e+03 1.020943e+02 1.432243e+02 8.472118e+00 2.369190e+00
<GCONST> 4.296848e+01
<TRANSP> 5
 0.000000e+00 1.000000e+00 0.000000e+00 0.000000e+00 0.000000e+00
 0.000000e+00 5.606210e-01 4.393789e-01 0.000000e+00 0.000000e+00
 0.000000e+00 0.000000e+00 3.338511e-01 6.661489e-01 0.000000e+00
 0.000000e+00 0.000000e+00 0.000000e+00 6.379550e-01 3.620450e-01
 0.000000e+00 0.000000e+00 0.000000e+00 0.000000e+00 0.000000e+00
<ENDHMM>
~h "fp_key_1"
<BEGINHMM>
<NUMSTATES> 5
<STATE> 2
<MEAN> 6
 2.406474e+02 1.636381e+01 4.900907e+00 4.479546e+00 2.133516e+00 1.175010e+00
<VARIANCE> 6
 2.652517e+04 9.724226e+02 3.400974e+01 3.205615e+01 4.239613e+00 1.416447e+00
<GCONST> 3.687967e+01
<STATE> 3
<MEAN> 6
 3.957916e+02 6.922327e+01 6.539659e+01 2.229882e+01 2.301728e+01 8.796032e+00
<VARIANCE> 6
 3.125929e+04 3.992909e+03 4.145460e+03 3.301165e+02 3.520009e+02 5.766173e+01
<GCONST> 5.371705e+01
<STATE> 4
<MEAN> 6
 4.779037e+02 8.321362e+01 1.217608e+01 1.752403e+01 4.532091e+00 2.126853e+00
<VARIANCE> 6
 5.200923e+04 4.164556e+03 3.272972e+02 1.435192e+02 3.917414e+01 4.924725e+00
<GCONST> 4.624043e+01
<TRANSP> 5
 0.000000e+00 1.000000e+00 0.000000e+00 0.000000e+00 0.000000e+00
 0.000000e+00 6.313888e-01 3.686112e-01 0.000000e+00 0.000000e+00
 0.000000e+00 0.000000e+00 5.456309e-01 4.543691e-01 0.000000e+00
 0.000000e+00 0.000000e+00 0.000000e+00 6.106941e-01 3.893059e-01
 0.000000e+00 0.000000e+00 0.000000e+00 0.000000e+00 0.000000e+00
<ENDHMM>
~h "fp_key_2"
<BEGINHMM>
<NUMSTATES> 5
<STATE> 2
<MEAN> 6
 2.673533e+02 1.657618e+01 6.667336e+00 5.362851e+00 2.950460e+00 1.554102e+00
<VARIANCE> 6
 2.229810e+04 6.607284e+02 8.958704e+01 3.579340e+01 1.102461e+01 2.951534e+00
<GCONST> 3.908829e+01
<STATE> 3
<MEAN> 6
 4.125452e+02 7.486235e+01 6.257028e+01 2.263158e+01 2.219268e+01 8.217656e+00
<VARIANCE> 6
 3.290300e+04 4.735055e+03 4.675753e+03 3.754393e+02 3.811679e+02 5.886444e+01
<GCONST> 5.428805e+01
<STATE> 4
<MEAN> 6
 3.856275e+02 7.266277e+01 1.714711e+01 1.474717e+01 6.395384e+00 2.956262e+00
<VARIANCE> 6
 3.710396e+04 4.512137e+03 6.945806e+02 1.493803e+02 6.743711e+01 1.065021e+01
<GCONST> 4.808985e+01
<TRANSP> 5
 0.000000e+00 1.000000e+00 0.000000e+00 0.000000e+00 0.000000e+00
 0.000000e+00 6.065669e-01 3.934331e-01 0.000000e+00 0.000000e+00
 0.000000e+00 0.000000e+00 4.071470e-01 5.928530e-01 0.000000e+00
 0.000000e+00 0.000000e+00 0.000000e+00 2.104262e-01 7.895738e-01
 0.000000e+00 0.000000e+00 0.000000e+00 0.000000e+00 0.000000e+00
<ENDHMM>
~h "fp_key_3"
<BEGINHMM>
<NUMSTATES> 5
<STATE> 2
<MEAN> 6
 4.466828e+02 8.029830e+01 1.308461e+01 1.943404e+01 5.195463e+00 2.554400e+00
<VARIANCE> 6
 3.688558e+04 4.086725e+03 3.307364e+02 2.142749e+02 4.654997e+01 6.948600e+00
<GCONST> 4.680599e+01
<STATE> 3
<MEAN> 6
 4.261215e+02 5.988808e+01 6.072675e+01 2.029860e+01 2.204297e+01 8.169680e+00
<VARIANCE> 6
 3.179552e+04 3.327484e+03 4.194935e+03 2.924725e+02 3.792099e+02 5.765759e+01
<GCONST> 5.351693e+01
<STATE> 4
<MEAN> 6
 2.822081e+02 1.477787e+01 4.739456e+00 4.194542e+00 2.178834e+00 1.274234e+00
<VARIANCE> 6
 1.511936e+04 6.639066e+02 2.463920e+01 3.193928e+01 4.109996e+00 1.966191e+00
<GCONST> 3.590683e+01
<TRANSP> 5
 0.000000e+00 1.000000e+00 0.000000e+00 0.000000e+00 0.000000e+00
 0.000000e+00 4.590755e-01 5.409245e-01 0.000000e+00 0.000000e+00
 0.000000e+00 0.000000e+00 4.537891e-01 5.462109e-01 0.000000e+00
 0.000000e+00 0.000000e+00 0.000000e+00 7.115570e-01 2.884430e-01
 0.000000e+00 0.000000e+00 0.000000e+00 0.000000e+00 0.000000e+00
<ENDHMM>
~h "fp_key_4"
<BEGINHMM>
<NUMSTATES> 5
<STATE> 2
<MEAN> 6
 4.751149e+02 6.387712e+01 7.612502e+00 1.379264e+01 2.925022e+00 1.657429e+00
<VARIANCE> 6
 3.297779e+04 2.685352e+03 6.535220e+01 8.009412e+01 8.452460e+00 2.622679e+00
<GCONST> 4.098806e+01
<STATE> 3
<MEAN> 6
 4.924850e+02 7.431234e+01 5.075375e+01 2.241574e+01 2.036205e+01 8.675041e+00
<VARIANCE> 6
 3.083983e+04 4.122385e+03 3.160749e+03 2.538071e+02 3.050756e+02 5.753127e+01
<GCONST> 5.305604e+01
<STATE> 4
<MEAN> 6
 3.641892e+02 2.295275e+01 7.626082e+00 6.467257e+00 2.374347e+00 1.452298e+00
<VARIANCE> 6
 2.278790e+04 1.153651e+03 1.082576e+02 5.201586e+01 4.881674e+00 2.281793e+00
<GCONST> 3.915845e+01
<TRANSP> 5
 0.000000e+00 1.000000e+00 0.000000e+00 0.000000e+00 0.000000e+00
 0.000000e+00 6.225625e-01 3.774374e-01 0.000000e+00 0.000000e+00
 0.000000e+00 0.000000e+00 5.600501e-01 4.399499e-01 0.000000e+00
 0.000000e+00 0.000000e+00 0.000000e+00 4.399881e-01 5.600119e-01
 0.000000e+00 0.000000e+00 0.000000e+00 0.000000e+00 0.000000e+00
<ENDHMM>
~h "fp_key_5"
<BEGINHMM>
<NUMSTATES> 5
<STATE> 2
<MEAN> 6
 4.640661e+02 6.187796e+01 1.280174e+01 1.161111e+01 3.565746e+00 2.223676e+00
<VARIANCE> 6
 3.253171e+04 3.395659e+03 2.549795e+02 8.899555e+01 1.496974e+01 5.328003e+00
<GCONST> 4.395626e+01
<STATE> 3
<MEAN> 6
 4.363370e+02 3.713342e+01 4.240211e+01 9.718190e+00 1.021278e+01 4.564215e+00
<VARIANCE> 6
 3.437289e+04 2.336075e+03 3.373093e+03 1.227230e+02 1.492723e+02 2.688902e+01
<GCONST> 5.045952e+01
<STATE> 4
<MEAN> 6
 3.697838e+02 3.479344e+00 5.534840e+00 9.318414e-01 1.302011e+00 4.203135e-01
<VARIANCE> 6
 1.118240e+04 2.912039e+01 1.236580e+02 8.471751e-01 4.632593e+00 2.520235e-01
<GCONST> 2.852736e+01
<TRANSP> 5
 0.000000e+00 1.000000e+00 0.000000e+00 0.000000e+00 0.000000e+00
 0.000000e+00 4.246667e-01 5.753333e-01 0.000000e+00 0.000000e+00
 0.000000e+00 0.000000e+00 1.861972e-01 8.138028e-01 0.000000e+00
 0.000000e+00 0.000000e+00 0.000000e+00 9.114528e-01 8.854721e-02
 0.000000e+00 0.000000e+00 0.000000e+00 0.000000e+00 0.000000e+00
<ENDHMM>
~h "bg_red_0_0"
<BEGINHMM>
<NUMSTATES> 5
<STATE> 2
<MEAN> 6
 3.380281e+02 7.965659e+00 5.221108e+00 4.451529e+00 3.406612e+00 3.909550e+00
<VARIANCE> 6
 4.961428e+03 6.866639e+01 2.337180e+01 6.234171e+00 3.728737e+00 1.018398e+01
<GCONST> 3.238443e+01
<STATE> 3
<MEAN> 6
 3.751346e+02 3.093062e+01 1.430708e+01 9.331288e+00 4.070568e+00 2.523057e+00
<VARIANCE> 6
 2.211057e+04 2.407334e+03 5.903055e+02 1.132199e+02 2.606501e+01 8.147990e+00
<GCONST> 4.528569e+01
<STATE> 4
<MEAN> 6
 3.324378e+02 1.009353e+01 3.795284e+00 3.739350e+00 1.737409e+00 9.462671e-01
<VARIANCE> 6
 3.652995e+04 1.527939e+02 8.833754e+00 1.120326e+01 1.883357e+00 7.579399e-01
<GCONST> 3.151293e+01
<TRANSP> 5
 0.000000e+00 1.000000e+00 0.000000e+00 0.000000e+00 0.000000e+00
 0.000000e+00 7.298401e-01 2.701599e-01 0.000000e+00 0.000000e+00
 0.000000e+00 0.000000e+00 1.937372e-01 8.062627e-01 0.000000e+00
 0.000000e+00 0.000000e+00 0.000000e+00 4.709945e-01 5.290055e-01
 0.000000e+00 0.000000e+00 0.000000e+00 0.000000e+00 0.000000e+00
<ENDHMM>
~h "bg_red_0_1"
<BEGINHMM>
<NUMSTATES> 5
<STATE> 2
<MEAN> 6
 3.390756e+02 1.230005e+01 6.280038e+00 4.362991e+00 2.288139e+00 1.704120e+00
<VARIANCE> 6
 1.504958e+04 1.976709e+02 3.257512e+01 1.170778e+01 3.046474e+00 3.243143e+00
<GCONST> 3.416730e+01
<STATE> 3
<MEAN> 6
 4.528772e+02 3.470412e+01 6.653300e+00 1.104097e+01 4.312026e+00 3.766742e+00
<VARIANCE> 6
 3.808080e+04 1.872414e+03 4.477079e+01 9.848447e+01 6.106003e+01 3.248367e+01
<GCONST> 4.509376e+01
<STATE> 4
<MEAN> 6
 3.373296e+02 4.129520e+00 1.873896e+00 1.614883e+00 9.328089e-01 4.150606e-01
<VARIANCE> 6
 6.197013e+03 2.677789e+01 2.327901e+00 2.042560e+00 6.036782e-01 1.120289e-01
<GCONST> 2.191212e+01
<TRANSP> 5
 0.000000e+00 1.000000e+00 0.000000e+00 0.000000e+00 0.000000e+00
 0.000000e+00 3.113529e-01 6.886471e-01 0.000000e+00 0.000000e+00
 0.000000e+00 0.000000e+00 4.313324e-01 5.686677e-01 0.000000e+00
 0.000000e+00 0.000000e+00 0.000000e+00 8.186111e-01 1.813889e-01
 0.000000e+00 0.000000e+00 0.000000e+00 0.000000e+00 0.000000e+00
<ENDHMM>
~h "bg_red_0_2"
<BEGINHMM>
<NUMSTATES> 5
<STATE> 2
<MEAN> 6
 3.823077e+02 8.074986e+00 3.271299e+00 3.906620e+00 1.782685e+00 1.569414e+00
<VARIANCE> 6
 3.060837e+04 1.177900e+02 7.553583e+00 9.966615e+00 1.793831e+00 3.819073e+00
<GCONST> 3.237082e+01
<STATE> 3
<MEAN> 6
 3.413022e+02 1.006801e+01 3.938283e+00 3.082821e+00 1.710184e+00 8.508342e-01
<VARIANCE> 6
 9.183254e+03 1.274512e+02 1.149523e+01 9.092979e+00 2.784390e+00 1.033354e+00
<GCONST> 3.070641e+01
<STATE> 4
<MEAN> 6
 3.489674e+02 4.794812e+00 1.979854e+00 1.779757e+00 7.211614e-01 3.418806e-01
<VARIANCE> 6
 5.218544e+03 2.741970e+01 2.549383e+00 2.976453e+00 3.419121e-01 6.470918e-02
<GCONST> 2.111403e+01
<TRANSP> 5
 0.000000e+00 1.000000e+00 0.000000e+00 0.000000e+00 0.000000e+00
 0.000000e+00 4.409449e-01 5.590551e-01 0.000000e+00 0.000000e+00
 0.000000e+00 0.000000e+00 2.639977e-02 9.736002e-01 0.000000e+00
 0.000000e+00 0.000000e+00 0.000000e+00 7.733709e-01 2.266291e-01
 0.000000e+00 0.000000e+00 0.000000e+00 0.000000e+00 0.000000e+00
<ENDHMM>
~h "bg_red_0_3"
<BEGINHMM>
<NUMSTATES> 5
<STATE> 2
<MEAN> 6
 3.334076e+02 7.240479e+00 2.173590e+00 3.499222e+00 1.670849e+00 1.094265e+00
<VARIANCE> 6
 7.355642e+03 6.607432e+01 2.699861e+00 1.550922e+01 1.881650e+00 2.618365e+00
<GCONST> 2.945060e+01
<STATE> 3
<MEAN> 6
 4.773476e+02 3.808575e+01 4.172981e+00 1.285243e+01 1.690091e+00 8.027390e-01
<VARIANCE> 6
 4.210939e+04 4.668273e+03 1.452455e+01 4.669840e+02 2.500883e+00 7.849667e-01
<GCONST> 3.962049e+01
<STATE> 4
<MEAN> 6
 3.096529e+02 4.109334e+00 1.771113e+00 1.035790e+00 6.062618e-01 2.929888e-01
<VARIANCE> 6
 3.285981e+03 1.193947e+01 2.325599e+00 6.691251e-01 2.993221e-01 3.694440e-02
<GCONST> 1.754215e+01
<TRANSP> 5
 0.000000e+00 1.000000e+00 0.000000e+00 0.000000e+00 0.000000e+00
 0.000000e+00 2.628055e-01 7.371945e-01 0.000000e+00 0.000000e+00
 0.000000e+00 0.000000e+00 4.245853e-01 5.754147e-01 0.000000e+00
 0.000000e+00 0.000000e+00 0.000000e+00 9.530181e-01 4.698191e-02
 0.000000e+00 0.000000e+00 0.000000e+00 0.000000e+00 0.000000e+00
<ENDHMM>
~h "bg_red_0_4"
<BEGINHMM>
<NUMSTATES> 5
<STATE> 2
<MEAN> 6
 2.597375e+02 1.022030e+01 7.463621e+00 2.890170e+00 1.546201e+00 6.710181e-01
<VARIANCE> 6
 8.081677e+03 5.925474e+01 3.588541e+01 3.764789e+00 1.052622e+00 2.334724e-01
<GCONST> 2.760908e+01
<STATE> 3
<MEAN> 6
 3.164750e+02 3.085915e+01 6.917799e+00 7.778147e+00 1.734872e+00 1.157852e+00
<VARIANCE> 6
 3.663061e+04 1.704350e+03 3.638495e+01 6.042991e+01 2.090111e+00 2.318700e+00
<GCONST> 3.825070e+01
<STATE> 4
<MEAN> 6
 2.518633e+02 1.031394e+01 2.727359e+00 3.281472e+00 8.453090e-01 4.637204e-01
<VARIANCE> 6
 7.113369e+03 1.157445e+02 5.037154e+00 1.113863e+01 2.708347e-01 1.136517e-01
<GCONST> 2.519478e+01
<TRANSP> 5
 0.000000e+00 1.000000e+00 0.000000e+00 0.000000e+00 0.000000e+00
 0.000000e+00 5.605013e-01 4.394987e-01 0.000000e+00 0.000000e+00
 0.000000e+00 0.000000e+00 4.069529e-01 5.930471e-01 0.000000e+00
 0.000000e+00 0.000000e+00 0.000000e+00 7.345085e-01 2.654915e-01
 0.000000e+00 0.000000e+00 0.000000e+00 0.000000e+00 0.000000e+00
<ENDHMM>
~h "bg_red_0_5"
<BEGINHMM>
<NUMSTATES> 5
<STATE> 2
<MEAN> 6
 2.174099e+02 8.550458e+00 4.704229e+00 3.139436e+00 1.358258e+00 7.284296e-01
<VARIANCE> 6
 1.255806e+04 9.347182e+01 1.278681e+01 9.254686e+00 9.619107e-01 3.923797e-01
<GCONST> 2.880223e+01
<STATE> 3
<MEAN> 6
 3.605462e+02 6.905585e+01 1.358405e+01 1.958831e+01 4.255363e+00 2.808089e+00
<VARIANCE> 6
 2.816326e+04 6.182230e+03 3.093668e+02 4.618845e+02 3.567237e+01 1.245357e+01
<GCONST> 4.796870e+01
<STATE> 4
<MEAN> 6
 2.768513e+02 1.033623e+01 7.974867e+00 4.370171e+00 2.780348e+00 1.844478e+00
<VARIANCE> 6
 1.554787e+04 1.901692e+02 6.046350e+01 4.235535e+01 3.985170e+00 3.860709e+00
<GCONST> 3.650842e+01
<TRANSP> 5
 0.000000e+00 1.000000e+00 0.000000e+00 0.000000e+00 0.000000e+00
 0.000000e+00 6.885095e-01 3.114904e-01 0.000000e+00 0.000000e+00
 0.000000e+00 0.000000e+00 4.622307e-01 5.377693e-01 0.000000e+00
 0.000000e+00 0.000000e+00 0.000000e+00 6.009681e-01 3.990319e-01
 0.000000e+00 0.000000e+00 0.000000e+00 0.000000e+00 0.000000e+00
<ENDHMM>
~h "fp_screen"
<BEGINHMM>
<NUMSTATES> 5
<STATE> 2
<MEAN> 6
 2.105850e+02 6.641881e+00 1.419677e+01 2.397329e+00 5.049985e+00 1.117692e+00
<VARIANCE> 6
 1.482148e+04 2.050768e+02 4.382690e+02 1.071517e+01 4.562520e+01 2.828368e+00
<GCONST> 3.926913e+01
<STATE> 3
<MEAN> 6
 4.687078e+02 5.268932e+01 2.810772e+01 1.766225e+01 9.668385e+00 4.011542e+00
<VARIANCE> 6
 3.939635e+04 3.544569e+03 1.295422e+03 2.867456e+02 1.187047e+02 3.587571e+01
<GCONST> 5.096375e+01
<STATE> 4
<MEAN> 6
 3.891041e+02 3.749999e+00 2.793303e+00 1.227592e+00 1.084494e+00 4.554015e-01
<VARIANCE> 6
 1.224623e+04 1.435935e+01 1.452520e+01 1.371421e+00 1.666774e+00 1.997235e-01
<GCONST> 2.499644e+01
<TRANSP> 5
 0.000000e+00 1.000000e+00 0.000000e+00 0.000000e+00 0.000000e+00
 0.000000e+00 5.876813e-01 4.123186e-01 0.000000e+00 0.000000e+00
 0.000000e+00 0.000000e+00 6.466662e-01 3.533338e-01 0.000000e+00
 0.000000e+00 0.000000e+00 0.000000e+00 9.076779e-01 9.232205e-02
 0.000000e+00 0.000000e+00 0.000000e+00 0.000000e+00 0.000000e+00
<ENDHMM>
~h "bg_board_0"
<BEGINHMM>
<NUMSTATES> 5
<STATE> 2
<MEAN> 6
 2.548423e+02 2.152366e+01 9.925084e+00 7.113316e+00 3.501573e+00 1.809259e+00
<VARIANCE> 6
 1.015668e+04 4.570960e+02 6.612285e+01 1.910993e+01 4.501701e+00 1.782829e+00
<GCONST> 3.560242e+01
<STATE> 3
<MEAN> 6
 3.327643e+02 3.726851e+01 1.687423e+01 1.242772e+01 6.049841e+00 3.577702e+00
<VARIANCE> 6
 2.392342e+04 1.614432e+03 3.310434e+02 8.376895e+01 2.662640e+01 7.686762e+00
<GCONST> 4.404833e+01
<STATE> 4
<MEAN> 6
 1.891872e+02 1.359496e+01 5.656460e+00 3.836928e+00 1.989047e+00 7.467296e-01
<VARIANCE> 6
 1.255377e+04 2.595256e+02 2.334957e+01 8.536359e+00 1.976651e+00 3.717225e-01
<GCONST> 3.101060e+01
<TRANSP> 5
 0.000000e+00 1.000000e+00 0.000000e+00 0.000000e+00 0.000000e+00
 0.000000e+00 5.433289e-01 4.566711e-01 0.000000e+00 0.000000e+00
 0.000000e+00 0.000000e+00 5.483224e-01 4.516776e-01 0.000000e+00
 0.000000e+00 0.000000e+00 0.000000e+00 6.689397e-01 3.310603e-01
 0.000000e+00 0.000000e+00 0.000000e+00 0.000000e+00 0.000000e+00
<ENDHMM>
~h "bg_board_1"
<BEGINHMM>
<NUMSTATES> 5
<STATE> 2
<MEAN> 6
 2.059178e+02 2.245644e+01 9.433116e+00 6.213997e+00 3.070595e+00 1.315416e+00
<VARIANCE> 6
 8.288807e+03 4.299111e+02 6.042543e+01 1.470528e+01 3.329694e+00 1.068755e+00
<GCONST> 3.417249e+01
<STATE> 3
<MEAN> 6
 2.936829e+02 3.713668e+01 1.716039e+01 1.245462e+01 6.068938e+00 3.610901e+00
<VARIANCE> 6
 1.222478e+04 1.185460e+03 2.876751e+02 7.603397e+01 1.976381e+01 9.517075e+00
<GCONST> 4.274632e+01
<STATE> 4
<MEAN> 6
 1.995447e+02 1.222313e+01 4.789244e+00 3.481473e+00 1.741940e+00 7.849988e-01
<VARIANCE> 6
 1.172178e+04 2.783086e+02 1.766834e+01 9.282165e+00 1.685191e+00 5.867580e-01
<GCONST> 3.111380e+01
<TRANSP> 5
 0.000000e+00 1.000000e+00 0.000000e+00 0.000000e+00 0.000000e+00
 0.000000e+00 5.953524e-01 4.046477e-01 0.000000e+00 0.000000e+00
 0.000000e+00 0.000000e+00 5.886961e-01 4.113039e-01 0.000000e+00
 0.000000e+00 0.000000e+00 0.000000e+00 6.291439e-01 3.708560e-01
 0.000000e+00 0.000000e+00 0.000000e+00 0.000000e+00 0.000000e+00
<ENDHMM>
~h "bg_board_2"
<BEGINHMM>
<NUMSTATES> 5
<STATE> 2
<MEAN> 6
 2.395406e+02 2.211219e+01 1.159923e+01 8.793686e+00 4.026053e+00 2.346096e+00
<VARIANCE> 6
 6.668516e+03 4.182372e+02 8.921906e+01 2.698156e+01 5.200260e+00 2.653578e+00
<GCONST> 3.627933e+01
<STATE> 3
<MEAN> 6
 2.637099e+02 3.388033e+01 1.631627e+01 1.134313e+01 5.342418e+00 3.060034e+00
<VARIANCE> 6
 8.857098e+03 1.385340e+03 3.391937e+02 8.405431e+01 1.894434e+01 8.102597e+00
<GCONST> 4.264166e+01
<STATE> 4
<MEAN> 6
 2.089072e+02 1.457709e+01 6.203626e+00 3.847397e+00 2.130803e+00 7.521272e-01
<VARIANCE> 6
 1.124729e+04 2.669615e+02 2.947249e+01 8.108193e+00 1.848007e+00 3.358001e-01
<GCONST> 3.094145e+01
<TRANSP> 5
 0.000000e+00 1.000000e+00 0.000000e+00 0.000000e+00 0.000000e+00
 0.000000e+00 6.351469e-01 3.648531e-01 0.000000e+00 0.000000e+00
 0.000000e+00 0.000000e+00 3.905156e-01 6.094844e-01 0.000000e+00
 0.000000e+00 0.000000e+00 0.000000e+00 6.915925e-01 3.084075e-01
 0.000000e+00 0.000000e+00 0.000000e+00 0.000000e+00 0.000000e+00
<ENDHMM>
~h "bg_board_3"
<BEGINHMM>
<NUMSTATES> 5
<STATE> 2
<MEAN> 6
 2.183960e+02 2.332299e+01 8.803651e+00 6.108524e+00 3.174448e+00 1.343374e+00
<VARIANCE> 6
 8.488106e+03 5.398776e+02 6.212788e+01 1.521917e+01 3.945267e+00 9.854361e-01
<GCONST> 3.457462e+01
<STATE> 3
<MEAN> 6
 2.511142e+02 4.318377e+01 1.257503e+01 1.178474e+01 4.842652e+00 2.760465e+00
<VARIANCE> 6
 6.692873e+03 1.796740e+03 1.333256e+02 5.490958e+01 1.015035e+01 4.826661e+00
<GCONST> 4.011993e+01
<STATE> 4
<MEAN> 6
 2.506785e+02 1.726471e+01 6.443022e+00 4.528833e+00 2.308694e+00 1.052529e+00
<VARIANCE> 6
 1.019078e+04 4.335627e+02 3.121938e+01 1.026730e+01 1.904781e+00 6.319116e-01
<GCONST> 3.228390e+01
<TRANSP> 5
 0.000000e+00 1.000000e+00 0.000000e+00 0.000000e+00 0.000000e+00
 0.000000e+00 4.861061e-01 5.138939e-01 0.000000e+00 0.000000e+00
 0.000000e+00 0.000000e+00 6.113105e-01 3.886894e-01 0.000000e+00
 0.000000e+00 0.000000e+00 0.000000e+00 4.350422e-01 5.649577e-01
 0.000000e+00 0.000000e+00 0.000000e+00 0.000000e+00 0.000000e+00
<ENDHMM>
~h "bg_board_4"
<BEGINHMM>
<NUMSTATES> 5
<STATE> 2
<MEAN> 6
 2.311119e+02 1.991185e+01 9.923238e+00 6.933601e+00 3.834038e+00 2.064166e+00
<VARIANCE> 6
 5.764635e+03 3.502033e+02 6.559280e+01 1.405801e+01 3.963449e+00 2.021884e+00
<GCONST> 3.445308e+01
<STATE> 3
<MEAN> 6
 2.915232e+02 3.755840e+01 1.668731e+01 1.154863e+01 5.548004e+00 3.062985e+00
<VARIANCE> 6
 6.943568e+03 1.918473e+03 2.288821e+02 5.901141e+01 1.454071e+01 5.708796e+00
<GCONST> 4.136202e+01
<STATE> 4
<MEAN> 6
 2.763025e+02 1.538750e+01 5.945818e+00 4.703975e+00 2.385401e+00 1.118939e+00
<VARIANCE> 6
 8.396549e+03 3.821251e+02 2.334953e+01 1.171374e+01 2.115436e+00 7.331976e-01
<GCONST> 3.205885e+01
<TRANSP> 5
 0.000000e+00 1.000000e+00 0.000000e+00 0.000000e+00 0.000000e+00
 0.000000e+00 6.936291e-01 3.063709e-01 0.000000e+00 0.000000e+00
 0.000000e+00 0.000000e+00 5.604724e-01 4.395277e-01 0.000000e+00
 0.000000e+00 0.000000e+00 0.000000e+00 4.896744e-01 5.103257e-01
 0.000000e+00 0.000000e+00 0.000000e+00 0.000000e+00 0.000000e+00
<ENDHMM>
~h "bg_board_5"
<BEGINHMM>
<NUMSTATES> 5
<STATE> 2
<MEAN> 6
 2.841457e+02 2.155141e+01 9.191718e+00 6.958738e+00 3.808514e+00 2.137521e+00
<VARIANCE> 6
 6.758408e+03 4.185662e+02 5.334938e+01 1.478572e+01 4.532641e+00 2.249577e+00
<GCONST> 3.487521e+01
<STATE> 3
<MEAN> 6
 2.932713e+02 7.314568e+01 1.118258e+01 1.260628e+01 4.210279e+00 2.308151e+00
<VARIANCE> 6
 8.638241e+03 6.483780e+03 1.795607e+02 6.529785e+01 1.444454e+01 6.296996e+00
<GCONST> 4.274814e+01
<STATE> 4
<MEAN> 6
 3.501226e+02 1.399789e+01 6.344848e+00 4.149275e+00 2.389344e+00 1.040328e+00
<VARIANCE> 6
 7.089564e+03 4.190856e+02 3.481053e+01 1.206409e+01 3.037415e+00 1.136744e+00
<GCONST> 3.321104e+01
<TRANSP> 5
 0.000000e+00 1.000000e+00 0.000000e+00 0.000000e+00 0.000000e+00
 0.000000e+00 6.014078e-01 3.985922e-01 0.000000e+00 0.000000e+00
 0.000000e+00 0.000000e+00 5.668359e-01 4.331641e-01 0.000000e+00
 0.000000e+00 0.000000e+00 0.000000e+00 7.343962e-01 2.656038e-01
 0.000000e+00 0.000000e+00 0.000000e+00 0.000000e+00 0.000000e+00
<ENDHMM>
~h "fp_key"
<BEGINHMM>
<NUMSTATES> 5
<STATE> 2
<MEAN> 6
 1.957817e+02 1.973519e+01 6.396301e+00 3.989911e+00 2.046928e+00 7.755738e-01
<VARIANCE> 6
 1.108789e+04 9.011908e+02 1.659012e+02 3.384547e+01 5.523867e+00 8.189048e-01
<GCONST> 3.728708e+01
<STATE> 3
<MEAN> 6
 4.426756e+02 8.813480e+01 2.767267e+01 1.795297e+01 8.824918e+00 3.039502e+00
<VARIANCE> 6
 4.164485e+04 4.274961e+03 2.355444e+03 1.449146e+02 1.525213e+02 1.379132e+01
<GCONST> 5.041670e+01
<STATE> 4
<MEAN> 6
 1.837601e+02 3.573067e+00 3.198839e+00 1.105058e+00 1.002914e+00 4.010284e-01
<VARIANCE> 6
 1.341901e+04 1.449682e+01 2.273613e+01 9.768261e-01 1.663720e+00 1.618060e-01
<GCONST> 2.499383e+01
<TRANSP> 5
 0.000000e+00 1.000000e+00 0.000000e+00 0.000000e+00 0.000000e+00
 0.000000e+00 7.383892e-01 2.616107e-01 0.000000e+00 0.000000e+00
 0.000000e+00 0.000000e+00 8.568969e-01 1.431031e-01 0.000000e+00
 0.000000e+00 0.000000e+00 0.000000e+00 9.134833e-01 8.651666e-02
 0.000000e+00 0.000000e+00 0.000000e+00 0.000000e+00 0.000000e+00
<ENDHMM>
~h "fp_logo"
<BEGINHMM>
<NUMSTATES> 5
<STATE> 2
<MEAN> 6
 1.510196e+02 1.846873e+01 5.003566e+00 4.908110e+00 2.036826e+00 8.689919e-01
<VARIANCE> 6
 3.440510e+03 4.164377e+02 4.377961e+01 3.060665e+01 4.970673e+00 1.164293e+00
<GCONST> 3.415843e+01
<STATE> 3
<MEAN> 6
 2.639709e+02 4.941895e+01 4.942165e+00 9.798096e+00 2.247884e+00 1.015577e+00
<VARIANCE> 6
 4.678945e+04 6.674458e+03 3.441040e+01 2.187201e+02 4.824493e+00 1.539608e+00
<GCONST> 4.151810e+01
<STATE> 4
<MEAN> 6
 1.511418e+02 3.100460e+00 2.259912e+00 1.096383e+00 9.154150e-01 3.678259e-01
<VARIANCE> 6
 3.536957e+03 7.512914e+00 3.918464e+00 7.644774e-01 5.922765e-01 9.122969e-02
<GCONST> 1.939389e+01
<TRANSP> 5
 0.000000e+00 1.000000e+00 0.000000e+00 0.000000e+00 0.000000e+00
 0.000000e+00 6.353140e-01 3.646860e-01 0.000000e+00 0.000000e+00
 0.000000e+00 0.000000e+00 3.356432e-01 6.643568e-01 0.000000e+00
 0.000000e+00 0.000000e+00 0.000000e+00 9.233856e-01 7.661438e-02
 0.000000e+00 0.000000e+00 0.000000e+00 0.000000e+00 0.000000e+00
<ENDHMM>
