~o
<STREAMINFO> 1 6
<VECSIZE> 6<NULLD><MFCC><DIAGC>
~h "bg_red_0_0"
<BEGINHMM>
<NUMSTATES> 5
<STATE> 2
<MEAN> 6
 4.329603e+02 1.168849e+01 6.984220e+00 3.876612e+00 2.691038e+00 1.368205e+00
<VARIANCE> 6
 8.006570e+04 2.917203e+02 1.872872e+02 2.083862e+01 1.407328e+01 3.668888e+00
<GCONST> 4.020728e+01
<STATE> 3
<MEAN> 6
 5.828357e+02 5.194380e+01 2.258392e+01 1.495548e+01 1.204104e+01 7.176248e+00
<VARIANCE> 6
 4.458162e+04 3.115449e+03 1.464728e+03 1.682419e+02 1.917683e+02 7.303838e+01
<GCONST> 5.173857e+01
<STATE> 4
<MEAN> 6
 3.551768e+02 5.580409e+00 4.972796e+00 1.854118e+00 1.743784e+00 7.431082e-01
<VARIANCE> 6
 4.368394e+04 6.374719e+01 9.478887e+01 4.714481e+00 6.708131e+00 1.429374e+00
<GCONST> 3.422977e+01
<TRANSP> 5
 0.000000e+00 1.000000e+00 0.000000e+00 0.000000e+00 0.000000e+00
 0.000000e+00 9.567698e-01 4.323015e-02 0.000000e+00 0.000000e+00
 0.000000e+00 0.000000e+00 9.551714e-01 4.482858e-02 0.000000e+00
 0.000000e+00 0.000000e+00 0.000000e+00 9.592847e-01 4.071529e-02
 0.000000e+00 0.000000e+00 0.000000e+00 0.000000e+00 0.000000e+00
<ENDHMM>
