~o
<STREAMINFO> 1 6
<VECSIZE> 6<NULLD><MFCC><DIAGC>
~h "fp_logo_0"
<BEGINHMM>
<NUMSTATES> 5
<STATE> 2
<MEAN> 6
 1.142216e+02 4.509900e+00 3.164406e+00 2.852106e+00 1.575810e+00 5.515618e-01
<VARIANCE> 6
 4.068585e+02 1.401945e+01 6.919713e+00 1.117026e+01 1.051384e+00 2.117513e-01
<GCONST> 2.252157e+01
<STATE> 3
<MEAN> 6
 1.203560e+02 6.198650e+00 4.555487e+00 3.309858e+00 2.957928e+00 1.550471e+00
<VARIANCE> 6
 5.768288e+02 3.997937e+01 3.398480e+01 1.237122e+01 9.243083e+00 3.185253e+00
<GCONST> 3.049686e+01
<STATE> 4
<MEAN> 6
 1.080176e+02 3.336455e+00 2.576759e+00 1.734873e+00 1.384281e+00 5.400727e-01
<VARIANCE> 6
 2.365009e+02 7.470364e+00 4.547624e+00 1.575407e+00 1.081242e+00 2.782403e-01
<GCONST> 1.927212e+01
<TRANSP> 5
 0.000000e+00 1.000000e+00 0.000000e+00 0.000000e+00 0.000000e+00
 0.000000e+00 1.795509e-01 8.204491e-01 0.000000e+00 0.000000e+00
 0.000000e+00 0.000000e+00 2.119114e-01 7.880886e-01 0.000000e+00
 0.000000e+00 0.000000e+00 0.000000e+00 8.870378e-01 1.129623e-01
 0.000000e+00 0.000000e+00 0.000000e+00 0.000000e+00 0.000000e+00
<ENDHMM>
~h "fp_logo_1"
<BEGINHMM>
<NUMSTATES> 5
<STATE> 2
<MEAN> 6
 1.392285e+02 3.543967e+00 3.350446e+00 2.158709e+00 1.849493e+00 7.088034e-01
<VARIANCE> 6
 6.107992e+02 7.751204e+00 7.507766e+00 1.921032e+00 1.406023e+00 5.905865e-01
<GCONST> 2.197281e+01
<STATE> 3
<MEAN> 6
 1.497833e+02 1.407695e+01 4.763295e+00 6.947444e+00 3.077352e+00 1.987065e+00
<VARIANCE> 6
 3.774599e+02 1.840632e+02 1.847054e+01 2.596682e+01 3.806311e+00 2.923568e+00
<GCONST> 3.075847e+01
<STATE> 4
<MEAN> 6
 1.786468e+02 2.560606e+01 1.102097e+01 1.185443e+01 5.280723e+00 3.853669e+00
<VARIANCE> 6
 2.259714e+03 2.356847e+03 2.265904e+02 2.240112e+02 1.863779e+01 1.292773e+01
<GCONST> 4.283474e+01
<TRANSP> 5
 0.000000e+00 1.000000e+00 0.000000e+00 0.000000e+00 0.000000e+00
 0.000000e+00 8.310292e-01 1.689707e-01 0.000000e+00 0.000000e+00
 0.000000e+00 0.000000e+00 6.859111e-01 3.140890e-01 0.000000e+00
 0.000000e+00 0.000000e+00 0.000000e+00 1.594070e-01 8.405930e-01
 0.000000e+00 0.000000e+00 0.000000e+00 0.000000e+00 0.000000e+00
<ENDHMM>
~h "fp_logo_2"
<BEGINHMM>
<NUMSTATES> 5
<STATE> 2
<MEAN> 6
 1.797642e+02 2.497380e+01 1.267212e+01 9.609266e+00 4.365388e+00 4.400821e+00
<VARIANCE> 6
 2.041880e+03 2.657891e+03 3.720790e+02 1.135312e+02 1.725595e+01 3.430940e+01
<GCONST> 4.356894e+01
<STATE> 3
<MEAN> 6
 3.929244e+02 7.667090e+01 8.105383e+01 2.065451e+01 2.351329e+01 9.921958e+00
<VARIANCE> 6
 3.863056e+04 5.460556e+03 6.322477e+03 3.376344e+02 2.200396e+02 6.162688e+01
<GCONST> 5.428310e+01
<STATE> 4
<MEAN> 6
 1.789832e+02 5.746109e+00 4.746218e+00 3.707723e+00 3.169418e+00 1.713274e+00
<VARIANCE> 6
 7.466719e+02 3.433058e+01 5.487193e+01 5.906229e+00 4.268385e+00 2.587616e+00
<GCONST> 2.936190e+01
<TRANSP> 5
 0.000000e+00 1.000000e+00 0.000000e+00 0.000000e+00 0.000000e+00
 0.000000e+00 5.549172e-02 9.445083e-01 0.000000e+00 0.000000e+00
 0.000000e+00 0.000000e+00 7.493340e-01 2.506660e-01 0.000000e+00
 0.000000e+00 0.000000e+00 0.000000e+00 4.031098e-01 5.968903e-01
 0.000000e+00 0.000000e+00 0.000000e+00 0.000000e+00 0.000000e+00
<ENDHMM>
~h "fp_logo_3"
<BEGINHMM>
<NUMSTATES> 5
<STATE> 2
<MEAN> 6
 2.013740e+02 5.893245e+00 1.101775e+01 3.764806e+00 4.765158e+00 1.774953e+00
<VARIANCE> 6
 5.996238e+03 3.730671e+01 3.078138e+02 1.038514e+01 3.873241e+01 3.580773e+00
<GCONST> 3.634745e+01
<STATE> 3
<MEAN> 6
 3.591110e+02 7.155265e+01 7.301931e+01 1.698732e+01 1.864035e+01 8.544544e+00
<VARIANCE> 6
 3.235002e+04 6.676913e+03 6.570017e+03 2.833004e+02 3.132099e+02 5.966924e+01
<GCONST> 5.449051e+01
<STATE> 4
<MEAN> 6
 2.010645e+02 4.241552e+00 3.410748e+00 2.445565e+00 2.372990e+00 1.192126e+00
<VARIANCE> 6
 6.495954e+02 1.611001e+01 5.683438e+00 2.594567e+00 2.012928e+00 1.887166e+00
<GCONST> 2.430870e+01
<TRANSP> 5
 0.000000e+00 1.000000e+00 0.000000e+00 0.000000e+00 0.000000e+00
 0.000000e+00 1.917244e-02 9.808275e-01 0.000000e+00 0.000000e+00
 0.000000e+00 0.000000e+00 5.466523e-01 4.533477e-01 0.000000e+00
 0.000000e+00 0.000000e+00 0.000000e+00 8.866808e-01 1.133192e-01
 0.000000e+00 0.000000e+00 0.000000e+00 0.000000e+00 0.000000e+00
<ENDHMM>
~h "fp_logo_4"
<BEGINHMM>
<NUMSTATES> 5
<STATE> 2
<MEAN> 6
 2.485361e+02 5.441400e+00 6.492639e+00 2.564857e+00 3.397930e+00 1.647645e+00
<VARIANCE> 6
 4.166315e+02 1.725946e+01 2.359876e+01 2.881836e+00 2.702859e+00 1.297747e+00
<GCONST> 2.538239e+01
<STATE> 3
<MEAN> 6
 2.569180e+02 2.336383e+01 4.262380e+00 8.684527e+00 2.813135e+00 1.317048e+00
<VARIANCE> 6
 1.997081e+03 5.006343e+02 8.834836e+00 3.152009e+01 1.200446e+00 7.493425e-01
<GCONST> 3.036604e+01
<STATE> 4
<MEAN> 6
 3.019941e+02 3.634849e+00 3.256793e+00 1.963100e+00 2.270589e+00 7.461151e-01
<VARIANCE> 6
 6.759669e+02 7.228268e+00 6.112689e+00 1.303487e+00 1.583341e+00 2.041740e-01
<GCONST> 2.046757e+01
<TRANSP> 5
 0.000000e+00 1.000000e+00 0.000000e+00 0.000000e+00 0.000000e+00
 0.000000e+00 6.176066e-01 3.823934e-01 0.000000e+00 0.000000e+00
 0.000000e+00 0.000000e+00 5.873911e-01 4.126088e-01 0.000000e+00
 0.000000e+00 0.000000e+00 0.000000e+00 8.737494e-01 1.262506e-01
 0.000000e+00 0.000000e+00 0.000000e+00 0.000000e+00 0.000000e+00
<ENDHMM>
~h "fp_logo_5"
<BEGINHMM>
<NUMSTATES> 5
<STATE> 2
<MEAN> 6
 3.184975e+02 6.863568e+00 4.475967e+00 4.533471e+00 2.316202e+00 1.151040e+00
<VARIANCE> 6
 2.966333e+03 7.874119e+01 9.835270e+00 2.436440e+01 1.020748e+00 4.382421e-01
<GCONST> 2.806316e+01
<STATE> 3
<MEAN> 6
 3.631118e+02 3.621331e+00 2.531239e+00 2.033098e+00 1.933595e+00 9.149190e-01
<VARIANCE> 6
 6.806418e+02 2.942223e+01 2.747988e+00 6.850737e+00 8.329111e-01 5.314716e-01
<GCONST> 2.305234e+01
<STATE> 4
<MEAN> 6
 3.875793e+02 2.504685e+00 2.419477e+00 1.111498e+00 9.829673e-01 2.971841e-01
<VARIANCE> 6
 4.630356e+02 1.986037e+01 4.541842e+00 6.700673e+00 1.524512e+00 3.439530e-02
<GCONST> 2.062117e+01
<TRANSP> 5
 0.000000e+00 1.000000e+00 0.000000e+00 0.000000e+00 0.000000e+00
 0.000000e+00 1.697199e-01 8.302801e-01 0.000000e+00 0.000000e+00
 0.000000e+00 0.000000e+00 7.567782e-01 2.432218e-01 0.000000e+00
 0.000000e+00 0.000000e+00 0.000000e+00 8.144687e-01 1.855313e-01
 0.000000e+00 0.000000e+00 0.000000e+00 0.000000e+00 0.000000e+00
<ENDHMM>
~h "bg_white_0"
<BEGINHMM>
<NUMSTATES> 5
<STATE> 2
<MEAN> 6
 7.814144e+02 2.438647e+00 7.865904e+00 9.687979e-01 2.646614e+00 5.707601e-01
<VARIANCE> 6
 1.995975e+03 1.007356e+02 6.282772e+02 3.468498e+00 5.259997e+01 9.835738e-01
<GCONST> 3.487151e+01
<STATE> 3
<MEAN> 6
 7.330193e+02 2.843695e+01 8.938530e+00 8.767516e+00 5.588647e+00 3.777084e+00
<VARIANCE> 6
 1.409020e+04 2.773993e+03 2.787471e+02 1.371460e+02 6.157244e+01 3.764405e+01
<GCONST> 4.680828e+01
<STATE> 4
<MEAN> 6
 7.219513e+02 3.554025e+00 1.728897e+00 1.560523e+00 9.215518e-01 4.500530e-01
<VARIANCE> 6
 2.803247e+04 3.154002e+01 4.374425e+00 7.108823e+00 1.106452e+00 3.188384e-01
<GCONST> 2.711484e+01
<TRANSP> 5
 0.000000e+00 1.000000e+00 0.000000e+00 0.000000e+00 0.000000e+00
 0.000000e+00 8.764213e-01 1.235786e-01 0.000000e+00 0.000000e+00
 0.000000e+00 0.000000e+00 3.401401e-01 6.598599e-01 0.000000e+00
 0.000000e+00 0.000000e+00 0.000000e+00 1.270896e-01 8.729104e-01
 0.000000e+00 0.000000e+00 0.000000e+00 0.000000e+00 0.000000e+00
<ENDHMM>
~h "fp_screen_0"
<BEGINHMM>
<NUMSTATES> 5
<STATE> 2
<MEAN> 6
 3.187134e+02 6.652631e+00 3.371181e+00 2.915275e+00 2.046284e+00 8.417926e-01
<VARIANCE> 6
 1.941689e+04 5.226309e+01 2.459448e+01 6.317806e+00 8.882265e+00 5.921009e-01
<GCONST> 3.156332e+01
<STATE> 3
<MEAN> 6
 3.769930e+02 2.429227e+01 1.907734e+01 7.219137e+00 6.725255e+00 3.347356e+00
<VARIANCE> 6
 2.435552e+04 1.505015e+03 1.079531e+03 7.409249e+01 1.262298e+02 2.288644e+01
<GCONST> 4.770258e+01
<STATE> 4
<MEAN> 6
 3.282802e+02 4.514349e+00 2.628587e+00 1.712512e+00 1.379249e+00 6.436387e-01
<VARIANCE> 6
 2.859276e+04 2.120589e+01 9.970305e+00 2.741413e+00 2.250272e+00 6.860518e-01
<GCONST> 2.808478e+01
<TRANSP> 5
 0.000000e+00 1.000000e+00 0.000000e+00 0.000000e+00 0.000000e+00
 0.000000e+00 8.922923e-02 9.107708e-01 0.000000e+00 0.000000e+00
 0.000000e+00 0.000000e+00 1.270110e-01 8.729889e-01 0.000000e+00
 0.000000e+00 0.000000e+00 0.000000e+00 8.475431e-01 1.524569e-01
 0.000000e+00 0.000000e+00 0.000000e+00 0.000000e+00 0.000000e+00
<ENDHMM>
~h "fp_screen_1"
<BEGINHMM>
<NUMSTATES> 5
<STATE> 2
<MEAN> 6
 2.683481e+02 1.746796e+01 5.373781e+00 5.297683e+00 2.961179e+00 2.323184e+00
<VARIANCE> 6
 2.098657e+04 3.027260e+02 4.856726e+01 1.664333e+01 6.307692e+00 6.511102e+00
<GCONST> 3.710197e+01
<STATE> 3
<MEAN> 6
 4.334504e+02 2.462845e+01 1.585116e+01 7.199221e+00 5.904893e+00 2.849291e+00
<VARIANCE> 6
 5.685391e+04 1.415905e+03 5.167839e+02 9.183113e+01 4.974444e+01 1.592692e+01
<GCONST> 4.667351e+01
<STATE> 4
<MEAN> 6
 3.355417e+02 1.131749e+01 4.082571e+00 3.402524e+00 1.953081e+00 1.230562e+00
<VARIANCE> 6
 1.386312e+04 1.906205e+02 2.292836e+01 1.019553e+01 2.556881e+00 1.532386e+00
<GCONST> 3.263448e+01
<TRANSP> 5
 0.000000e+00 1.000000e+00 0.000000e+00 0.000000e+00 0.000000e+00
 0.000000e+00 4.209238e-01 5.790762e-01 0.000000e+00 0.000000e+00
 0.000000e+00 0.000000e+00 1.113531e-01 8.886469e-01 0.000000e+00
 0.000000e+00 0.000000e+00 0.000000e+00 3.103790e-01 6.896210e-01
 0.000000e+00 0.000000e+00 0.000000e+00 0.000000e+00 0.000000e+00
<ENDHMM>
~h "fp_screen_2"
<BEGINHMM>
<NUMSTATES> 5
<STATE> 2
<MEAN> 6
 2.644514e+02 2.654199e+01 4.571126e+00 5.798589e+00 3.018090e+00 2.008686e+00
<VARIANCE> 6
 1.683242e+04 7.694808e+02 1.683210e+01 1.744446e+01 3.857025e+00 2.653782e+00
<GCONST> 3.541223e+01
<STATE> 3
<MEAN> 6
 5.246400e+02 6.985072e+01 4.152342e+01 2.424465e+01 2.086823e+01 8.235209e+00
<VARIANCE> 6
 3.499751e+04 3.779780e+03 2.309645e+03 3.076430e+02 5.271943e+02 8.024008e+01
<GCONST> 5.385410e+01
<STATE> 4
<MEAN> 6
 4.775265e+02 2.799121e+01 3.973413e+01 8.427631e+00 1.374090e+01 3.228579e+00
<VARIANCE> 6
 4.080915e+04 1.220333e+03 3.100213e+03 9.294873e+01 2.010559e+02 9.571009e+00
<GCONST> 4.888440e+01
<TRANSP> 5
 0.000000e+00 1.000000e+00 0.000000e+00 0.000000e+00 0.000000e+00
 0.000000e+00 6.994829e-01 3.005171e-01 0.000000e+00 0.000000e+00
 0.000000e+00 0.000000e+00 6.627159e-01 3.372841e-01 0.000000e+00
 0.000000e+00 0.000000e+00 0.000000e+00 4.212393e-01 5.787607e-01
 0.000000e+00 0.000000e+00 0.000000e+00 0.000000e+00 0.000000e+00
<ENDHMM>
~h "fp_screen_3"
<BEGINHMM>
<NUMSTATES> 5
<STATE> 2
<MEAN> 6
 3.498032e+02 1.981981e+01 9.184599e+00 7.154064e+00 5.224668e+00 3.075657e+00
<VARIANCE> 6
 1.032598e+04 5.598530e+02 1.845807e+02 4.145819e+01 4.224485e+01 9.265807e+00
<GCONST> 4.150994e+01
<STATE> 3
<MEAN> 6
 5.221021e+02 5.915168e+01 6.590849e+01 1.380521e+01 1.818303e+01 8.064935e+00
<VARIANCE> 6
 4.228382e+04 3.352559e+03 5.557604e+03 1.618819e+02 2.189043e+02 4.708276e+01
<GCONST> 5.274723e+01
<STATE> 4
<MEAN> 6
 3.165501e+02 6.503940e+00 3.259350e+00 1.977745e+00 1.519994e+00 5.757058e-01
<VARIANCE> 6
 3.644940e+03 3.642368e+01 7.677762e+00 2.175247e+00 1.175930e+00 1.985370e-01
<GCONST> 2.418433e+01
<TRANSP> 5
 0.000000e+00 1.000000e+00 0.000000e+00 0.000000e+00 0.000000e+00
 0.000000e+00 2.932939e-01 7.067060e-01 0.000000e+00 0.000000e+00
 0.000000e+00 0.000000e+00 6.098337e-01 3.901663e-01 0.000000e+00
 0.000000e+00 0.000000e+00 0.000000e+00 9.190421e-01 8.095794e-02
 0.000000e+00 0.000000e+00 0.000000e+00 0.000000e+00 0.000000e+00
<ENDHMM>
~h "fp_screen_4"
<BEGINHMM>
<NUMSTATES> 5
<STATE> 2
<MEAN> 6
 3.180353e+02 5.550521e+00 4.533278e+00 2.203340e+00 1.886505e+00 6.565083e-01
<VARIANCE> 6
 4.028523e+03 4.337112e+01 1.396464e+01 3.736355e+00 9.621329e-01 1.475285e-01
<GCONST> 2.510052e+01
<STATE> 3
<MEAN> 6
 3.375800e+02 1.007338e+01 1.579737e+01 4.545007e+00 4.133816e+00 2.366870e+00
<VARIANCE> 6
 5.337641e+03 6.705273e+01 1.926753e+02 2.394047e+01 8.480610e+00 4.564102e+00
<GCONST> 3.590786e+01
<STATE> 4
<MEAN> 6
 3.472510e+02 4.651481e+00 3.730362e+00 2.070935e+00 2.101444e+00 7.765959e-01
<VARIANCE> 6
 1.544538e+03 1.534878e+01 8.968135e+00 4.193620e+00 1.091135e+00 3.334527e-01
<GCONST> 2.371699e+01
<TRANSP> 5
 0.000000e+00 1.000000e+00 0.000000e+00 0.000000e+00 0.000000e+00
 0.000000e+00 5.800560e-01 4.199440e-01 0.000000e+00 0.000000e+00
 0.000000e+00 0.000000e+00 4.843369e-01 5.156631e-01 0.000000e+00
 0.000000e+00 0.000000e+00 0.000000e+00 8.497493e-01 1.502507e-01
 0.000000e+00 0.000000e+00 0.000000e+00 0.000000e+00 0.000000e+00
<ENDHMM>
~h "fp_screen_5"
<BEGINHMM>
<NUMSTATES> 5
<STATE> 2
<MEAN> 6
 3.525868e+02 6.002180e+00 7.472583e+00 3.407000e+00 3.017264e+00 1.509302e+00
<VARIANCE> 6
 2.335995e+03 2.269822e+01 3.175411e+01 1.117224e+01 2.226683e+00 1.380886e+00
<GCONST> 2.890043e+01
<STATE> 3
<MEAN> 6
 4.345352e+02 4.799434e+01 2.517995e+01 1.467023e+01 1.175228e+01 5.880745e+00
<VARIANCE> 6
 2.175621e+04 3.679118e+03 1.492228e+03 1.695119e+02 1.782248e+02 3.086409e+01
<GCONST> 5.027893e+01
<STATE> 4
<MEAN> 6
 3.204755e+02 5.587515e+00 8.285350e+00 3.221505e+00 3.588830e+00 1.984133e+00
<VARIANCE> 6
 2.480374e+03 2.031964e+01 4.749202e+01 3.841096e+00 4.115665e+00 2.071032e+00
<GCONST> 2.920418e+01
<TRANSP> 5
 0.000000e+00 1.000000e+00 0.000000e+00 0.000000e+00 0.000000e+00
 0.000000e+00 6.479356e-01 3.520644e-01 0.000000e+00 0.000000e+00
 0.000000e+00 0.000000e+00 4.479938e-01 5.520062e-01 0.000000e+00
 0.000000e+00 0.000000e+00 0.000000e+00 8.232026e-01 1.767974e-01
 0.000000e+00 0.000000e+00 0.000000e+00 0.000000e+00 0.000000e+00
<ENDHMM>
~h "bg_white_0_0"
<BEGINHMM>
<NUMSTATES> 5
<STATE> 2
<MEAN> 6
 7.889865e+02 1.711684e+00 1.270147e+00 5.421441e-01 4.377434e-01 2.159888e-01
<VARIANCE> 6
 1.505579e+03 6.656895e+00 3.396286e+00 8.293266e-01 5.243983e-01 4.667429e-02
<GCONST> 1.756532e+01
<STATE> 3
<MEAN> 6
 7.501976e+02 3.087568e+01 1.257051e+01 9.706948e+00 9.757779e+00 6.279288e+00
<VARIANCE> 6
 3.139782e+03 1.380103e+03 3.076129e+02 8.578184e+01 9.971765e+01 3.826267e+01
<GCONST> 4.473655e+01
<STATE> 4
<MEAN> 6
 7.596472e+02 2.025705e+01 7.570952e+00 7.508384e+00 6.390044e+00 4.431461e+00
<VARIANCE> 6
 2.550684e+03 5.930875e+02 1.447331e+02 5.521106e+01 5.091940e+01 2.283085e+01
<GCONST> 4.130113e+01
<TRANSP> 5
 0.000000e+00 1.000000e+00 0.000000e+00 0.000000e+00 0.000000e+00
 0.000000e+00 8.002107e-01 1.997893e-01 0.000000e+00 0.000000e+00
 0.000000e+00 0.000000e+00 3.857560e-01 6.142439e-01 0.000000e+00
 0.000000e+00 0.000000e+00 0.000000e+00 2.182526e-01 7.817475e-01
 0.000000e+00 0.000000e+00 0.000000e+00 0.000000e+00 0.000000e+00
<ENDHMM>
~h "bg_white_0_1"
<BEGINHMM>
<NUMSTATES> 5
<STATE> 2
<MEAN> 6
 7.734523e+02 7.430836e+00 3.400076e+00 3.892353e+00 3.022739e+00 2.872376e+00
<VARIANCE> 6
 1.862956e+03 1.496719e+02 3.180948e+01 1.896492e+01 1.047542e+01 6.328368e+00
<GCONST> 3.416206e+01
<STATE> 3
<MEAN> 6
 7.054261e+02 5.811049e+01 1.763754e+01 1.585978e+01 1.516988e+01 1.021678e+01
<VARIANCE> 6
 2.064743e+03 1.145996e+03 2.643810e+02 5.681048e+01 8.759735e+01 3.328001e+01
<GCONST> 4.329887e+01
<STATE> 4
<MEAN> 6
 7.394262e+02 2.518097e+01 7.356931e+00 9.663061e+00 7.097376e+00 5.496930e+00
<VARIANCE> 6
 2.882022e+03 7.851683e+02 6.201901e+01 6.308362e+01 4.903270e+01 2.069087e+01
<GCONST> 4.085349e+01
<TRANSP> 5
 0.000000e+00 1.000000e+00 0.000000e+00 0.000000e+00 0.000000e+00
 0.000000e+00 4.141980e-01 5.858020e-01 0.000000e+00 0.000000e+00
 0.000000e+00 0.000000e+00 8.351777e-01 1.648223e-01 0.000000e+00
 0.000000e+00 0.000000e+00 0.000000e+00 2.667046e-01 7.332954e-01
 0.000000e+00 0.000000e+00 0.000000e+00 0.000000e+00 0.000000e+00
<ENDHMM>
~h "bg_white_0_2"
<BEGINHMM>
<NUMSTATES> 5
<STATE> 2
<MEAN> 6
 7.595964e+02 1.283758e+01 3.324703e+00 5.276337e+00 3.447717e+00 3.288596e+00
<VARIANCE> 6
 1.849266e+03 4.219411e+02 1.366959e+01 2.866290e+01 1.143863e+01 6.936554e+00
<GCONST> 3.493925e+01
<STATE> 3
<MEAN> 6
 6.806530e+02 5.326450e+01 1.794072e+01 1.710989e+01 1.528859e+01 1.035083e+01
<VARIANCE> 6
 3.358805e+03 1.590153e+03 2.985392e+02 8.144387e+01 1.106950e+02 3.982302e+01
<GCONST> 4.500823e+01
<STATE> 4
<MEAN> 6
 7.332903e+02 1.942958e+01 9.358171e+00 8.396188e+00 6.485989e+00 5.063668e+00
<VARIANCE> 6
 3.205676e+03 4.580435e+02 1.436627e+02 5.439526e+01 4.309466e+01 2.221318e+01
<GCONST> 4.105473e+01
<TRANSP> 5
 0.000000e+00 1.000000e+00 0.000000e+00 0.000000e+00 0.000000e+00
 0.000000e+00 5.244654e-01 4.755346e-01 0.000000e+00 0.000000e+00
 0.000000e+00 0.000000e+00 7.408516e-01 2.591484e-01 0.000000e+00
 0.000000e+00 0.000000e+00 0.000000e+00 2.051909e-01 7.948091e-01
 0.000000e+00 0.000000e+00 0.000000e+00 0.000000e+00 0.000000e+00
<ENDHMM>
~h "bg_white_0_3"
<BEGINHMM>
<NUMSTATES> 5
<STATE> 2
<MEAN> 6
 7.452462e+02 6.142288e+00 2.708059e+00 3.640592e+00 2.562811e+00 2.509667e+00
<VARIANCE> 6
 1.211618e+03 6.254171e+01 1.062281e+01 1.499201e+01 6.755611e+00 6.171186e+00
<GCONST> 3.106359e+01
<STATE> 3
<MEAN> 6
 7.089954e+02 3.859223e+01 1.622305e+01 1.272352e+01 1.161924e+01 7.705559e+00
<VARIANCE> 6
 2.265468e+03 9.658187e+02 2.293098e+02 5.468543e+01 7.144766e+01 2.911380e+01
<GCONST> 4.270263e+01
<STATE> 4
<MEAN> 6
 7.182507e+02 2.258842e+01 5.438469e+00 8.816930e+00 4.735462e+00 4.054006e+00
<VARIANCE> 6
 4.398696e+03 7.589614e+02 4.270116e+01 6.413817e+01 2.478074e+01 1.706468e+01
<GCONST> 4.001062e+01
<TRANSP> 5
 0.000000e+00 1.000000e+00 0.000000e+00 0.000000e+00 0.000000e+00
 0.000000e+00 6.757519e-01 3.242481e-01 0.000000e+00 0.000000e+00
 0.000000e+00 0.000000e+00 6.601686e-01 3.398314e-01 0.000000e+00
 0.000000e+00 0.000000e+00 0.000000e+00 3.513498e-02 9.648650e-01
 0.000000e+00 0.000000e+00 0.000000e+00 0.000000e+00 0.000000e+00
<ENDHMM>
~h "bg_white_0_4"
<BEGINHMM>
<NUMSTATES> 5
<STATE> 2
<MEAN> 6
 7.269801e+02 1.669824e+01 4.578542e+00 7.009094e+00 4.891744e+00 3.860782e+00
<VARIANCE> 6
 3.161140e+03 4.338093e+02 3.297736e+01 4.168140e+01 2.545277e+01 1.748109e+01
<GCONST> 3.848238e+01
<STATE> 3
<MEAN> 6
 6.650219e+02 4.566383e+01 1.601176e+01 1.545783e+01 1.154408e+01 8.114130e+00
<VARIANCE> 6
 7.354351e+03 1.613932e+03 2.521131e+02 9.070322e+01 7.265314e+01 3.617663e+01
<GCONST> 4.522832e+01
<STATE> 4
<MEAN> 6
 7.353836e+02 3.389338e+00 1.322058e+00 1.382008e+00 7.849460e-01 5.867703e-01
<VARIANCE> 6
 2.933712e+03 1.612468e+01 1.731087e+00 2.040933e+00 8.553994e-01 1.007399e+00
<GCONST> 2.290498e+01
<TRANSP> 5
 0.000000e+00 1.000000e+00 0.000000e+00 0.000000e+00 0.000000e+00
 0.000000e+00 2.265427e-01 7.734573e-01 0.000000e+00 0.000000e+00
 0.000000e+00 0.000000e+00 6.832417e-01 3.167583e-01 0.000000e+00
 0.000000e+00 0.000000e+00 0.000000e+00 9.153733e-01 8.462675e-02
 0.000000e+00 0.000000e+00 0.000000e+00 0.000000e+00 0.000000e+00
<ENDHMM>
~h "bg_white_0_5"
<BEGINHMM>
<NUMSTATES> 5
<STATE> 2
<MEAN> 6
 7.273992e+02 2.691902e+00 3.530216e+00 9.143234e-01 1.642248e+00 4.108658e-01
<VARIANCE> 6
 3.437013e+03 3.748215e+01 1.502377e+01 3.425005e+00 4.010285e+00 6.700759e-01
<GCONST> 2.772272e+01
<STATE> 3
<MEAN> 6
 3.925249e+02 2.260081e+01 6.526283e+01 6.658730e+00 1.502048e+01 1.179600e+00
<VARIANCE> 6
 2.665136e+04 8.076252e+02 6.168159e+03 5.497540e+01 2.275599e+02 1.896347e+00
<GCONST> 4.671334e+01
<STATE> 4
<MEAN> 6
 2.845564e+02 6.064704e+00 3.662328e+00 2.138356e+00 1.327879e+00 5.503362e-01
<VARIANCE> 6
 1.941211e+03 4.731216e+01 1.678456e+01 4.992238e+00 1.273174e+00 3.977574e-01
<GCONST> 2.620304e+01
<TRANSP> 5
 0.000000e+00 1.000000e+00 0.000000e+00 0.000000e+00 0.000000e+00
 0.000000e+00 4.504646e-01 5.495354e-01 0.000000e+00 0.000000e+00
 0.000000e+00 0.000000e+00 5.531945e-01 4.468055e-01 0.000000e+00
 0.000000e+00 0.000000e+00 0.000000e+00 8.682336e-01 1.317664e-01
 0.000000e+00 0.000000e+00 0.000000e+00 0.000000e+00 0.000000e+00
<ENDHMM>
~h "bg_dark_0"
<BEGINHMM>
<NUMSTATES> 5
<STATE> 2
<MEAN> 6
 1.256049e+02 1.088669e+01 8.753081e+00 3.089468e+00 2.727973e+00 1.088443e+00
<VARIANCE> 6
 5.590684e+03 1.651486e+02 8.587946e+01 4.396024e+00 2.378751e+00 9.995110e-01
<GCONST> 3.156270e+01
<STATE> 3
<MEAN> 6
 3.016734e+02 2.850738e+01 8.721670e+00 7.312390e+00 3.851963e+00 2.238977e+00
<VARIANCE> 6
 9.454062e+03 5.203659e+02 5.667722e+01 2.363945e+01 4.876364e+00 2.568388e+00
<GCONST> 3.616396e+01
<STATE> 4
<MEAN> 6
 1.936353e+02 4.223219e+00 1.876216e+00 1.293425e+00 9.543460e-01 3.771998e-01
<VARIANCE> 6
 6.953508e+03 2.115503e+01 4.307300e+00 1.104517e+00 7.501129e-01 8.511798e-02
<GCONST> 2.173462e+01
<TRANSP> 5
 0.000000e+00 1.000000e+00 0.000000e+00 0.000000e+00 0.000000e+00
 0.000000e+00 8.410774e-01 1.589226e-01 0.000000e+00 0.000000e+00
 0.000000e+00 0.000000e+00 7.337670e-01 2.662331e-01 0.000000e+00
 0.000000e+00 0.000000e+00 0.000000e+00 8.114744e-01 1.885257e-01
 0.000000e+00 0.000000e+00 0.000000e+00 0.000000e+00 0.000000e+00
<ENDHMM>
~h "bg_dark_0_0"
<BEGINHMM>
<NUMSTATES> 5
<STATE> 2
<MEAN> 6
 2.969676e+02 1.122149e+01 9.930740e+00 4.233624e+00 3.602234e+00 1.969787e+00
<VARIANCE> 6
 1.338857e+04 7.864499e+01 6.714761e+01 4.181582e+00 3.456729e+00 2.443325e+00
<GCONST> 3.266563e+01
<STATE> 3
<MEAN> 6
 2.471465e+02 1.401266e+01 9.960176e+00 5.121764e+00 4.389417e+00 1.916987e+00
<VARIANCE> 6
 1.520048e+04 1.531248e+02 1.368286e+02 8.891764e+00 1.068891e+01 2.389756e+00
<GCONST> 3.603185e+01
<STATE> 4
<MEAN> 6
 1.450563e+02 1.543635e+01 9.426710e+00 3.711958e+00 2.571645e+00 7.298450e-01
<VARIANCE> 6
 9.205277e+03 2.060753e+02 6.810156e+01 4.436490e+00 2.890503e+00 2.110159e-01
<GCONST> 3.069951e+01
<TRANSP> 5
 0.000000e+00 1.000000e+00 0.000000e+00 0.000000e+00 0.000000e+00
 0.000000e+00 5.609211e-01 4.390789e-01 0.000000e+00 0.000000e+00
 0.000000e+00 0.000000e+00 2.834758e-01 7.165242e-01 0.000000e+00
 0.000000e+00 0.000000e+00 0.000000e+00 7.418569e-01 2.581431e-01
 0.000000e+00 0.000000e+00 0.000000e+00 0.000000e+00 0.000000e+00
<ENDHMM>
~h "bg_dark_0_1"
<BEGINHMM>
<NUMSTATES> 5
<STATE> 2
<MEAN> 6
 1.269977e+02 3.228444e+01 6.385733e+00 5.233334e+00 2.004334e+00 6.529000e-01
<VARIANCE> 6
 1.243977e+04 6.431365e+02 3.091916e+01 7.618683e+00 2.141807e+00 1.626373e-01
<GCONST> 3.132967e+01
<STATE> 3
<MEAN> 6
 2.971053e+02 2.484631e+01 1.453009e+01 7.862602e+00 4.240714e+00 1.711953e+00
<VARIANCE> 6
 1.332587e+04 5.880755e+02 1.635756e+02 3.347820e+01 6.421365e+00 9.144256e-01
<GCONST> 3.727992e+01
<STATE> 4
<MEAN> 6
 2.872472e+02 1.007010e+01 8.864780e+00 3.378400e+00 2.928362e+00 1.115788e+00
<VARIANCE> 6
 1.354344e+04 5.669678e+01 5.507344e+01 2.622577e+00 1.974950e+00 5.926188e-01
<GCONST> 2.970880e+01
<TRANSP> 5
 0.000000e+00 1.000000e+00 0.000000e+00 0.000000e+00 0.000000e+00
 0.000000e+00 7.193326e-01 2.806675e-01 0.000000e+00 0.000000e+00
 0.000000e+00 0.000000e+00 4.466067e-01 5.533933e-01 0.000000e+00
 0.000000e+00 0.000000e+00 0.000000e+00 6.760684e-01 3.239317e-01
 0.000000e+00 0.000000e+00 0.000000e+00 0.000000e+00 0.000000e+00
<ENDHMM>
~h "bg_dark_0_2"
<BEGINHMM>
<NUMSTATES> 5
<STATE> 2
<MEAN> 6
 1.432592e+02 1.303025e+01 8.491655e+00 2.882927e+00 2.077085e+00 6.855210e-01
<VARIANCE> 6
 1.165517e+04 1.739667e+02 4.684280e+01 3.047851e+00 2.108861e+00 1.565871e-01
<GCONST> 2.940287e+01
<STATE> 3
<MEAN> 6
 2.580792e+02 3.384018e+01 1.430540e+01 8.350769e+00 4.895736e+00 2.339919e+00
<VARIANCE> 6
 1.291321e+04 8.434067e+02 8.880511e+01 3.321579e+01 1.803949e+01 2.148727e+00
<GCONST> 3.887762e+01
<STATE> 4
<MEAN> 6
 3.688485e+02 9.669917e+00 3.278519e+00 2.321108e+00 1.426921e+00 6.245399e-01
<VARIANCE> 6
 1.827092e+04 1.108546e+02 1.005347e+01 3.776585e+00 1.359314e+00 3.309974e-01
<GCONST> 2.838662e+01
<TRANSP> 5
 0.000000e+00 1.000000e+00 0.000000e+00 0.000000e+00 0.000000e+00
 0.000000e+00 7.522275e-01 2.477725e-01 0.000000e+00 0.000000e+00
 0.000000e+00 0.000000e+00 6.025240e-01 3.974759e-01 0.000000e+00
 0.000000e+00 0.000000e+00 0.000000e+00 8.115183e-01 1.884818e-01
 0.000000e+00 0.000000e+00 0.000000e+00 0.000000e+00 0.000000e+00
<ENDHMM>
~h "bg_dark_0_3"
<BEGINHMM>
<NUMSTATES> 5
<STATE> 2
<MEAN> 6
 2.088468e+02 1.821465e+01 7.794493e+00 3.339545e+00 2.506438e+00 9.564893e-01
<VARIANCE> 6
 2.629542e+04 2.752932e+02 4.398824e+01 3.742549e+00 2.955105e+00 5.204532e-01
<GCONST> 3.235641e+01
<STATE> 3
<MEAN> 6
 2.999427e+02 5.150739e+01 1.465143e+01 1.024385e+01 4.343560e+00 2.510920e+00
<VARIANCE> 6
 1.475301e+04 1.425328e+03 1.141475e+02 4.170250e+01 5.966309e+00 3.883504e+00
<GCONST> 3.949954e+01
<STATE> 4
<MEAN> 6
 3.302151e+02 1.175939e+01 5.915195e+00 3.239281e+00 2.500678e+00 8.574073e-01
<VARIANCE> 6
 2.652926e+04 1.168052e+02 2.437798e+01 5.091518e+00 1.713716e+00 5.751932e-01
<GCONST> 3.078065e+01
<TRANSP> 5
 0.000000e+00 1.000000e+00 0.000000e+00 0.000000e+00 0.000000e+00
 0.000000e+00 4.384867e-01 5.615134e-01 0.000000e+00 0.000000e+00
 0.000000e+00 0.000000e+00 7.313862e-01 2.686138e-01 0.000000e+00
 0.000000e+00 0.000000e+00 0.000000e+00 6.107048e-01 3.892952e-01
 0.000000e+00 0.000000e+00 0.000000e+00 0.000000e+00 0.000000e+00
<ENDHMM>
~h "bg_dark_0_4"
<BEGINHMM>
<NUMSTATES> 5
<STATE> 2
<MEAN> 6
 2.433029e+02 1.470509e+01 8.032256e+00 4.395622e+00 3.765072e+00 1.603432e+00
<VARIANCE> 6
 2.913293e+04 2.219344e+02 3.653892e+01 7.497408e+00 3.360978e+00 1.249330e+00
<GCONST> 3.375704e+01
<STATE> 3
<MEAN> 6
 2.673817e+02 4.266635e+01 2.245664e+01 9.491957e+00 6.200501e+00 3.266681e+00
<VARIANCE> 6
 1.692097e+04 1.101460e+03 5.618555e+02 3.540645e+01 2.740122e+01 5.980887e+00
<GCONST> 4.276526e+01
<STATE> 4
<MEAN> 6
 6.876579e+01 6.643645e+00 5.225286e+00 1.762349e+00 1.879259e+00 4.619064e-01
<VARIANCE> 6
 1.054551e+03 5.196128e+01 1.684559e+01 1.431777e+00 1.453635e+00 1.172142e-01
<GCONST> 2.335195e+01
<TRANSP> 5
 0.000000e+00 1.000000e+00 0.000000e+00 0.000000e+00 0.000000e+00
 0.000000e+00 5.210326e-01 4.789673e-01 0.000000e+00 0.000000e+00
 0.000000e+00 0.000000e+00 5.668640e-01 4.331360e-01 0.000000e+00
 0.000000e+00 0.000000e+00 0.000000e+00 6.712680e-01 3.287320e-01
 0.000000e+00 0.000000e+00 0.000000e+00 0.000000e+00 0.000000e+00
<ENDHMM>
~h "bg_dark_0_5"
<BEGINHMM>
<NUMSTATES> 5
<STATE> 2
<MEAN> 6
 8.362613e+01 7.311574e+00 5.334674e+00 2.002084e+00 1.267487e+00 4.685788e-01
<VARIANCE> 6
 1.165164e+03 5.736870e+01 2.609169e+01 1.152050e+00 3.976576e-01 7.491483e-02
<GCONST> 2.202697e+01
<STATE> 3
<MEAN> 6
 1.192746e+02 4.913262e+00 4.362710e+00 1.996653e+00 1.430332e+00 6.158903e-01
<VARIANCE> 6
 1.345543e+03 2.309878e+01 1.215868e+01 1.959160e+00 8.553365e-01 1.451795e-01
<GCONST> 2.245611e+01
<STATE> 4
<MEAN> 6
 1.325865e+02 2.207070e+00 1.726285e+00 4.801132e-01 3.916807e-01 2.635311e-01
<VARIANCE> 6
 1.192132e+03 7.554467e+00 4.018798e+00 1.253089e-01 1.164033e-01 2.229564e-02
<GCONST> 1.349285e+01
<TRANSP> 5
 0.000000e+00 1.000000e+00 0.000000e+00 0.000000e+00 0.000000e+00
 0.000000e+00 5.901893e-01 4.098107e-01 0.000000e+00 0.000000e+00
 0.000000e+00 0.000000e+00 4.023532e-01 5.976468e-01 0.000000e+00
 0.000000e+00 0.000000e+00 0.000000e+00 8.603512e-01 1.396488e-01
 0.000000e+00 0.000000e+00 0.000000e+00 0.000000e+00 0.000000e+00
<ENDHMM>
~h "bg_red_0"
<BEGINHMM>
<NUMSTATES> 5
<STATE> 2
<MEAN> 6
 2.323137e+02 5.981427e+00 3.775068e+00 2.182821e+00 2.019068e+00 7.160347e-01
<VARIANCE> 6
 7.834273e+03 5.365913e+01 1.744154e+01 2.754408e+00 2.234634e+00 6.108157e-01
<GCONST> 2.815935e+01
<STATE> 3
<MEAN> 6
 2.474730e+02 1.111158e+01 7.013928e+00 3.849442e+00 4.334998e+00 1.872494e+00
<VARIANCE> 6
 3.857371e+03 9.251996e+01 5.395972e+01 8.722966e+00 1.390878e+01 4.645200e+00
<GCONST> 3.413498e+01
<STATE> 4
<MEAN> 6
 2.395847e+02 4.251061e+00 2.156354e+00 1.215715e+00 1.105868e+00 4.319865e-01
<VARIANCE> 6
 1.778349e+03 1.974578e+01 4.755376e+00 2.094368e+00 1.712695e+00 1.830892e-01
<GCONST> 2.263246e+01
<TRANSP> 5
 0.000000e+00 1.000000e+00 0.000000e+00 0.000000e+00 0.000000e+00
 0.000000e+00 4.285788e-01 5.714212e-01 0.000000e+00 0.000000e+00
 0.000000e+00 0.000000e+00 3.268337e-01 6.731663e-01 0.000000e+00
 0.000000e+00 0.000000e+00 0.000000e+00 7.310274e-01 2.689726e-01
 0.000000e+00 0.000000e+00 0.000000e+00 0.000000e+00 0.000000e+00
<ENDHMM>
~h "bg_board"
<BEGINHMM>
<NUMSTATES> 5
<STATE> 2
<MEAN> 6
 1.197673e+02 1.149740e+01 5.641446e+00 5.241058e+00 1.760073e+00 1.025855e+00
<VARIANCE> 6
 1.386477e+03 8.913499e+01 1.892699e+01 9.705407e+00 1.454826e+00 6.605995e-01
<GCONST> 2.792548e+01
<STATE> 3
<MEAN> 6
 1.654135e+02 2.499163e+01 1.947117e+01 1.072872e+01 4.744061e+00 2.145287e+00
<VARIANCE> 6
 2.504330e+03 5.395876e+02 2.415195e+02 6.407945e+01 1.404842e+01 1.781475e+00
<GCONST> 3.801087e+01
<STATE> 4
<MEAN> 6
 1.365978e+02 1.372168e+01 1.235386e+01 5.473885e+00 2.551413e+00 1.609005e+00
<VARIANCE> 6
 1.372436e+03 1.231974e+02 5.731893e+01 1.198187e+01 2.503437e+00 1.858992e+00
<GCONST> 3.113512e+01
<TRANSP> 5
 0.000000e+00 1.000000e+00 0.000000e+00 0.000000e+00 0.000000e+00
 0.000000e+00 7.179360e-01 2.820641e-01 0.000000e+00 0.000000e+00
 0.000000e+00 0.000000e+00 4.379717e-01 5.620282e-01 0.000000e+00
 0.000000e+00 0.000000e+00 0.000000e+00 3.229850e-01 6.770151e-01
 0.000000e+00 0.000000e+00 0.000000e+00 0.000000e+00 0.000000e+00
<ENDHMM>
~h "fp_key_0"
<BEGINHMM>
<NUMSTATES> 5
<STATE> 2
<MEAN> 6
 2.751153e+02 6.628124e+01 6.439509e+00 1.333734e+01 2.353765e+00 1.334472e+00
<VARIANCE> 6
 2.336369e+04 2.611006e+03 3.519516e+01 8.625039e+01 2.770821e+00 1.466303e+00
<GCONST> 3.837374e+01
<STATE> 3
<MEAN> 6
 2.345269e+02 4.834946e+01 2.906707e+01 1.123687e+01 1.182510e+01 3.490882e+00
<VARIANCE> 6
 1.720221e+04 2.552221e+03 1.817714e+03 8.800377e+01 1.696476e+02 1.440705e+01
<GCONST> 4.840893e+01
<STATE> 4
<MEAN> 6
 1.459508e+02 1.593752e+01 2.920380e+00 4.118466e+00 1.440394e+00 8.241655e-01
<VARIANCE> 6
 1.095029e+04 7.985532e+02 9.169769e+00 3.080643e+01 1.168260e+00 7.461665e-01
<GCONST> 3.251754e+01
<TRANSP> 5
 0.000000e+00 1.000000e+00 0.000000e+00 0.000000e+00 0.000000e+00
 0.000000e+00 6.031662e-01 3.968338e-01 0.000000e+00 0.000000e+00
 0.000000e+00 0.000000e+00 5.197431e-01 4.802569e-01 0.000000e+00
 0.000000e+00 0.000000e+00 0.000000e+00 4.471040e-01 5.528960e-01
 0.000000e+00 0.000000e+00 0.000000e+00 0.000000e+00 0.000000e+00
<ENDHMM>
~h "fp_key_1"
<BEGINHMM>
<NUMSTATES> 5
<STATE> 2
<MEAN> 6
 1.051221e+02 8.992531e+00 2.441886e+00 2.041920e+00 1.232248e+00 4.748536e-01
<VARIANCE> 6
 3.809844e+03 2.774531e+02 7.073524e+00 8.836861e+00 1.325567e+00 2.693682e-01
<GCONST> 2.800371e+01
<STATE> 3
<MEAN> 6
 2.924832e+02 6.426219e+01 5.501269e+01 2.010712e+01 2.136572e+01 9.563907e+00
<VARIANCE> 6
 1.648556e+04 2.841951e+03 3.806345e+03 3.156161e+02 4.527386e+02 1.080408e+02
<GCONST> 5.348653e+01
<STATE> 4
<MEAN> 6
 2.881226e+02 7.624787e+01 1.513377e+01 1.405893e+01 7.194932e+00 2.884796e+00
<VARIANCE> 6
 1.558595e+04 3.281647e+03 3.518190e+02 9.283971e+01 8.366707e+01 9.212074e+00
<GCONST> 4.581884e+01
<TRANSP> 5
 0.000000e+00 1.000000e+00 0.000000e+00 0.000000e+00 0.000000e+00
 0.000000e+00 8.650725e-01 1.349275e-01 0.000000e+00 0.000000e+00
 0.000000e+00 0.000000e+00 3.018291e-01 6.981709e-01 0.000000e+00
 0.000000e+00 0.000000e+00 0.000000e+00 4.336235e-01 5.663764e-01
 0.000000e+00 0.000000e+00 0.000000e+00 0.000000e+00 0.000000e+00
<ENDHMM>
~h "fp_key_2"
<BEGINHMM>
<NUMSTATES> 5
<STATE> 2
<MEAN> 6
 2.590357e+02 6.352639e+01 1.747942e+01 1.172087e+01 7.716654e+00 2.778884e+00
<VARIANCE> 6
 1.139693e+04 2.791452e+03 5.426087e+02 8.629304e+01 1.233517e+02 7.434014e+00
<GCONST> 4.587792e+01
<STATE> 3
<MEAN> 6
 2.689369e+02 5.349703e+01 3.094661e+01 1.550509e+01 1.647104e+01 5.436302e+00
<VARIANCE> 6
 1.639585e+04 3.301612e+03 1.570766e+03 3.001901e+02 3.693852e+02 3.859237e+01
<GCONST> 5.146284e+01
<STATE> 4
<MEAN> 6
 1.708987e+02 8.552327e+00 3.859408e+00 3.353682e+00 2.371790e+00 1.322150e+00
<VARIANCE> 6
 4.090588e+03 2.986575e+02 1.220399e+01 2.435804e+01 2.506088e+00 1.850669e+00
<GCONST> 3.227190e+01
<TRANSP> 5
 0.000000e+00 1.000000e+00 0.000000e+00 0.000000e+00 0.000000e+00
 0.000000e+00 3.638776e-01 6.361223e-01 0.000000e+00 0.000000e+00
 0.000000e+00 0.000000e+00 2.860825e-01 7.139175e-01 0.000000e+00
 0.000000e+00 0.000000e+00 0.000000e+00 7.807207e-01 2.192793e-01
 0.000000e+00 0.000000e+00 0.000000e+00 0.000000e+00 0.000000e+00
<ENDHMM>
~h "fp_key_3"
<BEGINHMM>
<NUMSTATES> 5
<STATE> 2
<MEAN> 6
 2.513896e+02 2.060944e+01 6.065400e+00 9.077277e+00 3.429481e+00 2.129287e+00
<VARIANCE> 6
 8.398917e+03 6.615801e+02 2.648285e+01 7.542412e+01 3.740678e+00 3.850950e+00
<GCONST> 3.682496e+01
<STATE> 3
<MEAN> 6
 4.270316e+02 8.824301e+01 7.535718e+01 2.981392e+01 2.878921e+01 1.153760e+01
<VARIANCE> 6
 2.547607e+04 5.714347e+03 4.737671e+03 4.831444e+02 4.961676e+02 7.192004e+01
<GCONST> 5.494957e+01
<STATE> 4
<MEAN> 6
 4.015902e+02 5.213578e+01 8.456132e+00 1.398606e+01 3.176920e+00 1.760219e+00
<VARIANCE> 6
 1.896988e+04 1.823002e+03 8.986552e+01 9.734042e+01 4.606861e+00 2.111114e+00
<GCONST> 3.973740e+01
<TRANSP> 5
 0.000000e+00 1.000000e+00 0.000000e+00 0.000000e+00 0.000000e+00
 0.000000e+00 5.477544e-01 4.522456e-01 0.000000e+00 0.000000e+00
 0.000000e+00 0.000000e+00 7.397193e-01 2.602807e-01 0.000000e+00
 0.000000e+00 0.000000e+00 0.000000e+00 6.880971e-01 3.119029e-01
 0.000000e+00 0.000000e+00 0.000000e+00 0.000000e+00 0.000000e+00
<ENDHMM>
~h "fp_key_4"
<BEGINHMM>
<NUMSTATES> 5
<STATE> 2
<MEAN> 6
 3.013578e+02 1.182189e+01 5.190078e+00 3.816547e+00 2.435124e+00 1.321360e+00
<VARIANCE> 6
 7.668917e+03 4.769525e+02 2.470984e+01 1.462187e+01 2.690702e+00 2.086601e+00
<GCONST> 3.375467e+01
<STATE> 3
<MEAN> 6
 4.619694e+02 6.290266e+01 6.015010e+01 1.577310e+01 2.249903e+01 7.392723e+00
<VARIANCE> 6
 3.143692e+04 4.326904e+03 4.167666e+03 1.980284e+02 3.586578e+02 3.165827e+01
<GCONST> 5.271650e+01
<STATE> 4
<MEAN> 6
 3.913871e+02 5.381121e+01 1.875690e+01 1.224745e+01 5.444738e+00 3.335988e+00
<VARIANCE> 6
 2.033136e+04 2.158097e+03 4.910339e+02 7.868450e+01 3.321278e+01 9.025424e+00
<GCONST> 4.488911e+01
<TRANSP> 5
 0.000000e+00 1.000000e+00 0.000000e+00 0.000000e+00 0.000000e+00
 0.000000e+00 7.744327e-01 2.255674e-01 0.000000e+00 0.000000e+00
 0.000000e+00 0.000000e+00 5.422947e-01 4.577053e-01 0.000000e+00
 0.000000e+00 0.000000e+00 0.000000e+00 5.486359e-01 4.513641e-01
 0.000000e+00 0.000000e+00 0.000000e+00 0.000000e+00 0.000000e+00
<ENDHMM>
~h "fp_key_5"
<BEGINHMM>
<NUMSTATES> 5
<STATE> 2
<MEAN> 6
 5.207382e+02 7.843531e+01 1.068158e+01 1.454905e+01 3.056889e+00 1.840352e+00
<VARIANCE> 6
 2.618108e+04 2.993072e+03 1.718459e+02 6.622849e+01 1.358756e+01 4.054152e+00
<GCONST> 4.255272e+01
<STATE> 3
<MEAN> 6
 5.635654e+02 7.454582e+01 6.840295e+01 2.345528e+01 2.132657e+01 9.074027e+00
<VARIANCE> 6
 3.542008e+04 3.887103e+03 4.243879e+03 3.564369e+02 3.015196e+02 5.915186e+01
<GCONST> 5.378605e+01
<STATE> 4
<MEAN> 6
 3.924512e+02 3.959135e+00 4.379102e+00 1.503740e+00 1.517088e+00 8.086062e-01
<VARIANCE> 6
 2.291841e+03 1.245378e+02 2.113412e+02 3.851171e+00 5.651641e+00 2.030878e+00
<GCONST> 3.273125e+01
<TRANSP> 5
 0.000000e+00 1.000000e+00 0.000000e+00 0.000000e+00 0.000000e+00
 0.000000e+00 7.614603e-01 2.385397e-01 0.000000e+00 0.000000e+00
 0.000000e+00 0.000000e+00 4.813062e-01 5.186938e-01 0.000000e+00
 0.000000e+00 0.000000e+00 0.000000e+00 8.449752e-01 1.550248e-01
 0.000000e+00 0.000000e+00 0.000000e+00 0.000000e+00 0.000000e+00
<ENDHMM>
~h "bg_red_0_0"
<BEGINHMM>
<NUMSTATES> 5
<STATE> 2
<MEAN> 6
 2.515328e+02 1.629981e+01 5.195477e+00 3.052194e+00 2.262634e+00 8.173379e-01
<VARIANCE> 6
 1.121194e+04 2.890538e+02 1.980203e+01 3.076138e+00 2.187045e+00 3.032881e-01
<GCONST> 2.971755e+01
<STATE> 3
<MEAN> 6
 2.920798e+02 1.125002e+01 1.327935e+01 6.710247e+00 4.663102e+00 3.357626e+00
<VARIANCE> 6
 7.087613e+03 8.539008e+01 1.569410e+02 1.442209e+01 7.837675e+00 1.172621e+01
<GCONST> 3.658599e+01
<STATE> 4
<MEAN> 6
 2.583328e+02 4.086761e+00 3.041350e+00 2.879938e+00 1.915196e+00 9.182271e-01
<VARIANCE> 6
 3.033603e+03 1.514753e+01 8.065409e+00 4.873169e+00 2.254601e+00 7.756457e-01
<GCONST> 2.599285e+01
<TRANSP> 5
 0.000000e+00 1.000000e+00 0.000000e+00 0.000000e+00 0.000000e+00
 0.000000e+00 6.377658e-01 3.622341e-01 0.000000e+00 0.000000e+00
 0.000000e+00 0.000000e+00 4.756931e-01 5.243069e-01 0.000000e+00
 0.000000e+00 0.000000e+00 0.000000e+00 5.259657e-01 4.740343e-01
 0.000000e+00 0.000000e+00 0.000000e+00 0.000000e+00 0.000000e+00
<ENDHMM>
~h "bg_red_0_1"
<BEGINHMM>
<NUMSTATES> 5
<STATE> 2
<MEAN> 6
 2.743875e+02 7.309227e+00 5.028348e+00 5.114530e+00 2.270670e+00 1.889819e+00
<VARIANCE> 6
 4.498066e+03 5.566869e+01 2.837432e+01 1.561557e+01 3.498397e+00 2.500092e+00
<GCONST> 3.172047e+01
<STATE> 3
<MEAN> 6
 2.781689e+02 1.766502e+01 7.113337e+00 3.915891e+00 2.655990e+00 1.090388e+00
<VARIANCE> 6
 7.953953e+03 1.675384e+02 1.307669e+01 7.089512e+00 7.067423e+00 1.885649e+00
<GCONST> 3.224911e+01
<STATE> 4
<MEAN> 6
 2.880500e+02 2.644862e+00 1.599206e+00 1.325459e+00 6.544436e-01 3.350428e-01
<VARIANCE> 6
 5.494177e+03 7.425427e+00 1.135097e+00 8.858975e-01 3.749125e-01 2.628516e-02
<GCONST> 1.702937e+01
<TRANSP> 5
 0.000000e+00 1.000000e+00 0.000000e+00 0.000000e+00 0.000000e+00
 0.000000e+00 4.771037e-01 5.228963e-01 0.000000e+00 0.000000e+00
 0.000000e+00 0.000000e+00 3.217061e-01 6.782939e-01 0.000000e+00
 0.000000e+00 0.000000e+00 0.000000e+00 8.086162e-01 1.913838e-01
 0.000000e+00 0.000000e+00 0.000000e+00 0.000000e+00 0.000000e+00
<ENDHMM>
~h "bg_red_0_2"
<BEGINHMM>
<NUMSTATES> 5
<STATE> 2
<MEAN> 6
 2.742773e+02 1.125591e+01 3.381713e+00 4.141591e+00 1.191834e+00 5.371523e-01
<VARIANCE> 6
 5.055285e+03 6.933862e+01 6.404159e+00 8.460124e+00 1.076506e+00 1.567718e-01
<GCONST> 2.600752e+01
<STATE> 3
<MEAN> 6
 3.123252e+02 5.753552e+00 1.712262e+00 2.445820e+00 1.501333e+00 4.934008e-01
<VARIANCE> 6
 5.949340e+03 2.152748e+01 1.439691e+00 2.517229e+00 1.884234e+00 1.976821e-01
<GCONST> 2.308764e+01
<STATE> 4
<MEAN> 6
 3.465161e+02 3.313693e+00 1.781262e+00 9.488134e-01 5.614716e-01 2.670679e-01
<VARIANCE> 6
 4.774412e+03 7.834790e+00 1.999771e+00 3.345087e-01 1.814687e-01 1.459961e-02
<GCONST> 1.522137e+01
<TRANSP> 5
 0.000000e+00 1.000000e+00 0.000000e+00 0.000000e+00 0.000000e+00
 0.000000e+00 6.478266e-01 3.521734e-01 0.000000e+00 0.000000e+00
 0.000000e+00 0.000000e+00 1.546810e-01 8.453190e-01 0.000000e+00
 0.000000e+00 0.000000e+00 0.000000e+00 8.778133e-01 1.221867e-01
 0.000000e+00 0.000000e+00 0.000000e+00 0.000000e+00 0.000000e+00
<ENDHMM>
~h "bg_red_0_3"
<BEGINHMM>
<NUMSTATES> 5
<STATE> 2
<MEAN> 6
 3.597387e+02 5.968561e+00 2.372719e+00 2.531414e+00 8.660516e-01 2.830066e-01
<VARIANCE> 6
 5.194033e+03 1.429486e+01 4.431595e+00 2.331116e+00 6.174269e-01 9.660487e-03
<GCONST> 1.945563e+01
<STATE> 3
<MEAN> 6
 2.974374e+02 8.291311e+00 3.298105e+00 3.136407e+00 2.209149e+00 9.326125e-01
<VARIANCE> 6
 5.254309e+03 5.043330e+01 7.031373e+00 5.279072e+00 2.380281e+00 3.885194e-01
<GCONST> 2.705066e+01
<STATE> 4
<MEAN> 6
 3.095341e+02 4.211729e+00 1.691733e+00 7.538403e-01 4.888621e-01 2.744813e-01
<VARIANCE> 6
 2.281604e+03 7.451791e+00 1.582572e+00 1.970358e-01 1.294462e-01 1.873820e-02
<GCONST> 1.358135e+01
<TRANSP> 5
 0.000000e+00 1.000000e+00 0.000000e+00 0.000000e+00 0.000000e+00
 0.000000e+00 6.514279e-01 3.485721e-01 0.000000e+00 0.000000e+00
 0.000000e+00 0.000000e+00 5.525015e-01 4.474984e-01 0.000000e+00
 0.000000e+00 0.000000e+00 0.000000e+00 8.782656e-01 1.217345e-01
 0.000000e+00 0.000000e+00 0.000000e+00 0.000000e+00 0.000000e+00
<ENDHMM>
~h "bg_red_0_4"
<BEGINHMM>
<NUMSTATES> 5
<STATE> 2
<MEAN> 6
 2.552963e+02 3.676297e+00 1.498166e+00 8.802427e-01 4.744669e-01 2.650995e-01
<VARIANCE> 6
 2.746067e+03 9.492958e+00 1.049862e+00 6.662341e-01 1.066237e-01 1.682633e-02
<GCONST> 1.451502e+01
<STATE> 3
<MEAN> 6
 3.038669e+02 3.769071e+00 3.801301e+00 9.920773e-01 8.273064e-01 3.011408e-01
<VARIANCE> 6
 3.468865e+03 8.532235e+00 9.127333e+00 2.566480e-01 1.524741e-01 1.706971e-02
<GCONST> 1.622271e+01
<STATE> 4
<MEAN> 6
 2.228981e+02 1.004539e+01 7.106869e+00 2.532800e+00 1.679768e+00 7.214217e-01
<VARIANCE> 6
 1.171543e+03 4.289602e+01 3.538641e+01 2.501089e+00 1.499154e+00 2.670566e-01
<GCONST> 2.541978e+01
<TRANSP> 5
 0.000000e+00 1.000000e+00 0.000000e+00 0.000000e+00 0.000000e+00
 0.000000e+00 7.857646e-01 2.142353e-01 0.000000e+00 0.000000e+00
 0.000000e+00 0.000000e+00 7.059188e-01 2.940812e-01 0.000000e+00
 0.000000e+00 0.000000e+00 0.000000e+00 7.377216e-01 2.622783e-01
 0.000000e+00 0.000000e+00 0.000000e+00 0.000000e+00 0.000000e+00
<ENDHMM>
~h "bg_red_0_5"
<BEGINHMM>
<NUMSTATES> 5
<STATE> 2
<MEAN> 6
 1.839433e+02 5.335222e+00 3.585212e+00 1.971557e+00 1.326299e+00 5.434293e-01
<VARIANCE> 6
 2.834008e+03 2.451480e+01 8.685377e+00 2.604409e+00 9.535183e-01 1.333104e-01
<GCONST> 2.323216e+01
<STATE> 3
<MEAN> 6
 2.101904e+02 1.578030e+01 1.592316e+01 6.072266e+00 4.329412e+00 3.162420e+00
<VARIANCE> 6
 4.439386e+03 3.223521e+02 2.358540e+02 2.384035e+01 9.032130e+00 1.123633e+01
<GCONST> 3.845571e+01
<STATE> 4
<MEAN> 6
 2.196246e+02 1.074749e+01 1.064015e+01 4.086819e+00 3.730079e+00 2.639538e+00
<VARIANCE> 6
 3.747941e+03 1.159296e+02 8.386283e+01 1.009219e+01 8.628819e+00 8.872952e+00
<GCONST> 3.508826e+01
<TRANSP> 5
 0.000000e+00 1.000000e+00 0.000000e+00 0.000000e+00 0.000000e+00
 0.000000e+00 8.605409e-01 1.394591e-01 0.000000e+00 0.000000e+00
 0.000000e+00 0.000000e+00 2.100758e-01 7.899241e-01 0.000000e+00
 0.000000e+00 0.000000e+00 0.000000e+00 4.490003e-01 5.509998e-01
 0.000000e+00 0.000000e+00 0.000000e+00 0.000000e+00 0.000000e+00
<ENDHMM>
~h "fp_screen"
<BEGINHMM>
<NUMSTATES> 5
<STATE> 2
<MEAN> 6
 1.625934e+02 5.800642e+00 2.106627e+01 3.145883e+00 8.435198e+00 1.591450e+00
<VARIANCE> 6
 1.068509e+04 4.477282e+01 6.227174e+02 6.657888e+00 6.071723e+01 3.139461e+00
<GCONST> 3.768564e+01
<STATE> 3
<MEAN> 6
 4.289873e+02 6.165329e+01 3.849691e+01 1.831857e+01 1.541904e+01 6.191979e+00
<VARIANCE> 6
 3.634721e+04 5.409851e+03 1.821461e+03 2.443679e+02 2.499310e+02 6.200623e+01
<GCONST> 5.277860e+01
<STATE> 4
<MEAN> 6
 3.493963e+02 5.295238e+00 2.193730e+00 1.511880e+00 1.089988e+00 6.389485e-01
<VARIANCE> 6
 7.517111e+03 1.320567e+01 7.217610e+00 1.738025e+00 8.644331e-01 4.693651e-01
<GCONST> 2.416006e+01
<TRANSP> 5
 0.000000e+00 1.000000e+00 0.000000e+00 0.000000e+00 0.000000e+00
 0.000000e+00 4.218830e-01 5.781171e-01 0.000000e+00 0.000000e+00
 0.000000e+00 0.000000e+00 6.392949e-01 3.607050e-01 0.000000e+00
 0.000000e+00 0.000000e+00 0.000000e+00 8.520247e-01 1.479754e-01
 0.000000e+00 0.000000e+00 0.000000e+00 0.000000e+00 0.000000e+00
<ENDHMM>
~h "bg_board_0"
<BEGINHMM>
<NUMSTATES> 5
<STATE> 2
<MEAN> 6
 8.798158e+01 7.896601e+00 4.152276e+00 2.786910e+00 1.207115e+00 5.730697e-01
<VARIANCE> 6
 1.146380e+03 6.006091e+01 1.416955e+01 3.741441e+00 6.680357e-01 1.491117e-01
<GCONST> 2.383108e+01
<STATE> 3
<MEAN> 6
 1.433114e+02 2.011191e+01 1.023307e+01 6.431190e+00 4.120182e+00 1.390151e+00
<VARIANCE> 6
 1.436648e+03 2.405589e+02 6.059193e+01 8.446762e+00 7.902224e+00 1.060112e+00
<GCONST> 3.214376e+01
<STATE> 4
<MEAN> 6
 1.318533e+02 1.653490e+01 7.317904e+00 5.677999e+00 2.380533e+00 1.155320e+00
<VARIANCE> 6
 8.374390e+02 1.532102e+02 3.144654e+01 5.542135e+00 2.224946e+00 4.802358e-01
<GCONST> 2.801634e+01
<TRANSP> 5
 0.000000e+00 1.000000e+00 0.000000e+00 0.000000e+00 0.000000e+00
 0.000000e+00 8.145453e-01 1.854548e-01 0.000000e+00 0.000000e+00
 0.000000e+00 0.000000e+00 2.126790e-01 7.873210e-01 0.000000e+00
 0.000000e+00 0.000000e+00 0.000000e+00 6.568060e-01 3.431940e-01
 0.000000e+00 0.000000e+00 0.000000e+00 0.000000e+00 0.000000e+00
<ENDHMM>
~h "bg_board_1"
<BEGINHMM>
<NUMSTATES> 5
<STATE> 2
<MEAN> 6
 1.313263e+02 1.537104e+01 7.442444e+00 4.748057e+00 2.255532e+00 9.854494e-01
<VARIANCE> 6
 1.149859e+03 1.088665e+02 4.000392e+01 4.120939e+00 1.567649e+00 4.493061e-01
<GCONST> 2.751937e+01
<STATE> 3
<MEAN> 6
 1.609174e+02 3.597924e+01 1.029770e+01 9.861915e+00 3.480314e+00 1.593845e+00
<VARIANCE> 6
 1.238582e+03 3.502403e+02 5.662280e+01 3.605264e+01 5.073803e+00 1.612891e+00
<GCONST> 3.373111e+01
<STATE> 4
<MEAN> 6
 1.154094e+02 9.686213e+00 6.089197e+00 4.279757e+00 1.788686e+00 7.789119e-01
<VARIANCE> 6
 1.732553e+03 8.950774e+01 3.640752e+01 5.608450e+00 1.015844e+00 2.989815e-01
<GCONST> 2.710634e+01
<TRANSP> 5
 0.000000e+00 1.000000e+00 0.000000e+00 0.000000e+00 0.000000e+00
 0.000000e+00 6.972832e-01 3.027168e-01 0.000000e+00 0.000000e+00
 0.000000e+00 0.000000e+00 4.479896e-01 5.520104e-01 0.000000e+00
 0.000000e+00 0.000000e+00 0.000000e+00 7.620485e-01 2.379514e-01
 0.000000e+00 0.000000e+00 0.000000e+00 0.000000e+00 0.000000e+00
<ENDHMM>
~h "bg_board_2"
<BEGINHMM>
<NUMSTATES> 5
<STATE> 2
<MEAN> 6
 1.876070e+02 1.949338e+01 1.415846e+01 6.981101e+00 3.449566e+00 1.830418e+00
<VARIANCE> 6
 2.008896e+03 1.588757e+02 8.788405e+01 8.866879e+00 2.341941e+00 1.359310e+00
<GCONST> 3.151702e+01
<STATE> 3
<MEAN> 6
 2.250172e+02 4.123403e+01 2.704995e+01 1.343658e+01 5.195394e+00 3.200208e+00
<VARIANCE> 6
 4.453578e+03 8.626740e+02 1.069551e+03 4.312653e+01 1.529250e+01 8.033547e+00
<GCONST> 4.173888e+01
<STATE> 4
<MEAN> 6
 1.391655e+02 1.411099e+01 8.046833e+00 4.994895e+00 2.021181e+00 9.430687e-01
<VARIANCE> 6
 1.199382e+03 1.164069e+02 4.752645e+01 7.639913e+00 1.161952e+00 5.605087e-01
<GCONST> 2.833978e+01
<TRANSP> 5
 0.000000e+00 1.000000e+00 0.000000e+00 0.000000e+00 0.000000e+00
 0.000000e+00 4.967999e-01 5.032001e-01 0.000000e+00 0.000000e+00
 0.000000e+00 0.000000e+00 6.609268e-01 3.390732e-01 0.000000e+00
 0.000000e+00 0.000000e+00 0.000000e+00 7.731484e-01 2.268516e-01
 0.000000e+00 0.000000e+00 0.000000e+00 0.000000e+00 0.000000e+00
<ENDHMM>
~h "bg_board_3"
<BEGINHMM>
<NUMSTATES> 5
<STATE> 2
<MEAN> 6
 1.601001e+02 1.160566e+01 6.206477e+00 4.777859e+00 2.874798e+00 1.232756e+00
<VARIANCE> 6
 6.827438e+02 7.953876e+01 1.853666e+01 4.824217e+00 1.621534e+00 7.895039e-01
<GCONST> 2.667005e+01
<STATE> 3
<MEAN> 6
 2.090063e+02 3.566952e+01 1.000558e+01 9.790222e+00 3.630619e+00 1.725992e+00
<VARIANCE> 6
 1.551305e+03 6.637556e+02 6.459402e+01 2.123839e+01 3.737592e+00 1.146513e+00
<GCONST> 3.355113e+01
<STATE> 4
<MEAN> 6
 2.252852e+02 1.672220e+01 9.418645e+00 7.245434e+00 2.563298e+00 1.350647e+00
<VARIANCE> 6
 1.274163e+03 1.381835e+02 7.163065e+01 1.242260e+01 1.228584e+00 5.618309e-01
<GCONST> 2.952624e+01
<TRANSP> 5
 0.000000e+00 1.000000e+00 0.000000e+00 0.000000e+00 0.000000e+00
 0.000000e+00 7.619973e-01 2.380027e-01 0.000000e+00 0.000000e+00
 0.000000e+00 0.000000e+00 7.151238e-01 2.848762e-01 0.000000e+00
 0.000000e+00 0.000000e+00 0.000000e+00 7.868451e-01 2.131548e-01
 0.000000e+00 0.000000e+00 0.000000e+00 0.000000e+00 0.000000e+00
<ENDHMM>
~h "bg_board_4"
<BEGINHMM>
<NUMSTATES> 5
<STATE> 2
<MEAN> 6
 1.618351e+02 1.333402e+01 9.419581e+00 6.270973e+00 3.343132e+00 1.508670e+00
<VARIANCE> 6
 1.741983e+03 1.101983e+02 5.746814e+01 1.153196e+01 2.742068e+00 6.126963e-01
<GCONST> 3.020750e+01
<STATE> 3
<MEAN> 6
 2.498469e+02 3.995803e+01 2.103297e+01 1.407409e+01 4.712673e+00 2.912812e+00
<VARIANCE> 6
 3.029906e+03 9.112040e+02 2.537071e+02 4.968587e+01 6.368389e+00 2.429804e+00
<GCONST> 3.803937e+01
<STATE> 4
<MEAN> 6
 2.153437e+02 2.066512e+01 1.390708e+01 7.941781e+00 4.376549e+00 3.183460e+00
<VARIANCE> 6
 1.592497e+03 2.626473e+02 8.341388e+01 1.466035e+01 3.977278e+00 5.575124e+00
<GCONST> 3.417901e+01
<TRANSP> 5
 0.000000e+00 1.000000e+00 0.000000e+00 0.000000e+00 0.000000e+00
 0.000000e+00 7.988250e-01 2.011750e-01 0.000000e+00 0.000000e+00
 0.000000e+00 0.000000e+00 6.717935e-01 3.282064e-01 0.000000e+00
 0.000000e+00 0.000000e+00 0.000000e+00 6.605956e-01 3.394044e-01
 0.000000e+00 0.000000e+00 0.000000e+00 0.000000e+00 0.000000e+00
<ENDHMM>
~h "bg_board_5"
<BEGINHMM>
<NUMSTATES> 5
<STATE> 2
<MEAN> 6
 1.956922e+02 2.415327e+01 1.082309e+01 6.998648e+00 3.841875e+00 2.748068e+00
<VARIANCE> 6
 1.847746e+03 2.633047e+02 6.291866e+01 8.881389e+00 3.423342e+00 2.766838e+00
<GCONST> 3.269642e+01
<STATE> 3
<MEAN> 6
 2.695828e+02 4.405275e+01 1.884289e+01 1.076607e+01 5.132778e+00 4.375001e+00
<VARIANCE> 6
 3.231361e+03 9.141053e+02 1.257589e+02 1.701132e+01 5.909924e+00 7.195635e+00
<GCONST> 3.734422e+01
<STATE> 4
<MEAN> 6
 3.250953e+02 1.679198e+01 9.040186e+00 5.794356e+00 3.434237e+00 1.913648e+00
<VARIANCE> 6
 1.741345e+03 3.190226e+02 3.926288e+01 8.524159e+00 2.014098e+00 1.977076e+00
<GCONST> 3.144991e+01
<TRANSP> 5
 0.000000e+00 1.000000e+00 0.000000e+00 0.000000e+00 0.000000e+00
 0.000000e+00 7.137745e-01 2.862255e-01 0.000000e+00 0.000000e+00
 0.000000e+00 0.000000e+00 6.604064e-01 3.395936e-01 0.000000e+00
 0.000000e+00 0.000000e+00 0.000000e+00 8.059807e-01 1.940193e-01
 0.000000e+00 0.000000e+00 0.000000e+00 0.000000e+00 0.000000e+00
<ENDHMM>
~h "fp_key"
<BEGINHMM>
<NUMSTATES> 5
<STATE> 2
<MEAN> 6
 1.269135e+02 1.682303e+01 3.338309e+00 3.244981e+00 1.329605e+00 6.285356e-01
<VARIANCE> 6
 7.532661e+03 1.263147e+03 2.049034e+01 4.254014e+01 1.660845e+00 6.020082e-01
<GCONST> 3.386587e+01
<STATE> 3
<MEAN> 6
 3.922781e+02 8.319462e+01 2.572901e+01 1.813602e+01 9.570420e+00 3.556928e+00
<VARIANCE> 6
 2.749267e+04 3.733087e+03 1.933141e+03 1.454027e+02 2.033329e+02 2.172273e+01
<GCONST> 5.041354e+01
<STATE> 4
<MEAN> 6
 1.559344e+02 1.008287e+01 5.906787e+00 3.453171e+00 2.767601e+00 1.592491e+00
<VARIANCE> 6
 7.801416e+03 2.929059e+02 1.083826e+02 1.160589e+01 5.486947e+00 2.480472e+00
<GCONST> 3.541718e+01
<TRANSP> 5
 0.000000e+00 1.000000e+00 0.000000e+00 0.000000e+00 0.000000e+00
 0.000000e+00 8.535684e-01 1.464316e-01 0.000000e+00 0.000000e+00
 0.000000e+00 0.000000e+00 8.369783e-01 1.630218e-01 0.000000e+00
 0.000000e+00 0.000000e+00 0.000000e+00 4.504758e-01 5.495242e-01
 0.000000e+00 0.000000e+00 0.000000e+00 0.000000e+00 0.000000e+00
<ENDHMM>
~h "fp_logo"
<BEGINHMM>
<NUMSTATES> 5
<STATE> 2
<MEAN> 6
 1.099163e+02 8.196125e+00 3.455014e+00 2.927431e+00 1.785650e+00 5.673319e-01
<VARIANCE> 6
 5.441461e+02 2.963920e+02 4.266605e+01 1.730508e+01 2.520972e+00 2.708263e-01
<GCONST> 2.924093e+01
<STATE> 3
<MEAN> 6
 1.483994e+02 4.115469e+01 4.951736e+00 1.222896e+01 2.603297e+00 1.151657e+00
<VARIANCE> 6
 3.154352e+03 3.332479e+03 6.130054e+01 1.900656e+02 7.060410e+00 2.581425e+00
<GCONST> 3.946127e+01
<STATE> 4
<MEAN> 6
 1.155280e+02 4.992949e+00 3.281618e+00 2.683078e+00 1.752608e+00 7.972276e-01
<VARIANCE> 6
 3.623242e+02 1.202149e+01 5.789014e+00 4.939679e+00 1.402122e+00 5.910873e-01
<GCONST> 2.257195e+01
<TRANSP> 5
 0.000000e+00 1.000000e+00 0.000000e+00 0.000000e+00 0.000000e+00
 0.000000e+00 6.660331e-01 3.339668e-01 0.000000e+00 0.000000e+00
 0.000000e+00 0.000000e+00 3.339287e-01 6.660713e-01 0.000000e+00
 0.000000e+00 0.000000e+00 0.000000e+00 3.024274e-01 6.975726e-01
 0.000000e+00 0.000000e+00 0.000000e+00 0.000000e+00 0.000000e+00
<ENDHMM>
