~o
<STREAMINFO> 1 6
<VECSIZE> 6<NULLD><MFCC><DIAGC>
~h "fp_logo_0"
<BEGINHMM>
<NUMSTATES> 5
<STATE> 2
<MEAN> 6
 1.946978e+02 3.559306e+00 2.007868e+00 1.094990e+00 7.270269e-01 3.948040e-01
<VARIANCE> 6
 7.676701e+02 9.601713e+00 2.687750e+00 4.903808e-01 1.874129e-01 6.372371e-02
<GCONST> 1.578106e+01
<STATE> 3
<MEAN> 6
 4.432728e+02 8.431299e+01 1.498393e+01 2.023247e+01 4.085429e+00 1.347894e+00
<VARIANCE> 6
 6.934939e+04 7.762190e+03 8.428120e+02 4.242748e+02 1.962464e+01 1.756362e+00
<GCONST> 4.745835e+01
<STATE> 4
<MEAN> 6
 2.613889e+02 2.258518e+01 2.731795e+00 4.555175e+00 1.148853e+00 5.128633e-01
<VARIANCE> 6
 1.434685e+04 2.332600e+03 8.821901e+00 8.794778e+01 9.715879e-01 1.074514e-01
<GCONST> 3.274773e+01
<TRANSP> 5
 0.000000e+00 1.000000e+00 0.000000e+00 0.000000e+00 0.000000e+00
 0.000000e+00 8.672944e-01 1.327056e-01 0.000000e+00 0.000000e+00
 0.000000e+00 0.000000e+00 4.726215e-01 5.273786e-01 0.000000e+00
 0.000000e+00 0.000000e+00 0.000000e+00 4.031456e-03 9.959686e-01
 0.000000e+00 0.000000e+00 0.000000e+00 0.000000e+00 0.000000e+00
<ENDHMM>
~h "fp_logo_1"
<BEGINHMM>
<NUMSTATES> 5
<STATE> 2
<MEAN> 6
 2.684416e+02 1.909610e+01 2.137695e+00 3.990503e+00 1.028919e+00 4.681218e-01
<VARIANCE> 6
 1.289192e+04 2.275593e+03 3.423124e+00 7.274499e+01 5.475593e-01 7.619476e-02
<GCONST> 3.056238e+01
<STATE> 3
<MEAN> 6
 4.956174e+02 1.571656e+02 4.023805e+00 2.224030e+01 1.230456e+00 7.413536e-01
<VARIANCE> 6
 3.196893e+04 1.020867e+04 2.456639e+01 2.034792e+02 1.340556e+00 4.815902e-01
<GCONST> 3.871014e+01
<STATE> 4
<MEAN> 6
 3.161166e+02 4.401950e+01 4.037906e+01 1.343101e+01 1.048063e+01 6.703784e+00
<VARIANCE> 6
 1.287231e+04 4.071004e+03 2.344730e+03 2.065099e+02 1.648363e+02 7.229021e+01
<GCONST> 5.127766e+01
<TRANSP> 5
 0.000000e+00 1.000000e+00 0.000000e+00 0.000000e+00 0.000000e+00
 0.000000e+00 1.348706e-01 8.651294e-01 0.000000e+00 0.000000e+00
 0.000000e+00 0.000000e+00 6.673105e-01 3.326895e-01 0.000000e+00
 0.000000e+00 0.000000e+00 0.000000e+00 2.429651e-01 7.570350e-01
 0.000000e+00 0.000000e+00 0.000000e+00 0.000000e+00 0.000000e+00
<ENDHMM>
~h "fp_logo_2"
<BEGINHMM>
<NUMSTATES> 5
<STATE> 2
<MEAN> 6
 2.975893e+02 3.954148e+01 2.448604e+01 9.090189e+00 8.862903e+00 2.987156e+00
<VARIANCE> 6
 1.068533e+04 4.541539e+03 1.111789e+03 1.450217e+02 1.828229e+02 2.311721e+01
<GCONST> 4.906461e+01
<STATE> 3
<MEAN> 6
 3.428930e+02 4.823663e+01 5.458284e+01 1.900935e+01 1.868240e+01 9.049887e+00
<VARIANCE> 6
 9.238604e+03 2.340583e+03 3.270742e+03 3.231775e+02 2.807001e+02 6.392567e+01
<GCONST> 5.158255e+01
<STATE> 4
<MEAN> 6
 2.401687e+02 5.689870e+00 2.720930e+00 2.439668e+00 1.313733e+00 1.678187e+00
<VARIANCE> 6
 2.077734e+03 3.631332e+01 8.230631e+00 3.576016e+00 7.513852e-01 3.242561e+00
<GCONST> 2.653112e+01
<TRANSP> 5
 0.000000e+00 1.000000e+00 0.000000e+00 0.000000e+00 0.000000e+00
 0.000000e+00 2.749246e-06 9.999973e-01 0.000000e+00 0.000000e+00
 0.000000e+00 0.000000e+00 7.226959e-01 2.773041e-01 0.000000e+00
 0.000000e+00 0.000000e+00 0.000000e+00 2.452980e-01 7.547020e-01
 0.000000e+00 0.000000e+00 0.000000e+00 0.000000e+00 0.000000e+00
<ENDHMM>
~h "fp_logo_3"
<BEGINHMM>
<NUMSTATES> 5
<STATE> 2
<MEAN> 6
 2.450363e+02 7.731264e+00 2.116471e+00 1.923671e+00 1.342196e+00 8.125587e-01
<VARIANCE> 6
 2.295636e+03 7.270245e+01 1.649552e+00 2.814606e+00 2.826041e+00 1.664022e+00
<GCONST> 2.613584e+01
<STATE> 3
<MEAN> 6
 2.486581e+02 9.939728e+00 4.888999e+00 2.277738e+00 1.038602e+00 6.550166e-01
<VARIANCE> 6
 2.574557e+03 1.423901e+02 4.350652e+01 6.851654e+00 9.078074e-01 4.392772e-01
<GCONST> 2.861732e+01
<STATE> 4
<MEAN> 6
 2.892362e+02 1.486806e+01 2.460654e+00 1.731549e+00 7.121561e-01 3.400757e-01
<VARIANCE> 6
 1.795252e+03 6.808052e+01 5.029575e+00 1.692705e+00 1.354045e-01 2.615668e-02
<GCONST> 1.923938e+01
<TRANSP> 5
 0.000000e+00 1.000000e+00 0.000000e+00 0.000000e+00 0.000000e+00
 0.000000e+00 3.125357e-03 9.968746e-01 0.000000e+00 0.000000e+00
 0.000000e+00 0.000000e+00 5.363791e-02 9.463621e-01 0.000000e+00
 0.000000e+00 0.000000e+00 0.000000e+00 7.752931e-01 2.247069e-01
 0.000000e+00 0.000000e+00 0.000000e+00 0.000000e+00 0.000000e+00
<ENDHMM>
~h "fp_logo_4"
<BEGINHMM>
<NUMSTATES> 5
<STATE> 2
<MEAN> 6
 2.649109e+02 8.910272e+00 3.105814e+00 2.936146e+00 1.555068e+00 7.371228e-01
<VARIANCE> 6
 2.809881e+03 5.486671e+01 6.161623e+00 7.443196e+00 1.529087e+00 4.716655e-01
<GCONST> 2.647190e+01
<STATE> 3
<MEAN> 6
 2.558817e+02 6.473148e+00 2.776536e+00 1.299332e+00 8.764589e-01 4.488742e-01
<VARIANCE> 6
 2.826913e+03 4.689307e+01 3.743343e+00 1.034813e+00 3.114113e-01 1.447046e-01
<GCONST> 2.107657e+01
<STATE> 4
<MEAN> 6
 2.378292e+02 3.518179e+00 2.195078e+00 7.231513e-01 5.954570e-01 3.403295e-01
<VARIANCE> 6
 1.152533e+03 9.166268e+00 2.739102e+00 1.925974e-01 1.102524e-01 1.959083e-02
<GCONST> 1.351531e+01
<TRANSP> 5
 0.000000e+00 1.000000e+00 0.000000e+00 0.000000e+00 0.000000e+00
 0.000000e+00 3.690436e-01 6.309564e-01 0.000000e+00 0.000000e+00
 0.000000e+00 0.000000e+00 1.526775e-03 9.984732e-01 0.000000e+00
 0.000000e+00 0.000000e+00 0.000000e+00 9.330817e-01 6.691823e-02
 0.000000e+00 0.000000e+00 0.000000e+00 0.000000e+00 0.000000e+00
<ENDHMM>
~h "fp_logo_5"
<BEGINHMM>
<NUMSTATES> 5
<STATE> 2
<MEAN> 6
 3.355612e+02 3.310971e+00 2.579722e+00 8.114530e-01 7.963684e-01 3.421286e-01
<VARIANCE> 6
 9.388248e+02 7.254705e+00 3.837513e+00 2.228310e-01 3.255071e-01 2.242205e-02
<GCONST> 1.477694e+01
<STATE> 3
<MEAN> 6
 3.272874e+02 6.836427e+00 2.080613e+01 1.643392e+00 7.562052e+00 4.831919e-01
<VARIANCE> 6
 2.393088e+03 6.302797e+01 1.352890e+02 4.410167e+00 1.424557e+01 5.791770e-02
<GCONST> 2.915022e+01
<STATE> 4
<MEAN> 6
 3.355915e+02 3.902427e+00 1.498787e+01 8.337903e-01 5.139884e+00 5.120701e-01
<VARIANCE> 6
 3.564606e+03 1.087123e+01 1.443553e+02 5.657177e-01 2.112400e+01 5.449240e-02
<GCONST> 2.613552e+01
<TRANSP> 5
 0.000000e+00 1.000000e+00 0.000000e+00 0.000000e+00 0.000000e+00
 0.000000e+00 8.932890e-01 1.067110e-01 0.000000e+00 0.000000e+00
 0.000000e+00 0.000000e+00 2.677722e-01 7.322278e-01 0.000000e+00
 0.000000e+00 0.000000e+00 0.000000e+00 7.203686e-01 2.796313e-01
 0.000000e+00 0.000000e+00 0.000000e+00 0.000000e+00 0.000000e+00
<ENDHMM>
~h "bg_white_0"
<BEGINHMM>
<NUMSTATES> 5
<STATE> 2
<MEAN> 6
 5.584628e+02 5.294630e+00 1.463042e+01 1.858998e+00 3.921113e+00 5.810440e-01
<VARIANCE> 6
 4.110411e+04 1.125123e+02 1.775020e+03 1.104417e+01 7.632016e+01 5.670722e-01
<GCONST> 4.002533e+01
<STATE> 3
<MEAN> 6
 5.930887e+02 2.770639e+01 2.830624e+01 8.103781e+00 1.003809e+01 1.412342e+00
<VARIANCE> 6
 3.861599e+04 3.589995e+03 1.918505e+03 1.521869e+02 1.509592e+02 7.015903e+00
<GCONST> 4.932419e+01
<STATE> 4
<MEAN> 6
 7.853192e+02 1.406961e+00 2.890307e+00 5.054830e-01 8.324437e-01 2.207372e-01
<VARIANCE> 6
 9.256682e+02 3.285696e+00 2.471429e+02 5.658538e-01 8.817121e+00 6.513651e-02
<GCONST> 2.343333e+01
<TRANSP> 5
 0.000000e+00 1.000000e+00 0.000000e+00 0.000000e+00 0.000000e+00
 0.000000e+00 4.234554e-01 5.765446e-01 0.000000e+00 0.000000e+00
 0.000000e+00 0.000000e+00 2.305378e-01 7.694622e-01 0.000000e+00
 0.000000e+00 0.000000e+00 0.000000e+00 9.150325e-01 8.496746e-02
 0.000000e+00 0.000000e+00 0.000000e+00 0.000000e+00 0.000000e+00
<ENDHMM>
~h "fp_screen_0"
<BEGINHMM>
<NUMSTATES> 5
<STATE> 2
<MEAN> 6
 2.323216e+02 2.865832e+00 1.128425e+01 8.696350e-01 3.054303e+00 4.195597e-01
<VARIANCE> 6
 1.921761e+03 5.054332e+00 1.718916e+02 2.756569e-01 1.303565e+01 5.062795e-02
<GCONST> 2.365121e+01
<STATE> 3
<MEAN> 6
 4.208389e+02 1.394322e+01 4.898896e+01 5.058831e+00 1.028815e+01 1.311115e+00
<VARIANCE> 6
 1.630764e+04 3.626335e+02 1.434860e+03 6.101747e+01 3.406957e+01 2.216526e+00
<GCONST> 4.232437e+01
<STATE> 4
<MEAN> 6
 4.878122e+02 3.606111e+01 3.520873e+00 1.552277e+01 1.152549e+00 5.414709e-01
<VARIANCE> 6
 1.249288e+04 1.418627e+03 8.611794e+00 2.515838e+02 7.477566e-01 2.294323e-01
<GCONST> 3.363570e+01
<TRANSP> 5
 0.000000e+00 1.000000e+00 0.000000e+00 0.000000e+00 0.000000e+00
 0.000000e+00 8.003996e-01 1.996004e-01 0.000000e+00 0.000000e+00
 0.000000e+00 0.000000e+00 2.453935e-01 7.546065e-01 0.000000e+00
 0.000000e+00 0.000000e+00 0.000000e+00 5.801726e-01 4.198274e-01
 0.000000e+00 0.000000e+00 0.000000e+00 0.000000e+00 0.000000e+00
<ENDHMM>
~h "fp_screen_1"
<BEGINHMM>
<NUMSTATES> 5
<STATE> 2
<MEAN> 6
 5.074964e+02 1.959258e+01 2.614831e+00 5.831242e+00 1.097467e+00 5.548960e-01
<VARIANCE> 6
 1.294978e+04 3.774017e+02 5.433521e+00 3.845941e+01 9.829319e-01 3.329997e-01
<GCONST> 3.065477e+01
<STATE> 3
<MEAN> 6
 6.544198e+02 5.481145e+01 2.168717e+01 1.678383e+01 6.479955e+00 4.656866e+00
<VARIANCE> 6
 1.703802e+04 2.096494e+03 9.478314e+02 2.181590e+02 4.691533e+01 2.732297e+01
<GCONST> 4.781396e+01
<STATE> 4
<MEAN> 6
 5.845853e+02 5.821273e+00 2.223594e+00 1.572936e+00 6.541718e-01 3.294975e-01
<VARIANCE> 6
 2.309348e+03 7.671227e+01 2.674036e+00 7.243443e+00 1.544332e-01 2.196693e-02
<GCONST> 2.038952e+01
<TRANSP> 5
 0.000000e+00 1.000000e+00 0.000000e+00 0.000000e+00 0.000000e+00
 0.000000e+00 7.764872e-01 2.235128e-01 0.000000e+00 0.000000e+00
 0.000000e+00 0.000000e+00 6.825114e-01 3.174886e-01 0.000000e+00
 0.000000e+00 0.000000e+00 0.000000e+00 8.885444e-01 1.114556e-01
 0.000000e+00 0.000000e+00 0.000000e+00 0.000000e+00 0.000000e+00
<ENDHMM>
~h "fp_screen_2"
<BEGINHMM>
<NUMSTATES> 5
<STATE> 2
<MEAN> 6
 5.016969e+02 6.813493e+00 3.384721e+01 2.232580e+00 5.022330e+00 3.857622e-01
<VARIANCE> 6
 3.430535e+03 1.483873e+02 1.041737e+03 1.592188e+01 1.552388e+01 3.223755e-02
<GCONST> 3.319165e+01
<STATE> 3
<MEAN> 6
 6.358612e+02 2.887957e+01 4.046074e+01 1.250389e+01 1.291087e+01 5.360851e+00
<VARIANCE> 6
 2.808902e+04 7.108317e+02 1.651614e+03 8.314375e+01 1.307870e+02 2.387937e+01
<GCONST> 4.771350e+01
<STATE> 4
<MEAN> 6
 5.672444e+02 2.576727e+01 1.210370e+01 8.745636e+00 4.149788e+00 2.556055e+00
<VARIANCE> 6
 1.287675e+04 5.786076e+02 3.419967e+02 6.020005e+01 2.613959e+01 5.583601e+00
<GCONST> 4.176682e+01
<TRANSP> 5
 0.000000e+00 1.000000e+00 0.000000e+00 0.000000e+00 0.000000e+00
 0.000000e+00 5.330176e-01 4.669824e-01 0.000000e+00 0.000000e+00
 0.000000e+00 0.000000e+00 4.050944e-01 5.949057e-01 0.000000e+00
 0.000000e+00 0.000000e+00 0.000000e+00 3.709220e-01 6.290780e-01
 0.000000e+00 0.000000e+00 0.000000e+00 0.000000e+00 0.000000e+00
<ENDHMM>
~h "fp_screen_3"
<BEGINHMM>
<NUMSTATES> 5
<STATE> 2
<MEAN> 6
 5.672552e+02 5.062509e+01 6.494752e+00 1.202031e+01 3.141416e+00 1.826573e+00
<VARIANCE> 6
 1.275435e+04 1.244878e+03 7.423870e+01 6.406697e+01 1.772532e+01 6.116220e+00
<GCONST> 4.076083e+01
<STATE> 3
<MEAN> 6
 6.255917e+02 7.758554e+01 2.528520e+01 1.690830e+01 1.162904e+01 6.244193e+00
<VARIANCE> 6
 1.604015e+04 3.807400e+03 1.274084e+03 1.220312e+02 1.086187e+02 2.703441e+01
<GCONST> 4.889403e+01
<STATE> 4
<MEAN> 6
 4.543487e+02 8.778108e+00 3.526364e+00 2.088773e+00 1.227843e+00 6.944394e-01
<VARIANCE> 6
 5.695789e+03 1.213518e+02 9.940379e+00 3.210297e+00 9.359238e-01 8.042358e-01
<GCONST> 2.765232e+01
<TRANSP> 5
 0.000000e+00 1.000000e+00 0.000000e+00 0.000000e+00 0.000000e+00
 0.000000e+00 4.387766e-01 5.612233e-01 0.000000e+00 0.000000e+00
 0.000000e+00 0.000000e+00 5.816895e-01 4.183105e-01 0.000000e+00
 0.000000e+00 0.000000e+00 0.000000e+00 7.800016e-01 2.199984e-01
 0.000000e+00 0.000000e+00 0.000000e+00 0.000000e+00 0.000000e+00
<ENDHMM>
~h "fp_screen_4"
<BEGINHMM>
<NUMSTATES> 5
<STATE> 2
<MEAN> 6
 4.441847e+02 1.478662e+01 6.848462e+00 2.803285e+00 1.372444e+00 9.856749e-01
<VARIANCE> 6
 6.342381e+03 3.590758e+02 1.087763e+02 8.326905e+00 1.764876e+00 1.407844e+00
<GCONST> 3.338473e+01
<STATE> 3
<MEAN> 6
 5.158845e+02 3.410591e+01 2.773650e+01 6.292325e+00 6.474453e+00 2.918918e+00
<VARIANCE> 6
 2.910261e+04 3.188005e+03 1.600757e+03 5.343892e+01 7.200798e+01 1.133015e+01
<GCONST> 4.743401e+01
<STATE> 4
<MEAN> 6
 3.977753e+02 2.431165e+00 5.419890e+00 8.290153e-01 1.167288e+00 3.823282e-01
<VARIANCE> 6
 4.651342e+03 3.947837e+00 4.254548e+01 3.294859e-01 8.968188e-01 4.381327e-02
<GCONST> 2.024897e+01
<TRANSP> 5
 0.000000e+00 1.000000e+00 0.000000e+00 0.000000e+00 0.000000e+00
 0.000000e+00 1.403123e-01 8.596878e-01 0.000000e+00 0.000000e+00
 0.000000e+00 0.000000e+00 2.795151e-01 7.204850e-01 0.000000e+00
 0.000000e+00 0.000000e+00 0.000000e+00 9.055755e-01 9.442442e-02
 0.000000e+00 0.000000e+00 0.000000e+00 0.000000e+00 0.000000e+00
<ENDHMM>
~h "fp_screen_5"
<BEGINHMM>
<NUMSTATES> 5
<STATE> 2
<MEAN> 6
 4.116872e+02 1.409770e+00 2.497499e+00 4.623661e-01 5.383786e-01 3.827339e-01
<VARIANCE> 6
 3.952210e+02 1.147391e+00 2.318860e+00 5.542809e-02 5.975895e-02 2.964107e-02
<GCONST> 8.756576e+00
<STATE> 3
<MEAN> 6
 4.866392e+02 1.226248e+00 4.538618e+00 3.258429e-01 5.582287e-01 3.193315e-01
<VARIANCE> 6
 1.254385e+03 9.788911e-01 3.315311e+00 1.920365e-02 5.801736e-02 2.654355e-02
<GCONST> 8.910243e+00
<STATE> 4
<MEAN> 6
 5.226328e+02 2.182581e+00 1.117856e+01 4.606652e-01 2.324676e+00 4.105573e-01
<VARIANCE> 6
 4.148778e+03 2.072008e+00 7.718480e+01 4.600593e-02 5.553999e+00 2.518372e-02
<GCONST> 1.938653e+01
<TRANSP> 5
 0.000000e+00 1.000000e+00 0.000000e+00 0.000000e+00 0.000000e+00
 0.000000e+00 8.261036e-01 1.738965e-01 0.000000e+00 0.000000e+00
 0.000000e+00 0.000000e+00 8.014954e-01 1.985045e-01 0.000000e+00
 0.000000e+00 0.000000e+00 0.000000e+00 6.765413e-01 3.234588e-01
 0.000000e+00 0.000000e+00 0.000000e+00 0.000000e+00 0.000000e+00
<ENDHMM>
~h "bg_white_0_0"
<BEGINHMM>
<NUMSTATES> 5
<STATE> 2
<MEAN> 6
 6.646959e+02 4.808759e+00 1.913246e+00 1.894219e+00 1.061727e+00 4.601121e-01
<VARIANCE> 6
 5.118156e+04 4.616344e+01 7.625759e+00 7.433144e+00 3.026902e+00 2.295159e-01
<GCONST> 2.937582e+01
<STATE> 3
<MEAN> 6
 7.407777e+02 1.772420e+01 7.140327e+00 6.864617e+00 5.085316e+00 3.092157e+00
<VARIANCE> 6
 1.592408e+04 8.026986e+02 1.592419e+02 9.041018e+01 5.837435e+01 2.203872e+01
<GCONST> 4.412529e+01
<STATE> 4
<MEAN> 6
 7.792849e+02 6.606375e+00 2.121709e+00 4.158383e+00 1.827309e+00 1.754098e+00
<VARIANCE> 6
 7.323806e+02 9.904498e+01 7.397314e+00 2.391872e+01 3.660079e+00 3.756223e+00
<GCONST> 3.001581e+01
<TRANSP> 5
 0.000000e+00 1.000000e+00 0.000000e+00 0.000000e+00 0.000000e+00
 0.000000e+00 2.739115e-01 7.260885e-01 0.000000e+00 0.000000e+00
 0.000000e+00 0.000000e+00 1.133739e-01 8.866261e-01 0.000000e+00
 0.000000e+00 0.000000e+00 0.000000e+00 7.571226e-01 2.428774e-01
 0.000000e+00 0.000000e+00 0.000000e+00 0.000000e+00 0.000000e+00
<ENDHMM>
~h "bg_white_0_1"
<BEGINHMM>
<NUMSTATES> 5
<STATE> 2
<MEAN> 6
 7.670875e+02 1.680452e+01 7.862346e+00 8.075767e+00 5.062548e+00 4.380881e+00
<VARIANCE> 6
 2.366939e+03 4.602350e+02 1.153214e+02 6.074831e+01 2.855993e+01 2.187819e+01
<GCONST> 4.022031e+01
<STATE> 3
<MEAN> 6
 7.055992e+02 5.649004e+01 1.887751e+01 1.788574e+01 1.553984e+01 1.091012e+01
<VARIANCE> 6
 2.808923e+03 1.338934e+03 3.342572e+02 7.611209e+01 9.028529e+01 3.565743e+01
<GCONST> 4.438850e+01
<STATE> 4
<MEAN> 6
 7.790873e+02 9.172521e+00 3.561370e+00 4.493640e+00 3.358141e+00 2.683403e+00
<VARIANCE> 6
 1.083724e+03 2.302362e+02 1.905648e+01 2.313335e+01 1.612952e+01 6.867992e+00
<GCONST> 3.425073e+01
<TRANSP> 5
 0.000000e+00 1.000000e+00 0.000000e+00 0.000000e+00 0.000000e+00
 0.000000e+00 1.693389e-01 8.306611e-01 0.000000e+00 0.000000e+00
 0.000000e+00 0.000000e+00 8.000965e-01 1.999035e-01 0.000000e+00
 0.000000e+00 0.000000e+00 0.000000e+00 6.015264e-01 3.984735e-01
 0.000000e+00 0.000000e+00 0.000000e+00 0.000000e+00 0.000000e+00
<ENDHMM>
~h "bg_white_0_2"
<BEGINHMM>
<NUMSTATES> 5
<STATE> 2
<MEAN> 6
 7.747829e+02 1.098388e+01 4.566467e+00 5.742713e+00 4.351872e+00 3.656500e+00
<VARIANCE> 6
 1.145349e+03 2.923056e+02 3.514062e+01 3.127037e+01 2.044469e+01 1.222804e+01
<GCONST> 3.627201e+01
<STATE> 3
<MEAN> 6
 6.998167e+02 5.656659e+01 2.081607e+01 1.861164e+01 1.580170e+01 1.126619e+01
<VARIANCE> 6
 2.511649e+03 1.321149e+03 4.136678e+02 9.463229e+01 9.537255e+01 3.722821e+01
<GCONST> 4.479213e+01
<STATE> 4
<MEAN> 6
 6.465843e+02 7.574579e+01 8.552177e+00 1.964839e+01 5.668565e+00 4.533622e+00
<VARIANCE> 6
 2.252565e+04 4.851686e+03 7.429762e+01 1.874465e+02 4.547987e+01 2.210516e+01
<GCONST> 4.599141e+01
<TRANSP> 5
 0.000000e+00 1.000000e+00 0.000000e+00 0.000000e+00 0.000000e+00
 0.000000e+00 5.856055e-01 4.143945e-01 0.000000e+00 0.000000e+00
 0.000000e+00 0.000000e+00 7.831700e-01 2.168300e-01 0.000000e+00
 0.000000e+00 0.000000e+00 0.000000e+00 3.686391e-01 6.313609e-01
 0.000000e+00 0.000000e+00 0.000000e+00 0.000000e+00 0.000000e+00
<ENDHMM>
~h "bg_white_0_3"
<BEGINHMM>
<NUMSTATES> 5
<STATE> 2
<MEAN> 6
 7.326368e+02 3.540501e+01 8.315948e+00 1.380994e+01 7.901635e+00 5.614578e+00
<VARIANCE> 6
 3.989412e+03 1.432532e+03 7.633509e+01 1.181603e+02 6.107969e+01 2.393428e+01
<GCONST> 4.298053e+01
<STATE> 3
<MEAN> 6
 7.172640e+02 4.185286e+01 2.052026e+01 1.586068e+01 1.422144e+01 1.020827e+01
<VARIANCE> 6
 2.249289e+03 1.062047e+03 3.864372e+02 7.977593e+01 8.735445e+01 3.987416e+01
<GCONST> 4.420548e+01
<STATE> 4
<MEAN> 6
 7.722039e+02 9.285785e+00 3.832552e+00 4.389264e+00 3.228164e+00 2.852696e+00
<VARIANCE> 6
 1.028134e+03 2.475624e+02 2.235507e+01 2.306263e+01 1.375384e+01 6.983943e+00
<GCONST> 3.428463e+01
<TRANSP> 5
 0.000000e+00 1.000000e+00 0.000000e+00 0.000000e+00 0.000000e+00
 0.000000e+00 1.444489e-01 8.555511e-01 0.000000e+00 0.000000e+00
 0.000000e+00 0.000000e+00 6.626906e-01 3.373094e-01 0.000000e+00
 0.000000e+00 0.000000e+00 0.000000e+00 5.833487e-01 4.166513e-01
 0.000000e+00 0.000000e+00 0.000000e+00 0.000000e+00 0.000000e+00
<ENDHMM>
~h "bg_white_0_4"
<BEGINHMM>
<NUMSTATES> 5
<STATE> 2
<MEAN> 6
 7.513201e+02 2.229677e+01 1.039605e+01 9.339635e+00 6.996580e+00 4.881419e+00
<VARIANCE> 6
 2.040973e+03 7.604460e+02 1.674943e+02 6.603084e+01 4.318120e+01 1.999517e+01
<GCONST> 4.135432e+01
<STATE> 3
<MEAN> 6
 7.108093e+02 4.404510e+01 2.008602e+01 1.651313e+01 1.400531e+01 9.342001e+00
<VARIANCE> 6
 2.902870e+03 1.453988e+03 3.853021e+02 1.153850e+02 8.315359e+01 3.372119e+01
<GCONST> 4.492390e+01
<STATE> 4
<MEAN> 6
 7.700994e+02 2.467097e+00 1.559909e+00 1.369974e+00 1.253992e+00 1.139503e+00
<VARIANCE> 6
 5.849399e+02 1.139414e+01 3.293840e+00 3.341217e+00 2.462531e+00 2.520729e+00
<GCONST> 2.405600e+01
<TRANSP> 5
 0.000000e+00 1.000000e+00 0.000000e+00 0.000000e+00 0.000000e+00
 0.000000e+00 2.818881e-01 7.181119e-01 0.000000e+00 0.000000e+00
 0.000000e+00 0.000000e+00 6.603662e-01 3.396338e-01 0.000000e+00
 0.000000e+00 0.000000e+00 0.000000e+00 9.154884e-01 8.451161e-02
 0.000000e+00 0.000000e+00 0.000000e+00 0.000000e+00 0.000000e+00
<ENDHMM>
~h "bg_white_0_5"
<BEGINHMM>
<NUMSTATES> 5
<STATE> 2
<MEAN> 6
 7.586084e+02 2.772581e+00 2.804886e+00 1.459331e+00 1.600591e+00 1.128205e+00
<VARIANCE> 6
 2.916566e+03 3.494670e+01 1.049502e+01 9.167865e+00 8.940532e+00 3.522956e+00
<GCONST> 3.057575e+01
<STATE> 3
<MEAN> 6
 6.855005e+02 2.546906e+01 4.491291e+01 8.268238e+00 1.264889e+01 4.098525e+00
<VARIANCE> 6
 1.099009e+04 1.189975e+03 4.787875e+03 8.832305e+01 1.548152e+02 3.833038e+01
<GCONST> 4.905702e+01
<STATE> 4
<MEAN> 6
 7.250931e+02 1.934650e+00 6.528827e+00 5.486447e-01 2.005673e+00 2.637865e-01
<VARIANCE> 6
 2.085728e+04 2.440339e+01 6.276428e+02 1.886234e+00 2.959457e+01 1.240031e-01
<GCONST> 3.254414e+01
<TRANSP> 5
 0.000000e+00 1.000000e+00 0.000000e+00 0.000000e+00 0.000000e+00
 0.000000e+00 2.915938e-01 7.084063e-01 0.000000e+00 0.000000e+00
 0.000000e+00 0.000000e+00 3.815291e-01 6.184710e-01 0.000000e+00
 0.000000e+00 0.000000e+00 0.000000e+00 8.187659e-01 1.812341e-01
 0.000000e+00 0.000000e+00 0.000000e+00 0.000000e+00 0.000000e+00
<ENDHMM>
~h "bg_dark_0"
<BEGINHMM>
<NUMSTATES> 5
<STATE> 2
<MEAN> 6
 2.694030e+02 9.019501e+00 1.236783e+01 3.501585e+00 4.497450e+00 1.479627e+00
<VARIANCE> 6
 2.339739e+03 1.776132e+02 1.060588e+02 5.571875e+00 7.403841e+00 1.722795e+00
<GCONST> 3.289234e+01
<STATE> 3
<MEAN> 6
 2.015301e+02 2.285803e+01 1.910551e+01 7.342499e+00 7.402836e+00 3.345056e+00
<VARIANCE> 6
 3.056232e+03 5.881147e+02 2.862669e+02 1.782538e+01 1.878466e+01 3.992507e+00
<GCONST> 3.828413e+01
<STATE> 4
<MEAN> 6
 1.737193e+02 1.257110e+01 1.231113e+01 4.672400e+00 4.336262e+00 1.974919e+00
<VARIANCE> 6
 2.148029e+03 1.841648e+02 1.530612e+02 6.607808e+00 3.740880e+00 1.847361e+00
<GCONST> 3.276757e+01
<TRANSP> 5
 0.000000e+00 1.000000e+00 0.000000e+00 0.000000e+00 0.000000e+00
 0.000000e+00 7.989227e-01 2.010773e-01 0.000000e+00 0.000000e+00
 0.000000e+00 0.000000e+00 3.908615e-01 6.091385e-01 0.000000e+00
 0.000000e+00 0.000000e+00 0.000000e+00 5.611639e-01 4.388361e-01
 0.000000e+00 0.000000e+00 0.000000e+00 0.000000e+00 0.000000e+00
<ENDHMM>
~h "bg_dark_0_0"
<BEGINHMM>
<NUMSTATES> 5
<STATE> 2
<MEAN> 6
 2.626286e+02 1.046146e+01 9.376323e+00 3.572352e+00 4.095012e+00 1.476308e+00
<VARIANCE> 6
 2.643175e+03 1.303547e+02 5.624705e+01 3.830744e+00 6.201968e+00 1.062158e+00
<GCONST> 3.103524e+01
<STATE> 3
<MEAN> 6
 1.596224e+02 3.778638e+01 2.211543e+01 8.167234e+00 6.842018e+00 2.558708e+00
<VARIANCE> 6
 4.102380e+03 1.066324e+03 4.340714e+02 1.854037e+01 2.296260e+01 3.071370e+00
<GCONST> 3.956770e+01
<STATE> 4
<MEAN> 6
 1.942399e+02 1.037594e+01 1.141390e+01 4.062222e+00 3.852313e+00 1.745945e+00
<VARIANCE> 6
 6.241776e+03 1.262078e+02 9.346166e+01 3.974269e+00 5.139083e+00 1.422199e+00
<GCONST> 3.251068e+01
<TRANSP> 5
 0.000000e+00 1.000000e+00 0.000000e+00 0.000000e+00 0.000000e+00
 0.000000e+00 6.845458e-01 3.154542e-01 0.000000e+00 0.000000e+00
 0.000000e+00 0.000000e+00 6.250528e-01 3.749472e-01 0.000000e+00
 0.000000e+00 0.000000e+00 0.000000e+00 4.816684e-01 5.183315e-01
 0.000000e+00 0.000000e+00 0.000000e+00 0.000000e+00 0.000000e+00
<ENDHMM>
~h "bg_dark_0_1"
<BEGINHMM>
<NUMSTATES> 5
<STATE> 2
<MEAN> 6
 1.832723e+02 8.783372e+00 9.346777e+00 3.818693e+00 3.730776e+00 1.707526e+00
<VARIANCE> 6
 4.794989e+03 9.068900e+01 5.690062e+01 4.705659e+00 3.480591e+00 1.577458e+00
<GCONST> 3.130311e+01
<STATE> 3
<MEAN> 6
 1.517734e+02 4.897506e+01 2.177888e+01 9.930457e+00 6.776703e+00 2.569782e+00
<VARIANCE> 6
 4.038023e+03 1.344555e+03 4.167387e+02 1.628263e+01 2.234800e+01 3.676632e+00
<GCONST> 3.976588e+01
<STATE> 4
<MEAN> 6
 1.921588e+02 1.309074e+01 2.185879e+01 5.359724e+00 8.529573e+00 2.544569e+00
<VARIANCE> 6
 3.485636e+03 1.234510e+02 2.803371e+02 1.173454e+01 1.770177e+01 2.024989e+00
<GCONST> 3.567727e+01
<TRANSP> 5
 0.000000e+00 1.000000e+00 0.000000e+00 0.000000e+00 0.000000e+00
 0.000000e+00 6.635580e-01 3.364421e-01 0.000000e+00 0.000000e+00
 0.000000e+00 0.000000e+00 6.547264e-01 3.452735e-01 0.000000e+00
 0.000000e+00 0.000000e+00 0.000000e+00 7.039048e-01 2.960952e-01
 0.000000e+00 0.000000e+00 0.000000e+00 0.000000e+00 0.000000e+00
<ENDHMM>
~h "bg_dark_0_2"
<BEGINHMM>
<NUMSTATES> 5
<STATE> 2
<MEAN> 6
 1.620995e+02 2.182775e+01 1.429640e+01 6.319453e+00 5.813396e+00 2.398714e+00
<VARIANCE> 6
 1.765729e+03 4.322448e+02 1.300717e+02 1.578522e+01 6.069215e+00 1.834779e+00
<GCONST> 3.460989e+01
<STATE> 3
<MEAN> 6
 1.913096e+02 2.148634e+01 2.556430e+01 8.729811e+00 9.339433e+00 4.252025e+00
<VARIANCE> 6
 1.752146e+03 3.353035e+02 3.388677e+02 1.510561e+01 2.319259e+01 5.294409e+00
<GCONST> 3.766206e+01
<STATE> 4
<MEAN> 6
 1.644281e+02 8.543182e+00 8.527019e+00 4.448612e+00 3.976254e+00 1.875068e+00
<VARIANCE> 6
 1.283599e+03 6.110263e+01 4.952608e+01 5.977920e+00 4.108699e+00 1.693848e+00
<GCONST> 2.992792e+01
<TRANSP> 5
 0.000000e+00 1.000000e+00 0.000000e+00 0.000000e+00 0.000000e+00
 0.000000e+00 5.297155e-01 4.702844e-01 0.000000e+00 0.000000e+00
 0.000000e+00 0.000000e+00 7.243083e-01 2.756917e-01 0.000000e+00
 0.000000e+00 0.000000e+00 0.000000e+00 6.742283e-01 3.257717e-01
 0.000000e+00 0.000000e+00 0.000000e+00 0.000000e+00 0.000000e+00
<ENDHMM>
~h "bg_dark_0_3"
<BEGINHMM>
<NUMSTATES> 5
<STATE> 2
<MEAN> 6
 1.750012e+02 1.171836e+01 1.123566e+01 5.175775e+00 5.387223e+00 2.039618e+00
<VARIANCE> 6
 1.000798e+03 9.933189e+01 9.113645e+01 7.030053e+00 8.132059e+00 1.311372e+00
<GCONST> 3.136372e+01
<STATE> 3
<MEAN> 6
 2.040254e+02 2.477240e+01 2.033862e+01 7.651179e+00 7.351798e+00 3.310893e+00
<VARIANCE> 6
 2.799740e+03 4.391236e+02 3.088293e+02 1.217799e+01 1.534627e+01 4.769312e+00
<GCONST> 3.757482e+01
<STATE> 4
<MEAN> 6
 2.353995e+02 6.368304e+00 3.319988e+00 2.459670e+00 1.405619e+00 7.897532e-01
<VARIANCE> 6
 1.936174e+03 4.736154e+01 1.444769e+01 4.614235e+00 1.675266e+00 6.094740e-01
<GCONST> 2.667404e+01
<TRANSP> 5
 0.000000e+00 1.000000e+00 0.000000e+00 0.000000e+00 0.000000e+00
 0.000000e+00 7.909967e-01 2.090033e-01 0.000000e+00 0.000000e+00
 0.000000e+00 0.000000e+00 5.731351e-01 4.268649e-01 0.000000e+00
 0.000000e+00 0.000000e+00 0.000000e+00 8.273365e-01 1.726636e-01
 0.000000e+00 0.000000e+00 0.000000e+00 0.000000e+00 0.000000e+00
<ENDHMM>
~h "bg_dark_0_4"
<BEGINHMM>
<NUMSTATES> 5
<STATE> 2
<MEAN> 6
 2.278659e+02 1.446199e+01 2.016105e+01 5.968356e+00 7.023469e+00 2.401349e+00
<VARIANCE> 6
 5.678265e+03 1.668873e+02 4.109774e+02 8.891861e+00 2.903662e+01 2.112033e+00
<GCONST> 3.710886e+01
<STATE> 3
<MEAN> 6
 2.006195e+02 3.130347e+01 2.377897e+01 1.042558e+01 8.418869e+00 4.843301e+00
<VARIANCE> 6
 2.115849e+03 4.859944e+02 3.435824e+02 1.607722e+01 1.781309e+01 7.069348e+00
<GCONST> 3.832320e+01
<STATE> 4
<MEAN> 6
 1.885847e+02 1.745531e+01 2.260452e+01 6.767928e+00 7.707684e+00 2.980367e+00
<VARIANCE> 6
 2.057069e+03 1.836689e+02 3.342157e+02 9.155966e+00 1.561613e+01 2.496101e+00
<GCONST> 3.555866e+01
<TRANSP> 5
 0.000000e+00 1.000000e+00 0.000000e+00 0.000000e+00 0.000000e+00
 0.000000e+00 6.044325e-01 3.955675e-01 0.000000e+00 0.000000e+00
 0.000000e+00 0.000000e+00 6.871191e-01 3.128809e-01 0.000000e+00
 0.000000e+00 0.000000e+00 0.000000e+00 8.188738e-01 1.811262e-01
 0.000000e+00 0.000000e+00 0.000000e+00 0.000000e+00 0.000000e+00
<ENDHMM>
~h "bg_dark_0_5"
<BEGINHMM>
<NUMSTATES> 5
<STATE> 2
<MEAN> 6
 2.188976e+02 1.437466e+01 1.862716e+01 5.642830e+00 5.611884e+00 2.215354e+00
<VARIANCE> 6
 6.303074e+03 1.833408e+02 3.292086e+02 7.389382e+00 1.296449e+01 1.855817e+00
<GCONST> 3.596468e+01
<STATE> 3
<MEAN> 6
 1.986829e+02 2.936935e+01 2.948886e+01 1.052115e+01 8.714418e+00 3.855988e+00
<VARIANCE> 6
 2.286694e+03 5.185043e+02 4.526696e+02 2.520829e+01 2.193698e+01 3.492276e+00
<GCONST> 3.869413e+01
<STATE> 4
<MEAN> 6
 1.498784e+02 1.507392e+01 1.395719e+01 4.998009e+00 4.708325e+00 2.079357e+00
<VARIANCE> 6
 1.421890e+03 2.518864e+02 1.280422e+02 9.265261e+00 4.994910e+00 1.502672e+00
<GCONST> 3.291028e+01
<TRANSP> 5
 0.000000e+00 1.000000e+00 0.000000e+00 0.000000e+00 0.000000e+00
 0.000000e+00 6.955740e-01 3.044260e-01 0.000000e+00 0.000000e+00
 0.000000e+00 0.000000e+00 7.175887e-01 2.824112e-01 0.000000e+00
 0.000000e+00 0.000000e+00 0.000000e+00 7.664181e-01 2.335819e-01
 0.000000e+00 0.000000e+00 0.000000e+00 0.000000e+00 0.000000e+00
<ENDHMM>
~h "bg_red_0"
<BEGINHMM>
<NUMSTATES> 5
<STATE> 2
<MEAN> 6
 4.512873e+02 8.433244e+00 4.913154e+00 3.180500e+00 2.046637e+00 6.928824e-01
<VARIANCE> 6
 1.121066e+03 8.601138e+01 2.003743e+01 5.479488e+00 3.251465e+00 3.845331e-01
<GCONST> 2.742577e+01
<STATE> 3
<MEAN> 6
 5.736174e+02 6.160540e+01 1.338013e+01 1.312715e+01 2.931026e+00 1.113026e+00
<VARIANCE> 6
 1.955845e+04 4.629881e+03 2.796101e+02 1.501489e+02 2.675314e+01 8.875569e-01
<GCONST> 4.316111e+01
<STATE> 4
<MEAN> 6
 4.558679e+02 5.527286e+00 4.160762e+00 2.702471e+00 1.097788e+00 6.938288e-01
<VARIANCE> 6
 1.292798e+03 6.335105e+01 1.160897e+01 1.172787e+01 8.941556e-01 3.218160e-01
<GCONST> 2.600861e+01
<TRANSP> 5
 0.000000e+00 1.000000e+00 0.000000e+00 0.000000e+00 0.000000e+00
 0.000000e+00 4.904511e-01 5.095490e-01 0.000000e+00 0.000000e+00
 0.000000e+00 0.000000e+00 5.879248e-01 4.120752e-01 0.000000e+00
 0.000000e+00 0.000000e+00 0.000000e+00 5.755684e-02 9.424431e-01
 0.000000e+00 0.000000e+00 0.000000e+00 0.000000e+00 0.000000e+00
<ENDHMM>
~h "bg_board"
<BEGINHMM>
<NUMSTATES> 5
<STATE> 2
<MEAN> 6
 3.138395e+02 2.353542e+01 1.200401e+01 1.018554e+01 5.233488e+00 3.172913e+00
<VARIANCE> 6
 6.221835e+03 4.584169e+02 1.093480e+02 3.208879e+01 8.954365e+00 4.445364e+00
<GCONST> 3.773791e+01
<STATE> 3
<MEAN> 6
 4.008326e+02 6.321619e+01 1.487934e+01 1.313448e+01 4.913399e+00 2.346743e+00
<VARIANCE> 6
 3.079009e+04 6.383524e+03 5.599038e+02 7.689483e+01 2.785450e+01 7.276032e+00
<GCONST> 4.610547e+01
<STATE> 4
<MEAN> 6
 4.402582e+02 4.730379e+00 3.088503e+00 9.511583e-01 7.311087e-01 2.989671e-01
<VARIANCE> 6
 5.325601e+03 5.301881e+01 7.201545e+00 1.587878e+00 3.956281e-01 4.412168e-02
<GCONST> 2.196680e+01
<TRANSP> 5
 0.000000e+00 1.000000e+00 0.000000e+00 0.000000e+00 0.000000e+00
 0.000000e+00 8.647363e-01 1.352637e-01 0.000000e+00 0.000000e+00
 0.000000e+00 0.000000e+00 6.375412e-01 3.624588e-01 0.000000e+00
 0.000000e+00 0.000000e+00 0.000000e+00 9.455934e-01 5.440667e-02
 0.000000e+00 0.000000e+00 0.000000e+00 0.000000e+00 0.000000e+00
<ENDHMM>
~h "fp_key_0"
<BEGINHMM>
<NUMSTATES> 5
<STATE> 2
<MEAN> 6
 3.209236e+02 3.776504e+00 4.246021e+00 1.941253e+00 1.243549e+00 7.941798e-01
<VARIANCE> 6
 2.547415e+03 1.314961e+01 1.057277e+01 1.396382e+00 1.257178e+00 6.784903e-01
<GCONST> 2.397964e+01
<STATE> 3
<MEAN> 6
 4.462744e+02 4.219234e+01 5.981708e+01 1.397814e+01 1.732673e+01 5.819712e+00
<VARIANCE> 6
 1.314701e+04 1.679769e+03 2.644046e+03 1.098313e+02 1.877036e+02 2.049602e+01
<GCONST> 4.877172e+01
<STATE> 4
<MEAN> 6
 5.877757e+02 7.267079e+01 1.090234e+01 2.411332e+01 4.590737e+00 2.492804e+00
<VARIANCE> 6
 2.285555e+04 2.928447e+03 2.251453e+02 2.446310e+02 4.546357e+01 8.555844e+00
<GCONST> 4.592646e+01
<TRANSP> 5
 0.000000e+00 1.000000e+00 0.000000e+00 0.000000e+00 0.000000e+00
 0.000000e+00 6.086841e-01 3.913160e-01 0.000000e+00 0.000000e+00
 0.000000e+00 0.000000e+00 1.558053e-01 8.441947e-01 0.000000e+00
 0.000000e+00 0.000000e+00 0.000000e+00 5.795922e-01 4.204079e-01
 0.000000e+00 0.000000e+00 0.000000e+00 0.000000e+00 0.000000e+00
<ENDHMM>
~h "fp_key_1"
<BEGINHMM>
<NUMSTATES> 5
<STATE> 2
<MEAN> 6
 5.119138e+02 3.894538e+01 1.697203e+01 1.261461e+01 6.559169e+00 3.579861e+00
<VARIANCE> 6
 2.304829e+04 1.136582e+03 5.216794e+02 1.038007e+02 5.374206e+01 1.474822e+01
<GCONST> 4.568324e+01
<STATE> 3
<MEAN> 6
 7.142745e+02 4.960999e+01 1.725108e+01 1.464682e+01 4.953990e+00 1.949306e+00
<VARIANCE> 6
 3.203787e+04 1.448723e+03 7.796003e+02 9.115855e+01 5.404701e+01 6.829064e+00
<GCONST> 4.576280e+01
<STATE> 4
<MEAN> 6
 5.654174e+02 1.656504e+01 8.757379e+00 5.016023e+00 2.469698e+00 9.342529e-01
<VARIANCE> 6
 1.151120e+04 4.454101e+02 6.452483e+01 2.541964e+01 9.089310e+00 1.089689e+00
<GCONST> 3.617290e+01
<TRANSP> 5
 0.000000e+00 1.000000e+00 0.000000e+00 0.000000e+00 0.000000e+00
 0.000000e+00 2.137678e-01 7.862322e-01 0.000000e+00 0.000000e+00
 0.000000e+00 0.000000e+00 7.399645e-01 2.600356e-01 0.000000e+00
 0.000000e+00 0.000000e+00 0.000000e+00 7.917368e-01 2.082632e-01
 0.000000e+00 0.000000e+00 0.000000e+00 0.000000e+00 0.000000e+00
<ENDHMM>
~h "fp_key_2"
<BEGINHMM>
<NUMSTATES> 5
<STATE> 2
<MEAN> 6
 4.681263e+02 1.437749e+01 8.196517e+00 4.595866e+00 2.465900e+00 1.358224e+00
<VARIANCE> 6
 1.730441e+04 4.841956e+02 4.759284e+01 2.818303e+01 6.645477e+00 2.134018e+00
<GCONST> 3.682182e+01
<STATE> 3
<MEAN> 6
 5.382220e+02 4.466140e+01 4.452028e+01 1.706475e+01 1.404975e+01 5.569194e+00
<VARIANCE> 6
 1.929676e+04 1.603097e+03 2.173899e+03 1.639987e+02 1.784411e+02 3.799501e+01
<GCONST> 4.988049e+01
<STATE> 4
<MEAN> 6
 5.593934e+02 9.048776e+01 1.350223e+01 1.598061e+01 4.120824e+00 2.068460e+00
<VARIANCE> 6
 1.564953e+04 2.608536e+03 3.069216e+02 8.453808e+01 2.768492e+01 5.135095e+00
<GCONST> 4.367278e+01
<TRANSP> 5
 0.000000e+00 1.000000e+00 0.000000e+00 0.000000e+00 0.000000e+00
 0.000000e+00 6.414079e-01 3.585920e-01 0.000000e+00 0.000000e+00
 0.000000e+00 0.000000e+00 4.981385e-01 5.018615e-01 0.000000e+00
 0.000000e+00 0.000000e+00 0.000000e+00 6.415263e-01 3.584737e-01
 0.000000e+00 0.000000e+00 0.000000e+00 0.000000e+00 0.000000e+00
<ENDHMM>
~h "fp_key_3"
<BEGINHMM>
<NUMSTATES> 5
<STATE> 2
<MEAN> 6
 4.577626e+02 6.610899e+01 1.017181e+01 1.656442e+01 3.504585e+00 1.850939e+00
<VARIANCE> 6
 1.175961e+04 2.066017e+03 2.197159e+02 1.461069e+02 1.785806e+01 3.587838e+00
<GCONST> 4.256974e+01
<STATE> 3
<MEAN> 6
 4.853911e+02 4.900957e+01 5.090760e+01 2.115628e+01 1.872952e+01 6.666480e+00
<VARIANCE> 6
 1.397601e+04 1.496722e+03 2.726035e+03 1.809018e+02 2.654080e+02 3.473386e+01
<GCONST> 5.012093e+01
<STATE> 4
<MEAN> 6
 3.363988e+02 1.086127e+01 4.593715e+00 4.157035e+00 1.872105e+00 1.243944e+00
<VARIANCE> 6
 7.708541e+03 3.848148e+02 2.997050e+01 3.749501e+01 4.754402e+00 2.659654e+00
<GCONST> 3.549179e+01
<TRANSP> 5
 0.000000e+00 1.000000e+00 0.000000e+00 0.000000e+00 0.000000e+00
 0.000000e+00 6.163235e-01 3.836765e-01 0.000000e+00 0.000000e+00
 0.000000e+00 0.000000e+00 5.968534e-01 4.031465e-01 0.000000e+00
 0.000000e+00 0.000000e+00 0.000000e+00 7.219725e-01 2.780275e-01
 0.000000e+00 0.000000e+00 0.000000e+00 0.000000e+00 0.000000e+00
<ENDHMM>
~h "fp_key_4"
<BEGINHMM>
<NUMSTATES> 5
<STATE> 2
<MEAN> 6
 4.914475e+02 5.196828e+01 8.038879e+00 1.407854e+01 3.209089e+00 1.849592e+00
<VARIANCE> 6
 2.252677e+04 2.472471e+03 1.136683e+02 8.495177e+01 1.939052e+01 4.064584e+00
<GCONST> 4.240516e+01
<STATE> 3
<MEAN> 6
 4.240687e+02 4.612386e+01 4.151799e+01 1.582401e+01 1.785672e+01 7.427443e+00
<VARIANCE> 6
 1.373555e+04 2.726018e+03 2.012275e+03 1.519561e+02 2.229248e+02 3.724240e+01
<GCONST> 5.012049e+01
<STATE> 4
<MEAN> 6
 2.916122e+02 2.609171e+00 2.848515e+00 7.589282e-01 7.218111e-01 3.409953e-01
<VARIANCE> 6
 4.445268e+03 4.500993e+00 5.567189e+00 1.638524e-01 2.152483e-01 2.296430e-02
<GCONST> 1.552948e+01
<TRANSP> 5
 0.000000e+00 1.000000e+00 0.000000e+00 0.000000e+00 0.000000e+00
 0.000000e+00 6.578470e-01 3.421531e-01 0.000000e+00 0.000000e+00
 0.000000e+00 0.000000e+00 5.601277e-01 4.398722e-01 0.000000e+00
 0.000000e+00 0.000000e+00 0.000000e+00 8.782711e-01 1.217289e-01
 0.000000e+00 0.000000e+00 0.000000e+00 0.000000e+00 0.000000e+00
<ENDHMM>
~h "fp_key_5"
<BEGINHMM>
<NUMSTATES> 5
<STATE> 2
<MEAN> 6
 3.281659e+02 2.755996e+00 5.060403e+00 5.540445e-01 1.466347e+00 3.993877e-01
<VARIANCE> 6
 2.737692e+03 4.459500e+00 1.829091e+01 6.377128e-02 1.660246e+00 2.603213e-02
<GCONST> 1.744966e+01
<STATE> 3
<MEAN> 6
 2.849374e+02 6.012805e+00 7.781860e+00 1.066564e+00 2.265132e+00 5.051866e-01
<VARIANCE> 6
 4.590124e+03 3.042612e+01 7.589870e+01 5.546273e-01 7.150720e+00 7.457532e-02
<GCONST> 2.598543e+01
<STATE> 4
<MEAN> 6
 4.552088e+02 2.325008e+00 4.845745e+00 4.215139e-01 6.617621e-01 3.771525e-01
<VARIANCE> 6
 5.510990e+03 2.824224e+00 8.203411e+00 4.685820e-02 1.028923e-01 2.602359e-02
<GCONST> 1.380109e+01
<TRANSP> 5
 0.000000e+00 1.000000e+00 0.000000e+00 0.000000e+00 0.000000e+00
 0.000000e+00 5.087878e-01 4.912122e-01 0.000000e+00 0.000000e+00
 0.000000e+00 0.000000e+00 7.140865e-01 2.859134e-01 0.000000e+00
 0.000000e+00 0.000000e+00 0.000000e+00 8.693841e-01 1.306160e-01
 0.000000e+00 0.000000e+00 0.000000e+00 0.000000e+00 0.000000e+00
<ENDHMM>
~h "bg_red_0_0"
<BEGINHMM>
<NUMSTATES> 5
<STATE> 2
<MEAN> 6
 4.580626e+02 8.725645e+00 5.018446e+00 2.115838e+00 1.138959e+00 8.505483e-01
<VARIANCE> 6
 8.790851e+02 6.113554e+01 1.928006e+01 1.308538e+00 5.038617e-01 5.364844e-01
<GCONST> 2.383905e+01
<STATE> 3
<MEAN> 6
 4.413801e+02 2.883974e+01 1.183925e+01 1.137435e+01 2.790999e+00 2.430919e+00
<VARIANCE> 6
 1.180735e+03 1.192681e+03 9.851025e+01 1.310958e+02 5.402551e+00 4.682468e+00
<GCONST> 3.788190e+01
<STATE> 4
<MEAN> 6
 4.450273e+02 5.425459e+00 3.761737e+00 1.436788e+00 5.370720e-01 2.927921e-01
<VARIANCE> 6
 1.327486e+03 2.987791e+01 1.107962e+01 1.022832e+00 7.701287e-02 1.282429e-02
<GCONST> 1.712291e+01
<TRANSP> 5
 0.000000e+00 1.000000e+00 0.000000e+00 0.000000e+00 0.000000e+00
 0.000000e+00 4.937481e-01 5.062519e-01 0.000000e+00 0.000000e+00
 0.000000e+00 0.000000e+00 2.860958e-01 7.139042e-01 0.000000e+00
 0.000000e+00 0.000000e+00 0.000000e+00 4.618208e-01 5.381792e-01
 0.000000e+00 0.000000e+00 0.000000e+00 0.000000e+00 0.000000e+00
<ENDHMM>
~h "bg_red_0_1"
<BEGINHMM>
<NUMSTATES> 5
<STATE> 2
<MEAN> 6
 4.164169e+02 5.882154e+00 2.525563e+00 1.641990e+00 4.364143e-01 3.274954e-01
<VARIANCE> 6
 8.218192e+02 1.899553e+01 6.534972e+00 1.630483e+00 5.814045e-02 1.573025e-02
<GCONST> 1.605197e+01
<STATE> 3
<MEAN> 6
 4.064184e+02 5.458073e+00 2.728651e+00 1.251407e+00 3.239142e-01 2.984419e-01
<VARIANCE> 6
 4.280524e+02 3.387207e+01 1.357726e+01 7.842331e-01 3.470409e-02 2.463242e-02
<GCONST> 1.590986e+01
<STATE> 4
<MEAN> 6
 3.859433e+02 2.787016e+00 1.635642e+00 7.165258e-01 3.616640e-01 2.466883e-01
<VARIANCE> 6
 2.390356e+02 4.961005e+00 1.507302e+00 2.539651e-01 6.726194e-02 1.290579e-02
<GCONST> 1.009601e+01
<TRANSP> 5
 0.000000e+00 1.000000e+00 0.000000e+00 0.000000e+00 0.000000e+00
 0.000000e+00 1.186739e-02 9.881327e-01 0.000000e+00 0.000000e+00
 0.000000e+00 0.000000e+00 2.570149e-03 9.974298e-01 0.000000e+00
 0.000000e+00 0.000000e+00 0.000000e+00 8.934237e-01 1.065764e-01
 0.000000e+00 0.000000e+00 0.000000e+00 0.000000e+00 0.000000e+00
<ENDHMM>
~h "bg_red_0_2"
<BEGINHMM>
<NUMSTATES> 5
<STATE> 2
<MEAN> 6
 3.554803e+02 2.615476e+00 1.174597e+00 6.563557e-01 4.074908e-01 2.083745e-01
<VARIANCE> 6
 9.975851e+01 3.677723e+00 1.124898e+00 1.429344e-01 1.073927e-01 1.226082e-02
<GCONST> 8.472023e+00
<STATE> 3
<MEAN> 6
 3.339557e+02 4.404005e+00 2.808460e+00 1.572180e+00 1.009636e+00 3.142985e-01
<VARIANCE> 6
 2.933643e+02 1.140672e+01 3.793782e+00 1.121431e+00 3.320500e-01 2.519334e-02
<GCONST> 1.580720e+01
<STATE> 4
<MEAN> 6
 3.220923e+02 6.511352e+00 1.249281e+00 8.476642e-01 2.884058e-01 2.772276e-01
<VARIANCE> 6
 3.329823e+02 1.389464e+01 7.013429e-01 2.539709e-01 2.396346e-02 1.225050e-02
<GCONST> 9.608147e+00
<TRANSP> 5
 0.000000e+00 1.000000e+00 0.000000e+00 0.000000e+00 0.000000e+00
 0.000000e+00 8.963056e-01 1.036945e-01 0.000000e+00 0.000000e+00
 0.000000e+00 0.000000e+00 6.922703e-01 3.077296e-01 0.000000e+00
 0.000000e+00 0.000000e+00 0.000000e+00 7.950001e-01 2.049999e-01
 0.000000e+00 0.000000e+00 0.000000e+00 0.000000e+00 0.000000e+00
<ENDHMM>
~h "bg_red_0_3"
<BEGINHMM>
<NUMSTATES> 5
<STATE> 2
<MEAN> 6
 2.664878e+02 1.908869e+01 1.898862e+00 4.636851e+00 4.855298e-01 4.371766e-01
<VARIANCE> 6
 1.480357e+03 2.072242e+02 1.872173e+00 1.159013e+01 5.029473e-02 2.397893e-02
<GCONST> 2.001792e+01
<STATE> 3
<MEAN> 6
 3.031800e+02 5.717633e+00 7.069631e-01 1.042417e+00 2.922157e-01 2.368712e-01
<VARIANCE> 6
 8.800977e+02 1.587021e+01 1.884596e-01 8.370148e-01 4.744612e-02 1.882227e-02
<GCONST> 1.170408e+01
<STATE> 4
<MEAN> 6
 2.913159e+02 5.576531e+00 1.575625e+00 9.320018e-01 3.774817e-01 2.555003e-01
<VARIANCE> 6
 5.527780e+02 9.065351e+00 1.404419e+00 3.665448e-01 7.403785e-02 1.793545e-02
<GCONST> 1.225851e+01
<TRANSP> 5
 0.000000e+00 1.000000e+00 0.000000e+00 0.000000e+00 0.000000e+00
 0.000000e+00 6.924079e-01 3.075922e-01 0.000000e+00 0.000000e+00
 0.000000e+00 0.000000e+00 3.186519e-05 9.999682e-01 0.000000e+00
 0.000000e+00 0.000000e+00 0.000000e+00 8.460000e-01 1.540000e-01
 0.000000e+00 0.000000e+00 0.000000e+00 0.000000e+00 0.000000e+00
<ENDHMM>
~h "bg_red_0_4"
<BEGINHMM>
<NUMSTATES> 5
<STATE> 2
<MEAN> 6
 2.695263e+02 1.148323e+01 2.751668e+00 3.883661e+00 6.923637e-01 3.796391e-01
<VARIANCE> 6
 5.972484e+02 8.575013e+01 4.364635e+00 7.276177e+00 2.082209e-01 2.782344e-02
<GCONST> 2.017814e+01
<STATE> 3
<MEAN> 6
 3.924005e+02 6.443842e+01 1.159110e+01 1.477178e+01 1.268818e+00 7.646974e-01
<VARIANCE> 6
 2.395204e+04 4.676748e+03 3.808006e+01 1.375986e+02 1.219062e+00 8.748861e-02
<GCONST> 3.588730e+01
<STATE> 4
<MEAN> 6
 3.101642e+02 5.837735e+00 2.101285e+00 2.833918e+00 7.095186e-01 3.614674e-01
<VARIANCE> 6
 5.188292e+03 2.880200e+01 3.884914e+00 8.677659e+00 1.515087e-01 4.711274e-02
<GCONST> 2.151740e+01
<TRANSP> 5
 0.000000e+00 1.000000e+00 0.000000e+00 0.000000e+00 0.000000e+00
 0.000000e+00 7.146389e-01 2.853611e-01 0.000000e+00 0.000000e+00
 0.000000e+00 0.000000e+00 5.600491e-01 4.399509e-01 0.000000e+00
 0.000000e+00 0.000000e+00 0.000000e+00 7.875797e-01 2.124204e-01
 0.000000e+00 0.000000e+00 0.000000e+00 0.000000e+00 0.000000e+00
<ENDHMM>
~h "bg_red_0_5"
<BEGINHMM>
<NUMSTATES> 5
<STATE> 2
<MEAN> 6
 4.310426e+02 9.795461e+00 4.120917e+00 4.499658e+00 9.050452e-01 5.612717e-01
<VARIANCE> 6
 4.720217e+04 9.489257e+01 8.640713e+00 6.381582e+00 2.922811e-01 1.003546e-01
<GCONST> 2.682302e+01
<STATE> 3
<MEAN> 6
 4.357133e+02 7.522952e+01 1.865657e+01 1.506912e+01 5.441174e+00 1.714741e+00
<VARIANCE> 6
 1.777254e+04 5.635839e+03 6.285685e+02 1.664202e+02 1.022978e+02 2.681823e+00
<GCONST> 4.662192e+01
<STATE> 4
<MEAN> 6
 3.348033e+02 5.634574e+00 5.176500e+00 2.291605e+00 1.563718e+00 7.599834e-01
<VARIANCE> 6
 9.987523e+02 1.505797e+01 1.628837e+01 2.588109e+00 1.833866e+00 8.223614e-01
<GCONST> 2.479791e+01
<TRANSP> 5
 0.000000e+00 1.000000e+00 0.000000e+00 0.000000e+00 0.000000e+00
 0.000000e+00 4.622899e-01 5.377101e-01 0.000000e+00 0.000000e+00
 0.000000e+00 0.000000e+00 5.238791e-01 4.761209e-01 0.000000e+00
 0.000000e+00 0.000000e+00 0.000000e+00 7.982630e-01 2.017371e-01
 0.000000e+00 0.000000e+00 0.000000e+00 0.000000e+00 0.000000e+00
<ENDHMM>
~h "fp_screen"
<BEGINHMM>
<NUMSTATES> 5
<STATE> 2
<MEAN> 6
 2.290146e+02 3.074126e+00 3.811913e+00 9.735898e-01 1.403850e+00 2.935783e-01
<VARIANCE> 6
 1.393730e+02 1.396941e+01 3.865456e+01 4.323249e-01 5.651627e+00 4.143512e-02
<GCONST> 1.996569e+01
<STATE> 3
<MEAN> 6
 2.277267e+02 3.057537e+00 4.280973e+00 9.906569e-01 1.592288e+00 3.037188e-01
<VARIANCE> 6
 2.115312e+02 1.191602e+01 5.634570e+01 6.139526e-01 1.218345e+01 3.552532e-02
<GCONST> 2.156576e+01
<STATE> 4
<MEAN> 6
 2.300144e+02 2.058268e+00 3.589549e+00 6.695988e-01 9.315099e-01 2.628316e-01
<VARIANCE> 6
 4.630156e+02 3.049425e+00 1.324202e+01 2.086007e-01 1.372533e+00 1.804102e-02
<GCONST> 1.559759e+01
<TRANSP> 5
 0.000000e+00 1.000000e+00 0.000000e+00 0.000000e+00 0.000000e+00
 0.000000e+00 3.282560e-01 6.717439e-01 0.000000e+00 0.000000e+00
 0.000000e+00 0.000000e+00 2.896718e-04 9.997104e-01 0.000000e+00
 0.000000e+00 0.000000e+00 0.000000e+00 4.458338e-02 9.554166e-01
 0.000000e+00 0.000000e+00 0.000000e+00 0.000000e+00 0.000000e+00
<ENDHMM>
~h "bg_board_0"
<BEGINHMM>
<NUMSTATES> 5
<STATE> 2
<MEAN> 6
 3.398157e+02 1.703517e+01 9.628347e+00 7.794007e+00 3.824266e+00 2.319787e+00
<VARIANCE> 6
 8.919372e+03 3.595805e+02 6.757883e+01 3.434570e+01 6.706554e+00 3.581781e+00
<GCONST> 3.693690e+01
<STATE> 3
<MEAN> 6
 4.153411e+02 4.084937e+01 1.565361e+01 1.350622e+01 5.983644e+00 3.827928e+00
<VARIANCE> 6
 1.809960e+04 2.587445e+03 2.321626e+02 1.097620e+02 2.697747e+01 1.244446e+01
<GCONST> 4.465136e+01
<STATE> 4
<MEAN> 6
 3.450552e+02 1.579019e+01 5.509609e+00 5.764286e+00 2.440027e+00 1.319586e+00
<VARIANCE> 6
 9.391253e+03 4.839274e+02 2.671642e+01 2.398224e+01 3.036096e+00 1.274228e+00
<GCONST> 3.417224e+01
<TRANSP> 5
 0.000000e+00 1.000000e+00 0.000000e+00 0.000000e+00 0.000000e+00
 0.000000e+00 4.950052e-01 5.049948e-01 0.000000e+00 0.000000e+00
 0.000000e+00 0.000000e+00 4.589784e-01 5.410216e-01 0.000000e+00
 0.000000e+00 0.000000e+00 0.000000e+00 2.146320e-01 7.853680e-01
 0.000000e+00 0.000000e+00 0.000000e+00 0.000000e+00 0.000000e+00
<ENDHMM>
~h "bg_board_1"
<BEGINHMM>
<NUMSTATES> 5
<STATE> 2
<MEAN> 6
 3.028449e+02 2.385428e+01 1.109885e+01 8.996449e+00 4.543362e+00 2.634550e+00
<VARIANCE> 6
 7.932524e+03 5.350914e+02 9.153996e+01 4.624951e+01 9.086349e+00 4.803818e+00
<GCONST> 3.841544e+01
<STATE> 3
<MEAN> 6
 3.641430e+02 5.708640e+01 1.455344e+01 1.398372e+01 5.936428e+00 3.729073e+00
<VARIANCE> 6
 1.164608e+04 2.806227e+03 1.862669e+02 1.100369e+02 2.647486e+01 1.464042e+01
<GCONST> 4.421756e+01
<STATE> 4
<MEAN> 6
 3.366981e+02 1.601544e+01 3.902737e+00 5.394092e+00 2.135260e+00 1.181646e+00
<VARIANCE> 6
 8.289500e+03 5.687901e+02 1.226383e+01 2.454822e+01 2.405922e+00 1.402473e+00
<GCONST> 3.331698e+01
<TRANSP> 5
 0.000000e+00 1.000000e+00 0.000000e+00 0.000000e+00 0.000000e+00
 0.000000e+00 5.561914e-01 4.438085e-01 0.000000e+00 0.000000e+00
 0.000000e+00 0.000000e+00 5.502549e-01 4.497450e-01 0.000000e+00
 0.000000e+00 0.000000e+00 0.000000e+00 1.215946e-01 8.784054e-01
 0.000000e+00 0.000000e+00 0.000000e+00 0.000000e+00 0.000000e+00
<ENDHMM>
~h "bg_board_2"
<BEGINHMM>
<NUMSTATES> 5
<STATE> 2
<MEAN> 6
 3.153902e+02 2.694344e+01 1.045595e+01 1.139873e+01 4.415786e+00 2.590334e+00
<VARIANCE> 6
 6.271533e+03 6.205650e+02 8.496305e+01 5.350749e+01 9.644931e+00 4.553762e+00
<GCONST> 3.840609e+01
<STATE> 3
<MEAN> 6
 3.481098e+02 4.920270e+01 1.014172e+01 1.006533e+01 4.897526e+00 2.529931e+00
<VARIANCE> 6
 1.278823e+04 2.629290e+03 1.249954e+02 6.245453e+01 2.366181e+01 9.216101e+00
<GCONST> 4.270554e+01
<STATE> 4
<MEAN> 6
 3.014579e+02 1.161805e+01 5.200172e+00 3.795637e+00 1.740594e+00 7.429919e-01
<VARIANCE> 6
 1.324564e+04 3.032250e+02 1.913671e+01 1.333951e+01 1.651577e+00 4.351795e-01
<GCONST> 3.144524e+01
<TRANSP> 5
 0.000000e+00 1.000000e+00 0.000000e+00 0.000000e+00 0.000000e+00
 0.000000e+00 6.517717e-01 3.482282e-01 0.000000e+00 0.000000e+00
 0.000000e+00 0.000000e+00 3.689274e-01 6.310726e-01 0.000000e+00
 0.000000e+00 0.000000e+00 0.000000e+00 5.006201e-01 4.993799e-01
 0.000000e+00 0.000000e+00 0.000000e+00 0.000000e+00 0.000000e+00
<ENDHMM>
~h "bg_board_3"
<BEGINHMM>
<NUMSTATES> 5
<STATE> 2
<MEAN> 6
 2.821704e+02 2.319182e+01 9.875881e+00 8.536152e+00 3.932054e+00 2.249010e+00
<VARIANCE> 6
 4.607401e+03 4.393090e+02 6.739246e+01 2.944818e+01 7.806159e+00 2.761560e+00
<GCONST> 3.621176e+01
<STATE> 3
<MEAN> 6
 3.143549e+02 3.002161e+01 6.740454e+00 6.674824e+00 2.697246e+00 1.427069e+00
<VARIANCE> 6
 7.790901e+03 1.465796e+03 3.551104e+01 3.351890e+01 6.950236e+00 2.260786e+00
<GCONST> 3.711457e+01
<STATE> 4
<MEAN> 6
 2.884893e+02 1.183595e+01 3.654824e+00 2.697435e+00 1.400509e+00 5.432671e-01
<VARIANCE> 6
 9.718258e+03 2.644926e+02 7.761258e+00 7.143807e+00 8.633634e-01 1.581347e-01
<GCONST> 2.781100e+01
<TRANSP> 5
 0.000000e+00 1.000000e+00 0.000000e+00 0.000000e+00 0.000000e+00
 0.000000e+00 6.604890e-01 3.395110e-01 0.000000e+00 0.000000e+00
 0.000000e+00 0.000000e+00 2.770074e-01 7.229927e-01 0.000000e+00
 0.000000e+00 0.000000e+00 0.000000e+00 5.297692e-01 4.702308e-01
 0.000000e+00 0.000000e+00 0.000000e+00 0.000000e+00 0.000000e+00
<ENDHMM>
~h "bg_board_4"
<BEGINHMM>
<NUMSTATES> 5
<STATE> 2
<MEAN> 6
 2.505685e+02 1.697028e+01 6.233056e+00 5.383606e+00 2.686713e+00 1.231063e+00
<VARIANCE> 6
 5.761650e+03 2.827993e+02 3.229285e+01 1.359342e+01 3.315150e+00 7.447129e-01
<GCONST> 3.231916e+01
<STATE> 3
<MEAN> 6
 2.972718e+02 2.371002e+01 1.034098e+01 8.345098e+00 4.297441e+00 2.141300e+00
<VARIANCE> 6
 4.661984e+03 6.993564e+02 1.055151e+02 4.641400e+01 1.633090e+01 5.368655e+00
<GCONST> 3.899471e+01
<STATE> 4
<MEAN> 6
 2.918919e+02 8.926325e+00 3.670063e+00 1.997182e+00 1.106618e+00 4.019205e-01
<VARIANCE> 6
 5.091602e+03 1.541483e+02 8.509596e+00 3.116198e+00 5.426036e-01 5.483539e-02
<GCONST> 2.436354e+01
<TRANSP> 5
 0.000000e+00 1.000000e+00 0.000000e+00 0.000000e+00 0.000000e+00
 0.000000e+00 7.259345e-01 2.740655e-01 0.000000e+00 0.000000e+00
 0.000000e+00 0.000000e+00 5.096174e-01 4.903826e-01 0.000000e+00
 0.000000e+00 0.000000e+00 0.000000e+00 7.982961e-01 2.017039e-01
 0.000000e+00 0.000000e+00 0.000000e+00 0.000000e+00 0.000000e+00
<ENDHMM>
~h "bg_board_5"
<BEGINHMM>
<NUMSTATES> 5
<STATE> 2
<MEAN> 6
 3.138641e+02 1.647565e+01 8.490677e+00 5.022416e+00 2.448698e+00 9.988173e-01
<VARIANCE> 6
 4.592632e+03 3.228129e+02 3.761003e+01 1.070057e+01 2.672436e+00 5.447919e-01
<GCONST> 3.160975e+01
<STATE> 3
<MEAN> 6
 3.302684e+02 4.544654e+01 5.536573e+00 6.867632e+00 1.540173e+00 6.806285e-01
<VARIANCE> 6
 8.060072e+03 4.842141e+03 3.000756e+01 4.510288e+01 1.240592e+00 4.210315e-01
<GCONST> 3.506799e+01
<STATE> 4
<MEAN> 6
 4.031801e+02 8.348845e+00 5.330401e+00 2.399290e+00 1.361536e+00 5.538847e-01
<VARIANCE> 6
 4.252995e+03 3.056291e+02 2.046663e+01 7.024148e+00 1.723724e+00 3.204535e-01
<GCONST> 2.947963e+01
<TRANSP> 5
 0.000000e+00 1.000000e+00 0.000000e+00 0.000000e+00 0.000000e+00
 0.000000e+00 5.935433e-01 4.064568e-01 0.000000e+00 0.000000e+00
 0.000000e+00 0.000000e+00 2.219727e-01 7.780274e-01 0.000000e+00
 0.000000e+00 0.000000e+00 0.000000e+00 7.097567e-01 2.902432e-01
 0.000000e+00 0.000000e+00 0.000000e+00 0.000000e+00 0.000000e+00
<ENDHMM>
~h "fp_key"
<BEGINHMM>
<NUMSTATES> 5
<STATE> 2
<MEAN> 6
 2.794207e+02 6.035240e+00 5.577411e+00 1.684401e+00 1.664293e+00 6.364400e-01
<VARIANCE> 6
 2.442153e+03 1.989304e+02 5.256039e+01 1.294215e+01 3.614100e+00 9.277439e-01
<GCONST> 3.185315e+01
<STATE> 3
<MEAN> 6
 3.597853e+02 3.564968e+01 1.324261e+01 7.248935e+00 4.396987e+00 1.449149e+00
<VARIANCE> 6
 1.001178e+04 2.474755e+03 3.430291e+02 5.512783e+01 2.845792e+01 3.110288e+00
<GCONST> 4.238329e+01
<STATE> 4
<MEAN> 6
 3.491842e+02 3.119087e+00 4.719928e+00 7.594604e-01 6.894336e-01 3.017538e-01
<VARIANCE> 6
 7.762703e+03 7.748134e+00 1.281777e+01 2.851813e-01 3.680434e-01 1.845750e-02
<GCONST> 1.833616e+01
<TRANSP> 5
 0.000000e+00 1.000000e+00 0.000000e+00 0.000000e+00 0.000000e+00
 0.000000e+00 2.646039e-01 7.353961e-01 0.000000e+00 0.000000e+00
 0.000000e+00 0.000000e+00 4.758340e-01 5.241660e-01 0.000000e+00
 0.000000e+00 0.000000e+00 0.000000e+00 8.724424e-01 1.275576e-01
 0.000000e+00 0.000000e+00 0.000000e+00 0.000000e+00 0.000000e+00
<ENDHMM>
~h "fp_logo"
<BEGINHMM>
<NUMSTATES> 5
<STATE> 2
<MEAN> 6
 2.461873e+02 2.686015e+01 4.877142e+00 7.228451e+00 1.777535e+00 9.042466e-01
<VARIANCE> 6
 2.743213e+03 3.775246e+02 3.741961e+01 3.529219e+01 2.456786e+00 1.065228e+00
<GCONST> 3.302568e+01
<STATE> 3
<MEAN> 6
 2.041159e+02 5.806793e+00 3.114109e+00 1.359240e+00 6.080942e-01 4.323702e-01
<VARIANCE> 6
 3.584109e+03 3.441602e+01 3.545288e+00 9.698181e-01 1.178894e-01 1.450787e-01
<GCONST> 1.991654e+01
<STATE> 4
<MEAN> 6
 1.984511e+02 3.942172e+00 2.865812e+00 9.060406e-01 7.597099e-01 3.270961e-01
<VARIANCE> 6
 1.702947e+03 1.124458e+01 8.480784e+00 3.195709e-01 1.190659e+00 2.047275e-02
<GCONST> 1.817014e+01
<TRANSP> 5
 0.000000e+00 1.000000e+00 0.000000e+00 0.000000e+00 0.000000e+00
 0.000000e+00 8.515463e-01 1.484538e-01 0.000000e+00 0.000000e+00
 0.000000e+00 0.000000e+00 3.737145e-06 9.999963e-01 0.000000e+00
 0.000000e+00 0.000000e+00 0.000000e+00 5.148516e-01 4.851484e-01
 0.000000e+00 0.000000e+00 0.000000e+00 0.000000e+00 0.000000e+00
<ENDHMM>
