~o
<STREAMINFO> 1 6
<VECSIZE> 6<NULLD><MFCC><DIAGC>
~h "bg_board_2"
<BEGINHMM>
<NUMSTATES> 5
<STATE> 2
<MEAN> 6
 1.484810e+02 1.598590e+01 7.751166e+00 4.415693e+00 2.294918e+00 8.527777e-01
<VARIANCE> 6
 2.883532e+03 2.575080e+02 4.142807e+01 8.989604e+00 2.222697e+00 4.568842e-01
<GCONST> 3.048051e+01
<STATE> 3
<MEAN> 6
 2.152394e+02 4.704813e+01 1.436359e+01 1.283416e+01 4.582546e+00 2.172759e+00
<VARIANCE> 6
 4.188447e+03 2.813719e+03 1.689592e+02 8.578820e+01 1.555593e+01 3.072207e+00
<GCONST> 4.075798e+01
<STATE> 4
<MEAN> 6
 2.154596e+02 2.309676e+01 1.254143e+01 6.806454e+00 3.402390e+00 1.574768e+00
<VARIANCE> 6
 5.474584e+03 5.687324e+02 1.142047e+02 1.820922e+01 4.923635e+00 1.426575e+00
<GCONST> 3.556779e+01
<TRANSP> 5
 0.000000e+00 1.000000e+00 0.000000e+00 0.000000e+00 0.000000e+00
 0.000000e+00 8.397864e-01 1.602137e-01 0.000000e+00 0.000000e+00
 0.000000e+00 0.000000e+00 6.228452e-01 3.771549e-01 0.000000e+00
 0.000000e+00 0.000000e+00 0.000000e+00 7.565077e-01 2.434923e-01
 0.000000e+00 0.000000e+00 0.000000e+00 0.000000e+00 0.000000e+00
<ENDHMM>
