~o
<STREAMINFO> 1 6
<VECSIZE> 6<NULLD><MFCC><DIAGC>
~h "bg_board_1"
<BEGINHMM>
<NUMSTATES> 5
<STATE> 2
<MEAN> 6
 1.861251e+02 2.291571e+01 9.391315e+00 6.491368e+00 2.996273e+00 1.344905e+00
<VARIANCE> 6
 2.831499e+03 4.061082e+02 6.103676e+01 1.584996e+01 3.102439e+00 1.003768e+00
<GCONST> 3.299304e+01
<STATE> 3
<MEAN> 6
 2.085090e+02 4.427392e+01 1.775654e+01 1.111098e+01 5.049630e+00 2.579350e+00
<VARIANCE> 6
 4.894579e+03 1.917176e+03 4.601851e+02 3.798662e+01 2.709051e+01 6.526724e+00
<GCONST> 4.202571e+01
<STATE> 4
<MEAN> 6
 1.567367e+02 1.436005e+01 6.567665e+00 3.843342e+00 2.007494e+00 7.670859e-01
<VARIANCE> 6
 3.782288e+03 2.335073e+02 3.443045e+01 6.892545e+00 1.699732e+00 3.615177e-01
<GCONST> 2.970097e+01
<TRANSP> 5
 0.000000e+00 1.000000e+00 0.000000e+00 0.000000e+00 0.000000e+00
 0.000000e+00 7.414826e-01 2.585174e-01 0.000000e+00 0.000000e+00
 0.000000e+00 0.000000e+00 6.534862e-01 3.465138e-01 0.000000e+00
 0.000000e+00 0.000000e+00 0.000000e+00 8.398951e-01 1.601049e-01
 0.000000e+00 0.000000e+00 0.000000e+00 0.000000e+00 0.000000e+00
<ENDHMM>
