~o
<STREAMINFO> 1 6
<VECSIZE> 6<NULLD><MFCC><DIAGC>
~h "bg_board_4"
<BEGINHMM>
<NUMSTATES> 5
<STATE> 2
<MEAN> 6
 1.945907e+02 2.070803e+01 9.281719e+00 5.880954e+00 3.481945e+00 1.602580e+00
<VARIANCE> 6
 4.633159e+03 4.491158e+02 7.403883e+01 1.489386e+01 4.415069e+00 2.085019e+00
<GCONST> 3.480088e+01
<STATE> 3
<MEAN> 6
 2.705732e+02 5.351173e+01 1.732712e+01 1.367149e+01 5.507556e+00 3.013659e+00
<VARIANCE> 6
 7.474775e+03 3.351985e+03 2.242232e+02 8.910922e+01 1.182444e+01 4.767048e+00
<GCONST> 4.199826e+01
<STATE> 4
<MEAN> 6
 3.160121e+02 2.335750e+01 1.113706e+01 7.677007e+00 3.686349e+00 1.954429e+00
<VARIANCE> 6
 7.270650e+03 5.081624e+02 1.009450e+02 3.188555e+01 5.761480e+00 2.184586e+00
<GCONST> 3.675901e+01
<TRANSP> 5
 0.000000e+00 1.000000e+00 0.000000e+00 0.000000e+00 0.000000e+00
 0.000000e+00 8.405710e-01 1.594290e-01 0.000000e+00 0.000000e+00
 0.000000e+00 0.000000e+00 6.331938e-01 3.668062e-01 0.000000e+00
 0.000000e+00 0.000000e+00 0.000000e+00 7.500864e-01 2.499137e-01
 0.000000e+00 0.000000e+00 0.000000e+00 0.000000e+00 0.000000e+00
<ENDHMM>
