~o
<STREAMINFO> 1 6
<VECSIZE> 6<NULLD><MFCC><DIAGC>
~h "bg_board"
<BEGINHMM>
<NUMSTATES> 5
<STATE> 2
<MEAN> 6
 1.539110e+02 1.724377e+01 8.437569e+00 4.680785e+00 2.559175e+00 9.934011e-01
<VARIANCE> 6
 2.836691e+03 2.601214e+02 6.486260e+01 9.413512e+00 2.933506e+00 7.225729e-01
<GCONST> 3.170448e+01
<STATE> 3
<MEAN> 6
 2.373576e+02 4.302919e+01 1.432053e+01 1.174123e+01 4.869661e+00 2.611686e+00
<VARIANCE> 6
 6.267137e+03 2.193906e+03 2.095335e+02 5.393311e+01 1.269581e+01 4.316795e+00
<GCONST> 4.080019e+01
<STATE> 4
<MEAN> 6
 3.044156e+02 1.610286e+01 8.394601e+00 4.837426e+00 3.036461e+00 1.318434e+00
<VARIANCE> 6
 9.133407e+03 2.625664e+02 6.034497e+01 1.164050e+01 4.060163e+00 1.411871e+00
<GCONST> 3.401817e+01
<TRANSP> 5
 0.000000e+00 1.000000e+00 0.000000e+00 0.000000e+00 0.000000e+00
 0.000000e+00 9.671804e-01 3.281961e-02 0.000000e+00 0.000000e+00
 0.000000e+00 0.000000e+00 9.552330e-01 4.476695e-02 0.000000e+00
 0.000000e+00 0.000000e+00 0.000000e+00 9.418352e-01 5.816486e-02
 0.000000e+00 0.000000e+00 0.000000e+00 0.000000e+00 0.000000e+00
<ENDHMM>
