~o
<STREAMINFO> 1 6
<VECSIZE> 6<NULLD><MFCC><DIAGC>
~h "bg_board_0"
<BEGINHMM>
<NUMSTATES> 5
<STATE> 2
<MEAN> 6
 1.929078e+02 2.176328e+01 9.632698e+00 6.468575e+00 3.125092e+00 1.508250e+00
<VARIANCE> 6
 2.625323e+03 4.244256e+02 7.215855e+01 1.251720e+01 2.461857e+00 1.275307e+00
<GCONST> 3.290103e+01
<STATE> 3
<MEAN> 6
 2.018352e+02 4.339827e+01 1.441014e+01 1.001398e+01 4.786718e+00 1.979737e+00
<VARIANCE> 6
 3.952620e+03 1.732997e+03 2.341575e+02 3.429700e+01 1.137650e+01 3.375753e+00
<GCONST> 3.940622e+01
<STATE> 4
<MEAN> 6
 1.724249e+02 1.556898e+01 7.173418e+00 4.203174e+00 2.372850e+00 8.111717e-01
<VARIANCE> 6
 3.231232e+03 2.533022e+02 4.091664e+01 1.019987e+01 2.399708e+00 3.591030e-01
<GCONST> 3.052758e+01
<TRANSP> 5
 0.000000e+00 1.000000e+00 0.000000e+00 0.000000e+00 0.000000e+00
 0.000000e+00 7.295155e-01 2.704845e-01 0.000000e+00 0.000000e+00
 0.000000e+00 0.000000e+00 5.419573e-01 4.580428e-01 0.000000e+00
 0.000000e+00 0.000000e+00 0.000000e+00 8.365940e-01 1.634060e-01
 0.000000e+00 0.000000e+00 0.000000e+00 0.000000e+00 0.000000e+00
<ENDHMM>
