~o
<STREAMINFO> 1 6
<VECSIZE> 6<NULLD><MFCC><DIAGC>
~h "bg_board_3"
<BEGINHMM>
<NUMSTATES> 5
<STATE> 2
<MEAN> 6
 1.419554e+02 2.015409e+01 8.758468e+00 4.735232e+00 2.634103e+00 9.911328e-01
<VARIANCE> 6
 4.699952e+03 5.442966e+02 7.793789e+01 1.306643e+01 4.442486e+00 9.757066e-01
<GCONST> 3.417464e+01
<STATE> 3
<MEAN> 6
 2.188206e+02 5.151286e+01 1.407241e+01 1.321290e+01 5.077739e+00 2.529076e+00
<VARIANCE> 6
 4.935167e+03 3.431910e+03 1.591201e+02 8.392296e+01 1.117952e+01 4.733158e+00
<GCONST> 4.114051e+01
<STATE> 4
<MEAN> 6
 2.588683e+02 2.165720e+01 9.311311e+00 6.724354e+00 3.272380e+00 1.539165e+00
<VARIANCE> 6
 7.622580e+03 4.969041e+02 8.158191e+01 2.589886e+01 4.137710e+00 2.082308e+00
<GCONST> 3.598396e+01
<TRANSP> 5
 0.000000e+00 1.000000e+00 0.000000e+00 0.000000e+00 0.000000e+00
 0.000000e+00 8.013130e-01 1.986870e-01 0.000000e+00 0.000000e+00
 0.000000e+00 0.000000e+00 5.990843e-01 4.009157e-01 0.000000e+00
 0.000000e+00 0.000000e+00 0.000000e+00 7.764199e-01 2.235801e-01
 0.000000e+00 0.000000e+00 0.000000e+00 0.000000e+00 0.000000e+00
<ENDHMM>
