~o
<STREAMINFO> 1 6
<VECSIZE> 6<NULLD><MFCC><DIAGC>
~h "bg_board_5"
<BEGINHMM>
<NUMSTATES> 5
<STATE> 2
<MEAN> 6
 3.011687e+02 2.450061e+01 1.094674e+01 8.037539e+00 4.220379e+00 2.284318e+00
<VARIANCE> 6
 9.605998e+03 4.492616e+02 9.165454e+01 2.702978e+01 6.338862e+00 2.764135e+00
<GCONST> 3.698340e+01
<STATE> 3
<MEAN> 6
 2.904457e+02 5.551903e+01 1.782179e+01 1.241346e+01 5.663908e+00 3.141122e+00
<VARIANCE> 6
 8.452963e+03 3.246958e+03 3.303841e+02 6.544373e+01 1.817372e+01 7.685687e+00
<GCONST> 4.307579e+01
<STATE> 4
<MEAN> 6
 3.249317e+02 1.577413e+01 6.854479e+00 4.927786e+00 3.087270e+00 1.513980e+00
<VARIANCE> 6
 1.331270e+04 3.775535e+02 3.536680e+01 1.401321e+01 4.414508e+00 2.034839e+00
<GCONST> 3.485854e+01
<TRANSP> 5
 0.000000e+00 1.000000e+00 0.000000e+00 0.000000e+00 0.000000e+00
 0.000000e+00 7.601851e-01 2.398149e-01 0.000000e+00 0.000000e+00
 0.000000e+00 0.000000e+00 5.370087e-01 4.629913e-01 0.000000e+00
 0.000000e+00 0.000000e+00 0.000000e+00 8.236409e-01 1.763591e-01
 0.000000e+00 0.000000e+00 0.000000e+00 0.000000e+00 0.000000e+00
<ENDHMM>
