~o
<STREAMINFO> 1 6
<VECSIZE> 6<NULLD><MFCC><DIAGC>
~h "bg_dark_0_5"
<BEGINHMM>
<NUMSTATES> 5
<STATE> 2
<MEAN> 6
 1.128960e+02 1.105115e+01 8.719428e+00 2.028685e+00 1.916089e+00 5.180648e-01
<VARIANCE> 6
 5.547798e+03 1.799042e+02 8.471214e+01 1.617504e+00 2.151022e+00 1.685617e-01
<GCONST> 2.874648e+01
<STATE> 3
<MEAN> 6
 8.508596e+01 1.219645e+01 1.495999e+01 3.240469e+00 3.552820e+00 1.478420e+00
<VARIANCE> 6
 2.105906e+03 1.219197e+02 1.456002e+02 1.186860e+01 8.820481e+00 3.447609e+00
<GCONST> 3.435265e+01
<STATE> 4
<MEAN> 6
 5.950148e+01 6.581448e+00 3.915985e+00 1.497500e+00 1.190897e+00 3.531417e-01
<VARIANCE> 6
 7.834153e+02 5.814816e+01 1.207948e+01 1.079358e+00 7.329825e-01 4.154140e-02
<GCONST> 2.083010e+01
<TRANSP> 5
 0.000000e+00 1.000000e+00 0.000000e+00 0.000000e+00 0.000000e+00
 0.000000e+00 7.981437e-01 2.018562e-01 0.000000e+00 0.000000e+00
 0.000000e+00 0.000000e+00 3.067093e-01 6.932907e-01 0.000000e+00
 0.000000e+00 0.000000e+00 0.000000e+00 8.215428e-01 1.784572e-01
 0.000000e+00 0.000000e+00 0.000000e+00 0.000000e+00 0.000000e+00
<ENDHMM>
