~o
<STREAMINFO> 1 6
<VECSIZE> 6<NULLD><MFCC><DIAGC>
~h "bg_dark_0_2"
<BEGINHMM>
<NUMSTATES> 5
<STATE> 2
<MEAN> 6
 1.876839e+02 9.749934e+00 9.575465e+00 2.827574e+00 3.076272e+00 1.261370e+00
<VARIANCE> 6
 6.761148e+03 7.758028e+01 1.382015e+02 3.311953e+00 5.953915e+00 1.863557e+00
<GCONST> 3.273031e+01
<STATE> 3
<MEAN> 6
 1.474856e+02 2.529901e+01 1.528398e+01 5.373456e+00 4.125883e+00 2.477583e+00
<VARIANCE> 6
 3.585926e+03 3.934944e+02 2.351851e+02 1.318434e+01 8.687835e+00 4.260952e+00
<GCONST> 3.683792e+01
<STATE> 4
<MEAN> 6
 1.053998e+02 1.026669e+01 7.440618e+00 2.187883e+00 1.696826e+00 5.904429e-01
<VARIANCE> 6
 4.849082e+03 1.206396e+02 5.973702e+01 2.749833e+00 2.013886e+00 4.859303e-01
<GCONST> 2.938648e+01
<TRANSP> 5
 0.000000e+00 1.000000e+00 0.000000e+00 0.000000e+00 0.000000e+00
 0.000000e+00 7.103124e-01 2.896876e-01 0.000000e+00 0.000000e+00
 0.000000e+00 0.000000e+00 6.860076e-01 3.139924e-01 0.000000e+00
 0.000000e+00 0.000000e+00 0.000000e+00 8.428468e-01 1.571532e-01
 0.000000e+00 0.000000e+00 0.000000e+00 0.000000e+00 0.000000e+00
<ENDHMM>
