~o
<STREAMINFO> 1 6
<VECSIZE> 6<NULLD><MFCC><DIAGC>
~h "bg_dark_0_0"
<BEGINHMM>
<NUMSTATES> 5
<STATE> 2
<MEAN> 6
 1.338059e+02 1.564859e+01 8.930707e+00 3.932171e+00 2.889904e+00 1.388788e+00
<VARIANCE> 6
 3.859957e+03 8.740636e+02 6.243397e+01 1.579117e+01 3.516379e+00 2.233179e+00
<GCONST> 3.501324e+01
<STATE> 3
<MEAN> 6
 1.698529e+02 3.603671e+01 1.604593e+01 1.066550e+01 3.749526e+00 1.799636e+00
<VARIANCE> 6
 5.647214e+03 4.316433e+03 1.416768e+02 2.818058e+02 5.453344e+00 1.368564e+00
<GCONST> 4.064112e+01
<STATE> 4
<MEAN> 6
 1.551330e+02 1.065335e+01 1.140540e+01 2.310110e+00 2.499237e+00 7.788882e-01
<VARIANCE> 6
 5.528682e+03 1.487721e+02 1.142148e+02 2.198621e+00 2.071686e+00 2.867955e-01
<GCONST> 2.965267e+01
<TRANSP> 5
 0.000000e+00 1.000000e+00 0.000000e+00 0.000000e+00 0.000000e+00
 0.000000e+00 7.623479e-01 2.376521e-01 0.000000e+00 0.000000e+00
 0.000000e+00 0.000000e+00 3.166324e-01 6.833676e-01 0.000000e+00
 0.000000e+00 0.000000e+00 0.000000e+00 8.419929e-01 1.580072e-01
 0.000000e+00 0.000000e+00 0.000000e+00 0.000000e+00 0.000000e+00
<ENDHMM>
