~o
<STREAMINFO> 1 6
<VECSIZE> 6<NULLD><MFCC><DIAGC>
~h "bg_dark_0_4"
<BEGINHMM>
<NUMSTATES> 5
<STATE> 2
<MEAN> 6
 1.255844e+02 1.345857e+01 1.191315e+01 2.999181e+00 3.189936e+00 1.280726e+00
<VARIANCE> 6
 8.146147e+03 1.748017e+02 1.221168e+02 3.486145e+00 5.233138e+00 1.104784e+00
<GCONST> 3.300465e+01
<STATE> 3
<MEAN> 6
 1.214670e+02 1.794649e+01 2.081032e+01 4.207338e+00 4.171005e+00 2.474164e+00
<VARIANCE> 6
 2.389189e+03 1.450002e+02 2.534613e+02 7.823590e+00 7.136973e+00 6.088799e+00
<GCONST> 3.514680e+01
<STATE> 4
<MEAN> 6
 6.250313e+01 6.190470e+00 6.610404e+00 1.271698e+00 1.527704e+00 4.162947e-01
<VARIANCE> 6
 6.992783e+02 6.496124e+01 5.400949e+01 8.206581e-01 1.848953e+00 8.562969e-02
<GCONST> 2.369951e+01
<TRANSP> 5
 0.000000e+00 1.000000e+00 0.000000e+00 0.000000e+00 0.000000e+00
 0.000000e+00 7.844006e-01 2.155993e-01 0.000000e+00 0.000000e+00
 0.000000e+00 0.000000e+00 5.726525e-01 4.273475e-01 0.000000e+00
 0.000000e+00 0.000000e+00 0.000000e+00 8.339354e-01 1.660646e-01
 0.000000e+00 0.000000e+00 0.000000e+00 0.000000e+00 0.000000e+00
<ENDHMM>
