~o
<STREAMINFO> 1 6
<VECSIZE> 6<NULLD><MFCC><DIAGC>
~h "bg_dark_0_3"
<BEGINHMM>
<NUMSTATES> 5
<STATE> 2
<MEAN> 6
 9.128204e+01 9.163898e+00 8.274958e+00 2.541600e+00 2.312544e+00 8.750461e-01
<VARIANCE> 6
 2.652469e+03 8.758284e+01 5.079089e+01 3.281638e+00 2.237558e+00 8.132288e-01
<GCONST> 2.909780e+01
<STATE> 3
<MEAN> 6
 1.832665e+02 2.066432e+01 1.465777e+01 6.079555e+00 5.353560e+00 2.585574e+00
<VARIANCE> 6
 1.147439e+04 4.162491e+02 1.762063e+02 1.716784e+01 1.390466e+01 5.705134e+00
<GCONST> 3.879470e+01
<STATE> 4
<MEAN> 6
 1.544738e+02 1.434903e+01 1.281207e+01 2.890637e+00 3.347533e+00 1.336967e+00
<VARIANCE> 6
 7.190611e+03 1.784346e+02 9.774599e+01 3.424637e+00 5.419816e+00 1.036102e+00
<GCONST> 3.263091e+01
<TRANSP> 5
 0.000000e+00 1.000000e+00 0.000000e+00 0.000000e+00 0.000000e+00
 0.000000e+00 8.415546e-01 1.584454e-01 0.000000e+00 0.000000e+00
 0.000000e+00 0.000000e+00 6.046720e-01 3.953281e-01 0.000000e+00
 0.000000e+00 0.000000e+00 0.000000e+00 6.834574e-01 3.165426e-01
 0.000000e+00 0.000000e+00 0.000000e+00 0.000000e+00 0.000000e+00
<ENDHMM>
