~o
<STREAMINFO> 1 6
<VECSIZE> 6<NULLD><MFCC><DIAGC>
~h "bg_dark_0_1"
<BEGINHMM>
<NUMSTATES> 5
<STATE> 2
<MEAN> 6
 1.346631e+02 2.074943e+01 8.132609e+00 3.728151e+00 2.340474e+00 9.137485e-01
<VARIANCE> 6
 6.464587e+03 5.241438e+02 7.058588e+01 8.764140e+00 3.402529e+00 6.023116e-01
<GCONST> 3.320816e+01
<STATE> 3
<MEAN> 6
 1.580047e+02 1.459014e+01 1.991069e+01 2.816280e+00 3.958122e+00 1.383045e+00
<VARIANCE> 6
 6.789217e+03 1.250057e+02 5.722284e+02 3.129680e+00 1.168818e+01 2.813607e+00
<GCONST> 3.566223e+01
<STATE> 4
<MEAN> 6
 1.644507e+02 8.158838e+00 9.552095e+00 1.962167e+00 2.015612e+00 7.146962e-01
<VARIANCE> 6
 8.510732e+03 6.759245e+01 1.201752e+02 2.148528e+00 2.827645e+00 5.465878e-01
<GCONST> 3.027896e+01
<TRANSP> 5
 0.000000e+00 1.000000e+00 0.000000e+00 0.000000e+00 0.000000e+00
 0.000000e+00 7.476209e-01 2.523791e-01 0.000000e+00 0.000000e+00
 0.000000e+00 0.000000e+00 1.547815e-03 9.984522e-01 0.000000e+00
 0.000000e+00 0.000000e+00 0.000000e+00 8.755624e-01 1.244376e-01
 0.000000e+00 0.000000e+00 0.000000e+00 0.000000e+00 0.000000e+00
<ENDHMM>
