~o
<STREAMINFO> 1 6
<VECSIZE> 6<NULLD><MFCC><DIAGC>
~h "bg_dark_0"
<BEGINHMM>
<NUMSTATES> 5
<STATE> 2
<MEAN> 6
 1.519036e+02 1.204210e+01 1.131154e+01 2.996239e+00 2.940715e+00 1.218023e+00
<VARIANCE> 6
 7.172174e+03 2.103449e+02 1.378669e+02 5.875366e+00 5.408679e+00 1.606439e+00
<GCONST> 3.411306e+01
<STATE> 3
<MEAN> 6
 1.130066e+02 3.285542e+01 1.303550e+01 7.622417e+00 3.620615e+00 2.341682e+00
<VARIANCE> 6
 3.830996e+03 1.805785e+03 1.188678e+02 1.041203e+02 6.813695e+00 5.956836e+00
<GCONST> 3.990392e+01
<STATE> 4
<MEAN> 6
 7.895284e+01 9.104412e+00 7.070866e+00 1.744009e+00 1.599597e+00 4.312137e-01
<VARIANCE> 6
 2.161005e+03 1.193477e+02 6.673935e+01 1.671360e+00 1.617767e+00 9.832640e-02
<GCONST> 2.636365e+01
<TRANSP> 5
 0.000000e+00 1.000000e+00 0.000000e+00 0.000000e+00 0.000000e+00
 0.000000e+00 9.764206e-01 2.357941e-02 0.000000e+00 0.000000e+00
 0.000000e+00 0.000000e+00 7.933922e-01 2.066078e-01 0.000000e+00
 0.000000e+00 0.000000e+00 0.000000e+00 9.560440e-01 4.395599e-02
 0.000000e+00 0.000000e+00 0.000000e+00 0.000000e+00 0.000000e+00
<ENDHMM>
