~o
<STREAMINFO> 1 6
<VECSIZE> 6<NULLD><MFCC><DIAGC>
~h "bg_red_0_3"
<BEGINHMM>
<NUMSTATES> 5
<STATE> 2
<MEAN> 6
 3.909166e+02 2.399170e+01 2.848621e+00 6.968449e+00 2.165003e+00 2.103079e+00
<VARIANCE> 6
 1.796232e+04 3.916079e+03 6.416530e+00 1.258590e+02 4.044087e+00 6.593122e+00
<GCONST> 3.907346e+01
<STATE> 3
<MEAN> 6
 5.130667e+02 8.769491e+01 4.701398e+00 2.793132e+01 1.277175e+00 1.319677e+00
<VARIANCE> 6
 3.233738e+04 1.035356e+04 1.372423e+01 8.144775e+02 5.250197e-01 9.855800e-01
<GCONST> 3.931919e+01
<STATE> 4
<MEAN> 6
 3.773515e+02 5.515812e+00 2.115540e+00 2.693397e+00 1.839120e+00 1.067884e+00
<VARIANCE> 6
 1.880292e+04 5.244059e+01 4.173622e+00 6.979155e+00 1.294597e+00 1.707359e+00
<GCONST> 2.899357e+01
<TRANSP> 5
 0.000000e+00 1.000000e+00 0.000000e+00 0.000000e+00 0.000000e+00
 0.000000e+00 6.192325e-08 9.999999e-01 0.000000e+00 0.000000e+00
 0.000000e+00 0.000000e+00 4.313795e-01 5.686205e-01 0.000000e+00
 0.000000e+00 0.000000e+00 0.000000e+00 8.917908e-01 1.082092e-01
 0.000000e+00 0.000000e+00 0.000000e+00 0.000000e+00 0.000000e+00
<ENDHMM>
