~o
<STREAMINFO> 1 6
<VECSIZE> 6<NULLD><MFCC><DIAGC>
~h "bg_red_0"
<BEGINHMM>
<NUMSTATES> 5
<STATE> 2
<MEAN> 6
 3.452048e+02 1.143060e+01 2.703645e+00 6.059770e+00 2.643469e+00 3.804345e+00
<VARIANCE> 6
 1.485596e+03 4.740547e+02 6.794193e+00 4.930151e+01 2.742258e+00 1.058867e+01
<GCONST> 3.367475e+01
<STATE> 3
<MEAN> 6
 6.202939e+02 1.069593e+02 6.273624e+00 3.398392e+01 4.203920e+00 3.817563e+00
<VARIANCE> 6
 3.122933e+04 6.904333e+03 6.678772e+01 5.736118e+02 7.448273e+01 3.658439e+01
<GCONST> 4.867994e+01
<STATE> 4
<MEAN> 6
 3.980294e+02 2.916765e+00 1.815189e+00 1.363844e+00 9.248159e-01 3.744979e-01
<VARIANCE> 6
 2.520177e+04 4.482548e+01 3.259942e+00 1.515112e+01 5.586117e-01 1.338205e-01
<GCONST> 2.627094e+01
<TRANSP> 5
 0.000000e+00 1.000000e+00 0.000000e+00 0.000000e+00 0.000000e+00
 0.000000e+00 9.647170e-01 3.528296e-02 0.000000e+00 0.000000e+00
 0.000000e+00 0.000000e+00 8.752017e-01 1.247983e-01 0.000000e+00
 0.000000e+00 0.000000e+00 0.000000e+00 9.702777e-01 2.972231e-02
 0.000000e+00 0.000000e+00 0.000000e+00 0.000000e+00 0.000000e+00
<ENDHMM>
