~o
<STREAMINFO> 1 6
<VECSIZE> 6<NULLD><MFCC><DIAGC>
~h "bg_red_0_1"
<BEGINHMM>
<NUMSTATES> 5
<STATE> 2
<MEAN> 6
 3.540877e+02 4.451139e+00 3.038535e+00 4.449535e+00 3.486949e+00 6.060385e+00
<VARIANCE> 6
 3.880344e+03 2.770145e+01 4.282106e+00 9.614642e+00 3.998697e+00 1.091137e+01
<GCONST> 3.010593e+01
<STATE> 3
<MEAN> 6
 5.112120e+02 3.473642e+01 6.612531e+00 1.410478e+01 9.617640e+00 8.689669e+00
<VARIANCE> 6
 5.073921e+04 1.160982e+03 9.174515e+01 1.328508e+02 1.835858e+02 7.728770e+01
<GCONST> 4.788720e+01
<STATE> 4
<MEAN> 6
 3.511074e+02 3.896097e+00 2.327728e+00 2.040866e+00 1.456990e+00 7.274985e-01
<VARIANCE> 6
 3.156087e+03 1.813889e+01 2.200328e+00 7.597407e+00 1.021385e+00 9.231313e-01
<GCONST> 2.474000e+01
<TRANSP> 5
 0.000000e+00 1.000000e+00 0.000000e+00 0.000000e+00 0.000000e+00
 0.000000e+00 7.691484e-01 2.308516e-01 0.000000e+00 0.000000e+00
 0.000000e+00 0.000000e+00 5.876259e-01 4.123740e-01 0.000000e+00
 0.000000e+00 0.000000e+00 0.000000e+00 8.398265e-01 1.601735e-01
 0.000000e+00 0.000000e+00 0.000000e+00 0.000000e+00 0.000000e+00
<ENDHMM>
