~o
<STREAMINFO> 1 6
<VECSIZE> 6<NULLD><MFCC><DIAGC>
~h "bg_red_0_5"
<BEGINHMM>
<NUMSTATES> 5
<STATE> 2
<MEAN> 6
 4.080889e+02 6.171687e+01 1.927566e+00 1.400483e+01 7.439474e-01 1.212606e+00
<VARIANCE> 6
 1.747276e+04 6.867903e+03 2.566235e+00 2.860706e+02 2.953474e-01 3.834712e+00
<GCONST> 3.635344e+01
<STATE> 3
<MEAN> 6
 5.159085e+02 9.618594e+01 7.668511e+00 3.114747e+01 3.131586e+00 2.951331e+00
<VARIANCE> 6
 3.389117e+04 9.288852e+03 1.472928e+02 9.255369e+02 2.601678e+01 1.623248e+01
<GCONST> 4.846330e+01
<STATE> 4
<MEAN> 6
 4.180280e+02 3.816248e+00 1.630938e+00 1.932899e+00 7.295893e-01 7.482743e-01
<VARIANCE> 6
 3.609634e+04 1.686169e+02 4.499169e+00 6.180943e+01 4.660600e-01 2.164916e+00
<GCONST> 3.228573e+01
<TRANSP> 5
 0.000000e+00 1.000000e+00 0.000000e+00 0.000000e+00 0.000000e+00
 0.000000e+00 5.660309e-01 4.339691e-01 0.000000e+00 0.000000e+00
 0.000000e+00 0.000000e+00 4.601141e-01 5.398859e-01 0.000000e+00
 0.000000e+00 0.000000e+00 0.000000e+00 8.725050e-01 1.274950e-01
 0.000000e+00 0.000000e+00 0.000000e+00 0.000000e+00 0.000000e+00
<ENDHMM>
