~o
<STREAMINFO> 1 6
<VECSIZE> 6<NULLD><MFCC><DIAGC>
~h "bg_red_0_4"
<BEGINHMM>
<NUMSTATES> 5
<STATE> 2
<MEAN> 6
 5.100269e+02 1.090256e+01 1.618923e+00 3.692284e+00 1.349545e+00 1.272412e+00
<VARIANCE> 6
 5.488686e+04 2.852736e+02 1.350082e+00 1.445500e+01 1.022216e+00 3.819808e+00
<GCONST> 3.192712e+01
<STATE> 3
<MEAN> 6
 4.024542e+02 6.803767e+01 3.990226e+00 2.335627e+01 1.158150e+00 1.434057e+00
<VARIANCE> 6
 1.398481e+04 5.914226e+03 8.967105e+00 5.563004e+02 5.995829e-01 4.328870e+00
<GCONST> 3.872676e+01
<STATE> 4
<MEAN> 6
 3.359572e+02 7.386991e+00 1.445698e+00 2.363735e+00 7.197629e-01 7.049847e-01
<VARIANCE> 6
 7.175271e+03 1.152786e+03 1.652161e+00 5.885846e+01 4.351783e-01 2.266425e+00
<GCONST> 3.151902e+01
<TRANSP> 5
 0.000000e+00 1.000000e+00 0.000000e+00 0.000000e+00 0.000000e+00
 0.000000e+00 7.861655e-01 2.138345e-01 0.000000e+00 0.000000e+00
 0.000000e+00 0.000000e+00 6.172227e-01 3.827774e-01 0.000000e+00
 0.000000e+00 0.000000e+00 0.000000e+00 8.248993e-01 1.751007e-01
 0.000000e+00 0.000000e+00 0.000000e+00 0.000000e+00 0.000000e+00
<ENDHMM>
