~o
<STREAMINFO> 1 6
<VECSIZE> 6<NULLD><MFCC><DIAGC>
~h "bg_red_0_0"
<BEGINHMM>
<NUMSTATES> 5
<STATE> 2
<MEAN> 6
 5.822735e+02 2.629480e+01 3.159542e+00 1.071960e+01 2.288197e+00 3.123924e+00
<VARIANCE> 6
 4.662680e+04 7.814739e+02 3.756176e+01 1.175202e+02 2.365529e+00 6.882623e+00
<GCONST> 3.962098e+01
<STATE> 3
<MEAN> 6
 4.112131e+02 4.542010e+01 3.125663e+00 1.686099e+01 2.193115e+00 2.914234e+00
<VARIANCE> 6
 8.041688e+03 2.438471e+03 5.812078e+00 1.586115e+02 1.876514e+00 1.082439e+01
<GCONST> 3.765639e+01
<STATE> 4
<MEAN> 6
 3.608329e+02 3.878206e+00 2.826757e+00 3.193791e+00 2.215523e+00 3.146447e+00
<VARIANCE> 6
 2.149028e+03 1.732885e+01 5.642226e+00 9.249552e+00 3.572535e+00 1.299917e+01
<GCONST> 2.934542e+01
<TRANSP> 5
 0.000000e+00 1.000000e+00 0.000000e+00 0.000000e+00 0.000000e+00
 0.000000e+00 4.290884e-01 5.709116e-01 0.000000e+00 0.000000e+00
 0.000000e+00 0.000000e+00 6.002573e-01 3.997426e-01 0.000000e+00
 0.000000e+00 0.000000e+00 0.000000e+00 8.709146e-01 1.290855e-01
 0.000000e+00 0.000000e+00 0.000000e+00 0.000000e+00 0.000000e+00
<ENDHMM>
