~o
<STREAMINFO> 1 6
<VECSIZE> 6<NULLD><MFCC><DIAGC>
~h "bg_red_0_2"
<BEGINHMM>
<NUMSTATES> 5
<STATE> 2
<MEAN> 6
 3.431990e+02 3.572889e+00 2.255162e+00 2.703568e+00 1.806815e+00 2.123973e+00
<VARIANCE> 6
 2.188104e+03 1.115171e+01 3.520391e+00 5.539583e+00 1.376697e+00 6.705939e+00
<GCONST> 2.632282e+01
<STATE> 3
<MEAN> 6
 4.083207e+02 6.630587e+01 3.935760e+00 2.783504e+01 2.539127e+00 3.320895e+00
<VARIANCE> 6
 1.143029e+04 5.830701e+03 8.364522e+00 7.821523e+02 2.581279e+00 1.023081e+01
<GCONST> 4.110191e+01
<STATE> 4
<MEAN> 6
 5.754421e+02 1.895861e+01 2.909926e+00 7.401596e+00 2.510295e+00 2.022580e+00
<VARIANCE> 6
 5.174508e+04 2.211616e+03 5.978952e+00 8.252441e+01 2.865289e+00 4.654824e+00
<GCONST> 3.837474e+01
<TRANSP> 5
 0.000000e+00 1.000000e+00 0.000000e+00 0.000000e+00 0.000000e+00
 0.000000e+00 8.925847e-01 1.074153e-01 0.000000e+00 0.000000e+00
 0.000000e+00 0.000000e+00 4.566247e-01 5.433753e-01 0.000000e+00
 0.000000e+00 0.000000e+00 0.000000e+00 4.594562e-01 5.405438e-01
 0.000000e+00 0.000000e+00 0.000000e+00 0.000000e+00 0.000000e+00
<ENDHMM>
