~o
<STREAMINFO> 1 6
<VECSIZE> 6<NULLD><MFCC><DIAGC>
~h "bg_white_0_2"
<BEGINHMM>
<NUMSTATES> 5
<STATE> 2
<MEAN> 6
 7.186501e+02 2.234698e+01 1.106415e+01 9.661788e+00 1.035457e+01 7.809739e+00
<VARIANCE> 6
 2.088754e+04 8.043765e+02 2.389624e+02 8.347649e+01 1.523087e+02 7.542985e+01
<GCONST> 4.691422e+01
<STATE> 3
<MEAN> 6
 6.905612e+02 5.401232e+01 2.610264e+01 2.039028e+01 2.327502e+01 1.736774e+01
<VARIANCE> 6
 5.370125e+03 1.840133e+03 6.366046e+02 1.732345e+02 2.816441e+02 1.665760e+02
<GCONST> 4.950035e+01
<STATE> 4
<MEAN> 6
 7.719453e+02 1.056917e+01 5.803600e+00 5.225063e+00 5.368980e+00 4.294920e+00
<VARIANCE> 6
 2.844711e+03 4.210778e+02 1.188082e+02 5.227116e+01 7.356947e+01 3.993122e+01
<GCONST> 4.174264e+01
<TRANSP> 5
 0.000000e+00 1.000000e+00 0.000000e+00 0.000000e+00 0.000000e+00
 0.000000e+00 6.246500e-01 3.753500e-01 0.000000e+00 0.000000e+00
 0.000000e+00 0.000000e+00 7.698145e-01 2.301856e-01 0.000000e+00
 0.000000e+00 0.000000e+00 0.000000e+00 8.330967e-01 1.669033e-01
 0.000000e+00 0.000000e+00 0.000000e+00 0.000000e+00 0.000000e+00
<ENDHMM>
