~o
<STREAMINFO> 1 6
<VECSIZE> 6<NULLD><MFCC><DIAGC>
~h "bg_white_0"
<BEGINHMM>
<NUMSTATES> 5
<STATE> 2
<MEAN> 6
 7.564805e+02 2.254068e+00 5.230047e+00 1.302404e+00 1.739410e+00 1.104760e+00
<VARIANCE> 6
 5.537313e+03 1.716781e+01 4.891036e+02 3.646499e+00 1.740056e+01 3.054069e+00
<GCONST> 3.394888e+01
<STATE> 3
<MEAN> 6
 7.154686e+02 4.359026e+01 1.985563e+01 1.677606e+01 1.883019e+01 1.363767e+01
<VARIANCE> 6
 5.947547e+03 1.799161e+03 4.853881e+02 1.519444e+02 2.488572e+02 1.331893e+02
<GCONST> 4.883018e+01
<STATE> 4
<MEAN> 6
 7.290851e+02 3.679104e+00 5.615855e+00 1.895794e+00 2.367675e+00 1.448297e+00
<VARIANCE> 6
 2.537860e+04 6.345395e+01 5.979029e+02 1.318903e+01 3.237814e+01 9.145344e+00
<GCONST> 3.998278e+01
<TRANSP> 5
 0.000000e+00 1.000000e+00 0.000000e+00 0.000000e+00 0.000000e+00
 0.000000e+00 9.400677e-01 5.993231e-02 0.000000e+00 0.000000e+00
 0.000000e+00 0.000000e+00 9.706492e-01 2.935085e-02 0.000000e+00
 0.000000e+00 0.000000e+00 0.000000e+00 9.480356e-01 5.196441e-02
 0.000000e+00 0.000000e+00 0.000000e+00 0.000000e+00 0.000000e+00
<ENDHMM>
