~o
<STREAMINFO> 1 6
<VECSIZE> 6<NULLD><MFCC><DIAGC>
~h "bg_white_0_1"
<BEGINHMM>
<NUMSTATES> 5
<STATE> 2
<MEAN> 6
 7.447143e+02 3.888708e+01 1.525412e+01 1.306387e+01 1.398182e+01 9.425259e+00
<VARIANCE> 6
 2.776219e+03 1.198176e+03 3.007796e+02 9.492236e+01 1.507402e+02 5.788834e+01
<GCONST> 4.537817e+01
<STATE> 3
<MEAN> 6
 6.744445e+02 5.776319e+01 2.415891e+01 2.145500e+01 2.485524e+01 1.771124e+01
<VARIANCE> 6
 9.748347e+03 2.680983e+03 5.754763e+02 2.120591e+02 3.128541e+02 1.844516e+02
<GCONST> 5.078124e+01
<STATE> 4
<MEAN> 6
 7.701505e+02 9.222467e+00 4.380950e+00 4.368105e+00 4.425238e+00 3.723243e+00
<VARIANCE> 6
 3.159748e+03 3.810612e+02 9.687523e+01 4.817697e+01 7.625523e+01 4.053046e+01
<GCONST> 4.151292e+01
<TRANSP> 5
 0.000000e+00 1.000000e+00 0.000000e+00 0.000000e+00 0.000000e+00
 0.000000e+00 7.413404e-01 2.586596e-01 0.000000e+00 0.000000e+00
 0.000000e+00 0.000000e+00 7.088196e-01 2.911804e-01 0.000000e+00
 0.000000e+00 0.000000e+00 0.000000e+00 8.245496e-01 1.754504e-01
 0.000000e+00 0.000000e+00 0.000000e+00 0.000000e+00 0.000000e+00
<ENDHMM>
