~o
<STREAMINFO> 1 6
<VECSIZE> 6<NULLD><MFCC><DIAGC>
~h "bg_white_0_0"
<BEGINHMM>
<NUMSTATES> 5
<STATE> 2
<MEAN> 6
 7.426695e+02 2.051342e+00 1.036604e+01 1.169437e+00 2.441686e+00 8.600180e-01
<VARIANCE> 6
 9.651639e+03 2.624022e+01 1.116401e+03 3.994398e+00 3.494248e+01 1.957756e+00
<GCONST> 3.609770e+01
<STATE> 3
<MEAN> 6
 6.951884e+02 4.776931e+01 2.489311e+01 1.752098e+01 2.193236e+01 1.535650e+01
<VARIANCE> 6
 6.549017e+03 1.965759e+03 7.087695e+02 1.522550e+02 2.753256e+02 1.622205e+02
<GCONST> 4.969396e+01
<STATE> 4
<MEAN> 6
 7.493703e+02 2.342192e+01 9.915739e+00 1.021056e+01 1.071402e+01 7.760280e+00
<VARIANCE> 6
 3.263751e+03 1.016022e+03 1.930976e+02 1.228289e+02 1.632276e+02 7.308161e+01
<GCONST> 4.550225e+01
<TRANSP> 5
 0.000000e+00 1.000000e+00 0.000000e+00 0.000000e+00 0.000000e+00
 0.000000e+00 8.589874e-01 1.410126e-01 0.000000e+00 0.000000e+00
 0.000000e+00 0.000000e+00 5.986603e-01 4.013397e-01 0.000000e+00
 0.000000e+00 0.000000e+00 0.000000e+00 5.862264e-01 4.137736e-01
 0.000000e+00 0.000000e+00 0.000000e+00 0.000000e+00 0.000000e+00
<ENDHMM>
