~o
<STREAMINFO> 1 6
<VECSIZE> 6<NULLD><MFCC><DIAGC>
~h "bg_white_0_3"
<BEGINHMM>
<NUMSTATES> 5
<STATE> 2
<MEAN> 6
 7.291378e+02 2.980524e+01 1.282163e+01 1.129480e+01 1.275759e+01 8.985522e+00
<VARIANCE> 6
 1.247091e+04 1.041260e+03 2.317059e+02 8.869966e+01 1.475369e+02 6.505148e+01
<GCONST> 4.650659e+01
<STATE> 3
<MEAN> 6
 6.790743e+02 5.289846e+01 2.522073e+01 2.151682e+01 2.447044e+01 1.811673e+01
<VARIANCE> 6
 8.137691e+03 2.579293e+03 5.949903e+02 1.949637e+02 3.089032e+02 1.943758e+02
<GCONST> 5.055098e+01
<STATE> 4
<MEAN> 6
 7.683412e+02 7.996433e+00 4.993997e+00 4.146254e+00 3.851345e+00 3.181911e+00
<VARIANCE> 6
 2.955472e+03 2.950818e+02 1.543278e+02 4.695328e+01 5.336759e+01 3.079422e+01
<GCONST> 4.099869e+01
<TRANSP> 5
 0.000000e+00 1.000000e+00 0.000000e+00 0.000000e+00 0.000000e+00
 0.000000e+00 7.101736e-01 2.898264e-01 0.000000e+00 0.000000e+00
 0.000000e+00 0.000000e+00 6.718741e-01 3.281260e-01 0.000000e+00
 0.000000e+00 0.000000e+00 0.000000e+00 8.182495e-01 1.817505e-01
 0.000000e+00 0.000000e+00 0.000000e+00 0.000000e+00 0.000000e+00
<ENDHMM>
