~o
<STREAMINFO> 1 6
<VECSIZE> 6<NULLD><MFCC><DIAGC>
~h "bg_white_0_4"
<BEGINHMM>
<NUMSTATES> 5
<STATE> 2
<MEAN> 6
 6.936010e+02 1.891140e+01 1.138524e+01 8.485505e+00 8.172709e+00 5.780866e+00
<VARIANCE> 6
 3.396648e+04 6.922150e+02 3.326956e+02 1.013943e+02 1.138711e+02 5.708684e+01
<GCONST> 4.720617e+01
<STATE> 3
<MEAN> 6
 6.996994e+02 5.028182e+01 2.159693e+01 1.794635e+01 2.010230e+01 1.470811e+01
<VARIANCE> 6
 7.018681e+03 1.791996e+03 4.462479e+02 1.456218e+02 2.570172e+02 1.424697e+02
<GCONST> 4.896484e+01
<STATE> 4
<MEAN> 6
 7.624966e+02 5.505244e+00 3.038692e+00 2.382221e+00 2.652190e+00 1.974760e+00
<VARIANCE> 6
 5.198176e+03 2.540112e+02 5.706915e+01 2.303706e+01 4.780759e+01 1.883209e+01
<GCONST> 3.910482e+01
<TRANSP> 5
 0.000000e+00 1.000000e+00 0.000000e+00 0.000000e+00 0.000000e+00
 0.000000e+00 5.577703e-01 4.422297e-01 0.000000e+00 0.000000e+00
 0.000000e+00 0.000000e+00 7.565162e-01 2.434838e-01 0.000000e+00
 0.000000e+00 0.000000e+00 0.000000e+00 8.492086e-01 1.507914e-01
 0.000000e+00 0.000000e+00 0.000000e+00 0.000000e+00 0.000000e+00
<ENDHMM>
