~o
<STREAMINFO> 1 6
<VECSIZE> 6<NULLD><MFCC><DIAGC>
~h "bg_white_0_5"
<BEGINHMM>
<NUMSTATES> 5
<STATE> 2
<MEAN> 6
 7.639072e+02 1.194689e+01 5.696445e+00 4.628549e+00 5.330498e+00 3.596743e+00
<VARIANCE> 6
 6.917678e+03 6.259006e+02 1.260485e+02 5.264067e+01 9.241634e+01 3.691682e+01
<GCONST> 4.324342e+01
<STATE> 3
<MEAN> 6
 6.553771e+02 4.396861e+01 3.927130e+01 1.812201e+01 2.371817e+01 1.480071e+01
<VARIANCE> 6
 1.597710e+04 2.591242e+03 3.256386e+03 2.274542e+02 3.261045e+02 1.636487e+02
<GCONST> 5.296633e+01
<STATE> 4
<MEAN> 6
 6.838710e+02 3.340507e+00 4.359567e+00 1.439783e+00 2.077758e+00 1.167876e+00
<VARIANCE> 6
 3.692143e+04 1.205198e+02 4.085421e+02 1.580512e+01 3.466768e+01 1.180135e+01
<GCONST> 4.112257e+01
<TRANSP> 5
 0.000000e+00 1.000000e+00 0.000000e+00 0.000000e+00 0.000000e+00
 0.000000e+00 7.497336e-01 2.502664e-01 0.000000e+00 0.000000e+00
 0.000000e+00 0.000000e+00 5.997693e-01 4.002307e-01 0.000000e+00
 0.000000e+00 0.000000e+00 0.000000e+00 8.183701e-01 1.816299e-01
 0.000000e+00 0.000000e+00 0.000000e+00 0.000000e+00 0.000000e+00
<ENDHMM>
