~o
<STREAMINFO> 1 6
<VECSIZE> 6<NULLD><MFCC><DIAGC>
~h "fp_key_0"
<BEGINHMM>
<NUMSTATES> 5
<STATE> 2
<MEAN> 6
 1.980451e+02 1.412813e+01 5.232155e+00 3.601828e+00 1.473915e+00 5.222728e-01
<VARIANCE> 6
 9.775348e+03 7.435767e+02 2.547877e+02 3.698609e+01 3.189366e+00 2.731525e-01
<GCONST> 3.583942e+01
<STATE> 3
<MEAN> 6
 3.447416e+02 7.042235e+01 4.723446e+01 1.651921e+01 1.505455e+01 4.853874e+00
<VARIANCE> 6
 3.648350e+04 4.223281e+03 2.950980e+03 1.473482e+02 2.176738e+02 2.051909e+01
<GCONST> 5.126729e+01
<STATE> 4
<MEAN> 6
 4.426485e+02 8.752656e+01 8.636314e+00 1.656530e+01 2.829911e+00 1.329367e+00
<VARIANCE> 6
 6.755077e+04 5.348376e+03 3.361370e+02 1.706894e+02 3.712080e+01 2.717634e+00
<GCONST> 4.630375e+01
<TRANSP> 5
 0.000000e+00 1.000000e+00 0.000000e+00 0.000000e+00 0.000000e+00
 0.000000e+00 8.075322e-01 1.924678e-01 0.000000e+00 0.000000e+00
 0.000000e+00 0.000000e+00 5.085994e-01 4.914006e-01 0.000000e+00
 0.000000e+00 0.000000e+00 0.000000e+00 7.903268e-01 2.096732e-01
 0.000000e+00 0.000000e+00 0.000000e+00 0.000000e+00 0.000000e+00
<ENDHMM>
