~o
<STREAMINFO> 1 6
<VECSIZE> 6<NULLD><MFCC><DIAGC>
~h "fp_key_5"
<BEGINHMM>
<NUMSTATES> 5
<STATE> 2
<MEAN> 6
 3.709096e+02 2.848572e+01 1.889357e+01 6.132321e+00 4.883520e+00 2.141588e+00
<VARIANCE> 6
 4.089816e+04 1.703203e+03 1.040414e+03 6.490866e+01 5.007585e+01 1.113598e+01
<GCONST> 4.653045e+01
<STATE> 3
<MEAN> 6
 3.961920e+02 1.510803e+01 2.829465e+01 3.678370e+00 5.304586e+00 2.433784e+00
<VARIANCE> 6
 1.810857e+04 9.369860e+02 3.446819e+03 2.128440e+01 7.661820e+01 1.283326e+01
<GCONST> 4.576813e+01
<STATE> 4
<MEAN> 6
 4.045768e+02 3.574900e+00 7.628113e+00 8.491170e-01 1.561540e+00 3.343615e-01
<VARIANCE> 6
 1.170205e+04 2.129605e+01 2.750759e+02 3.066490e-01 8.653910e+00 5.365545e-02
<GCONST> 2.712114e+01
<TRANSP> 5
 0.000000e+00 1.000000e+00 0.000000e+00 0.000000e+00 0.000000e+00
 0.000000e+00 3.957832e-01 6.042168e-01 0.000000e+00 0.000000e+00
 0.000000e+00 0.000000e+00 8.458018e-07 9.999992e-01 0.000000e+00
 0.000000e+00 0.000000e+00 0.000000e+00 8.929905e-01 1.070095e-01
 0.000000e+00 0.000000e+00 0.000000e+00 0.000000e+00 0.000000e+00
<ENDHMM>
