~o
<STREAMINFO> 1 6
<VECSIZE> 6<NULLD><MFCC><DIAGC>
~h "fp_key_4"
<BEGINHMM>
<NUMSTATES> 5
<STATE> 2
<MEAN> 6
 4.881474e+02 6.838084e+01 7.932893e+00 1.299199e+01 2.920852e+00 1.586208e+00
<VARIANCE> 6
 4.423840e+04 3.497979e+03 9.754004e+01 8.846651e+01 1.761126e+01 3.745930e+00
<GCONST> 4.313665e+01
<STATE> 3
<MEAN> 6
 5.322046e+02 8.595454e+01 5.443528e+01 2.206116e+01 1.865530e+01 8.363381e+00
<VARIANCE> 6
 4.120235e+04 3.789434e+03 3.059803e+03 1.827874e+02 2.193248e+02 4.693063e+01
<GCONST> 5.236714e+01
<STATE> 4
<MEAN> 6
 3.257137e+02 1.584958e+01 8.859312e+00 3.991743e+00 2.296340e+00 1.268700e+00
<VARIANCE> 6
 2.231582e+04 7.722780e+02 3.482356e+02 3.162477e+01 1.516063e+01 4.368697e+00
<GCONST> 4.118964e+01
<TRANSP> 5
 0.000000e+00 1.000000e+00 0.000000e+00 0.000000e+00 0.000000e+00
 0.000000e+00 7.961774e-01 2.038226e-01 0.000000e+00 0.000000e+00
 0.000000e+00 0.000000e+00 6.295239e-01 3.704761e-01 0.000000e+00
 0.000000e+00 0.000000e+00 0.000000e+00 8.146275e-01 1.853725e-01
 0.000000e+00 0.000000e+00 0.000000e+00 0.000000e+00 0.000000e+00
<ENDHMM>
