~o
<STREAMINFO> 1 6
<VECSIZE> 6<NULLD><MFCC><DIAGC>
~h "fp_key"
<BEGINHMM>
<NUMSTATES> 5
<STATE> 2
<MEAN> 6
 1.847041e+02 1.722833e+01 5.312881e+00 4.268091e+00 1.829443e+00 9.880154e-01
<VARIANCE> 6
 8.518097e+03 7.650061e+02 1.300141e+02 3.345928e+01 5.116561e+00 2.003452e+00
<GCONST> 3.742242e+01
<STATE> 3
<MEAN> 6
 4.188930e+02 7.540002e+01 2.922952e+01 1.640477e+01 9.602016e+00 3.793720e+00
<VARIANCE> 6
 4.791281e+04 4.869290e+03 2.581725e+03 1.997677e+02 1.957871e+02 2.715054e+01
<GCONST> 5.202689e+01
<STATE> 4
<MEAN> 6
 3.209857e+02 3.690910e+00 5.745821e+00 1.027570e+00 1.323283e+00 3.521756e-01
<VARIANCE> 6
 2.133554e+04 1.796627e+01 1.690758e+02 6.414548e-01 5.199596e+00 6.894461e-02
<GCONST> 2.754435e+01
<TRANSP> 5
 0.000000e+00 1.000000e+00 0.000000e+00 0.000000e+00 0.000000e+00
 0.000000e+00 9.341728e-01 6.582722e-02 0.000000e+00 0.000000e+00
 0.000000e+00 0.000000e+00 9.725671e-01 2.743287e-02 0.000000e+00
 0.000000e+00 0.000000e+00 0.000000e+00 9.455222e-01 5.447777e-02
 0.000000e+00 0.000000e+00 0.000000e+00 0.000000e+00 0.000000e+00
<ENDHMM>
