~o
<STREAMINFO> 1 6
<VECSIZE> 6<NULLD><MFCC><DIAGC>
~h "fp_key_2"
<BEGINHMM>
<NUMSTATES> 5
<STATE> 2
<MEAN> 6
 1.807048e+02 1.700334e+01 5.084540e+00 4.634178e+00 2.401191e+00 1.248965e+00
<VARIANCE> 6
 1.445434e+04 1.361149e+03 1.930912e+02 5.753288e+01 2.655255e+01 4.669181e+00
<GCONST> 4.195773e+01
<STATE> 3
<MEAN> 6
 4.216874e+02 9.031522e+01 7.307605e+01 2.413423e+01 2.315146e+01 8.299882e+00
<VARIANCE> 6
 3.725882e+04 5.663939e+03 5.843241e+03 3.701478e+02 4.219279e+02 6.929224e+01
<GCONST> 5.506489e+01
<STATE> 4
<MEAN> 6
 4.315467e+02 8.775977e+01 2.772437e+01 1.682284e+01 8.531259e+00 3.079240e+00
<VARIANCE> 6
 3.696523e+04 4.643469e+03 2.290241e+03 1.550294e+02 1.310445e+02 1.597618e+01
<GCONST> 5.041488e+01
<TRANSP> 5
 0.000000e+00 1.000000e+00 0.000000e+00 0.000000e+00 0.000000e+00
 0.000000e+00 8.611261e-01 1.388739e-01 0.000000e+00 0.000000e+00
 0.000000e+00 0.000000e+00 5.533695e-01 4.466305e-01 0.000000e+00
 0.000000e+00 0.000000e+00 0.000000e+00 7.191197e-01 2.808803e-01
 0.000000e+00 0.000000e+00 0.000000e+00 0.000000e+00 0.000000e+00
<ENDHMM>
