~o
<STREAMINFO> 1 6
<VECSIZE> 6<NULLD><MFCC><DIAGC>
~h "fp_key_1"
<BEGINHMM>
<NUMSTATES> 5
<STATE> 2
<MEAN> 6
 1.726797e+02 1.430248e+01 5.672719e+00 3.760174e+00 2.182556e+00 9.347368e-01
<VARIANCE> 6
 1.246298e+04 8.933738e+02 2.479423e+02 4.016983e+01 2.779546e+01 2.254059e+00
<GCONST> 4.059670e+01
<STATE> 3
<MEAN> 6
 3.678188e+02 7.249178e+01 7.408421e+01 2.329262e+01 2.290313e+01 8.464967e+00
<VARIANCE> 6
 3.570081e+04 4.064547e+03 5.913607e+03 3.778043e+02 2.976621e+02 5.504516e+01
<GCONST> 5.414375e+01
<STATE> 4
<MEAN> 6
 4.220438e+02 1.073711e+02 1.087539e+01 1.805140e+01 4.009202e+00 2.081882e+00
<VARIANCE> 6
 4.915664e+04 5.741218e+03 4.194438e+02 1.625236e+02 5.346058e+01 8.322000e+00
<GCONST> 4.771306e+01
<TRANSP> 5
 0.000000e+00 1.000000e+00 0.000000e+00 0.000000e+00 0.000000e+00
 0.000000e+00 8.512344e-01 1.487655e-01 0.000000e+00 0.000000e+00
 0.000000e+00 0.000000e+00 6.086479e-01 3.913521e-01 0.000000e+00
 0.000000e+00 0.000000e+00 0.000000e+00 7.313827e-01 2.686174e-01
 0.000000e+00 0.000000e+00 0.000000e+00 0.000000e+00 0.000000e+00
<ENDHMM>
