~o
<STREAMINFO> 1 6
<VECSIZE> 6<NULLD><MFCC><DIAGC>
~h "fp_key_3"
<BEGINHMM>
<NUMSTATES> 5
<STATE> 2
<MEAN> 6
 4.632601e+02 9.952356e+01 2.024747e+01 2.011685e+01 5.827766e+00 2.780092e+00
<VARIANCE> 6
 4.086094e+04 4.697510e+03 1.614218e+03 1.852008e+02 9.028652e+01 1.357988e+01
<GCONST> 4.981960e+01
<STATE> 3
<MEAN> 6
 4.122106e+02 7.429242e+01 6.472549e+01 1.859578e+01 2.312848e+01 7.255398e+00
<VARIANCE> 6
 4.312930e+04 5.038362e+03 4.703231e+03 2.364990e+02 3.624410e+02 3.429719e+01
<GCONST> 5.357393e+01
<STATE> 4
<MEAN> 6
 2.373730e+02 1.611595e+01 5.291137e+00 4.317873e+00 2.424012e+00 1.204800e+00
<VARIANCE> 6
 1.695774e+04 1.001661e+03 7.144659e+01 4.283125e+01 1.520297e+01 3.168912e+00
<GCONST> 3.957626e+01
<TRANSP> 5
 0.000000e+00 1.000000e+00 0.000000e+00 0.000000e+00 0.000000e+00
 0.000000e+00 7.138458e-01 2.861542e-01 0.000000e+00 0.000000e+00
 0.000000e+00 0.000000e+00 5.820915e-01 4.179085e-01 0.000000e+00
 0.000000e+00 0.000000e+00 0.000000e+00 8.364012e-01 1.635988e-01
 0.000000e+00 0.000000e+00 0.000000e+00 0.000000e+00 0.000000e+00
<ENDHMM>
