~o
<STREAMINFO> 1 6
<VECSIZE> 6<NULLD><MFCC><DIAGC>
~h "fp_logo_1"
<BEGINHMM>
<NUMSTATES> 5
<STATE> 2
<MEAN> 6
 1.558218e+02 6.437053e+00 3.670416e+00 3.337002e+00 2.076775e+00 1.249496e+00
<VARIANCE> 6
 3.902659e+03 2.111824e+02 1.691211e+01 2.601361e+01 3.804972e+00 2.665135e+00
<GCONST> 3.305261e+01
<STATE> 3
<MEAN> 6
 3.814268e+02 9.540813e+01 6.730150e+01 2.697918e+01 1.892776e+01 7.524108e+00
<VARIANCE> 6
 4.463687e+04 6.804463e+03 5.862761e+03 4.004433e+02 3.337915e+02 4.843010e+01
<GCONST> 5.491850e+01
<STATE> 4
<MEAN> 6
 3.328029e+02 3.925267e+01 3.795288e+01 8.571606e+00 1.167050e+01 2.517728e+00
<VARIANCE> 6
 6.345568e+04 4.374258e+03 5.193906e+03 1.590972e+02 2.884273e+02 1.417393e+01
<GCONST> 5.240946e+01
<TRANSP> 5
 0.000000e+00 1.000000e+00 0.000000e+00 0.000000e+00 0.000000e+00
 0.000000e+00 8.815808e-01 1.184192e-01 0.000000e+00 0.000000e+00
 0.000000e+00 0.000000e+00 6.438755e-01 3.561246e-01 0.000000e+00
 0.000000e+00 0.000000e+00 0.000000e+00 4.277264e-01 5.722736e-01
 0.000000e+00 0.000000e+00 0.000000e+00 0.000000e+00 0.000000e+00
<ENDHMM>
