~o
<STREAMINFO> 1 6
<VECSIZE> 6<NULLD><MFCC><DIAGC>
~h "fp_logo_5"
<BEGINHMM>
<NUMSTATES> 5
<STATE> 2
<MEAN> 6
 3.293939e+02 7.154092e+00 5.273671e+00 2.004071e+00 2.593205e+00 7.181421e-01
<VARIANCE> 6
 9.884713e+03 8.371014e+01 1.058619e+02 5.131971e+00 8.947989e+00 6.789312e-01
<GCONST> 3.275519e+01
<STATE> 3
<MEAN> 6
 3.354547e+02 6.004753e+00 9.833358e+00 2.441068e+00 3.039143e+00 1.755717e+00
<VARIANCE> 6
 1.042237e+04 5.690043e+01 4.961189e+02 6.193898e+00 1.046712e+01 1.289317e+01
<GCONST> 3.725559e+01
<STATE> 4
<MEAN> 6
 3.940194e+02 2.553938e+00 3.294964e+00 1.231076e+00 1.150211e+00 4.040909e-01
<VARIANCE> 6
 1.333823e+04 4.461153e+00 6.533908e+00 8.126731e-01 7.899911e-01 1.146701e-01
<GCONST> 2.128921e+01
<TRANSP> 5
 0.000000e+00 1.000000e+00 0.000000e+00 0.000000e+00 0.000000e+00
 0.000000e+00 1.311343e-07 9.999999e-01 0.000000e+00 0.000000e+00
 0.000000e+00 0.000000e+00 1.330685e-01 8.669315e-01 0.000000e+00
 0.000000e+00 0.000000e+00 0.000000e+00 8.984411e-01 1.015589e-01
 0.000000e+00 0.000000e+00 0.000000e+00 0.000000e+00 0.000000e+00
<ENDHMM>
