~o
<STREAMINFO> 1 6
<VECSIZE> 6<NULLD><MFCC><DIAGC>
~h "fp_logo_0"
<BEGINHMM>
<NUMSTATES> 5
<STATE> 2
<MEAN> 6
 1.597738e+02 1.184789e+01 3.841408e+00 4.692407e+00 1.697923e+00 8.132240e-01
<VARIANCE> 6
 9.122255e+02 2.939874e+02 9.430257e+00 2.557674e+01 1.426717e+00 5.817778e-01
<GCONST> 2.882600e+01
<STATE> 3
<MEAN> 6
 2.232574e+02 6.658496e+01 6.503991e+00 1.130118e+01 2.462420e+00 1.601876e+00
<VARIANCE> 6
 2.230586e+04 1.352969e+04 4.016472e+01 2.353422e+02 3.662605e+00 2.654317e+00
<GCONST> 4.198090e+01
<STATE> 4
<MEAN> 6
 1.382109e+02 4.806221e+00 2.776282e+00 1.791952e+00 1.142793e+00 3.894284e-01
<VARIANCE> 6
 2.861660e+03 2.198436e+02 5.691847e+00 1.424061e+01 1.127934e+00 1.167736e-01
<GCONST> 2.674734e+01
<TRANSP> 5
 0.000000e+00 1.000000e+00 0.000000e+00 0.000000e+00 0.000000e+00
 0.000000e+00 7.321842e-01 2.678158e-01 0.000000e+00 0.000000e+00
 0.000000e+00 0.000000e+00 2.958051e-01 7.041950e-01 0.000000e+00
 0.000000e+00 0.000000e+00 0.000000e+00 8.539300e-01 1.460700e-01
 0.000000e+00 0.000000e+00 0.000000e+00 0.000000e+00 0.000000e+00
<ENDHMM>
