~o
<STREAMINFO> 1 6
<VECSIZE> 6<NULLD><MFCC><DIAGC>
~h "fp_logo_4"
<BEGINHMM>
<NUMSTATES> 5
<STATE> 2
<MEAN> 6
 2.570624e+02 1.935272e+01 8.553917e+00 6.930563e+00 2.174092e+00 1.163126e+00
<VARIANCE> 6
 1.013919e+04 1.124326e+03 1.746633e+02 6.231777e+01 2.095572e+00 1.336580e+00
<GCONST> 3.760142e+01
<STATE> 3
<MEAN> 6
 4.617324e+02 3.681534e+01 2.522808e+01 1.231478e+01 6.746288e+00 2.919903e+00
<VARIANCE> 6
 7.479312e+04 3.630093e+03 1.815031e+03 2.547873e+02 8.141603e+01 1.278892e+01
<GCONST> 5.043920e+01
<STATE> 4
<MEAN> 6
 3.138941e+02 3.901025e+00 4.007794e+00 1.705169e+00 1.780751e+00 5.924094e-01
<VARIANCE> 6
 9.612853e+03 1.802801e+01 1.983318e+01 1.491337e+00 2.124136e+00 3.174233e-01
<GCONST> 2.608292e+01
<TRANSP> 5
 0.000000e+00 1.000000e+00 0.000000e+00 0.000000e+00 0.000000e+00
 0.000000e+00 5.162324e-01 4.837676e-01 0.000000e+00 0.000000e+00
 0.000000e+00 0.000000e+00 3.890528e-01 6.109472e-01 0.000000e+00
 0.000000e+00 0.000000e+00 0.000000e+00 8.924279e-01 1.075721e-01
 0.000000e+00 0.000000e+00 0.000000e+00 0.000000e+00 0.000000e+00
<ENDHMM>
