~o
<STREAMINFO> 1 6
<VECSIZE> 6<NULLD><MFCC><DIAGC>
~h "fp_logo"
<BEGINHMM>
<NUMSTATES> 5
<STATE> 2
<MEAN> 6
 1.615977e+02 9.486469e+00 3.807449e+00 4.195087e+00 1.881598e+00 1.051260e+00
<VARIANCE> 6
 2.671488e+03 1.589403e+02 1.366448e+01 2.051319e+01 2.528048e+00 1.609958e+00
<GCONST> 3.102571e+01
<STATE> 3
<MEAN> 6
 4.172882e+02 8.258916e+01 5.292833e+01 2.095839e+01 1.478173e+01 6.097723e+00
<VARIANCE> 6
 4.686072e+04 7.895652e+03 5.590839e+03 4.191415e+02 2.946881e+02 4.076201e+01
<GCONST> 5.481703e+01
<STATE> 4
<MEAN> 6
 2.781971e+02 3.171606e+00 3.415974e+00 1.471181e+00 1.371003e+00 4.651164e-01
<VARIANCE> 6
 1.749916e+04 6.793666e+00 8.285822e+00 9.285356e-01 1.012882e+00 1.815545e-01
<GCONST> 2.306016e+01
<TRANSP> 5
 0.000000e+00 1.000000e+00 0.000000e+00 0.000000e+00 0.000000e+00
 0.000000e+00 9.518928e-01 4.810724e-02 0.000000e+00 0.000000e+00
 0.000000e+00 0.000000e+00 9.094624e-01 9.053759e-02 0.000000e+00
 0.000000e+00 0.000000e+00 0.000000e+00 9.738000e-01 2.619997e-02
 0.000000e+00 0.000000e+00 0.000000e+00 0.000000e+00 0.000000e+00
<ENDHMM>
