~o
<STREAMINFO> 1 6
<VECSIZE> 6<NULLD><MFCC><DIAGC>
~h "fp_logo_3"
<BEGINHMM>
<NUMSTATES> 5
<STATE> 2
<MEAN> 6
 2.360345e+02 2.276487e+01 1.158537e+01 6.331061e+00 5.405982e+00 1.275165e+00
<VARIANCE> 6
 1.717090e+04 1.827383e+03 5.638018e+02 1.090165e+02 1.491994e+02 3.396812e+00
<GCONST> 4.554319e+01
<STATE> 3
<MEAN> 6
 3.001574e+02 5.145362e+01 4.796945e+00 1.050350e+01 1.849656e+00 1.340138e+00
<VARIANCE> 6
 3.094421e+04 5.807422e+03 1.709488e+01 1.513514e+02 2.039274e+00 1.091511e+00
<GCONST> 3.869263e+01
<STATE> 4
<MEAN> 6
 2.370880e+02 6.626490e+00 3.904001e+00 2.251093e+00 1.536823e+00 5.546291e-01
<VARIANCE> 6
 1.063329e+04 2.714740e+02 9.272788e+00 1.187943e+01 1.111182e+00 3.608651e-01
<GCONST> 2.969094e+01
<TRANSP> 5
 0.000000e+00 1.000000e+00 0.000000e+00 0.000000e+00 0.000000e+00
 0.000000e+00 7.409159e-03 9.925908e-01 0.000000e+00 0.000000e+00
 0.000000e+00 0.000000e+00 5.471787e-01 4.528213e-01 0.000000e+00
 0.000000e+00 0.000000e+00 0.000000e+00 8.861587e-01 1.138413e-01
 0.000000e+00 0.000000e+00 0.000000e+00 0.000000e+00 0.000000e+00
<ENDHMM>
