~o
<STREAMINFO> 1 6
<VECSIZE> 6<NULLD><MFCC><DIAGC>
~h "fp_logo_2"
<BEGINHMM>
<NUMSTATES> 5
<STATE> 2
<MEAN> 6
 3.000800e+02 3.691492e+01 3.011780e+01 8.094213e+00 9.196018e+00 2.928872e+00
<VARIANCE> 6
 4.775139e+04 3.977555e+03 4.024610e+03 1.491506e+02 2.099149e+02 1.695374e+01
<GCONST> 5.157178e+01
<STATE> 3
<MEAN> 6
 3.843241e+02 7.969043e+01 7.300685e+01 2.373196e+01 1.904171e+01 8.416802e+00
<VARIANCE> 6
 3.978025e+04 8.106206e+03 8.232382e+03 6.013717e+02 3.764832e+02 6.216195e+01
<GCONST> 5.609443e+01
<STATE> 4
<MEAN> 6
 1.833339e+02 8.200078e+00 4.536830e+00 3.441894e+00 2.185754e+00 9.736470e-01
<VARIANCE> 6
 7.206350e+03 3.026622e+02 8.689693e+01 2.241009e+01 2.203280e+01 1.509835e+00
<GCONST> 3.670137e+01
<TRANSP> 5
 0.000000e+00 1.000000e+00 0.000000e+00 0.000000e+00 0.000000e+00
 0.000000e+00 3.890436e-01 6.109564e-01 0.000000e+00 0.000000e+00
 0.000000e+00 0.000000e+00 7.003348e-01 2.996652e-01 0.000000e+00
 0.000000e+00 0.000000e+00 0.000000e+00 8.754075e-01 1.245925e-01
 0.000000e+00 0.000000e+00 0.000000e+00 0.000000e+00 0.000000e+00
<ENDHMM>
