~o
<STREAMINFO> 1 6
<VECSIZE> 6<NULLD><MFCC><DIAGC>
~h "fp_screen_3"
<BEGINHMM>
<NUMSTATES> 5
<STATE> 2
<MEAN> 6
 3.931983e+02 4.213757e+01 1.722183e+01 1.162985e+01 6.466087e+00 3.438199e+00
<VARIANCE> 6
 2.339968e+04 2.175998e+03 1.256218e+03 1.192410e+02 1.040485e+02 2.760832e+01
<GCONST> 4.865296e+01
<STATE> 3
<MEAN> 6
 5.548230e+02 9.610218e+01 2.424322e+01 1.884355e+01 1.456700e+01 7.722517e+00
<VARIANCE> 6
 3.878321e+04 8.468597e+03 1.495822e+03 1.837457e+02 1.946266e+02 4.944705e+01
<GCONST> 5.233310e+01
<STATE> 4
<MEAN> 6
 3.623638e+02 9.425621e+00 4.675780e+00 2.884044e+00 2.161220e+00 9.974122e-01
<VARIANCE> 6
 5.145964e+03 3.784670e+02 2.997332e+01 1.419598e+01 5.044200e+00 1.837151e+00
<GCONST> 3.378908e+01
<TRANSP> 5
 0.000000e+00 1.000000e+00 0.000000e+00 0.000000e+00 0.000000e+00
 0.000000e+00 5.079604e-01 4.920396e-01 0.000000e+00 0.000000e+00
 0.000000e+00 0.000000e+00 4.883890e-01 5.116110e-01 0.000000e+00
 0.000000e+00 0.000000e+00 0.000000e+00 8.752033e-01 1.247967e-01
 0.000000e+00 0.000000e+00 0.000000e+00 0.000000e+00 0.000000e+00
<ENDHMM>
