~o
<STREAMINFO> 1 6
<VECSIZE> 6<NULLD><MFCC><DIAGC>
~h "fp_screen_5"
<BEGINHMM>
<NUMSTATES> 5
<STATE> 2
<MEAN> 6
 2.477753e+02 9.883798e+00 2.471997e+01 3.705105e+00 8.243180e+00 1.806224e+00
<VARIANCE> 6
 1.359778e+04 1.538686e+02 8.269615e+02 9.965338e+00 4.406623e+01 2.588961e+00
<GCONST> 3.933485e+01
<STATE> 3
<MEAN> 6
 3.061238e+02 3.431826e+00 1.637130e+01 1.812264e+00 3.770202e+00 7.240962e-01
<VARIANCE> 6
 1.019366e+04 7.058597e+00 5.773385e+02 8.636481e-01 1.568362e+01 3.090239e-01
<GCONST> 3.000115e+01
<STATE> 4
<MEAN> 6
 5.071158e+02 2.149144e+00 2.961761e+00 8.678041e-01 7.232121e-01 2.873181e-01
<VARIANCE> 6
 1.488966e+04 2.949978e+00 4.385652e+00 3.589426e-01 3.009836e-01 2.476620e-02
<GCONST> 1.727225e+01
<TRANSP> 5
 0.000000e+00 1.000000e+00 0.000000e+00 0.000000e+00 0.000000e+00
 0.000000e+00 3.411858e-01 6.588141e-01 0.000000e+00 0.000000e+00
 0.000000e+00 0.000000e+00 6.662915e-01 3.337085e-01 0.000000e+00
 0.000000e+00 0.000000e+00 0.000000e+00 8.664083e-01 1.335917e-01
 0.000000e+00 0.000000e+00 0.000000e+00 0.000000e+00 0.000000e+00
<ENDHMM>
