~o
<STREAMINFO> 1 6
<VECSIZE> 6<NULLD><MFCC><DIAGC>
~h "fp_screen_0"
<BEGINHMM>
<NUMSTATES> 5
<STATE> 2
<MEAN> 6
 3.178462e+02 1.358488e+01 2.127860e+01 4.056870e+00 6.624185e+00 1.649031e+00
<VARIANCE> 6
 2.964915e+04 5.881505e+02 6.385456e+02 2.429533e+01 4.118869e+01 4.589715e+00
<GCONST> 4.259290e+01
<STATE> 3
<MEAN> 6
 5.333255e+02 5.934830e+01 3.113463e+01 1.409792e+01 9.719212e+00 4.217484e+00
<VARIANCE> 6
 4.775657e+04 2.248410e+03 1.204520e+03 1.269090e+02 5.969439e+01 2.809753e+01
<GCONST> 4.888134e+01
<STATE> 4
<MEAN> 6
 4.273656e+02 8.348622e+00 4.441346e+00 2.420904e+00 1.552052e+00 8.112047e-01
<VARIANCE> 6
 1.949222e+04 2.944055e+02 1.078564e+02 1.990339e+01 6.222888e+00 3.050510e+00
<GCONST> 3.720522e+01
<TRANSP> 5
 0.000000e+00 1.000000e+00 0.000000e+00 0.000000e+00 0.000000e+00
 0.000000e+00 6.053391e-01 3.946610e-01 0.000000e+00 0.000000e+00
 0.000000e+00 0.000000e+00 5.480466e-01 4.519534e-01 0.000000e+00
 0.000000e+00 0.000000e+00 0.000000e+00 8.621367e-01 1.378633e-01
 0.000000e+00 0.000000e+00 0.000000e+00 0.000000e+00 0.000000e+00
<ENDHMM>
