~o
<STREAMINFO> 1 6
<VECSIZE> 6<NULLD><MFCC><DIAGC>
~h "fp_screen_1"
<BEGINHMM>
<NUMSTATES> 5
<STATE> 2
<MEAN> 6
 3.553846e+02 2.407853e+01 7.103052e+00 6.417118e+00 2.836808e+00 1.604103e+00
<VARIANCE> 6
 4.931912e+04 8.494692e+02 2.507280e+02 5.197534e+01 1.408096e+01 7.870072e+00
<GCONST> 4.276097e+01
<STATE> 3
<MEAN> 6
 5.338491e+02 5.486000e+01 2.262402e+01 1.971712e+01 5.469658e+00 3.680578e+00
<VARIANCE> 6
 2.998639e+04 3.462094e+03 1.672573e+03 4.081157e+02 4.893623e+01 3.103057e+01
<GCONST> 5.024455e+01
<STATE> 4
<MEAN> 6
 4.219109e+02 5.669570e+00 4.934205e+00 2.089995e+00 1.901628e+00 6.443815e-01
<VARIANCE> 6
 3.412926e+03 1.784824e+02 1.155663e+02 2.008839e+01 7.603570e+00 5.345513e-01
<GCONST> 3.349936e+01
<TRANSP> 5
 0.000000e+00 1.000000e+00 0.000000e+00 0.000000e+00 0.000000e+00
 0.000000e+00 6.604332e-01 3.395669e-01 0.000000e+00 0.000000e+00
 0.000000e+00 0.000000e+00 5.132195e-01 4.867806e-01 0.000000e+00
 0.000000e+00 0.000000e+00 0.000000e+00 8.750119e-01 1.249882e-01
 0.000000e+00 0.000000e+00 0.000000e+00 0.000000e+00 0.000000e+00
<ENDHMM>
