~o
<STREAMINFO> 1 6
<VECSIZE> 6<NULLD><MFCC><DIAGC>
~h "fp_screen_2"
<BEGINHMM>
<NUMSTATES> 5
<STATE> 2
<MEAN> 6
 3.609488e+02 8.644482e+00 1.193105e+01 3.070584e+00 4.080087e+00 9.402335e-01
<VARIANCE> 6
 1.019822e+04 2.302789e+02 4.224886e+02 2.521670e+01 2.058813e+01 8.848071e-01
<GCONST> 3.787252e+01
<STATE> 3
<MEAN> 6
 5.829939e+02 8.808472e+01 3.012541e+01 2.424306e+01 1.501974e+01 8.038351e+00
<VARIANCE> 6
 3.427694e+04 6.549075e+03 1.948746e+03 2.396056e+02 2.196596e+02 5.582111e+01
<GCONST> 5.272473e+01
<STATE> 4
<MEAN> 6
 4.075440e+02 3.737866e+01 1.840285e+01 1.148726e+01 6.934744e+00 4.005755e+00
<VARIANCE> 6
 1.818938e+04 1.852274e+03 1.310060e+03 1.261606e+02 1.074580e+02 2.819373e+01
<GCONST> 4.839161e+01
<TRANSP> 5
 0.000000e+00 1.000000e+00 0.000000e+00 0.000000e+00 0.000000e+00
 0.000000e+00 8.726541e-01 1.273459e-01 0.000000e+00 0.000000e+00
 0.000000e+00 0.000000e+00 6.873147e-01 3.126853e-01 0.000000e+00
 0.000000e+00 0.000000e+00 0.000000e+00 4.869878e-01 5.130122e-01
 0.000000e+00 0.000000e+00 0.000000e+00 0.000000e+00 0.000000e+00
<ENDHMM>
