~o
<STREAMINFO> 1 6
<VECSIZE> 6<NULLD><MFCC><DIAGC>
~h "fp_screen"
<BEGINHMM>
<NUMSTATES> 5
<STATE> 2
<MEAN> 6
 3.385977e+02 1.442730e+01 8.560936e+00 3.948999e+00 3.267183e+00 1.130901e+00
<VARIANCE> 6
 2.490785e+04 4.016397e+02 2.160955e+02 1.929920e+01 1.599807e+01 2.080485e+00
<GCONST> 3.898661e+01
<STATE> 3
<MEAN> 6
 5.551343e+02 7.125613e+01 2.855643e+01 1.905458e+01 1.131850e+01 5.806844e+00
<VARIANCE> 6
 3.305221e+04 5.027740e+03 1.764825e+03 2.291803e+02 1.515839e+02 4.249216e+01
<GCONST> 5.163660e+01
<STATE> 4
<MEAN> 6
 3.886682e+02 4.567840e+00 7.311264e+00 1.882337e+00 2.227401e+00 7.677395e-01
<VARIANCE> 6
 1.205776e+04 3.177835e+01 1.678508e+02 3.274203e+00 8.455521e+00 8.731326e-01
<GCONST> 3.219182e+01
<TRANSP> 5
 0.000000e+00 1.000000e+00 0.000000e+00 0.000000e+00 0.000000e+00
 0.000000e+00 9.382689e-01 6.173114e-02 0.000000e+00 0.000000e+00
 0.000000e+00 0.000000e+00 9.220222e-01 7.797782e-02 0.000000e+00
 0.000000e+00 0.000000e+00 0.000000e+00 9.755958e-01 2.440420e-02
 0.000000e+00 0.000000e+00 0.000000e+00 0.000000e+00 0.000000e+00
<ENDHMM>
