~o
<STREAMINFO> 1 6
<VECSIZE> 6<NULLD><MFCC><DIAGC>
~h "fp_screen_4"
<BEGINHMM>
<NUMSTATES> 5
<STATE> 2
<MEAN> 6
 3.825067e+02 1.760405e+01 8.302508e+00 5.578211e+00 3.277127e+00 1.776527e+00
<VARIANCE> 6
 1.137835e+04 1.111330e+03 8.755654e+01 3.752752e+01 1.042781e+01 4.436399e+00
<GCONST> 3.931172e+01
<STATE> 3
<MEAN> 6
 4.847412e+02 4.287147e+01 3.013953e+01 1.227378e+01 1.024073e+01 4.785122e+00
<VARIANCE> 6
 3.810407e+04 3.650922e+03 2.143296e+03 1.554700e+02 1.654394e+02 2.410209e+01
<GCONST> 5.078553e+01
<STATE> 4
<MEAN> 6
 3.064167e+02 5.998285e+00 1.158848e+01 2.457850e+00 3.037781e+00 9.374843e-01
<VARIANCE> 6
 1.116207e+04 4.232512e+01 2.494943e+02 3.193131e+00 1.152934e+01 7.289084e-01
<GCONST> 3.290204e+01
<TRANSP> 5
 0.000000e+00 1.000000e+00 0.000000e+00 0.000000e+00 0.000000e+00
 0.000000e+00 6.081117e-01 3.918883e-01 0.000000e+00 0.000000e+00
 0.000000e+00 0.000000e+00 4.103748e-01 5.896252e-01 0.000000e+00
 0.000000e+00 0.000000e+00 0.000000e+00 8.857439e-01 1.142562e-01
 0.000000e+00 0.000000e+00 0.000000e+00 0.000000e+00 0.000000e+00
<ENDHMM>
