~o
<STREAMINFO> 1 6
<VECSIZE> 6<NULLD><MFCC><DIAGC>
~h "bg_red_0"
<BEGINHMM>
<NUMSTATES> 5
<STATE> 2
<MEAN> 6
 3.452048e+02 1.143060e+01 2.703645e+00 6.059770e+00 2.643469e+00 3.804345e+00
<VARIANCE> 6
 1.485596e+03 4.740547e+02 6.794193e+00 4.930151e+01 2.742258e+00 1.058867e+01
<GCONST> 3.367475e+01
<STATE> 3
<MEAN> 6
 6.202939e+02 1.069593e+02 6.273624e+00 3.398392e+01 4.203920e+00 3.817563e+00
<VARIANCE> 6
 3.122933e+04 6.904333e+03 6.678772e+01 5.736118e+02 7.448273e+01 3.658439e+01
<GCONST> 4.867994e+01
<STATE> 4
<MEAN> 6
 3.980294e+02 2.916765e+00 1.815189e+00 1.363844e+00 9.248159e-01 3.744979e-01
<VARIANCE> 6
 2.520177e+04 4.482548e+01 3.259942e+00 1.515112e+01 5.586117e-01 1.338205e-01
<GCONST> 2.627094e+01
<TRANSP> 5
 0.000000e+00 1.000000e+00 0.000000e+00 0.000000e+00 0.000000e+00
 0.000000e+00 9.647170e-01 3.528296e-02 0.000000e+00 0.000000e+00
 0.000000e+00 0.000000e+00 8.752017e-01 1.247983e-01 0.000000e+00
 0.000000e+00 0.000000e+00 0.000000e+00 9.702777e-01 2.972231e-02
 0.000000e+00 0.000000e+00 0.000000e+00 0.000000e+00 0.000000e+00
<ENDHMM>
~h "bg_red_0_0"
<BEGINHMM>
<NUMSTATES> 5
<STATE> 2
<MEAN> 6
 5.822735e+02 2.629480e+01 3.159542e+00 1.071960e+01 2.288197e+00 3.123924e+00
<VARIANCE> 6
 4.662680e+04 7.814739e+02 3.756176e+01 1.175202e+02 2.365529e+00 6.882623e+00
<GCONST> 3.962098e+01
<STATE> 3
<MEAN> 6
 4.112131e+02 4.542010e+01 3.125663e+00 1.686099e+01 2.193115e+00 2.914234e+00
<VARIANCE> 6
 8.041688e+03 2.438471e+03 5.812078e+00 1.586115e+02 1.876514e+00 1.082439e+01
<GCONST> 3.765639e+01
<STATE> 4
<MEAN> 6
 3.608329e+02 3.878206e+00 2.826757e+00 3.193791e+00 2.215523e+00 3.146447e+00
<VARIANCE> 6
 2.149028e+03 1.732885e+01 5.642226e+00 9.249552e+00 3.572535e+00 1.299917e+01
<GCONST> 2.934542e+01
<TRANSP> 5
 0.000000e+00 1.000000e+00 0.000000e+00 0.000000e+00 0.000000e+00
 0.000000e+00 4.290884e-01 5.709116e-01 0.000000e+00 0.000000e+00
 0.000000e+00 0.000000e+00 6.002573e-01 3.997426e-01 0.000000e+00
 0.000000e+00 0.000000e+00 0.000000e+00 8.709146e-01 1.290855e-01
 0.000000e+00 0.000000e+00 0.000000e+00 0.000000e+00 0.000000e+00
<ENDHMM>
~h "bg_red_0_1"
<BEGINHMM>
<NUMSTATES> 5
<STATE> 2
<MEAN> 6
 3.540877e+02 4.451139e+00 3.038535e+00 4.449535e+00 3.486949e+00 6.060385e+00
<VARIANCE> 6
 3.880344e+03 2.770145e+01 4.282106e+00 9.614642e+00 3.998697e+00 1.091137e+01
<GCONST> 3.010593e+01
<STATE> 3
<MEAN> 6
 5.112120e+02 3.473642e+01 6.612531e+00 1.410478e+01 9.617640e+00 8.689669e+00
<VARIANCE> 6
 5.073921e+04 1.160982e+03 9.174515e+01 1.328508e+02 1.835858e+02 7.728770e+01
<GCONST> 4.788720e+01
<STATE> 4
<MEAN> 6
 3.511074e+02 3.896097e+00 2.327728e+00 2.040866e+00 1.456990e+00 7.274985e-01
<VARIANCE> 6
 3.156087e+03 1.813889e+01 2.200328e+00 7.597407e+00 1.021385e+00 9.231313e-01
<GCONST> 2.474000e+01
<TRANSP> 5
 0.000000e+00 1.000000e+00 0.000000e+00 0.000000e+00 0.000000e+00
 0.000000e+00 7.691484e-01 2.308516e-01 0.000000e+00 0.000000e+00
 0.000000e+00 0.000000e+00 5.876259e-01 4.123740e-01 0.000000e+00
 0.000000e+00 0.000000e+00 0.000000e+00 8.398265e-01 1.601735e-01
 0.000000e+00 0.000000e+00 0.000000e+00 0.000000e+00 0.000000e+00
<ENDHMM>
~h "bg_red_0_2"
<BEGINHMM>
<NUMSTATES> 5
<STATE> 2
<MEAN> 6
 3.431990e+02 3.572889e+00 2.255162e+00 2.703568e+00 1.806815e+00 2.123973e+00
<VARIANCE> 6
 2.188104e+03 1.115171e+01 3.520391e+00 5.539583e+00 1.376697e+00 6.705939e+00
<GCONST> 2.632282e+01
<STATE> 3
<MEAN> 6
 4.083207e+02 6.630587e+01 3.935760e+00 2.783504e+01 2.539127e+00 3.320895e+00
<VARIANCE> 6
 1.143029e+04 5.830701e+03 8.364522e+00 7.821523e+02 2.581279e+00 1.023081e+01
<GCONST> 4.110191e+01
<STATE> 4
<MEAN> 6
 5.754421e+02 1.895861e+01 2.909926e+00 7.401596e+00 2.510295e+00 2.022580e+00
<VARIANCE> 6
 5.174508e+04 2.211616e+03 5.978952e+00 8.252441e+01 2.865289e+00 4.654824e+00
<GCONST> 3.837474e+01
<TRANSP> 5
 0.000000e+00 1.000000e+00 0.000000e+00 0.000000e+00 0.000000e+00
 0.000000e+00 8.925847e-01 1.074153e-01 0.000000e+00 0.000000e+00
 0.000000e+00 0.000000e+00 4.566247e-01 5.433753e-01 0.000000e+00
 0.000000e+00 0.000000e+00 0.000000e+00 4.594562e-01 5.405438e-01
 0.000000e+00 0.000000e+00 0.000000e+00 0.000000e+00 0.000000e+00
<ENDHMM>
~h "bg_red_0_3"
<BEGINHMM>
<NUMSTATES> 5
<STATE> 2
<MEAN> 6
 3.909166e+02 2.399170e+01 2.848621e+00 6.968449e+00 2.165003e+00 2.103079e+00
<VARIANCE> 6
 1.796232e+04 3.916079e+03 6.416530e+00 1.258590e+02 4.044087e+00 6.593122e+00
<GCONST> 3.907346e+01
<STATE> 3
<MEAN> 6
 5.130667e+02 8.769491e+01 4.701398e+00 2.793132e+01 1.277175e+00 1.319677e+00
<VARIANCE> 6
 3.233738e+04 1.035356e+04 1.372423e+01 8.144775e+02 5.250197e-01 9.855800e-01
<GCONST> 3.931919e+01
<STATE> 4
<MEAN> 6
 3.773515e+02 5.515812e+00 2.115540e+00 2.693397e+00 1.839120e+00 1.067884e+00
<VARIANCE> 6
 1.880292e+04 5.244059e+01 4.173622e+00 6.979155e+00 1.294597e+00 1.707359e+00
<GCONST> 2.899357e+01
<TRANSP> 5
 0.000000e+00 1.000000e+00 0.000000e+00 0.000000e+00 0.000000e+00
 0.000000e+00 6.192325e-08 9.999999e-01 0.000000e+00 0.000000e+00
 0.000000e+00 0.000000e+00 4.313795e-01 5.686205e-01 0.000000e+00
 0.000000e+00 0.000000e+00 0.000000e+00 8.917908e-01 1.082092e-01
 0.000000e+00 0.000000e+00 0.000000e+00 0.000000e+00 0.000000e+00
<ENDHMM>
~h "bg_red_0_4"
<BEGINHMM>
<NUMSTATES> 5
<STATE> 2
<MEAN> 6
 5.100269e+02 1.090256e+01 1.618923e+00 3.692284e+00 1.349545e+00 1.272412e+00
<VARIANCE> 6
 5.488686e+04 2.852736e+02 1.350082e+00 1.445500e+01 1.022216e+00 3.819808e+00
<GCONST> 3.192712e+01
<STATE> 3
<MEAN> 6
 4.024542e+02 6.803767e+01 3.990226e+00 2.335627e+01 1.158150e+00 1.434057e+00
<VARIANCE> 6
 1.398481e+04 5.914226e+03 8.967105e+00 5.563004e+02 5.995829e-01 4.328870e+00
<GCONST> 3.872676e+01
<STATE> 4
<MEAN> 6
 3.359572e+02 7.386991e+00 1.445698e+00 2.363735e+00 7.197629e-01 7.049847e-01
<VARIANCE> 6
 7.175271e+03 1.152786e+03 1.652161e+00 5.885846e+01 4.351783e-01 2.266425e+00
<GCONST> 3.151902e+01
<TRANSP> 5
 0.000000e+00 1.000000e+00 0.000000e+00 0.000000e+00 0.000000e+00
 0.000000e+00 7.861655e-01 2.138345e-01 0.000000e+00 0.000000e+00
 0.000000e+00 0.000000e+00 6.172227e-01 3.827774e-01 0.000000e+00
 0.000000e+00 0.000000e+00 0.000000e+00 8.248993e-01 1.751007e-01
 0.000000e+00 0.000000e+00 0.000000e+00 0.000000e+00 0.000000e+00
<ENDHMM>
~h "bg_red_0_5"
<BEGINHMM>
<NUMSTATES> 5
<STATE> 2
<MEAN> 6
 4.080889e+02 6.171687e+01 1.927566e+00 1.400483e+01 7.439474e-01 1.212606e+00
<VARIANCE> 6
 1.747276e+04 6.867903e+03 2.566235e+00 2.860706e+02 2.953474e-01 3.834712e+00
<GCONST> 3.635344e+01
<STATE> 3
<MEAN> 6
 5.159085e+02 9.618594e+01 7.668511e+00 3.114747e+01 3.131586e+00 2.951331e+00
<VARIANCE> 6
 3.389117e+04 9.288852e+03 1.472928e+02 9.255369e+02 2.601678e+01 1.623248e+01
<GCONST> 4.846330e+01
<STATE> 4
<MEAN> 6
 4.180280e+02 3.816248e+00 1.630938e+00 1.932899e+00 7.295893e-01 7.482743e-01
<VARIANCE> 6
 3.609634e+04 1.686169e+02 4.499169e+00 6.180943e+01 4.660600e-01 2.164916e+00
<GCONST> 3.228573e+01
<TRANSP> 5
 0.000000e+00 1.000000e+00 0.000000e+00 0.000000e+00 0.000000e+00
 0.000000e+00 5.660309e-01 4.339691e-01 0.000000e+00 0.000000e+00
 0.000000e+00 0.000000e+00 4.601141e-01 5.398859e-01 0.000000e+00
 0.000000e+00 0.000000e+00 0.000000e+00 8.725050e-01 1.274950e-01
 0.000000e+00 0.000000e+00 0.000000e+00 0.000000e+00 0.000000e+00
<ENDHMM>
~h "bg_dark_0"
<BEGINHMM>
<NUMSTATES> 5
<STATE> 2
<MEAN> 6
 1.519036e+02 1.204210e+01 1.131154e+01 2.996239e+00 2.940715e+00 1.218023e+00
<VARIANCE> 6
 7.172174e+03 2.103449e+02 1.378669e+02 5.875366e+00 5.408679e+00 1.606439e+00
<GCONST> 3.411306e+01
<STATE> 3
<MEAN> 6
 1.130066e+02 3.285542e+01 1.303550e+01 7.622417e+00 3.620615e+00 2.341682e+00
<VARIANCE> 6
 3.830996e+03 1.805785e+03 1.188678e+02 1.041203e+02 6.813695e+00 5.956836e+00
<GCONST> 3.990392e+01
<STATE> 4
<MEAN> 6
 7.895284e+01 9.104412e+00 7.070866e+00 1.744009e+00 1.599597e+00 4.312137e-01
<VARIANCE> 6
 2.161005e+03 1.193477e+02 6.673935e+01 1.671360e+00 1.617767e+00 9.832640e-02
<GCONST> 2.636365e+01
<TRANSP> 5
 0.000000e+00 1.000000e+00 0.000000e+00 0.000000e+00 0.000000e+00
 0.000000e+00 9.764206e-01 2.357941e-02 0.000000e+00 0.000000e+00
 0.000000e+00 0.000000e+00 7.933922e-01 2.066078e-01 0.000000e+00
 0.000000e+00 0.000000e+00 0.000000e+00 9.560440e-01 4.395599e-02
 0.000000e+00 0.000000e+00 0.000000e+00 0.000000e+00 0.000000e+00
<ENDHMM>
~h "bg_dark_0_0"
<BEGINHMM>
<NUMSTATES> 5
<STATE> 2
<MEAN> 6
 1.338059e+02 1.564859e+01 8.930707e+00 3.932171e+00 2.889904e+00 1.388788e+00
<VARIANCE> 6
 3.859957e+03 8.740636e+02 6.243397e+01 1.579117e+01 3.516379e+00 2.233179e+00
<GCONST> 3.501324e+01
<STATE> 3
<MEAN> 6
 1.698529e+02 3.603671e+01 1.604593e+01 1.066550e+01 3.749526e+00 1.799636e+00
<VARIANCE> 6
 5.647214e+03 4.316433e+03 1.416768e+02 2.818058e+02 5.453344e+00 1.368564e+00
<GCONST> 4.064112e+01
<STATE> 4
<MEAN> 6
 1.551330e+02 1.065335e+01 1.140540e+01 2.310110e+00 2.499237e+00 7.788882e-01
<VARIANCE> 6
 5.528682e+03 1.487721e+02 1.142148e+02 2.198621e+00 2.071686e+00 2.867955e-01
<GCONST> 2.965267e+01
<TRANSP> 5
 0.000000e+00 1.000000e+00 0.000000e+00 0.000000e+00 0.000000e+00
 0.000000e+00 7.623479e-01 2.376521e-01 0.000000e+00 0.000000e+00
 0.000000e+00 0.000000e+00 3.166324e-01 6.833676e-01 0.000000e+00
 0.000000e+00 0.000000e+00 0.000000e+00 8.419929e-01 1.580072e-01
 0.000000e+00 0.000000e+00 0.000000e+00 0.000000e+00 0.000000e+00
<ENDHMM>
~h "bg_dark_0_1"
<BEGINHMM>
<NUMSTATES> 5
<STATE> 2
<MEAN> 6
 1.346631e+02 2.074943e+01 8.132609e+00 3.728151e+00 2.340474e+00 9.137485e-01
<VARIANCE> 6
 6.464587e+03 5.241438e+02 7.058588e+01 8.764140e+00 3.402529e+00 6.023116e-01
<GCONST> 3.320816e+01
<STATE> 3
<MEAN> 6
 1.580047e+02 1.459014e+01 1.991069e+01 2.816280e+00 3.958122e+00 1.383045e+00
<VARIANCE> 6
 6.789217e+03 1.250057e+02 5.722284e+02 3.129680e+00 1.168818e+01 2.813607e+00
<GCONST> 3.566223e+01
<STATE> 4
<MEAN> 6
 1.644507e+02 8.158838e+00 9.552095e+00 1.962167e+00 2.015612e+00 7.146962e-01
<VARIANCE> 6
 8.510732e+03 6.759245e+01 1.201752e+02 2.148528e+00 2.827645e+00 5.465878e-01
<GCONST> 3.027896e+01
<TRANSP> 5
 0.000000e+00 1.000000e+00 0.000000e+00 0.000000e+00 0.000000e+00
 0.000000e+00 7.476209e-01 2.523791e-01 0.000000e+00 0.000000e+00
 0.000000e+00 0.000000e+00 1.547815e-03 9.984522e-01 0.000000e+00
 0.000000e+00 0.000000e+00 0.000000e+00 8.755624e-01 1.244376e-01
 0.000000e+00 0.000000e+00 0.000000e+00 0.000000e+00 0.000000e+00
<ENDHMM>
~h "bg_dark_0_2"
<BEGINHMM>
<NUMSTATES> 5
<STATE> 2
<MEAN> 6
 1.876839e+02 9.749934e+00 9.575465e+00 2.827574e+00 3.076272e+00 1.261370e+00
<VARIANCE> 6
 6.761148e+03 7.758028e+01 1.382015e+02 3.311953e+00 5.953915e+00 1.863557e+00
<GCONST> 3.273031e+01
<STATE> 3
<MEAN> 6
 1.474856e+02 2.529901e+01 1.528398e+01 5.373456e+00 4.125883e+00 2.477583e+00
<VARIANCE> 6
 3.585926e+03 3.934944e+02 2.351851e+02 1.318434e+01 8.687835e+00 4.260952e+00
<GCONST> 3.683792e+01
<STATE> 4
<MEAN> 6
 1.053998e+02 1.026669e+01 7.440618e+00 2.187883e+00 1.696826e+00 5.904429e-01
<VARIANCE> 6
 4.849082e+03 1.206396e+02 5.973702e+01 2.749833e+00 2.013886e+00 4.859303e-01
<GCONST> 2.938648e+01
<TRANSP> 5
 0.000000e+00 1.000000e+00 0.000000e+00 0.000000e+00 0.000000e+00
 0.000000e+00 7.103124e-01 2.896876e-01 0.000000e+00 0.000000e+00
 0.000000e+00 0.000000e+00 6.860076e-01 3.139924e-01 0.000000e+00
 0.000000e+00 0.000000e+00 0.000000e+00 8.428468e-01 1.571532e-01
 0.000000e+00 0.000000e+00 0.000000e+00 0.000000e+00 0.000000e+00
<ENDHMM>
~h "bg_dark_0_3"
<BEGINHMM>
<NUMSTATES> 5
<STATE> 2
<MEAN> 6
 9.128204e+01 9.163898e+00 8.274958e+00 2.541600e+00 2.312544e+00 8.750461e-01
<VARIANCE> 6
 2.652469e+03 8.758284e+01 5.079089e+01 3.281638e+00 2.237558e+00 8.132288e-01
<GCONST> 2.909780e+01
<STATE> 3
<MEAN> 6
 1.832665e+02 2.066432e+01 1.465777e+01 6.079555e+00 5.353560e+00 2.585574e+00
<VARIANCE> 6
 1.147439e+04 4.162491e+02 1.762063e+02 1.716784e+01 1.390466e+01 5.705134e+00
<GCONST> 3.879470e+01
<STATE> 4
<MEAN> 6
 1.544738e+02 1.434903e+01 1.281207e+01 2.890637e+00 3.347533e+00 1.336967e+00
<VARIANCE> 6
 7.190611e+03 1.784346e+02 9.774599e+01 3.424637e+00 5.419816e+00 1.036102e+00
<GCONST> 3.263091e+01
<TRANSP> 5
 0.000000e+00 1.000000e+00 0.000000e+00 0.000000e+00 0.000000e+00
 0.000000e+00 8.415546e-01 1.584454e-01 0.000000e+00 0.000000e+00
 0.000000e+00 0.000000e+00 6.046720e-01 3.953281e-01 0.000000e+00
 0.000000e+00 0.000000e+00 0.000000e+00 6.834574e-01 3.165426e-01
 0.000000e+00 0.000000e+00 0.000000e+00 0.000000e+00 0.000000e+00
<ENDHMM>
~h "bg_dark_0_4"
<BEGINHMM>
<NUMSTATES> 5
<STATE> 2
<MEAN> 6
 1.255844e+02 1.345857e+01 1.191315e+01 2.999181e+00 3.189936e+00 1.280726e+00
<VARIANCE> 6
 8.146147e+03 1.748017e+02 1.221168e+02 3.486145e+00 5.233138e+00 1.104784e+00
<GCONST> 3.300465e+01
<STATE> 3
<MEAN> 6
 1.214670e+02 1.794649e+01 2.081032e+01 4.207338e+00 4.171005e+00 2.474164e+00
<VARIANCE> 6
 2.389189e+03 1.450002e+02 2.534613e+02 7.823590e+00 7.136973e+00 6.088799e+00
<GCONST> 3.514680e+01
<STATE> 4
<MEAN> 6
 6.250313e+01 6.190470e+00 6.610404e+00 1.271698e+00 1.527704e+00 4.162947e-01
<VARIANCE> 6
 6.992783e+02 6.496124e+01 5.400949e+01 8.206581e-01 1.848953e+00 8.562969e-02
<GCONST> 2.369951e+01
<TRANSP> 5
 0.000000e+00 1.000000e+00 0.000000e+00 0.000000e+00 0.000000e+00
 0.000000e+00 7.844006e-01 2.155993e-01 0.000000e+00 0.000000e+00
 0.000000e+00 0.000000e+00 5.726525e-01 4.273475e-01 0.000000e+00
 0.000000e+00 0.000000e+00 0.000000e+00 8.339354e-01 1.660646e-01
 0.000000e+00 0.000000e+00 0.000000e+00 0.000000e+00 0.000000e+00
<ENDHMM>
~h "bg_dark_0_5"
<BEGINHMM>
<NUMSTATES> 5
<STATE> 2
<MEAN> 6
 1.128960e+02 1.105115e+01 8.719428e+00 2.028685e+00 1.916089e+00 5.180648e-01
<VARIANCE> 6
 5.547798e+03 1.799042e+02 8.471214e+01 1.617504e+00 2.151022e+00 1.685617e-01
<GCONST> 2.874648e+01
<STATE> 3
<MEAN> 6
 8.508596e+01 1.219645e+01 1.495999e+01 3.240469e+00 3.552820e+00 1.478420e+00
<VARIANCE> 6
 2.105906e+03 1.219197e+02 1.456002e+02 1.186860e+01 8.820481e+00 3.447609e+00
<GCONST> 3.435265e+01
<STATE> 4
<MEAN> 6
 5.950148e+01 6.581448e+00 3.915985e+00 1.497500e+00 1.190897e+00 3.531417e-01
<VARIANCE> 6
 7.834153e+02 5.814816e+01 1.207948e+01 1.079358e+00 7.329825e-01 4.154140e-02
<GCONST> 2.083010e+01
<TRANSP> 5
 0.000000e+00 1.000000e+00 0.000000e+00 0.000000e+00 0.000000e+00
 0.000000e+00 7.981437e-01 2.018562e-01 0.000000e+00 0.000000e+00
 0.000000e+00 0.000000e+00 3.067093e-01 6.932907e-01 0.000000e+00
 0.000000e+00 0.000000e+00 0.000000e+00 8.215428e-01 1.784572e-01
 0.000000e+00 0.000000e+00 0.000000e+00 0.000000e+00 0.000000e+00
<ENDHMM>
~h "bg_white_0"
<BEGINHMM>
<NUMSTATES> 5
<STATE> 2
<MEAN> 6
 7.564805e+02 2.254068e+00 5.230047e+00 1.302404e+00 1.739410e+00 1.104760e+00
<VARIANCE> 6
 5.537313e+03 1.716781e+01 4.891036e+02 3.646499e+00 1.740056e+01 3.054069e+00
<GCONST> 3.394888e+01
<STATE> 3
<MEAN> 6
 7.154686e+02 4.359026e+01 1.985563e+01 1.677606e+01 1.883019e+01 1.363767e+01
<VARIANCE> 6
 5.947547e+03 1.799161e+03 4.853881e+02 1.519444e+02 2.488572e+02 1.331893e+02
<GCONST> 4.883018e+01
<STATE> 4
<MEAN> 6
 7.290851e+02 3.679104e+00 5.615855e+00 1.895794e+00 2.367675e+00 1.448297e+00
<VARIANCE> 6
 2.537860e+04 6.345395e+01 5.979029e+02 1.318903e+01 3.237814e+01 9.145344e+00
<GCONST> 3.998278e+01
<TRANSP> 5
 0.000000e+00 1.000000e+00 0.000000e+00 0.000000e+00 0.000000e+00
 0.000000e+00 9.400677e-01 5.993231e-02 0.000000e+00 0.000000e+00
 0.000000e+00 0.000000e+00 9.706492e-01 2.935085e-02 0.000000e+00
 0.000000e+00 0.000000e+00 0.000000e+00 9.480356e-01 5.196441e-02
 0.000000e+00 0.000000e+00 0.000000e+00 0.000000e+00 0.000000e+00
<ENDHMM>
~h "bg_white_0_0"
<BEGINHMM>
<NUMSTATES> 5
<STATE> 2
<MEAN> 6
 7.426695e+02 2.051342e+00 1.036604e+01 1.169437e+00 2.441686e+00 8.600180e-01
<VARIANCE> 6
 9.651639e+03 2.624022e+01 1.116401e+03 3.994398e+00 3.494248e+01 1.957756e+00
<GCONST> 3.609770e+01
<STATE> 3
<MEAN> 6
 6.951884e+02 4.776931e+01 2.489311e+01 1.752098e+01 2.193236e+01 1.535650e+01
<VARIANCE> 6
 6.549017e+03 1.965759e+03 7.087695e+02 1.522550e+02 2.753256e+02 1.622205e+02
<GCONST> 4.969396e+01
<STATE> 4
<MEAN> 6
 7.493703e+02 2.342192e+01 9.915739e+00 1.021056e+01 1.071402e+01 7.760280e+00
<VARIANCE> 6
 3.263751e+03 1.016022e+03 1.930976e+02 1.228289e+02 1.632276e+02 7.308161e+01
<GCONST> 4.550225e+01
<TRANSP> 5
 0.000000e+00 1.000000e+00 0.000000e+00 0.000000e+00 0.000000e+00
 0.000000e+00 8.589874e-01 1.410126e-01 0.000000e+00 0.000000e+00
 0.000000e+00 0.000000e+00 5.986603e-01 4.013397e-01 0.000000e+00
 0.000000e+00 0.000000e+00 0.000000e+00 5.862264e-01 4.137736e-01
 0.000000e+00 0.000000e+00 0.000000e+00 0.000000e+00 0.000000e+00
<ENDHMM>
~h "bg_white_0_1"
<BEGINHMM>
<NUMSTATES> 5
<STATE> 2
<MEAN> 6
 7.447143e+02 3.888708e+01 1.525412e+01 1.306387e+01 1.398182e+01 9.425259e+00
<VARIANCE> 6
 2.776219e+03 1.198176e+03 3.007796e+02 9.492236e+01 1.507402e+02 5.788834e+01
<GCONST> 4.537817e+01
<STATE> 3
<MEAN> 6
 6.744445e+02 5.776319e+01 2.415891e+01 2.145500e+01 2.485524e+01 1.771124e+01
<VARIANCE> 6
 9.748347e+03 2.680983e+03 5.754763e+02 2.120591e+02 3.128541e+02 1.844516e+02
<GCONST> 5.078124e+01
<STATE> 4
<MEAN> 6
 7.701505e+02 9.222467e+00 4.380950e+00 4.368105e+00 4.425238e+00 3.723243e+00
<VARIANCE> 6
 3.159748e+03 3.810612e+02 9.687523e+01 4.817697e+01 7.625523e+01 4.053046e+01
<GCONST> 4.151292e+01
<TRANSP> 5
 0.000000e+00 1.000000e+00 0.000000e+00 0.000000e+00 0.000000e+00
 0.000000e+00 7.413404e-01 2.586596e-01 0.000000e+00 0.000000e+00
 0.000000e+00 0.000000e+00 7.088196e-01 2.911804e-01 0.000000e+00
 0.000000e+00 0.000000e+00 0.000000e+00 8.245496e-01 1.754504e-01
 0.000000e+00 0.000000e+00 0.000000e+00 0.000000e+00 0.000000e+00
<ENDHMM>
~h "bg_white_0_2"
<BEGINHMM>
<NUMSTATES> 5
<STATE> 2
<MEAN> 6
 7.186501e+02 2.234698e+01 1.106415e+01 9.661788e+00 1.035457e+01 7.809739e+00
<VARIANCE> 6
 2.088754e+04 8.043765e+02 2.389624e+02 8.347649e+01 1.523087e+02 7.542985e+01
<GCONST> 4.691422e+01
<STATE> 3
<MEAN> 6
 6.905612e+02 5.401232e+01 2.610264e+01 2.039028e+01 2.327502e+01 1.736774e+01
<VARIANCE> 6
 5.370125e+03 1.840133e+03 6.366046e+02 1.732345e+02 2.816441e+02 1.665760e+02
<GCONST> 4.950035e+01
<STATE> 4
<MEAN> 6
 7.719453e+02 1.056917e+01 5.803600e+00 5.225063e+00 5.368980e+00 4.294920e+00
<VARIANCE> 6
 2.844711e+03 4.210778e+02 1.188082e+02 5.227116e+01 7.356947e+01 3.993122e+01
<GCONST> 4.174264e+01
<TRANSP> 5
 0.000000e+00 1.000000e+00 0.000000e+00 0.000000e+00 0.000000e+00
 0.000000e+00 6.246500e-01 3.753500e-01 0.000000e+00 0.000000e+00
 0.000000e+00 0.000000e+00 7.698145e-01 2.301856e-01 0.000000e+00
 0.000000e+00 0.000000e+00 0.000000e+00 8.330967e-01 1.669033e-01
 0.000000e+00 0.000000e+00 0.000000e+00 0.000000e+00 0.000000e+00
<ENDHMM>
~h "bg_white_0_3"
<BEGINHMM>
<NUMSTATES> 5
<STATE> 2
<MEAN> 6
 7.291378e+02 2.980524e+01 1.282163e+01 1.129480e+01 1.275759e+01 8.985522e+00
<VARIANCE> 6
 1.247091e+04 1.041260e+03 2.317059e+02 8.869966e+01 1.475369e+02 6.505148e+01
<GCONST> 4.650659e+01
<STATE> 3
<MEAN> 6
 6.790743e+02 5.289846e+01 2.522073e+01 2.151682e+01 2.447044e+01 1.811673e+01
<VARIANCE> 6
 8.137691e+03 2.579293e+03 5.949903e+02 1.949637e+02 3.089032e+02 1.943758e+02
<GCONST> 5.055098e+01
<STATE> 4
<MEAN> 6
 7.683412e+02 7.996433e+00 4.993997e+00 4.146254e+00 3.851345e+00 3.181911e+00
<VARIANCE> 6
 2.955472e+03 2.950818e+02 1.543278e+02 4.695328e+01 5.336759e+01 3.079422e+01
<GCONST> 4.099869e+01
<TRANSP> 5
 0.000000e+00 1.000000e+00 0.000000e+00 0.000000e+00 0.000000e+00
 0.000000e+00 7.101736e-01 2.898264e-01 0.000000e+00 0.000000e+00
 0.000000e+00 0.000000e+00 6.718741e-01 3.281260e-01 0.000000e+00
 0.000000e+00 0.000000e+00 0.000000e+00 8.182495e-01 1.817505e-01
 0.000000e+00 0.000000e+00 0.000000e+00 0.000000e+00 0.000000e+00
<ENDHMM>
~h "bg_white_0_4"
<BEGINHMM>
<NUMSTATES> 5
<STATE> 2
<MEAN> 6
 6.936010e+02 1.891140e+01 1.138524e+01 8.485505e+00 8.172709e+00 5.780866e+00
<VARIANCE> 6
 3.396648e+04 6.922150e+02 3.326956e+02 1.013943e+02 1.138711e+02 5.708684e+01
<GCONST> 4.720617e+01
<STATE> 3
<MEAN> 6
 6.996994e+02 5.028182e+01 2.159693e+01 1.794635e+01 2.010230e+01 1.470811e+01
<VARIANCE> 6
 7.018681e+03 1.791996e+03 4.462479e+02 1.456218e+02 2.570172e+02 1.424697e+02
<GCONST> 4.896484e+01
<STATE> 4
<MEAN> 6
 7.624966e+02 5.505244e+00 3.038692e+00 2.382221e+00 2.652190e+00 1.974760e+00
<VARIANCE> 6
 5.198176e+03 2.540112e+02 5.706915e+01 2.303706e+01 4.780759e+01 1.883209e+01
<GCONST> 3.910482e+01
<TRANSP> 5
 0.000000e+00 1.000000e+00 0.000000e+00 0.000000e+00 0.000000e+00
 0.000000e+00 5.577703e-01 4.422297e-01 0.000000e+00 0.000000e+00
 0.000000e+00 0.000000e+00 7.565162e-01 2.434838e-01 0.000000e+00
 0.000000e+00 0.000000e+00 0.000000e+00 8.492086e-01 1.507914e-01
 0.000000e+00 0.000000e+00 0.000000e+00 0.000000e+00 0.000000e+00
<ENDHMM>
~h "bg_white_0_5"
<BEGINHMM>
<NUMSTATES> 5
<STATE> 2
<MEAN> 6
 7.639072e+02 1.194689e+01 5.696445e+00 4.628549e+00 5.330498e+00 3.596743e+00
<VARIANCE> 6
 6.917678e+03 6.259006e+02 1.260485e+02 5.264067e+01 9.241634e+01 3.691682e+01
<GCONST> 4.324342e+01
<STATE> 3
<MEAN> 6
 6.553771e+02 4.396861e+01 3.927130e+01 1.812201e+01 2.371817e+01 1.480071e+01
<VARIANCE> 6
 1.597710e+04 2.591242e+03 3.256386e+03 2.274542e+02 3.261045e+02 1.636487e+02
<GCONST> 5.296633e+01
<STATE> 4
<MEAN> 6
 6.838710e+02 3.340507e+00 4.359567e+00 1.439783e+00 2.077758e+00 1.167876e+00
<VARIANCE> 6
 3.692143e+04 1.205198e+02 4.085421e+02 1.580512e+01 3.466768e+01 1.180135e+01
<GCONST> 4.112257e+01
<TRANSP> 5
 0.000000e+00 1.000000e+00 0.000000e+00 0.000000e+00 0.000000e+00
 0.000000e+00 7.497336e-01 2.502664e-01 0.000000e+00 0.000000e+00
 0.000000e+00 0.000000e+00 5.997693e-01 4.002307e-01 0.000000e+00
 0.000000e+00 0.000000e+00 0.000000e+00 8.183701e-01 1.816299e-01
 0.000000e+00 0.000000e+00 0.000000e+00 0.000000e+00 0.000000e+00
<ENDHMM>
~h "bg_board"
<BEGINHMM>
<NUMSTATES> 5
<STATE> 2
<MEAN> 6
 1.539110e+02 1.724377e+01 8.437569e+00 4.680785e+00 2.559175e+00 9.934011e-01
<VARIANCE> 6
 2.836691e+03 2.601214e+02 6.486260e+01 9.413512e+00 2.933506e+00 7.225729e-01
<GCONST> 3.170448e+01
<STATE> 3
<MEAN> 6
 2.373576e+02 4.302919e+01 1.432053e+01 1.174123e+01 4.869661e+00 2.611686e+00
<VARIANCE> 6
 6.267137e+03 2.193906e+03 2.095335e+02 5.393311e+01 1.269581e+01 4.316795e+00
<GCONST> 4.080019e+01
<STATE> 4
<MEAN> 6
 3.044156e+02 1.610286e+01 8.394601e+00 4.837426e+00 3.036461e+00 1.318434e+00
<VARIANCE> 6
 9.133407e+03 2.625664e+02 6.034497e+01 1.164050e+01 4.060163e+00 1.411871e+00
<GCONST> 3.401817e+01
<TRANSP> 5
 0.000000e+00 1.000000e+00 0.000000e+00 0.000000e+00 0.000000e+00
 0.000000e+00 9.671804e-01 3.281961e-02 0.000000e+00 0.000000e+00
 0.000000e+00 0.000000e+00 9.552330e-01 4.476695e-02 0.000000e+00
 0.000000e+00 0.000000e+00 0.000000e+00 9.418352e-01 5.816486e-02
 0.000000e+00 0.000000e+00 0.000000e+00 0.000000e+00 0.000000e+00
<ENDHMM>
~h "bg_board_0"
<BEGINHMM>
<NUMSTATES> 5
<STATE> 2
<MEAN> 6
 1.929078e+02 2.176328e+01 9.632698e+00 6.468575e+00 3.125092e+00 1.508250e+00
<VARIANCE> 6
 2.625323e+03 4.244256e+02 7.215855e+01 1.251720e+01 2.461857e+00 1.275307e+00
<GCONST> 3.290103e+01
<STATE> 3
<MEAN> 6
 2.018352e+02 4.339827e+01 1.441014e+01 1.001398e+01 4.786718e+00 1.979737e+00
<VARIANCE> 6
 3.952620e+03 1.732997e+03 2.341575e+02 3.429700e+01 1.137650e+01 3.375753e+00
<GCONST> 3.940622e+01
<STATE> 4
<MEAN> 6
 1.724249e+02 1.556898e+01 7.173418e+00 4.203174e+00 2.372850e+00 8.111717e-01
<VARIANCE> 6
 3.231232e+03 2.533022e+02 4.091664e+01 1.019987e+01 2.399708e+00 3.591030e-01
<GCONST> 3.052758e+01
<TRANSP> 5
 0.000000e+00 1.000000e+00 0.000000e+00 0.000000e+00 0.000000e+00
 0.000000e+00 7.295155e-01 2.704845e-01 0.000000e+00 0.000000e+00
 0.000000e+00 0.000000e+00 5.419573e-01 4.580428e-01 0.000000e+00
 0.000000e+00 0.000000e+00 0.000000e+00 8.365940e-01 1.634060e-01
 0.000000e+00 0.000000e+00 0.000000e+00 0.000000e+00 0.000000e+00
<ENDHMM>
~h "bg_board_1"
<BEGINHMM>
<NUMSTATES> 5
<STATE> 2
<MEAN> 6
 1.861251e+02 2.291571e+01 9.391315e+00 6.491368e+00 2.996273e+00 1.344905e+00
<VARIANCE> 6
 2.831499e+03 4.061082e+02 6.103676e+01 1.584996e+01 3.102439e+00 1.003768e+00
<GCONST> 3.299304e+01
<STATE> 3
<MEAN> 6
 2.085090e+02 4.427392e+01 1.775654e+01 1.111098e+01 5.049630e+00 2.579350e+00
<VARIANCE> 6
 4.894579e+03 1.917176e+03 4.601851e+02 3.798662e+01 2.709051e+01 6.526724e+00
<GCONST> 4.202571e+01
<STATE> 4
<MEAN> 6
 1.567367e+02 1.436005e+01 6.567665e+00 3.843342e+00 2.007494e+00 7.670859e-01
<VARIANCE> 6
 3.782288e+03 2.335073e+02 3.443045e+01 6.892545e+00 1.699732e+00 3.615177e-01
<GCONST> 2.970097e+01
<TRANSP> 5
 0.000000e+00 1.000000e+00 0.000000e+00 0.000000e+00 0.000000e+00
 0.000000e+00 7.414826e-01 2.585174e-01 0.000000e+00 0.000000e+00
 0.000000e+00 0.000000e+00 6.534862e-01 3.465138e-01 0.000000e+00
 0.000000e+00 0.000000e+00 0.000000e+00 8.398951e-01 1.601049e-01
 0.000000e+00 0.000000e+00 0.000000e+00 0.000000e+00 0.000000e+00
<ENDHMM>
~h "bg_board_2"
<BEGINHMM>
<NUMSTATES> 5
<STATE> 2
<MEAN> 6
 1.484810e+02 1.598590e+01 7.751166e+00 4.415693e+00 2.294918e+00 8.527777e-01
<VARIANCE> 6
 2.883532e+03 2.575080e+02 4.142807e+01 8.989604e+00 2.222697e+00 4.568842e-01
<GCONST> 3.048051e+01
<STATE> 3
<MEAN> 6
 2.152394e+02 4.704813e+01 1.436359e+01 1.283416e+01 4.582546e+00 2.172759e+00
<VARIANCE> 6
 4.188447e+03 2.813719e+03 1.689592e+02 8.578820e+01 1.555593e+01 3.072207e+00
<GCONST> 4.075798e+01
<STATE> 4
<MEAN> 6
 2.154596e+02 2.309676e+01 1.254143e+01 6.806454e+00 3.402390e+00 1.574768e+00
<VARIANCE> 6
 5.474584e+03 5.687324e+02 1.142047e+02 1.820922e+01 4.923635e+00 1.426575e+00
<GCONST> 3.556779e+01
<TRANSP> 5
 0.000000e+00 1.000000e+00 0.000000e+00 0.000000e+00 0.000000e+00
 0.000000e+00 8.397864e-01 1.602137e-01 0.000000e+00 0.000000e+00
 0.000000e+00 0.000000e+00 6.228452e-01 3.771549e-01 0.000000e+00
 0.000000e+00 0.000000e+00 0.000000e+00 7.565077e-01 2.434923e-01
 0.000000e+00 0.000000e+00 0.000000e+00 0.000000e+00 0.000000e+00
<ENDHMM>
~h "bg_board_3"
<BEGINHMM>
<NUMSTATES> 5
<STATE> 2
<MEAN> 6
 1.419554e+02 2.015409e+01 8.758468e+00 4.735232e+00 2.634103e+00 9.911328e-01
<VARIANCE> 6
 4.699952e+03 5.442966e+02 7.793789e+01 1.306643e+01 4.442486e+00 9.757066e-01
<GCONST> 3.417464e+01
<STATE> 3
<MEAN> 6
 2.188206e+02 5.151286e+01 1.407241e+01 1.321290e+01 5.077739e+00 2.529076e+00
<VARIANCE> 6
 4.935167e+03 3.431910e+03 1.591201e+02 8.392296e+01 1.117952e+01 4.733158e+00
<GCONST> 4.114051e+01
<STATE> 4
<MEAN> 6
 2.588683e+02 2.165720e+01 9.311311e+00 6.724354e+00 3.272380e+00 1.539165e+00
<VARIANCE> 6
 7.622580e+03 4.969041e+02 8.158191e+01 2.589886e+01 4.137710e+00 2.082308e+00
<GCONST> 3.598396e+01
<TRANSP> 5
 0.000000e+00 1.000000e+00 0.000000e+00 0.000000e+00 0.000000e+00
 0.000000e+00 8.013130e-01 1.986870e-01 0.000000e+00 0.000000e+00
 0.000000e+00 0.000000e+00 5.990843e-01 4.009157e-01 0.000000e+00
 0.000000e+00 0.000000e+00 0.000000e+00 7.764199e-01 2.235801e-01
 0.000000e+00 0.000000e+00 0.000000e+00 0.000000e+00 0.000000e+00
<ENDHMM>
~h "bg_board_4"
<BEGINHMM>
<NUMSTATES> 5
<STATE> 2
<MEAN> 6
 1.945907e+02 2.070803e+01 9.281719e+00 5.880954e+00 3.481945e+00 1.602580e+00
<VARIANCE> 6
 4.633159e+03 4.491158e+02 7.403883e+01 1.489386e+01 4.415069e+00 2.085019e+00
<GCONST> 3.480088e+01
<STATE> 3
<MEAN> 6
 2.705732e+02 5.351173e+01 1.732712e+01 1.367149e+01 5.507556e+00 3.013659e+00
<VARIANCE> 6
 7.474775e+03 3.351985e+03 2.242232e+02 8.910922e+01 1.182444e+01 4.767048e+00
<GCONST> 4.199826e+01
<STATE> 4
<MEAN> 6
 3.160121e+02 2.335750e+01 1.113706e+01 7.677007e+00 3.686349e+00 1.954429e+00
<VARIANCE> 6
 7.270650e+03 5.081624e+02 1.009450e+02 3.188555e+01 5.761480e+00 2.184586e+00
<GCONST> 3.675901e+01
<TRANSP> 5
 0.000000e+00 1.000000e+00 0.000000e+00 0.000000e+00 0.000000e+00
 0.000000e+00 8.405710e-01 1.594290e-01 0.000000e+00 0.000000e+00
 0.000000e+00 0.000000e+00 6.331938e-01 3.668062e-01 0.000000e+00
 0.000000e+00 0.000000e+00 0.000000e+00 7.500864e-01 2.499137e-01
 0.000000e+00 0.000000e+00 0.000000e+00 0.000000e+00 0.000000e+00
<ENDHMM>
~h "bg_board_5"
<BEGINHMM>
<NUMSTATES> 5
<STATE> 2
<MEAN> 6
 3.011687e+02 2.450061e+01 1.094674e+01 8.037539e+00 4.220379e+00 2.284318e+00
<VARIANCE> 6
 9.605998e+03 4.492616e+02 9.165454e+01 2.702978e+01 6.338862e+00 2.764135e+00
<GCONST> 3.698340e+01
<STATE> 3
<MEAN> 6
 2.904457e+02 5.551903e+01 1.782179e+01 1.241346e+01 5.663908e+00 3.141122e+00
<VARIANCE> 6
 8.452963e+03 3.246958e+03 3.303841e+02 6.544373e+01 1.817372e+01 7.685687e+00
<GCONST> 4.307579e+01
<STATE> 4
<MEAN> 6
 3.249317e+02 1.577413e+01 6.854479e+00 4.927786e+00 3.087270e+00 1.513980e+00
<VARIANCE> 6
 1.331270e+04 3.775535e+02 3.536680e+01 1.401321e+01 4.414508e+00 2.034839e+00
<GCONST> 3.485854e+01
<TRANSP> 5
 0.000000e+00 1.000000e+00 0.000000e+00 0.000000e+00 0.000000e+00
 0.000000e+00 7.601851e-01 2.398149e-01 0.000000e+00 0.000000e+00
 0.000000e+00 0.000000e+00 5.370087e-01 4.629913e-01 0.000000e+00
 0.000000e+00 0.000000e+00 0.000000e+00 8.236409e-01 1.763591e-01
 0.000000e+00 0.000000e+00 0.000000e+00 0.000000e+00 0.000000e+00
<ENDHMM>
~h "fp_logo"
<BEGINHMM>
<NUMSTATES> 5
<STATE> 2
<MEAN> 6
 1.615977e+02 9.486469e+00 3.807449e+00 4.195087e+00 1.881598e+00 1.051260e+00
<VARIANCE> 6
 2.671488e+03 1.589403e+02 1.366448e+01 2.051319e+01 2.528048e+00 1.609958e+00
<GCONST> 3.102571e+01
<STATE> 3
<MEAN> 6
 4.172882e+02 8.258916e+01 5.292833e+01 2.095839e+01 1.478173e+01 6.097723e+00
<VARIANCE> 6
 4.686072e+04 7.895652e+03 5.590839e+03 4.191415e+02 2.946881e+02 4.076201e+01
<GCONST> 5.481703e+01
<STATE> 4
<MEAN> 6
 2.781971e+02 3.171606e+00 3.415974e+00 1.471181e+00 1.371003e+00 4.651164e-01
<VARIANCE> 6
 1.749916e+04 6.793666e+00 8.285822e+00 9.285356e-01 1.012882e+00 1.815545e-01
<GCONST> 2.306016e+01
<TRANSP> 5
 0.000000e+00 1.000000e+00 0.000000e+00 0.000000e+00 0.000000e+00
 0.000000e+00 9.518928e-01 4.810724e-02 0.000000e+00 0.000000e+00
 0.000000e+00 0.000000e+00 9.094624e-01 9.053759e-02 0.000000e+00
 0.000000e+00 0.000000e+00 0.000000e+00 9.738000e-01 2.619997e-02
 0.000000e+00 0.000000e+00 0.000000e+00 0.000000e+00 0.000000e+00
<ENDHMM>
~h "fp_logo_0"
<BEGINHMM>
<NUMSTATES> 5
<STATE> 2
<MEAN> 6
 1.597738e+02 1.184789e+01 3.841408e+00 4.692407e+00 1.697923e+00 8.132240e-01
<VARIANCE> 6
 9.122255e+02 2.939874e+02 9.430257e+00 2.557674e+01 1.426717e+00 5.817778e-01
<GCONST> 2.882600e+01
<STATE> 3
<MEAN> 6
 2.232574e+02 6.658496e+01 6.503991e+00 1.130118e+01 2.462420e+00 1.601876e+00
<VARIANCE> 6
 2.230586e+04 1.352969e+04 4.016472e+01 2.353422e+02 3.662605e+00 2.654317e+00
<GCONST> 4.198090e+01
<STATE> 4
<MEAN> 6
 1.382109e+02 4.806221e+00 2.776282e+00 1.791952e+00 1.142793e+00 3.894284e-01
<VARIANCE> 6
 2.861660e+03 2.198436e+02 5.691847e+00 1.424061e+01 1.127934e+00 1.167736e-01
<GCONST> 2.674734e+01
<TRANSP> 5
 0.000000e+00 1.000000e+00 0.000000e+00 0.000000e+00 0.000000e+00
 0.000000e+00 7.321842e-01 2.678158e-01 0.000000e+00 0.000000e+00
 0.000000e+00 0.000000e+00 2.958051e-01 7.041950e-01 0.000000e+00
 0.000000e+00 0.000000e+00 0.000000e+00 8.539300e-01 1.460700e-01
 0.000000e+00 0.000000e+00 0.000000e+00 0.000000e+00 0.000000e+00
<ENDHMM>
~h "fp_logo_1"
<BEGINHMM>
<NUMSTATES> 5
<STATE> 2
<MEAN> 6
 1.558218e+02 6.437053e+00 3.670416e+00 3.337002e+00 2.076775e+00 1.249496e+00
<VARIANCE> 6
 3.902659e+03 2.111824e+02 1.691211e+01 2.601361e+01 3.804972e+00 2.665135e+00
<GCONST> 3.305261e+01
<STATE> 3
<MEAN> 6
 3.814268e+02 9.540813e+01 6.730150e+01 2.697918e+01 1.892776e+01 7.524108e+00
<VARIANCE> 6
 4.463687e+04 6.804463e+03 5.862761e+03 4.004433e+02 3.337915e+02 4.843010e+01
<GCONST> 5.491850e+01
<STATE> 4
<MEAN> 6
 3.328029e+02 3.925267e+01 3.795288e+01 8.571606e+00 1.167050e+01 2.517728e+00
<VARIANCE> 6
 6.345568e+04 4.374258e+03 5.193906e+03 1.590972e+02 2.884273e+02 1.417393e+01
<GCONST> 5.240946e+01
<TRANSP> 5
 0.000000e+00 1.000000e+00 0.000000e+00 0.000000e+00 0.000000e+00
 0.000000e+00 8.815808e-01 1.184192e-01 0.000000e+00 0.000000e+00
 0.000000e+00 0.000000e+00 6.438755e-01 3.561246e-01 0.000000e+00
 0.000000e+00 0.000000e+00 0.000000e+00 4.277264e-01 5.722736e-01
 0.000000e+00 0.000000e+00 0.000000e+00 0.000000e+00 0.000000e+00
<ENDHMM>
~h "fp_logo_2"
<BEGINHMM>
<NUMSTATES> 5
<STATE> 2
<MEAN> 6
 3.000800e+02 3.691492e+01 3.011780e+01 8.094213e+00 9.196018e+00 2.928872e+00
<VARIANCE> 6
 4.775139e+04 3.977555e+03 4.024610e+03 1.491506e+02 2.099149e+02 1.695374e+01
<GCONST> 5.157178e+01
<STATE> 3
<MEAN> 6
 3.843241e+02 7.969043e+01 7.300685e+01 2.373196e+01 1.904171e+01 8.416802e+00
<VARIANCE> 6
 3.978025e+04 8.106206e+03 8.232382e+03 6.013717e+02 3.764832e+02 6.216195e+01
<GCONST> 5.609443e+01
<STATE> 4
<MEAN> 6
 1.833339e+02 8.200078e+00 4.536830e+00 3.441894e+00 2.185754e+00 9.736470e-01
<VARIANCE> 6
 7.206350e+03 3.026622e+02 8.689693e+01 2.241009e+01 2.203280e+01 1.509835e+00
<GCONST> 3.670137e+01
<TRANSP> 5
 0.000000e+00 1.000000e+00 0.000000e+00 0.000000e+00 0.000000e+00
 0.000000e+00 3.890436e-01 6.109564e-01 0.000000e+00 0.000000e+00
 0.000000e+00 0.000000e+00 7.003348e-01 2.996652e-01 0.000000e+00
 0.000000e+00 0.000000e+00 0.000000e+00 8.754075e-01 1.245925e-01
 0.000000e+00 0.000000e+00 0.000000e+00 0.000000e+00 0.000000e+00
<ENDHMM>
~h "fp_logo_3"
<BEGINHMM>
<NUMSTATES> 5
<STATE> 2
<MEAN> 6
 2.360345e+02 2.276487e+01 1.158537e+01 6.331061e+00 5.405982e+00 1.275165e+00
<VARIANCE> 6
 1.717090e+04 1.827383e+03 5.638018e+02 1.090165e+02 1.491994e+02 3.396812e+00
<GCONST> 4.554319e+01
<STATE> 3
<MEAN> 6
 3.001574e+02 5.145362e+01 4.796945e+00 1.050350e+01 1.849656e+00 1.340138e+00
<VARIANCE> 6
 3.094421e+04 5.807422e+03 1.709488e+01 1.513514e+02 2.039274e+00 1.091511e+00
<GCONST> 3.869263e+01
<STATE> 4
<MEAN> 6
 2.370880e+02 6.626490e+00 3.904001e+00 2.251093e+00 1.536823e+00 5.546291e-01
<VARIANCE> 6
 1.063329e+04 2.714740e+02 9.272788e+00 1.187943e+01 1.111182e+00 3.608651e-01
<GCONST> 2.969094e+01
<TRANSP> 5
 0.000000e+00 1.000000e+00 0.000000e+00 0.000000e+00 0.000000e+00
 0.000000e+00 7.409159e-03 9.925908e-01 0.000000e+00 0.000000e+00
 0.000000e+00 0.000000e+00 5.471787e-01 4.528213e-01 0.000000e+00
 0.000000e+00 0.000000e+00 0.000000e+00 8.861587e-01 1.138413e-01
 0.000000e+00 0.000000e+00 0.000000e+00 0.000000e+00 0.000000e+00
<ENDHMM>
~h "fp_logo_4"
<BEGINHMM>
<NUMSTATES> 5
<STATE> 2
<MEAN> 6
 2.570624e+02 1.935272e+01 8.553917e+00 6.930563e+00 2.174092e+00 1.163126e+00
<VARIANCE> 6
 1.013919e+04 1.124326e+03 1.746633e+02 6.231777e+01 2.095572e+00 1.336580e+00
<GCONST> 3.760142e+01
<STATE> 3
<MEAN> 6
 4.617324e+02 3.681534e+01 2.522808e+01 1.231478e+01 6.746288e+00 2.919903e+00
<VARIANCE> 6
 7.479312e+04 3.630093e+03 1.815031e+03 2.547873e+02 8.141603e+01 1.278892e+01
<GCONST> 5.043920e+01
<STATE> 4
<MEAN> 6
 3.138941e+02 3.901025e+00 4.007794e+00 1.705169e+00 1.780751e+00 5.924094e-01
<VARIANCE> 6
 9.612853e+03 1.802801e+01 1.983318e+01 1.491337e+00 2.124136e+00 3.174233e-01
<GCONST> 2.608292e+01
<TRANSP> 5
 0.000000e+00 1.000000e+00 0.000000e+00 0.000000e+00 0.000000e+00
 0.000000e+00 5.162324e-01 4.837676e-01 0.000000e+00 0.000000e+00
 0.000000e+00 0.000000e+00 3.890528e-01 6.109472e-01 0.000000e+00
 0.000000e+00 0.000000e+00 0.000000e+00 8.924279e-01 1.075721e-01
 0.000000e+00 0.000000e+00 0.000000e+00 0.000000e+00 0.000000e+00
<ENDHMM>
~h "fp_logo_5"
<BEGINHMM>
<NUMSTATES> 5
<STATE> 2
<MEAN> 6
 3.293939e+02 7.154092e+00 5.273671e+00 2.004071e+00 2.593205e+00 7.181421e-01
<VARIANCE> 6
 9.884713e+03 8.371014e+01 1.058619e+02 5.131971e+00 8.947989e+00 6.789312e-01
<GCONST> 3.275519e+01
<STATE> 3
<MEAN> 6
 3.354547e+02 6.004753e+00 9.833358e+00 2.441068e+00 3.039143e+00 1.755717e+00
<VARIANCE> 6
 1.042237e+04 5.690043e+01 4.961189e+02 6.193898e+00 1.046712e+01 1.289317e+01
<GCONST> 3.725559e+01
<STATE> 4
<MEAN> 6
 3.940194e+02 2.553938e+00 3.294964e+00 1.231076e+00 1.150211e+00 4.040909e-01
<VARIANCE> 6
 1.333823e+04 4.461153e+00 6.533908e+00 8.126731e-01 7.899911e-01 1.146701e-01
<GCONST> 2.128921e+01
<TRANSP> 5
 0.000000e+00 1.000000e+00 0.000000e+00 0.000000e+00 0.000000e+00
 0.000000e+00 1.311343e-07 9.999999e-01 0.000000e+00 0.000000e+00
 0.000000e+00 0.000000e+00 1.330685e-01 8.669315e-01 0.000000e+00
 0.000000e+00 0.000000e+00 0.000000e+00 8.984411e-01 1.015589e-01
 0.000000e+00 0.000000e+00 0.000000e+00 0.000000e+00 0.000000e+00
<ENDHMM>
~h "fp_screen"
<BEGINHMM>
<NUMSTATES> 5
<STATE> 2
<MEAN> 6
 3.385977e+02 1.442730e+01 8.560936e+00 3.948999e+00 3.267183e+00 1.130901e+00
<VARIANCE> 6
 2.490785e+04 4.016397e+02 2.160955e+02 1.929920e+01 1.599807e+01 2.080485e+00
<GCONST> 3.898661e+01
<STATE> 3
<MEAN> 6
 5.551343e+02 7.125613e+01 2.855643e+01 1.905458e+01 1.131850e+01 5.806844e+00
<VARIANCE> 6
 3.305221e+04 5.027740e+03 1.764825e+03 2.291803e+02 1.515839e+02 4.249216e+01
<GCONST> 5.163660e+01
<STATE> 4
<MEAN> 6
 3.886682e+02 4.567840e+00 7.311264e+00 1.882337e+00 2.227401e+00 7.677395e-01
<VARIANCE> 6
 1.205776e+04 3.177835e+01 1.678508e+02 3.274203e+00 8.455521e+00 8.731326e-01
<GCONST> 3.219182e+01
<TRANSP> 5
 0.000000e+00 1.000000e+00 0.000000e+00 0.000000e+00 0.000000e+00
 0.000000e+00 9.382689e-01 6.173114e-02 0.000000e+00 0.000000e+00
 0.000000e+00 0.000000e+00 9.220222e-01 7.797782e-02 0.000000e+00
 0.000000e+00 0.000000e+00 0.000000e+00 9.755958e-01 2.440420e-02
 0.000000e+00 0.000000e+00 0.000000e+00 0.000000e+00 0.000000e+00
<ENDHMM>
~h "fp_screen_0"
<BEGINHMM>
<NUMSTATES> 5
<STATE> 2
<MEAN> 6
 3.178462e+02 1.358488e+01 2.127860e+01 4.056870e+00 6.624185e+00 1.649031e+00
<VARIANCE> 6
 2.964915e+04 5.881505e+02 6.385456e+02 2.429533e+01 4.118869e+01 4.589715e+00
<GCONST> 4.259290e+01
<STATE> 3
<MEAN> 6
 5.333255e+02 5.934830e+01 3.113463e+01 1.409792e+01 9.719212e+00 4.217484e+00
<VARIANCE> 6
 4.775657e+04 2.248410e+03 1.204520e+03 1.269090e+02 5.969439e+01 2.809753e+01
<GCONST> 4.888134e+01
<STATE> 4
<MEAN> 6
 4.273656e+02 8.348622e+00 4.441346e+00 2.420904e+00 1.552052e+00 8.112047e-01
<VARIANCE> 6
 1.949222e+04 2.944055e+02 1.078564e+02 1.990339e+01 6.222888e+00 3.050510e+00
<GCONST> 3.720522e+01
<TRANSP> 5
 0.000000e+00 1.000000e+00 0.000000e+00 0.000000e+00 0.000000e+00
 0.000000e+00 6.053391e-01 3.946610e-01 0.000000e+00 0.000000e+00
 0.000000e+00 0.000000e+00 5.480466e-01 4.519534e-01 0.000000e+00
 0.000000e+00 0.000000e+00 0.000000e+00 8.621367e-01 1.378633e-01
 0.000000e+00 0.000000e+00 0.000000e+00 0.000000e+00 0.000000e+00
<ENDHMM>
~h "fp_screen_1"
<BEGINHMM>
<NUMSTATES> 5
<STATE> 2
<MEAN> 6
 3.553846e+02 2.407853e+01 7.103052e+00 6.417118e+00 2.836808e+00 1.604103e+00
<VARIANCE> 6
 4.931912e+04 8.494692e+02 2.507280e+02 5.197534e+01 1.408096e+01 7.870072e+00
<GCONST> 4.276097e+01
<STATE> 3
<MEAN> 6
 5.338491e+02 5.486000e+01 2.262402e+01 1.971712e+01 5.469658e+00 3.680578e+00
<VARIANCE> 6
 2.998639e+04 3.462094e+03 1.672573e+03 4.081157e+02 4.893623e+01 3.103057e+01
<GCONST> 5.024455e+01
<STATE> 4
<MEAN> 6
 4.219109e+02 5.669570e+00 4.934205e+00 2.089995e+00 1.901628e+00 6.443815e-01
<VARIANCE> 6
 3.412926e+03 1.784824e+02 1.155663e+02 2.008839e+01 7.603570e+00 5.345513e-01
<GCONST> 3.349936e+01
<TRANSP> 5
 0.000000e+00 1.000000e+00 0.000000e+00 0.000000e+00 0.000000e+00
 0.000000e+00 6.604332e-01 3.395669e-01 0.000000e+00 0.000000e+00
 0.000000e+00 0.000000e+00 5.132195e-01 4.867806e-01 0.000000e+00
 0.000000e+00 0.000000e+00 0.000000e+00 8.750119e-01 1.249882e-01
 0.000000e+00 0.000000e+00 0.000000e+00 0.000000e+00 0.000000e+00
<ENDHMM>
~h "fp_screen_2"
<BEGINHMM>
<NUMSTATES> 5
<STATE> 2
<MEAN> 6
 3.609488e+02 8.644482e+00 1.193105e+01 3.070584e+00 4.080087e+00 9.402335e-01
<VARIANCE> 6
 1.019822e+04 2.302789e+02 4.224886e+02 2.521670e+01 2.058813e+01 8.848071e-01
<GCONST> 3.787252e+01
<STATE> 3
<MEAN> 6
 5.829939e+02 8.808472e+01 3.012541e+01 2.424306e+01 1.501974e+01 8.038351e+00
<VARIANCE> 6
 3.427694e+04 6.549075e+03 1.948746e+03 2.396056e+02 2.196596e+02 5.582111e+01
<GCONST> 5.272473e+01
<STATE> 4
<MEAN> 6
 4.075440e+02 3.737866e+01 1.840285e+01 1.148726e+01 6.934744e+00 4.005755e+00
<VARIANCE> 6
 1.818938e+04 1.852274e+03 1.310060e+03 1.261606e+02 1.074580e+02 2.819373e+01
<GCONST> 4.839161e+01
<TRANSP> 5
 0.000000e+00 1.000000e+00 0.000000e+00 0.000000e+00 0.000000e+00
 0.000000e+00 8.726541e-01 1.273459e-01 0.000000e+00 0.000000e+00
 0.000000e+00 0.000000e+00 6.873147e-01 3.126853e-01 0.000000e+00
 0.000000e+00 0.000000e+00 0.000000e+00 4.869878e-01 5.130122e-01
 0.000000e+00 0.000000e+00 0.000000e+00 0.000000e+00 0.000000e+00
<ENDHMM>
~h "fp_screen_3"
<BEGINHMM>
<NUMSTATES> 5
<STATE> 2
<MEAN> 6
 3.931983e+02 4.213757e+01 1.722183e+01 1.162985e+01 6.466087e+00 3.438199e+00
<VARIANCE> 6
 2.339968e+04 2.175998e+03 1.256218e+03 1.192410e+02 1.040485e+02 2.760832e+01
<GCONST> 4.865296e+01
<STATE> 3
<MEAN> 6
 5.548230e+02 9.610218e+01 2.424322e+01 1.884355e+01 1.456700e+01 7.722517e+00
<VARIANCE> 6
 3.878321e+04 8.468597e+03 1.495822e+03 1.837457e+02 1.946266e+02 4.944705e+01
<GCONST> 5.233310e+01
<STATE> 4
<MEAN> 6
 3.623638e+02 9.425621e+00 4.675780e+00 2.884044e+00 2.161220e+00 9.974122e-01
<VARIANCE> 6
 5.145964e+03 3.784670e+02 2.997332e+01 1.419598e+01 5.044200e+00 1.837151e+00
<GCONST> 3.378908e+01
<TRANSP> 5
 0.000000e+00 1.000000e+00 0.000000e+00 0.000000e+00 0.000000e+00
 0.000000e+00 5.079604e-01 4.920396e-01 0.000000e+00 0.000000e+00
 0.000000e+00 0.000000e+00 4.883890e-01 5.116110e-01 0.000000e+00
 0.000000e+00 0.000000e+00 0.000000e+00 8.752033e-01 1.247967e-01
 0.000000e+00 0.000000e+00 0.000000e+00 0.000000e+00 0.000000e+00
<ENDHMM>
~h "fp_screen_4"
<BEGINHMM>
<NUMSTATES> 5
<STATE> 2
<MEAN> 6
 3.825067e+02 1.760405e+01 8.302508e+00 5.578211e+00 3.277127e+00 1.776527e+00
<VARIANCE> 6
 1.137835e+04 1.111330e+03 8.755654e+01 3.752752e+01 1.042781e+01 4.436399e+00
<GCONST> 3.931172e+01
<STATE> 3
<MEAN> 6
 4.847412e+02 4.287147e+01 3.013953e+01 1.227378e+01 1.024073e+01 4.785122e+00
<VARIANCE> 6
 3.810407e+04 3.650922e+03 2.143296e+03 1.554700e+02 1.654394e+02 2.410209e+01
<GCONST> 5.078553e+01
<STATE> 4
<MEAN> 6
 3.064167e+02 5.998285e+00 1.158848e+01 2.457850e+00 3.037781e+00 9.374843e-01
<VARIANCE> 6
 1.116207e+04 4.232512e+01 2.494943e+02 3.193131e+00 1.152934e+01 7.289084e-01
<GCONST> 3.290204e+01
<TRANSP> 5
 0.000000e+00 1.000000e+00 0.000000e+00 0.000000e+00 0.000000e+00
 0.000000e+00 6.081117e-01 3.918883e-01 0.000000e+00 0.000000e+00
 0.000000e+00 0.000000e+00 4.103748e-01 5.896252e-01 0.000000e+00
 0.000000e+00 0.000000e+00 0.000000e+00 8.857439e-01 1.142562e-01
 0.000000e+00 0.000000e+00 0.000000e+00 0.000000e+00 0.000000e+00
<ENDHMM>
~h "fp_screen_5"
<BEGINHMM>
<NUMSTATES> 5
<STATE> 2
<MEAN> 6
 2.477753e+02 9.883798e+00 2.471997e+01 3.705105e+00 8.243180e+00 1.806224e+00
<VARIANCE> 6
 1.359778e+04 1.538686e+02 8.269615e+02 9.965338e+00 4.406623e+01 2.588961e+00
<GCONST> 3.933485e+01
<STATE> 3
<MEAN> 6
 3.061238e+02 3.431826e+00 1.637130e+01 1.812264e+00 3.770202e+00 7.240962e-01
<VARIANCE> 6
 1.019366e+04 7.058597e+00 5.773385e+02 8.636481e-01 1.568362e+01 3.090239e-01
<GCONST> 3.000115e+01
<STATE> 4
<MEAN> 6
 5.071158e+02 2.149144e+00 2.961761e+00 8.678041e-01 7.232121e-01 2.873181e-01
<VARIANCE> 6
 1.488966e+04 2.949978e+00 4.385652e+00 3.589426e-01 3.009836e-01 2.476620e-02
<GCONST> 1.727225e+01
<TRANSP> 5
 0.000000e+00 1.000000e+00 0.000000e+00 0.000000e+00 0.000000e+00
 0.000000e+00 3.411858e-01 6.588141e-01 0.000000e+00 0.000000e+00
 0.000000e+00 0.000000e+00 6.662915e-01 3.337085e-01 0.000000e+00
 0.000000e+00 0.000000e+00 0.000000e+00 8.664083e-01 1.335917e-01
 0.000000e+00 0.000000e+00 0.000000e+00 0.000000e+00 0.000000e+00
<ENDHMM>
~h "fp_key"
<BEGINHMM>
<NUMSTATES> 5
<STATE> 2
<MEAN> 6
 1.847041e+02 1.722833e+01 5.312881e+00 4.268091e+00 1.829443e+00 9.880154e-01
<VARIANCE> 6
 8.518097e+03 7.650061e+02 1.300141e+02 3.345928e+01 5.116561e+00 2.003452e+00
<GCONST> 3.742242e+01
<STATE> 3
<MEAN> 6
 4.188930e+02 7.540002e+01 2.922952e+01 1.640477e+01 9.602016e+00 3.793720e+00
<VARIANCE> 6
 4.791281e+04 4.869290e+03 2.581725e+03 1.997677e+02 1.957871e+02 2.715054e+01
<GCONST> 5.202689e+01
<STATE> 4
<MEAN> 6
 3.209857e+02 3.690910e+00 5.745821e+00 1.027570e+00 1.323283e+00 3.521756e-01
<VARIANCE> 6
 2.133554e+04 1.796627e+01 1.690758e+02 6.414548e-01 5.199596e+00 6.894461e-02
<GCONST> 2.754435e+01
<TRANSP> 5
 0.000000e+00 1.000000e+00 0.000000e+00 0.000000e+00 0.000000e+00
 0.000000e+00 9.341728e-01 6.582722e-02 0.000000e+00 0.000000e+00
 0.000000e+00 0.000000e+00 9.725671e-01 2.743287e-02 0.000000e+00
 0.000000e+00 0.000000e+00 0.000000e+00 9.455222e-01 5.447777e-02
 0.000000e+00 0.000000e+00 0.000000e+00 0.000000e+00 0.000000e+00
<ENDHMM>
~h "fp_key_0"
<BEGINHMM>
<NUMSTATES> 5
<STATE> 2
<MEAN> 6
 1.980451e+02 1.412813e+01 5.232155e+00 3.601828e+00 1.473915e+00 5.222728e-01
<VARIANCE> 6
 9.775348e+03 7.435767e+02 2.547877e+02 3.698609e+01 3.189366e+00 2.731525e-01
<GCONST> 3.583942e+01
<STATE> 3
<MEAN> 6
 3.447416e+02 7.042235e+01 4.723446e+01 1.651921e+01 1.505455e+01 4.853874e+00
<VARIANCE> 6
 3.648350e+04 4.223281e+03 2.950980e+03 1.473482e+02 2.176738e+02 2.051909e+01
<GCONST> 5.126729e+01
<STATE> 4
<MEAN> 6
 4.426485e+02 8.752656e+01 8.636314e+00 1.656530e+01 2.829911e+00 1.329367e+00
<VARIANCE> 6
 6.755077e+04 5.348376e+03 3.361370e+02 1.706894e+02 3.712080e+01 2.717634e+00
<GCONST> 4.630375e+01
<TRANSP> 5
 0.000000e+00 1.000000e+00 0.000000e+00 0.000000e+00 0.000000e+00
 0.000000e+00 8.075322e-01 1.924678e-01 0.000000e+00 0.000000e+00
 0.000000e+00 0.000000e+00 5.085994e-01 4.914006e-01 0.000000e+00
 0.000000e+00 0.000000e+00 0.000000e+00 7.903268e-01 2.096732e-01
 0.000000e+00 0.000000e+00 0.000000e+00 0.000000e+00 0.000000e+00
<ENDHMM>
~h "fp_key_1"
<BEGINHMM>
<NUMSTATES> 5
<STATE> 2
<MEAN> 6
 1.726797e+02 1.430248e+01 5.672719e+00 3.760174e+00 2.182556e+00 9.347368e-01
<VARIANCE> 6
 1.246298e+04 8.933738e+02 2.479423e+02 4.016983e+01 2.779546e+01 2.254059e+00
<GCONST> 4.059670e+01
<STATE> 3
<MEAN> 6
 3.678188e+02 7.249178e+01 7.408421e+01 2.329262e+01 2.290313e+01 8.464967e+00
<VARIANCE> 6
 3.570081e+04 4.064547e+03 5.913607e+03 3.778043e+02 2.976621e+02 5.504516e+01
<GCONST> 5.414375e+01
<STATE> 4
<MEAN> 6
 4.220438e+02 1.073711e+02 1.087539e+01 1.805140e+01 4.009202e+00 2.081882e+00
<VARIANCE> 6
 4.915664e+04 5.741218e+03 4.194438e+02 1.625236e+02 5.346058e+01 8.322000e+00
<GCONST> 4.771306e+01
<TRANSP> 5
 0.000000e+00 1.000000e+00 0.000000e+00 0.000000e+00 0.000000e+00
 0.000000e+00 8.512344e-01 1.487655e-01 0.000000e+00 0.000000e+00
 0.000000e+00 0.000000e+00 6.086479e-01 3.913521e-01 0.000000e+00
 0.000000e+00 0.000000e+00 0.000000e+00 7.313827e-01 2.686174e-01
 0.000000e+00 0.000000e+00 0.000000e+00 0.000000e+00 0.000000e+00
<ENDHMM>
~h "fp_key_2"
<BEGINHMM>
<NUMSTATES> 5
<STATE> 2
<MEAN> 6
 1.807048e+02 1.700334e+01 5.084540e+00 4.634178e+00 2.401191e+00 1.248965e+00
<VARIANCE> 6
 1.445434e+04 1.361149e+03 1.930912e+02 5.753288e+01 2.655255e+01 4.669181e+00
<GCONST> 4.195773e+01
<STATE> 3
<MEAN> 6
 4.216874e+02 9.031522e+01 7.307605e+01 2.413423e+01 2.315146e+01 8.299882e+00
<VARIANCE> 6
 3.725882e+04 5.663939e+03 5.843241e+03 3.701478e+02 4.219279e+02 6.929224e+01
<GCONST> 5.506489e+01
<STATE> 4
<MEAN> 6
 4.315467e+02 8.775977e+01 2.772437e+01 1.682284e+01 8.531259e+00 3.079240e+00
<VARIANCE> 6
 3.696523e+04 4.643469e+03 2.290241e+03 1.550294e+02 1.310445e+02 1.597618e+01
<GCONST> 5.041488e+01
<TRANSP> 5
 0.000000e+00 1.000000e+00 0.000000e+00 0.000000e+00 0.000000e+00
 0.000000e+00 8.611261e-01 1.388739e-01 0.000000e+00 0.000000e+00
 0.000000e+00 0.000000e+00 5.533695e-01 4.466305e-01 0.000000e+00
 0.000000e+00 0.000000e+00 0.000000e+00 7.191197e-01 2.808803e-01
 0.000000e+00 0.000000e+00 0.000000e+00 0.000000e+00 0.000000e+00
<ENDHMM>
~h "fp_key_3"
<BEGINHMM>
<NUMSTATES> 5
<STATE> 2
<MEAN> 6
 4.632601e+02 9.952356e+01 2.024747e+01 2.011685e+01 5.827766e+00 2.780092e+00
<VARIANCE> 6
 4.086094e+04 4.697510e+03 1.614218e+03 1.852008e+02 9.028652e+01 1.357988e+01
<GCONST> 4.981960e+01
<STATE> 3
<MEAN> 6
 4.122106e+02 7.429242e+01 6.472549e+01 1.859578e+01 2.312848e+01 7.255398e+00
<VARIANCE> 6
 4.312930e+04 5.038362e+03 4.703231e+03 2.364990e+02 3.624410e+02 3.429719e+01
<GCONST> 5.357393e+01
<STATE> 4
<MEAN> 6
 2.373730e+02 1.611595e+01 5.291137e+00 4.317873e+00 2.424012e+00 1.204800e+00
<VARIANCE> 6
 1.695774e+04 1.001661e+03 7.144659e+01 4.283125e+01 1.520297e+01 3.168912e+00
<GCONST> 3.957626e+01
<TRANSP> 5
 0.000000e+00 1.000000e+00 0.000000e+00 0.000000e+00 0.000000e+00
 0.000000e+00 7.138458e-01 2.861542e-01 0.000000e+00 0.000000e+00
 0.000000e+00 0.000000e+00 5.820915e-01 4.179085e-01 0.000000e+00
 0.000000e+00 0.000000e+00 0.000000e+00 8.364012e-01 1.635988e-01
 0.000000e+00 0.000000e+00 0.000000e+00 0.000000e+00 0.000000e+00
<ENDHMM>
~h "fp_key_4"
<BEGINHMM>
<NUMSTATES> 5
<STATE> 2
<MEAN> 6
 4.881474e+02 6.838084e+01 7.932893e+00 1.299199e+01 2.920852e+00 1.586208e+00
<VARIANCE> 6
 4.423840e+04 3.497979e+03 9.754004e+01 8.846651e+01 1.761126e+01 3.745930e+00
<GCONST> 4.313665e+01
<STATE> 3
<MEAN> 6
 5.322046e+02 8.595454e+01 5.443528e+01 2.206116e+01 1.865530e+01 8.363381e+00
<VARIANCE> 6
 4.120235e+04 3.789434e+03 3.059803e+03 1.827874e+02 2.193248e+02 4.693063e+01
<GCONST> 5.236714e+01
<STATE> 4
<MEAN> 6
 3.257137e+02 1.584958e+01 8.859312e+00 3.991743e+00 2.296340e+00 1.268700e+00
<VARIANCE> 6
 2.231582e+04 7.722780e+02 3.482356e+02 3.162477e+01 1.516063e+01 4.368697e+00
<GCONST> 4.118964e+01
<TRANSP> 5
 0.000000e+00 1.000000e+00 0.000000e+00 0.000000e+00 0.000000e+00
 0.000000e+00 7.961774e-01 2.038226e-01 0.000000e+00 0.000000e+00
 0.000000e+00 0.000000e+00 6.295239e-01 3.704761e-01 0.000000e+00
 0.000000e+00 0.000000e+00 0.000000e+00 8.146275e-01 1.853725e-01
 0.000000e+00 0.000000e+00 0.000000e+00 0.000000e+00 0.000000e+00
<ENDHMM>
~h "fp_key_5"
<BEGINHMM>
<NUMSTATES> 5
<STATE> 2
<MEAN> 6
 3.709096e+02 2.848572e+01 1.889357e+01 6.132321e+00 4.883520e+00 2.141588e+00
<VARIANCE> 6
 4.089816e+04 1.703203e+03 1.040414e+03 6.490866e+01 5.007585e+01 1.113598e+01
<GCONST> 4.653045e+01
<STATE> 3
<MEAN> 6
 3.961920e+02 1.510803e+01 2.829465e+01 3.678370e+00 5.304586e+00 2.433784e+00
<VARIANCE> 6
 1.810857e+04 9.369860e+02 3.446819e+03 2.128440e+01 7.661820e+01 1.283326e+01
<GCONST> 4.576813e+01
<STATE> 4
<MEAN> 6
 4.045768e+02 3.574900e+00 7.628113e+00 8.491170e-01 1.561540e+00 3.343615e-01
<VARIANCE> 6
 1.170205e+04 2.129605e+01 2.750759e+02 3.066490e-01 8.653910e+00 5.365545e-02
<GCONST> 2.712114e+01
<TRANSP> 5
 0.000000e+00 1.000000e+00 0.000000e+00 0.000000e+00 0.000000e+00
 0.000000e+00 3.957832e-01 6.042168e-01 0.000000e+00 0.000000e+00
 0.000000e+00 0.000000e+00 8.458018e-07 9.999992e-01 0.000000e+00
 0.000000e+00 0.000000e+00 0.000000e+00 8.929905e-01 1.070095e-01
 0.000000e+00 0.000000e+00 0.000000e+00 0.000000e+00 0.000000e+00
<ENDHMM>
