~o
<STREAMINFO> 1 6
<VECSIZE> 6<NULLD><MFCC><DIAGC>
~h "fp_screen_5"
<BEGINHMM>
<NUMSTATES> 5
<STATE> 2
<MEAN> 6
 3.823555e+02 1.502334e+01 9.188590e+00 4.919151e+00 2.953705e+00 1.388501e+00
<VARIANCE> 6
 6.397482e+04 3.884100e+02 2.652430e+02 2.866968e+01 1.284619e+01 2.505530e+00
<GCONST> 4.046360e+01
<STATE> 3
<MEAN> 6
 6.379139e+02 5.319165e+01 2.273102e+01 1.419884e+01 1.122179e+01 6.499648e+00
<VARIANCE> 6
 3.858691e+04 3.485394e+03 1.484858e+03 1.509510e+02 1.416117e+02 4.061344e+01
<GCONST> 5.072149e+01
<STATE> 4
<MEAN> 6
 4.443028e+02 4.399874e+00 6.425120e+00 1.510408e+00 1.803033e+00 5.676224e-01
<VARIANCE> 6
 5.613774e+04 5.128834e+01 3.383657e+02 2.977469e+00 1.317457e+01 6.280252e-01
<GCONST> 3.492860e+01
<TRANSP> 5
 0.000000e+00 1.000000e+00 0.000000e+00 0.000000e+00 0.000000e+00
 0.000000e+00 9.549468e-01 4.505316e-02 0.000000e+00 0.000000e+00
 0.000000e+00 0.000000e+00 9.582080e-01 4.179204e-02 0.000000e+00
 0.000000e+00 0.000000e+00 0.000000e+00 9.581169e-01 4.188306e-02
 0.000000e+00 0.000000e+00 0.000000e+00 0.000000e+00 0.000000e+00
<ENDHMM>
