~o
<STREAMINFO> 1 6
<VECSIZE> 6<NULLD><MFCC><DIAGC>
~h "fp_logo_0"
<BEGINHMM>
<NUMSTATES> 5
<STATE> 2
<MEAN> 6
 5.617673e+02 4.953415e+00 6.489305e+00 1.850820e+00 2.388485e+00 9.361714e-01
<VARIANCE> 6
 6.348727e+04 7.383089e+01 3.598341e+02 7.717607e+00 2.196208e+01 2.583472e+00
<GCONST> 3.835523e+01
<STATE> 3
<MEAN> 6
 5.283550e+02 4.336861e+01 1.722365e+01 1.269421e+01 7.928759e+00 4.372397e+00
<VARIANCE> 6
 4.952480e+04 2.504300e+03 9.926589e+02 1.328782e+02 1.030226e+02 2.616843e+01
<GCONST> 4.935258e+01
<STATE> 4
<MEAN> 6
 3.171290e+02 6.989626e+00 4.143512e+00 1.771492e+00 1.220057e+00 4.915881e-01
<VARIANCE> 6
 1.863304e+04 9.447765e+01 3.359264e+01 4.557449e+00 2.130743e+00 4.178733e-01
<GCONST> 3.032328e+01
<TRANSP> 5
 0.000000e+00 1.000000e+00 0.000000e+00 0.000000e+00 0.000000e+00
 0.000000e+00 9.484110e-01 5.158894e-02 0.000000e+00 0.000000e+00
 0.000000e+00 0.000000e+00 9.621556e-01 3.784439e-02 0.000000e+00
 0.000000e+00 0.000000e+00 0.000000e+00 9.586640e-01 4.133598e-02
 0.000000e+00 0.000000e+00 0.000000e+00 0.000000e+00 0.000000e+00
<ENDHMM>
