~o
<STREAMINFO> 1 6
<VECSIZE> 6<NULLD><MFCC><DIAGC>
~h "fp_key_2"
<BEGINHMM>
<NUMSTATES> 5
<STATE> 2
<MEAN> 6
 4.298970e+02 1.198562e+01 7.523701e+00 4.120131e+00 2.887357e+00 1.455734e+00
<VARIANCE> 6
 7.675723e+04 2.960778e+02 2.018614e+02 2.298932e+01 1.514951e+01 3.882622e+00
<GCONST> 4.048338e+01
<STATE> 3
<MEAN> 6
 5.919119e+02 5.149424e+01 2.192965e+01 1.484376e+01 1.166641e+01 6.972418e+00
<VARIANCE> 6
 4.224314e+04 3.056843e+03 1.386259e+03 1.639126e+02 1.812343e+02 6.854410e+01
<GCONST> 5.146457e+01
<STATE> 4
<MEAN> 6
 3.768236e+02 5.169892e+00 4.704589e+00 1.666745e+00 1.596267e+00 6.725919e-01
<VARIANCE> 6
 4.357342e+04 5.635092e+01 8.865054e+01 4.066503e+00 6.253020e+00 1.208257e+00
<GCONST> 3.365079e+01
<TRANSP> 5
 0.000000e+00 1.000000e+00 0.000000e+00 0.000000e+00 0.000000e+00
 0.000000e+00 9.590980e-01 4.090203e-02 0.000000e+00 0.000000e+00
 0.000000e+00 0.000000e+00 9.534045e-01 4.659542e-02 0.000000e+00
 0.000000e+00 0.000000e+00 0.000000e+00 9.584890e-01 4.151100e-02
 0.000000e+00 0.000000e+00 0.000000e+00 0.000000e+00 0.000000e+00
<ENDHMM>
