~o
<STREAMINFO> 1 6
<VECSIZE> 6<NULLD><MFCC><DIAGC>
~h "bg_board_0"
<BEGINHMM>
<NUMSTATES> 5
<STATE> 2
<MEAN> 6
 3.566279e+02 2.094637e+01 1.056043e+01 8.691310e+00 4.272169e+00 2.438588e+00
<VARIANCE> 6
 8.156802e+03 5.188924e+02 8.537518e+01 2.879842e+01 7.222864e+00 4.025403e+00
<GCONST> 3.746282e+01
<STATE> 3
<MEAN> 6
 3.980677e+02 4.755275e+01 1.624171e+01 1.195793e+01 6.001653e+00 2.837292e+00
<VARIANCE> 6
 2.491263e+04 4.307381e+03 5.934280e+02 7.885345e+01 3.861442e+01 9.944170e+00
<GCONST> 4.622260e+01
<STATE> 4
<MEAN> 6
 4.501680e+02 7.003405e+00 3.514586e+00 2.559015e+00 1.365819e+00 6.405237e-01
<VARIANCE> 6
 8.457505e+03 3.520729e+02 3.328659e+01 2.436710e+01 4.037017e+00 9.840263e-01
<GCONST> 3.401170e+01
<TRANSP> 5
 0.000000e+00 1.000000e+00 0.000000e+00 0.000000e+00 0.000000e+00
 0.000000e+00 7.755396e-01 2.244604e-01 0.000000e+00 0.000000e+00
 0.000000e+00 0.000000e+00 5.594980e-01 4.405020e-01 0.000000e+00
 0.000000e+00 0.000000e+00 0.000000e+00 8.104171e-01 1.895830e-01
 0.000000e+00 0.000000e+00 0.000000e+00 0.000000e+00 0.000000e+00
<ENDHMM>
