~o
<STREAMINFO> 1 6
<VECSIZE> 6<NULLD><MFCC><DIAGC>
~h "bg_board_2"
<BEGINHMM>
<NUMSTATES> 5
<STATE> 2
<MEAN> 6
 3.230647e+02 2.430242e+01 1.172729e+01 1.014546e+01 4.748237e+00 2.611568e+00
<VARIANCE> 6
 1.062782e+04 6.363887e+02 1.214382e+02 4.502510e+01 1.051352e+01 4.760201e+00
<GCONST> 3.927388e+01
<STATE> 3
<MEAN> 6
 3.641373e+02 5.481368e+01 1.262970e+01 1.262298e+01 5.105041e+00 3.521657e+00
<VARIANCE> 6
 1.677283e+04 3.281412e+03 2.100791e+02 8.452034e+01 2.208617e+01 1.451393e+01
<GCONST> 4.440535e+01
<STATE> 4
<MEAN> 6
 3.885001e+02 8.268376e+00 4.975488e+00 2.123631e+00 1.251820e+00 5.597209e-01
<VARIANCE> 6
 8.484629e+03 1.495218e+02 2.520139e+01 1.244878e+01 2.190141e+00 7.434179e-01
<GCONST> 3.131670e+01
<TRANSP> 5
 0.000000e+00 1.000000e+00 0.000000e+00 0.000000e+00 0.000000e+00
 0.000000e+00 7.409505e-01 2.590495e-01 0.000000e+00 0.000000e+00
 0.000000e+00 0.000000e+00 5.569975e-01 4.430024e-01 0.000000e+00
 0.000000e+00 0.000000e+00 0.000000e+00 8.547021e-01 1.452980e-01
 0.000000e+00 0.000000e+00 0.000000e+00 0.000000e+00 0.000000e+00
<ENDHMM>
