~o
<STREAMINFO> 1 6
<VECSIZE> 6<NULLD><MFCC><DIAGC>
~h "bg_board_1"
<BEGINHMM>
<NUMSTATES> 5
<STATE> 2
<MEAN> 6
 3.102661e+02 2.302003e+01 1.051643e+01 9.394306e+00 5.072594e+00 3.097812e+00
<VARIANCE> 6
 1.045191e+04 6.060931e+02 1.065142e+02 4.166522e+01 1.134517e+01 4.887002e+00
<GCONST> 3.910215e+01
<STATE> 3
<MEAN> 6
 4.350728e+02 6.443285e+01 1.321195e+01 1.452720e+01 5.183058e+00 3.396094e+00
<VARIANCE> 6
 2.369559e+04 4.698560e+03 2.115875e+02 1.154026e+02 2.337041e+01 1.168038e+01
<GCONST> 4.526777e+01
<STATE> 4
<MEAN> 6
 4.542874e+02 7.171088e+00 3.579061e+00 1.959027e+00 1.149038e+00 6.068926e-01
<VARIANCE> 6
 4.679637e+03 3.376489e+02 1.891176e+01 1.943617e+01 4.219844e+00 1.392218e+00
<GCONST> 3.297786e+01
<TRANSP> 5
 0.000000e+00 1.000000e+00 0.000000e+00 0.000000e+00 0.000000e+00
 0.000000e+00 7.925174e-01 2.074826e-01 0.000000e+00 0.000000e+00
 0.000000e+00 0.000000e+00 5.731265e-01 4.268735e-01 0.000000e+00
 0.000000e+00 0.000000e+00 0.000000e+00 8.286998e-01 1.713003e-01
 0.000000e+00 0.000000e+00 0.000000e+00 0.000000e+00 0.000000e+00
<ENDHMM>
