~o
<STREAMINFO> 1 6
<VECSIZE> 6<NULLD><MFCC><DIAGC>
~h "bg_board_5"
<BEGINHMM>
<NUMSTATES> 5
<STATE> 2
<MEAN> 6
 2.917508e+02 1.804379e+01 8.043615e+00 5.926554e+00 2.763748e+00 1.123364e+00
<VARIANCE> 6
 2.799972e+03 2.937025e+02 5.349862e+01 1.941914e+01 4.135940e+00 8.280246e-01
<GCONST> 3.282411e+01
<STATE> 3
<MEAN> 6
 3.171053e+02 4.063881e+01 5.712049e+00 6.297301e+00 1.423056e+00 6.954340e-01
<VARIANCE> 6
 4.773298e+03 4.446575e+03 3.173170e+01 4.392097e+01 1.224351e+00 4.351250e-01
<GCONST> 3.450794e+01
<STATE> 4
<MEAN> 6
 3.996624e+02 7.686944e+00 5.101711e+00 2.031352e+00 1.251178e+00 4.852184e-01
<VARIANCE> 6
 4.452917e+03 2.020787e+02 1.706337e+01 5.126406e+00 1.230075e+00 2.212303e-01
<GCONST> 2.790710e+01
<TRANSP> 5
 0.000000e+00 1.000000e+00 0.000000e+00 0.000000e+00 0.000000e+00
 0.000000e+00 7.937195e-01 2.062805e-01 0.000000e+00 0.000000e+00
 0.000000e+00 0.000000e+00 2.080989e-01 7.919012e-01 0.000000e+00
 0.000000e+00 0.000000e+00 0.000000e+00 8.302048e-01 1.697952e-01
 0.000000e+00 0.000000e+00 0.000000e+00 0.000000e+00 0.000000e+00
<ENDHMM>
