~o
<STREAMINFO> 1 6
<VECSIZE> 6<NULLD><MFCC><DIAGC>
~h "bg_board_3"
<BEGINHMM>
<NUMSTATES> 5
<STATE> 2
<MEAN> 6
 2.738383e+02 2.341632e+01 1.013968e+01 9.429229e+00 4.275601e+00 2.384235e+00
<VARIANCE> 6
 7.762603e+03 4.679767e+02 9.233307e+01 4.020559e+01 9.143641e+00 3.426864e+00
<GCONST> 3.779687e+01
<STATE> 3
<MEAN> 6
 3.332640e+02 4.157063e+01 7.924395e+00 9.951459e+00 3.530251e+00 1.995613e+00
<VARIANCE> 6
 9.934742e+03 2.320826e+03 5.864549e+01 6.995624e+01 1.113421e+01 4.463803e+00
<GCONST> 4.020614e+01
<STATE> 4
<MEAN> 6
 3.368454e+02 8.698552e+00 4.339595e+00 2.170086e+00 1.278453e+00 5.261592e-01
<VARIANCE> 6
 8.525805e+03 1.523602e+02 1.290954e+01 7.805748e+00 1.159821e+00 3.699864e-01
<GCONST> 2.887117e+01
<TRANSP> 5
 0.000000e+00 1.000000e+00 0.000000e+00 0.000000e+00 0.000000e+00
 0.000000e+00 7.549871e-01 2.450129e-01 0.000000e+00 0.000000e+00
 0.000000e+00 0.000000e+00 4.954872e-01 5.045127e-01 0.000000e+00
 0.000000e+00 0.000000e+00 0.000000e+00 8.315497e-01 1.684503e-01
 0.000000e+00 0.000000e+00 0.000000e+00 0.000000e+00 0.000000e+00
<ENDHMM>
