~o
<STREAMINFO> 1 6
<VECSIZE> 6<NULLD><MFCC><DIAGC>
~h "bg_board"
<BEGINHMM>
<NUMSTATES> 5
<STATE> 2
<MEAN> 6
 2.852350e+02 2.194471e+01 1.041562e+01 8.840831e+00 4.382411e+00 2.483041e+00
<VARIANCE> 6
 6.805107e+03 3.808942e+02 1.247340e+02 3.386223e+01 1.030967e+01 4.630196e+00
<GCONST> 3.800938e+01
<STATE> 3
<MEAN> 6
 3.953521e+02 7.113002e+01 1.188750e+01 1.453480e+01 4.735381e+00 2.587999e+00
<VARIANCE> 6
 2.348751e+04 4.913783e+03 1.762932e+02 7.848814e+01 2.132114e+01 8.619546e+00
<GCONST> 4.434011e+01
<STATE> 4
<MEAN> 6
 4.050890e+02 5.844683e+00 3.653739e+00 1.224672e+00 8.693898e-01 3.393789e-01
<VARIANCE> 6
 6.595795e+03 6.819975e+01 1.101348e+01 2.044575e+00 5.619708e-01 8.204971e-02
<GCONST> 2.408146e+01
<TRANSP> 5
 0.000000e+00 1.000000e+00 0.000000e+00 0.000000e+00 0.000000e+00
 0.000000e+00 9.659280e-01 3.407201e-02 0.000000e+00 0.000000e+00
 0.000000e+00 0.000000e+00 8.633593e-01 1.366407e-01 0.000000e+00
 0.000000e+00 0.000000e+00 0.000000e+00 9.699987e-01 3.000128e-02
 0.000000e+00 0.000000e+00 0.000000e+00 0.000000e+00 0.000000e+00
<ENDHMM>
