~o
<STREAMINFO> 1 6
<VECSIZE> 6<NULLD><MFCC><DIAGC>
~h "bg_board_4"
<BEGINHMM>
<NUMSTATES> 5
<STATE> 2
<MEAN> 6
 2.643021e+02 1.745821e+01 6.289416e+00 6.108283e+00 2.540058e+00 1.356224e+00
<VARIANCE> 6
 6.700560e+03 3.495378e+02 2.882438e+01 1.725710e+01 2.937396e+00 1.080502e+00
<GCONST> 3.305821e+01
<STATE> 3
<MEAN> 6
 2.750718e+02 3.509040e+01 1.021688e+01 1.000035e+01 4.438962e+00 2.418192e+00
<VARIANCE> 6
 3.929829e+03 1.596063e+03 9.699812e+01 4.453648e+01 1.455924e+01 5.300657e+00
<GCONST> 3.939597e+01
<STATE> 4
<MEAN> 6
 3.162921e+02 7.800455e+00 3.662217e+00 1.846996e+00 1.129303e+00 4.228206e-01
<VARIANCE> 6
 4.446104e+03 1.486193e+02 1.123908e+01 5.879197e+00 1.232927e+00 1.715839e-01
<GCONST> 2.706596e+01
<TRANSP> 5
 0.000000e+00 1.000000e+00 0.000000e+00 0.000000e+00 0.000000e+00
 0.000000e+00 7.277623e-01 2.722377e-01 0.000000e+00 0.000000e+00
 0.000000e+00 0.000000e+00 6.773710e-01 3.226291e-01 0.000000e+00
 0.000000e+00 0.000000e+00 0.000000e+00 8.394144e-01 1.605857e-01
 0.000000e+00 0.000000e+00 0.000000e+00 0.000000e+00 0.000000e+00
<ENDHMM>
