~o
<STREAMINFO> 1 6
<VECSIZE> 6<NULLD><MFCC><DIAGC>
~h "bg_dark_0_3"
<BEGINHMM>
<NUMSTATES> 5
<STATE> 2
<MEAN> 6
 1.786826e+02 1.208379e+01 1.130854e+01 5.105873e+00 5.208857e+00 2.003036e+00
<VARIANCE> 6
 1.204284e+03 1.133725e+02 1.146422e+02 8.434581e+00 9.780576e+00 1.572654e+00
<GCONST> 3.245890e+01
<STATE> 3
<MEAN> 6
 1.929719e+02 2.801907e+01 1.691372e+01 7.206776e+00 6.289033e+00 2.878304e+00
<VARIANCE> 6
 4.406500e+03 7.031683e+02 2.570033e+02 1.139055e+01 1.937767e+01 4.568324e+00
<GCONST> 3.843884e+01
<STATE> 4
<MEAN> 6
 2.292594e+02 9.261724e+00 5.209164e+00 2.944415e+00 1.857133e+00 1.065595e+00
<VARIANCE> 6
 2.595299e+03 3.173763e+02 5.519683e+01 8.589162e+00 4.282962e+00 1.978684e+00
<GCONST> 3.294729e+01
<TRANSP> 5
 0.000000e+00 1.000000e+00 0.000000e+00 0.000000e+00 0.000000e+00
 0.000000e+00 8.319040e-01 1.680960e-01 0.000000e+00 0.000000e+00
 0.000000e+00 0.000000e+00 6.904082e-01 3.095918e-01 0.000000e+00
 0.000000e+00 0.000000e+00 0.000000e+00 6.455106e-01 3.544894e-01
 0.000000e+00 0.000000e+00 0.000000e+00 0.000000e+00 0.000000e+00
<ENDHMM>
