~o
<STREAMINFO> 1 6
<VECSIZE> 6<NULLD><MFCC><DIAGC>
~h "bg_dark_0_5"
<BEGINHMM>
<NUMSTATES> 5
<STATE> 2
<MEAN> 6
 1.977287e+02 1.693556e+01 2.025609e+01 6.277798e+00 5.893441e+00 2.305606e+00
<VARIANCE> 6
 6.474944e+03 2.392420e+02 2.868865e+02 9.581656e+00 1.394164e+01 2.200984e+00
<GCONST> 3.662316e+01
<STATE> 3
<MEAN> 6
 2.022902e+02 3.003913e+01 2.979080e+01 9.743771e+00 8.669679e+00 3.782398e+00
<VARIANCE> 6
 2.777419e+03 4.994514e+02 4.992831e+02 2.554787e+01 2.338120e+01 3.736096e+00
<GCONST> 3.909375e+01
<STATE> 4
<MEAN> 6
 1.500481e+02 1.516858e+01 1.399324e+01 5.101439e+00 4.796746e+00 2.082967e+00
<VARIANCE> 6
 1.438439e+03 2.467318e+02 1.336616e+02 9.511913e+00 5.153894e+00 1.463847e+00
<GCONST> 3.297556e+01
<TRANSP> 5
 0.000000e+00 1.000000e+00 0.000000e+00 0.000000e+00 0.000000e+00
 0.000000e+00 7.609646e-01 2.390355e-01 0.000000e+00 0.000000e+00
 0.000000e+00 0.000000e+00 7.016526e-01 2.983474e-01 0.000000e+00
 0.000000e+00 0.000000e+00 0.000000e+00 7.760220e-01 2.239781e-01
 0.000000e+00 0.000000e+00 0.000000e+00 0.000000e+00 0.000000e+00
<ENDHMM>
