~o
<STREAMINFO> 1 6
<VECSIZE> 6<NULLD><MFCC><DIAGC>
~h "bg_dark_0_1"
<BEGINHMM>
<NUMSTATES> 5
<STATE> 2
<MEAN> 6
 1.898856e+02 9.269225e+00 1.113564e+01 4.064104e+00 4.023993e+00 1.708046e+00
<VARIANCE> 6
 5.652704e+03 1.109441e+02 1.316353e+02 6.300208e+00 5.039848e+00 1.538789e+00
<GCONST> 3.314517e+01
<STATE> 3
<MEAN> 6
 1.693006e+02 3.850933e+01 2.542525e+01 9.373450e+00 7.592702e+00 2.879235e+00
<VARIANCE> 6
 3.087646e+03 1.116180e+03 5.274712e+02 1.727602e+01 2.120125e+01 2.353899e+00
<GCONST> 3.910764e+01
<STATE> 4
<MEAN> 6
 1.961708e+02 1.379573e+01 1.831600e+01 5.755110e+00 6.920371e+00 2.447147e+00
<VARIANCE> 6
 3.103332e+03 1.337912e+02 2.468003e+02 1.425201e+01 2.009592e+01 2.990765e+00
<GCONST> 3.622529e+01
<TRANSP> 5
 0.000000e+00 1.000000e+00 0.000000e+00 0.000000e+00 0.000000e+00
 0.000000e+00 8.146865e-01 1.853135e-01 0.000000e+00 0.000000e+00
 0.000000e+00 0.000000e+00 5.000758e-01 4.999242e-01 0.000000e+00
 0.000000e+00 0.000000e+00 0.000000e+00 8.215379e-01 1.784620e-01
 0.000000e+00 0.000000e+00 0.000000e+00 0.000000e+00 0.000000e+00
<ENDHMM>
