~o
<STREAMINFO> 1 6
<VECSIZE> 6<NULLD><MFCC><DIAGC>
~h "bg_dark_0_2"
<BEGINHMM>
<NUMSTATES> 5
<STATE> 2
<MEAN> 6
 1.544442e+02 2.083815e+01 1.547960e+01 6.079638e+00 5.877162e+00 2.052851e+00
<VARIANCE> 6
 2.326696e+03 4.884800e+02 2.033260e+02 1.962402e+01 1.004365e+01 1.898656e+00
<GCONST> 3.621042e+01
<STATE> 3
<MEAN> 6
 1.934304e+02 2.161277e+01 2.602482e+01 8.232545e+00 9.262069e+00 4.009266e+00
<VARIANCE> 6
 1.824333e+03 4.237892e+02 3.494020e+02 1.895306e+01 2.202717e+01 5.341733e+00
<GCONST> 3.815149e+01
<STATE> 4
<MEAN> 6
 1.897515e+02 1.055000e+01 1.013811e+01 4.319398e+00 4.181208e+00 1.849629e+00
<VARIANCE> 6
 2.327954e+03 1.179967e+02 1.035181e+02 8.464396e+00 7.900727e+00 2.169880e+00
<GCONST> 3.316791e+01
<TRANSP> 5
 0.000000e+00 1.000000e+00 0.000000e+00 0.000000e+00 0.000000e+00
 0.000000e+00 6.995710e-01 3.004290e-01 0.000000e+00 0.000000e+00
 0.000000e+00 0.000000e+00 7.710498e-01 2.289502e-01 0.000000e+00
 0.000000e+00 0.000000e+00 0.000000e+00 8.114512e-01 1.885488e-01
 0.000000e+00 0.000000e+00 0.000000e+00 0.000000e+00 0.000000e+00
<ENDHMM>
