~o
<STREAMINFO> 1 6
<VECSIZE> 6<NULLD><MFCC><DIAGC>
~h "bg_dark_0_0"
<BEGINHMM>
<NUMSTATES> 5
<STATE> 2
<MEAN> 6
 2.686844e+02 9.669827e+00 1.147426e+01 3.321252e+00 4.238683e+00 1.496066e+00
<VARIANCE> 6
 2.070276e+03 1.711196e+02 8.980345e+01 4.859617e+00 6.298776e+00 1.732327e+00
<GCONST> 3.227347e+01
<STATE> 3
<MEAN> 6
 1.957252e+02 3.225787e+01 1.844940e+01 8.126476e+00 7.410951e+00 2.995869e+00
<VARIANCE> 6
 4.158378e+03 1.070510e+03 3.283359e+02 1.452705e+01 1.933282e+01 3.390830e+00
<GCONST> 3.898896e+01
<STATE> 4
<MEAN> 6
 2.120489e+02 1.172959e+01 1.327111e+01 3.857326e+00 4.175391e+00 1.802374e+00
<VARIANCE> 6
 5.042732e+03 1.436742e+02 1.688210e+02 3.943694e+00 6.331616e+00 1.143880e+00
<GCONST> 3.300145e+01
<TRANSP> 5
 0.000000e+00 1.000000e+00 0.000000e+00 0.000000e+00 0.000000e+00
 0.000000e+00 8.319330e-01 1.680670e-01 0.000000e+00 0.000000e+00
 0.000000e+00 0.000000e+00 5.247861e-01 4.752140e-01 0.000000e+00
 0.000000e+00 0.000000e+00 0.000000e+00 7.465581e-01 2.534419e-01
 0.000000e+00 0.000000e+00 0.000000e+00 0.000000e+00 0.000000e+00
<ENDHMM>
