~o
<STREAMINFO> 1 6
<VECSIZE> 6<NULLD><MFCC><DIAGC>
~h "bg_dark_0_4"
<BEGINHMM>
<NUMSTATES> 5
<STATE> 2
<MEAN> 6
 2.311152e+02 1.359243e+01 1.391152e+01 5.070453e+00 4.912502e+00 1.912508e+00
<VARIANCE> 6
 4.543336e+03 3.101175e+02 3.815170e+02 1.008875e+01 2.881961e+01 2.761943e+00
<GCONST> 3.781820e+01
<STATE> 3
<MEAN> 6
 1.873113e+02 3.548252e+01 2.249443e+01 1.069321e+01 7.813642e+00 4.326700e+00
<VARIANCE> 6
 3.112224e+03 8.865694e+02 3.840322e+02 1.763613e+01 1.823697e+01 7.047224e+00
<GCONST> 3.953447e+01
<STATE> 4
<MEAN> 6
 1.892290e+02 1.671498e+01 2.102713e+01 6.909662e+00 7.421996e+00 2.759570e+00
<VARIANCE> 6
 2.223233e+03 1.775842e+02 2.730992e+02 9.470742e+00 1.470106e+01 2.446758e+00
<GCONST> 3.535415e+01
<TRANSP> 5
 0.000000e+00 1.000000e+00 0.000000e+00 0.000000e+00 0.000000e+00
 0.000000e+00 7.472066e-01 2.527934e-01 0.000000e+00 0.000000e+00
 0.000000e+00 0.000000e+00 7.548886e-01 2.451114e-01 0.000000e+00
 0.000000e+00 0.000000e+00 0.000000e+00 7.985667e-01 2.014333e-01
 0.000000e+00 0.000000e+00 0.000000e+00 0.000000e+00 0.000000e+00
<ENDHMM>
