~o
<STREAMINFO> 1 6
<VECSIZE> 6<NULLD><MFCC><DIAGC>
~h "bg_dark_0"
<BEGINHMM>
<NUMSTATES> 5
<STATE> 2
<MEAN> 6
 2.245991e+02 1.027837e+01 1.188157e+01 4.213973e+00 4.443317e+00 1.727520e+00
<VARIANCE> 6
 3.848989e+03 1.164853e+02 1.535953e+02 8.451879e+00 1.121681e+01 1.859362e+00
<GCONST> 3.424695e+01
<STATE> 3
<MEAN> 6
 1.850151e+02 2.304136e+01 1.973667e+01 7.337406e+00 6.970967e+00 2.956552e+00
<VARIANCE> 6
 3.368394e+03 5.645003e+02 3.393308e+02 1.780804e+01 1.965317e+01 4.200613e+00
<GCONST> 3.860549e+01
<STATE> 4
<MEAN> 6
 1.488530e+02 1.499241e+01 1.457186e+01 5.059154e+00 4.742461e+00 2.113732e+00
<VARIANCE> 6
 1.374041e+03 2.476958e+02 1.410204e+02 9.222505e+00 4.849980e+00 1.569524e+00
<GCONST> 3.296527e+01
<TRANSP> 5
 0.000000e+00 1.000000e+00 0.000000e+00 0.000000e+00 0.000000e+00
 0.000000e+00 9.635372e-01 3.646283e-02 0.000000e+00 0.000000e+00
 0.000000e+00 0.000000e+00 9.738026e-01 2.619741e-02 0.000000e+00
 0.000000e+00 0.000000e+00 0.000000e+00 7.728868e-01 2.271132e-01
 0.000000e+00 0.000000e+00 0.000000e+00 0.000000e+00 0.000000e+00
<ENDHMM>
