~o
<STREAMINFO> 1 6
<VECSIZE> 6<NULLD><MFCC><DIAGC>
~h "bg_red_0_4"
<BEGINHMM>
<NUMSTATES> 5
<STATE> 2
<MEAN> 6
 2.638502e+02 1.045442e+01 2.145219e+00 3.176188e+00 5.781063e-01 3.718904e-01
<VARIANCE> 6
 6.941141e+02 6.738238e+01 3.326648e+00 7.567243e+00 1.180565e-01 2.295457e-02
<GCONST> 1.909525e+01
<STATE> 3
<MEAN> 6
 3.822704e+02 6.278842e+01 1.108009e+01 1.405630e+01 1.489646e+00 7.198701e-01
<VARIANCE> 6
 1.827287e+04 5.174541e+03 3.953360e+01 1.615849e+02 1.541283e+00 1.311258e-01
<GCONST> 3.655514e+01
<STATE> 4
<MEAN> 6
 3.225234e+02 7.240936e+00 2.320190e+00 2.487154e+00 7.564870e-01 4.363194e-01
<VARIANCE> 6
 3.943727e+03 7.334882e+01 4.373660e+00 8.731732e+00 3.055542e-01 8.949113e-02
<GCONST> 2.364569e+01
<TRANSP> 5
 0.000000e+00 1.000000e+00 0.000000e+00 0.000000e+00 0.000000e+00
 0.000000e+00 8.256814e-01 1.743186e-01 0.000000e+00 0.000000e+00
 0.000000e+00 0.000000e+00 5.336131e-01 4.663870e-01 0.000000e+00
 0.000000e+00 0.000000e+00 0.000000e+00 8.046584e-01 1.953417e-01
 0.000000e+00 0.000000e+00 0.000000e+00 0.000000e+00 0.000000e+00
<ENDHMM>
