~o
<STREAMINFO> 1 6
<VECSIZE> 6<NULLD><MFCC><DIAGC>
~h "bg_red_0"
<BEGINHMM>
<NUMSTATES> 5
<STATE> 2
<MEAN> 6
 3.914090e+02 1.103364e+01 4.439047e+00 3.694160e+00 1.312522e+00 6.913781e-01
<VARIANCE> 6
 7.175718e+03 2.734190e+02 3.303198e+01 2.956022e+01 2.579209e+00 7.170471e-01
<GCONST> 3.301550e+01
<STATE> 3
<MEAN> 6
 4.699014e+02 5.557537e+01 1.049710e+01 1.249486e+01 2.323218e+00 1.076284e+00
<VARIANCE> 6
 3.246911e+04 4.595045e+03 2.814823e+02 1.359800e+02 3.671317e+01 1.493464e+00
<GCONST> 4.440485e+01
<STATE> 4
<MEAN> 6
 3.384751e+02 5.576896e+00 2.482964e+00 1.528760e+00 6.344168e-01 3.479294e-01
<VARIANCE> 6
 2.484898e+03 3.663596e+01 9.676001e+00 3.947752e+00 5.540670e-01 1.929791e-01
<GCONST> 2.385343e+01
<TRANSP> 5
 0.000000e+00 1.000000e+00 0.000000e+00 0.000000e+00 0.000000e+00
 0.000000e+00 9.090043e-01 9.099574e-02 0.000000e+00 0.000000e+00
 0.000000e+00 0.000000e+00 8.810871e-01 1.189129e-01 0.000000e+00
 0.000000e+00 0.000000e+00 0.000000e+00 9.802375e-01 1.976247e-02
 0.000000e+00 0.000000e+00 0.000000e+00 0.000000e+00 0.000000e+00
<ENDHMM>
