~o
<STREAMINFO> 1 6
<VECSIZE> 6<NULLD><MFCC><DIAGC>
~h "bg_red_0_2"
<BEGINHMM>
<NUMSTATES> 5
<STATE> 2
<MEAN> 6
 3.550195e+02 2.518191e+00 1.375962e+00 6.856897e-01 4.280643e-01 2.188075e-01
<VARIANCE> 6
 1.308264e+02 3.269298e+00 1.213322e+00 1.677765e-01 8.292238e-02 1.159328e-02
<GCONST> 8.546768e+00
<STATE> 3
<MEAN> 6
 3.282190e+02 5.820685e+00 2.537997e+00 2.047241e+00 9.480993e-01 3.575476e-01
<VARIANCE> 6
 4.628050e+02 5.006930e+01 3.598397e+00 3.742349e+00 3.314551e-01 3.653424e-02
<GCONST> 1.926441e+01
<STATE> 4
<MEAN> 6
 3.283966e+02 5.730311e+00 1.158897e+00 8.436559e-01 2.707303e-01 2.686006e-01
<VARIANCE> 6
 4.678533e+02 8.673596e+01 8.158293e-01 8.138051e-01 2.247616e-02 1.985397e-02
<GCONST> 1.351405e+01
<TRANSP> 5
 0.000000e+00 1.000000e+00 0.000000e+00 0.000000e+00 0.000000e+00
 0.000000e+00 8.530424e-01 1.469576e-01 0.000000e+00 0.000000e+00
 0.000000e+00 0.000000e+00 6.865048e-01 3.134952e-01 0.000000e+00
 0.000000e+00 0.000000e+00 0.000000e+00 6.672737e-01 3.327263e-01
 0.000000e+00 0.000000e+00 0.000000e+00 0.000000e+00 0.000000e+00
<ENDHMM>
