~o
<STREAMINFO> 1 6
<VECSIZE> 6<NULLD><MFCC><DIAGC>
~h "bg_red_0_1"
<BEGINHMM>
<NUMSTATES> 5
<STATE> 2
<MEAN> 6
 4.465361e+02 1.681263e+01 3.383798e+00 3.341846e+00 3.990428e-01 3.189341e-01
<VARIANCE> 6
 5.323550e+03 1.606824e+03 1.344527e+01 5.473360e+01 4.691228e-02 2.057465e-02
<GCONST> 2.664711e+01
<STATE> 3
<MEAN> 6
 4.333318e+02 5.523804e+01 6.336722e+00 1.009438e+01 4.944271e-01 5.801687e-01
<VARIANCE> 6
 5.850727e+03 5.514023e+03 2.738743e+01 1.374884e+02 6.296735e-02 1.596912e-01
<GCONST> 3.195060e+01
<STATE> 4
<MEAN> 6
 3.786808e+02 2.612260e+00 1.506051e+00 7.340822e-01 3.651611e-01 2.373376e-01
<VARIANCE> 6
 2.657755e+02 5.458555e+00 1.378657e+00 2.909989e-01 7.467713e-02 1.579155e-02
<GCONST> 1.065091e+01
<TRANSP> 5
 0.000000e+00 1.000000e+00 0.000000e+00 0.000000e+00 0.000000e+00
 0.000000e+00 1.620471e-01 8.379529e-01 0.000000e+00 0.000000e+00
 0.000000e+00 0.000000e+00 4.775062e-01 5.224938e-01 0.000000e+00
 0.000000e+00 0.000000e+00 0.000000e+00 8.989155e-01 1.010845e-01
 0.000000e+00 0.000000e+00 0.000000e+00 0.000000e+00 0.000000e+00
<ENDHMM>
