~o
<STREAMINFO> 1 6
<VECSIZE> 6<NULLD><MFCC><DIAGC>
~h "bg_red_0_3"
<BEGINHMM>
<NUMSTATES> 5
<STATE> 2
<MEAN> 6
 2.797799e+02 1.719032e+01 1.725499e+00 3.732803e+00 4.189347e-01 3.762094e-01
<VARIANCE> 6
 1.745634e+03 2.318760e+02 1.996051e+00 1.118834e+01 5.213656e-02 1.862397e-02
<GCONST> 2.010719e+01
<STATE> 3
<MEAN> 6
 3.110843e+02 8.211850e+00 7.521212e-01 1.594679e+00 2.618869e-01 2.180034e-01
<VARIANCE> 6
 1.631531e+03 2.497988e+01 2.447392e-01 6.927002e+00 3.964785e-02 2.951464e-02
<GCONST> 1.541989e+01
<STATE> 4
<MEAN> 6
 3.095697e+02 5.704830e+00 1.351988e+00 9.048105e-01 3.660826e-01 2.517405e-01
<VARIANCE> 6
 1.002688e+03 7.625384e+00 1.222775e+00 1.171547e+00 8.956489e-02 1.576451e-02
<GCONST> 1.376585e+01
<TRANSP> 5
 0.000000e+00 1.000000e+00 0.000000e+00 0.000000e+00 0.000000e+00
 0.000000e+00 6.552138e-01 3.447862e-01 0.000000e+00 0.000000e+00
 0.000000e+00 0.000000e+00 6.301906e-05 9.999370e-01 0.000000e+00
 0.000000e+00 0.000000e+00 0.000000e+00 8.765370e-01 1.234631e-01
 0.000000e+00 0.000000e+00 0.000000e+00 0.000000e+00 0.000000e+00
<ENDHMM>
