~o
<STREAMINFO> 1 6
<VECSIZE> 6<NULLD><MFCC><DIAGC>
~h "bg_red_0_0"
<BEGINHMM>
<NUMSTATES> 5
<STATE> 2
<MEAN> 6
 4.611212e+02 7.347871e+00 4.765203e+00 2.440297e+00 1.616211e+00 7.656630e-01
<VARIANCE> 6
 7.893074e+02 5.692729e+01 2.163566e+01 3.575323e+00 2.749780e+00 5.390063e-01
<GCONST> 2.648208e+01
<STATE> 3
<MEAN> 6
 5.548036e+02 3.361472e+01 1.676392e+01 1.241954e+01 4.192840e+00 2.295818e+00
<VARIANCE> 6
 2.386842e+04 1.104228e+03 3.259888e+02 1.422404e+02 2.781768e+01 3.370676e+00
<GCONST> 4.339964e+01
<STATE> 4
<MEAN> 6
 4.310639e+02 8.390200e+00 3.155110e+00 1.876111e+00 4.949213e-01 2.912722e-01
<VARIANCE> 6
 2.033103e+03 4.704069e+02 1.117768e+01 1.558676e+01 1.046538e-01 1.788561e-02
<GCONST> 2.367766e+01
<TRANSP> 5
 0.000000e+00 1.000000e+00 0.000000e+00 0.000000e+00 0.000000e+00
 0.000000e+00 8.090456e-01 1.909545e-01 0.000000e+00 0.000000e+00
 0.000000e+00 0.000000e+00 5.249093e-01 4.750907e-01 0.000000e+00
 0.000000e+00 0.000000e+00 0.000000e+00 7.853289e-01 2.146711e-01
 0.000000e+00 0.000000e+00 0.000000e+00 0.000000e+00 0.000000e+00
<ENDHMM>
