~o
<STREAMINFO> 1 6
<VECSIZE> 6<NULLD><MFCC><DIAGC>
~h "bg_red_0_5"
<BEGINHMM>
<NUMSTATES> 5
<STATE> 2
<MEAN> 6
 3.820867e+02 1.111385e+01 3.832947e+00 4.395384e+00 7.888612e-01 4.811334e-01
<VARIANCE> 6
 3.541818e+04 1.263687e+02 7.453169e+00 1.014440e+01 3.306425e-01 1.159070e-01
<GCONST> 2.740532e+01
<STATE> 3
<MEAN> 6
 4.320038e+02 7.601389e+01 1.763138e+01 1.562765e+01 5.235054e+00 1.640863e+00
<VARIANCE> 6
 1.861655e+04 5.526685e+03 6.569793e+02 1.530503e+02 1.031956e+02 2.857363e+00
<GCONST> 4.668136e+01
<STATE> 4
<MEAN> 6
 3.288513e+02 5.389338e+00 4.979393e+00 2.192508e+00 1.393749e+00 6.789913e-01
<VARIANCE> 6
 1.112935e+03 1.370335e+01 1.824590e+01 2.465559e+00 1.625941e+00 6.851676e-01
<GCONST> 2.457401e+01
<TRANSP> 5
 0.000000e+00 1.000000e+00 0.000000e+00 0.000000e+00 0.000000e+00
 0.000000e+00 7.390323e-01 2.609677e-01 0.000000e+00 0.000000e+00
 0.000000e+00 0.000000e+00 5.253890e-01 4.746111e-01 0.000000e+00
 0.000000e+00 0.000000e+00 0.000000e+00 8.350140e-01 1.649860e-01
 0.000000e+00 0.000000e+00 0.000000e+00 0.000000e+00 0.000000e+00
<ENDHMM>
