~o
<STREAMINFO> 1 6
<VECSIZE> 6<NULLD><MFCC><DIAGC>
~h "bg_white_0_3"
<BEGINHMM>
<NUMSTATES> 5
<STATE> 2
<MEAN> 6
 6.993041e+02 3.338144e+01 6.808585e+00 1.084464e+01 6.254761e+00 3.955210e+00
<VARIANCE> 6
 2.041834e+04 2.094090e+03 9.252949e+01 1.485447e+02 6.150556e+01 2.069938e+01
<GCONST> 4.527597e+01
<STATE> 3
<MEAN> 6
 7.151025e+02 3.994014e+01 1.837593e+01 1.533527e+01 1.380185e+01 1.018071e+01
<VARIANCE> 6
 2.991767e+03 1.261917e+03 3.513452e+02 9.807847e+01 8.497520e+01 3.938486e+01
<GCONST> 4.473455e+01
<STATE> 4
<MEAN> 6
 7.711108e+02 8.367572e+00 3.827987e+00 3.901131e+00 2.891964e+00 2.187772e+00
<VARIANCE> 6
 1.119977e+03 3.334428e+02 5.224003e+01 3.087604e+01 2.096933e+01 9.120282e+00
<GCONST> 3.649718e+01
<TRANSP> 5
 0.000000e+00 1.000000e+00 0.000000e+00 0.000000e+00 0.000000e+00
 0.000000e+00 5.306032e-01 4.693967e-01 0.000000e+00 0.000000e+00
 0.000000e+00 0.000000e+00 7.635434e-01 2.364566e-01 0.000000e+00
 0.000000e+00 0.000000e+00 0.000000e+00 8.227108e-01 1.772892e-01
 0.000000e+00 0.000000e+00 0.000000e+00 0.000000e+00 0.000000e+00
<ENDHMM>
