~o
<STREAMINFO> 1 6
<VECSIZE> 6<NULLD><MFCC><DIAGC>
~h "bg_white_0_1"
<BEGINHMM>
<NUMSTATES> 5
<STATE> 2
<MEAN> 6
 7.450232e+02 1.719602e+01 5.782696e+00 7.154181e+00 4.318016e+00 3.324695e+00
<VARIANCE> 6
 1.284337e+04 8.021278e+02 9.368875e+01 7.849592e+01 3.927225e+01 2.189178e+01
<GCONST> 4.283477e+01
<STATE> 3
<MEAN> 6
 7.110508e+02 5.259933e+01 1.750567e+01 1.744289e+01 1.403027e+01 1.000968e+01
<VARIANCE> 6
 3.444814e+03 1.606633e+03 3.110530e+02 1.059529e+02 1.006592e+02 4.017523e+01
<GCONST> 4.526173e+01
<STATE> 4
<MEAN> 6
 7.802581e+02 7.474460e+00 3.090129e+00 3.321932e+00 2.689474e+00 2.087972e+00
<VARIANCE> 6
 1.148429e+03 3.387585e+02 4.159729e+01 2.968112e+01 2.895008e+01 1.176879e+01
<GCONST> 3.684827e+01
<TRANSP> 5
 0.000000e+00 1.000000e+00 0.000000e+00 0.000000e+00 0.000000e+00
 0.000000e+00 5.875788e-01 4.124212e-01 0.000000e+00 0.000000e+00
 0.000000e+00 0.000000e+00 7.557079e-01 2.442922e-01 0.000000e+00
 0.000000e+00 0.000000e+00 0.000000e+00 8.457227e-01 1.542773e-01
 0.000000e+00 0.000000e+00 0.000000e+00 0.000000e+00 0.000000e+00
<ENDHMM>
