~o
<STREAMINFO> 1 6
<VECSIZE> 6<NULLD><MFCC><DIAGC>
~h "bg_white_0"
<BEGINHMM>
<NUMSTATES> 5
<STATE> 2
<MEAN> 6
 7.559077e+02 3.262673e+00 5.490735e+00 1.449329e+00 2.237943e+00 9.680343e-01
<VARIANCE> 6
 1.108774e+04 3.027511e+01 4.790693e+02 4.860061e+00 2.855649e+01 2.455423e+00
<GCONST> 3.575426e+01
<STATE> 3
<MEAN> 6
 7.192190e+02 3.744257e+01 1.298494e+01 1.317452e+01 9.867117e+00 7.125050e+00
<VARIANCE> 6
 8.380371e+03 1.665508e+03 2.786233e+02 1.095356e+02 8.906527e+01 3.857321e+01
<GCONST> 4.594683e+01
<STATE> 4
<MEAN> 6
 7.553005e+02 1.677557e+00 6.100656e+00 6.663995e-01 1.663587e+00 4.103741e-01
<VARIANCE> 6
 7.456179e+03 1.030434e+01 7.263737e+02 1.125173e+00 2.574747e+01 5.309377e-01
<GCONST> 3.159785e+01
<TRANSP> 5
 0.000000e+00 1.000000e+00 0.000000e+00 0.000000e+00 0.000000e+00
 0.000000e+00 9.486308e-01 5.136929e-02 0.000000e+00 0.000000e+00
 0.000000e+00 0.000000e+00 9.684584e-01 3.154161e-02 0.000000e+00
 0.000000e+00 0.000000e+00 0.000000e+00 9.468904e-01 5.310967e-02
 0.000000e+00 0.000000e+00 0.000000e+00 0.000000e+00 0.000000e+00
<ENDHMM>
