~o
<STREAMINFO> 1 6
<VECSIZE> 6<NULLD><MFCC><DIAGC>
~h "bg_white_0_4"
<BEGINHMM>
<NUMSTATES> 5
<STATE> 2
<MEAN> 6
 7.486705e+02 2.204733e+01 6.949193e+00 8.872458e+00 5.151425e+00 3.867552e+00
<VARIANCE> 6
 2.488684e+03 8.948995e+02 1.182525e+02 7.097756e+01 3.944429e+01 1.663582e+01
<GCONST> 4.116512e+01
<STATE> 3
<MEAN> 6
 6.993513e+02 4.823637e+01 1.686571e+01 1.559787e+01 1.159837e+01 8.530281e+00
<VARIANCE> 6
 7.806085e+03 1.710320e+03 3.814531e+02 1.144538e+02 8.947761e+01 4.497189e+01
<GCONST> 4.641854e+01
<STATE> 4
<MEAN> 6
 7.707578e+02 4.114621e+00 2.069717e+00 1.886164e+00 1.783338e+00 1.354046e+00
<VARIANCE> 6
 9.257473e+02 1.522880e+02 1.970749e+01 1.675297e+01 1.643722e+01 7.119639e+00
<GCONST> 3.344562e+01
<TRANSP> 5
 0.000000e+00 1.000000e+00 0.000000e+00 0.000000e+00 0.000000e+00
 0.000000e+00 5.321674e-01 4.678326e-01 0.000000e+00 0.000000e+00
 0.000000e+00 0.000000e+00 7.184373e-01 2.815627e-01 0.000000e+00
 0.000000e+00 0.000000e+00 0.000000e+00 8.632175e-01 1.367825e-01
 0.000000e+00 0.000000e+00 0.000000e+00 0.000000e+00 0.000000e+00
<ENDHMM>
