~o
<STREAMINFO> 1 6
<VECSIZE> 6<NULLD><MFCC><DIAGC>
~h "bg_white_0_2"
<BEGINHMM>
<NUMSTATES> 5
<STATE> 2
<MEAN> 6
 7.754778e+02 9.679705e+00 3.971819e+00 4.090289e+00 3.290366e+00 2.551355e+00
<VARIANCE> 6
 1.032247e+03 3.179214e+02 5.140585e+01 3.128336e+01 3.086530e+01 1.422600e+01
<GCONST> 3.719611e+01
<STATE> 3
<MEAN> 6
 7.107134e+02 5.107320e+01 1.947219e+01 1.731222e+01 1.428650e+01 9.897995e+00
<VARIANCE> 6
 3.246694e+03 1.335660e+03 4.280513e+02 9.371944e+01 1.011620e+02 3.954201e+01
<GCONST> 4.520347e+01
<STATE> 4
<MEAN> 6
 6.749954e+02 4.131003e+01 6.797986e+00 1.155653e+01 5.711533e+00 3.624346e+00
<VARIANCE> 6
 2.796484e+04 3.044584e+03 1.016037e+02 1.698479e+02 6.281866e+01 2.073444e+01
<GCONST> 4.621511e+01
<TRANSP> 5
 0.000000e+00 1.000000e+00 0.000000e+00 0.000000e+00 0.000000e+00
 0.000000e+00 8.582382e-01 1.417618e-01 0.000000e+00 0.000000e+00
 0.000000e+00 0.000000e+00 7.534315e-01 2.465685e-01 0.000000e+00
 0.000000e+00 0.000000e+00 0.000000e+00 4.709685e-01 5.290315e-01
 0.000000e+00 0.000000e+00 0.000000e+00 0.000000e+00 0.000000e+00
<ENDHMM>
