~o
<STREAMINFO> 1 6
<VECSIZE> 6<NULLD><MFCC><DIAGC>
~h "bg_white_0_0"
<BEGINHMM>
<NUMSTATES> 5
<STATE> 2
<MEAN> 6
 6.424936e+02 3.704813e+00 9.542579e+00 1.257558e+00 3.094136e+00 4.457598e-01
<VARIANCE> 6
 3.809004e+04 6.540472e+01 9.540240e+02 6.544693e+00 4.959008e+01 2.801753e-01
<GCONST> 3.712636e+01
<STATE> 3
<MEAN> 6
 6.510385e+02 3.492761e+01 4.125517e+01 1.035022e+01 1.457300e+01 4.589817e+00
<VARIANCE> 6
 2.510029e+04 3.411160e+03 2.921576e+03 1.504205e+02 1.587946e+02 3.334161e+01
<GCONST> 5.086044e+01
<STATE> 4
<MEAN> 6
 7.826291e+02 5.861111e+00 2.636345e+00 2.503607e+00 1.661419e+00 1.201050e+00
<VARIANCE> 6
 9.033286e+02 3.180422e+02 2.900653e+01 3.561326e+01 1.501278e+01 8.891536e+00
<GCONST> 3.542978e+01
<TRANSP> 5
 0.000000e+00 1.000000e+00 0.000000e+00 0.000000e+00 0.000000e+00
 0.000000e+00 6.945115e-01 3.054885e-01 0.000000e+00 0.000000e+00
 0.000000e+00 0.000000e+00 3.416177e-01 6.583823e-01 0.000000e+00
 0.000000e+00 0.000000e+00 0.000000e+00 8.612591e-01 1.387409e-01
 0.000000e+00 0.000000e+00 0.000000e+00 0.000000e+00 0.000000e+00
<ENDHMM>
