~o
<STREAMINFO> 1 6
<VECSIZE> 6<NULLD><MFCC><DIAGC>
~h "bg_white_0_5"
<BEGINHMM>
<NUMSTATES> 5
<STATE> 2
<MEAN> 6
 7.558295e+02 5.014236e+00 2.840895e+00 2.204363e+00 2.211095e+00 1.558956e+00
<VARIANCE> 6
 1.236657e+03 2.579158e+02 2.910893e+01 2.625274e+01 2.394708e+01 1.006730e+01
<GCONST> 3.582402e+01
<STATE> 3
<MEAN> 6
 6.733248e+02 3.980014e+01 3.638859e+01 1.148627e+01 1.230618e+01 5.236491e+00
<VARIANCE> 6
 1.348880e+04 1.929744e+03 3.700882e+03 1.083027e+02 1.375646e+02 3.504827e+01
<GCONST> 4.948409e+01
<STATE> 4
<MEAN> 6
 7.262195e+02 1.918580e+00 8.092723e+00 5.580031e-01 2.331393e+00 2.688660e-01
<VARIANCE> 6
 1.962868e+04 2.287092e+01 8.260841e+02 1.826647e+00 3.753109e+01 1.151120e-01
<GCONST> 3.282437e+01
<TRANSP> 5
 0.000000e+00 1.000000e+00 0.000000e+00 0.000000e+00 0.000000e+00
 0.000000e+00 7.574624e-01 2.425376e-01 0.000000e+00 0.000000e+00
 0.000000e+00 0.000000e+00 4.796174e-01 5.203826e-01 0.000000e+00
 0.000000e+00 0.000000e+00 0.000000e+00 8.320814e-01 1.679187e-01
 0.000000e+00 0.000000e+00 0.000000e+00 0.000000e+00 0.000000e+00
<ENDHMM>
