~o
<STREAMINFO> 1 6
<VECSIZE> 6<NULLD><MFCC><DIAGC>
~h "fp_key_1"
<BEGINHMM>
<NUMSTATES> 5
<STATE> 2
<MEAN> 6
 5.343281e+02 3.962463e+01 1.808648e+01 1.090622e+01 5.919662e+00 2.337938e+00
<VARIANCE> 6
 1.377684e+04 1.910220e+03 6.837075e+02 1.199057e+02 6.596899e+01 9.206288e+00
<GCONST> 4.583629e+01
<STATE> 3
<MEAN> 6
 7.040838e+02 4.884943e+01 1.811055e+01 1.725033e+01 5.431402e+00 2.385235e+00
<VARIANCE> 6
 2.627884e+04 1.445365e+03 7.696405e+02 1.447346e+02 6.023120e+01 1.061517e+01
<GCONST> 4.656120e+01
<STATE> 4
<MEAN> 6
 5.431953e+02 1.363062e+01 8.421290e+00 4.156468e+00 2.292701e+00 9.293688e-01
<VARIANCE> 6
 1.166045e+04 3.605580e+02 7.302611e+01 3.647172e+01 1.325842e+01 2.196045e+00
<GCONST> 3.753752e+01
<TRANSP> 5
 0.000000e+00 1.000000e+00 0.000000e+00 0.000000e+00 0.000000e+00
 0.000000e+00 5.125183e-01 4.874817e-01 0.000000e+00 0.000000e+00
 0.000000e+00 0.000000e+00 7.264026e-01 2.735974e-01 0.000000e+00
 0.000000e+00 0.000000e+00 0.000000e+00 8.628941e-01 1.371059e-01
 0.000000e+00 0.000000e+00 0.000000e+00 0.000000e+00 0.000000e+00
<ENDHMM>
