~o
<STREAMINFO> 1 6
<VECSIZE> 6<NULLD><MFCC><DIAGC>
~h "fp_key_5"
<BEGINHMM>
<NUMSTATES> 5
<STATE> 2
<MEAN> 6
 3.135101e+02 3.024385e+00 5.289945e+00 5.548603e-01 1.282836e+00 4.085863e-01
<VARIANCE> 6
 5.073590e+03 6.033923e+00 1.801770e+01 7.181439e-02 1.501892e+00 3.095511e-02
<GCONST> 1.854565e+01
<STATE> 3
<MEAN> 6
 3.118814e+02 4.206440e+00 8.971063e+00 9.823754e-01 2.554648e+00 5.345683e-01
<VARIANCE> 6
 4.675330e+03 1.439140e+01 7.977702e+01 5.748923e-01 8.041776e+00 8.107010e-02
<GCONST> 2.554182e+01
<STATE> 4
<MEAN> 6
 4.660272e+02 2.451082e+00 4.953736e+00 4.199211e-01 6.843681e-01 3.818886e-01
<VARIANCE> 6
 5.649134e+03 3.007273e+00 9.229609e+00 4.679700e-02 1.121231e-01 2.653597e-02
<GCONST> 1.411062e+01
<TRANSP> 5
 0.000000e+00 1.000000e+00 0.000000e+00 0.000000e+00 0.000000e+00
 0.000000e+00 6.386315e-01 3.613685e-01 0.000000e+00 0.000000e+00
 0.000000e+00 0.000000e+00 6.377989e-01 3.622011e-01 0.000000e+00
 0.000000e+00 0.000000e+00 0.000000e+00 8.454846e-01 1.545154e-01
 0.000000e+00 0.000000e+00 0.000000e+00 0.000000e+00 0.000000e+00
<ENDHMM>
