~o
<STREAMINFO> 1 6
<VECSIZE> 6<NULLD><MFCC><DIAGC>
~h "fp_key"
<BEGINHMM>
<NUMSTATES> 5
<STATE> 2
<MEAN> 6
 3.268324e+02 5.059796e+00 4.899647e+00 1.450524e+00 1.127084e+00 5.310885e-01
<VARIANCE> 6
 7.189042e+03 5.005009e+01 2.568482e+01 3.478388e+00 2.303786e+00 5.089179e-01
<GCONST> 2.847216e+01
<STATE> 3
<MEAN> 6
 5.237932e+02 4.696074e+01 2.009787e+01 1.374506e+01 7.005179e+00 2.964823e+00
<VARIANCE> 6
 2.605131e+04 2.203717e+03 1.044761e+03 1.386213e+02 1.072276e+02 1.617494e+01
<GCONST> 4.823469e+01
<STATE> 4
<MEAN> 6
 3.629071e+02 2.744336e+00 4.737007e+00 6.453979e-01 9.999315e-01 3.807240e-01
<VARIANCE> 6
 1.095569e+04 5.181823e+00 2.184586e+01 1.753769e-01 1.371290e+00 3.220269e-02
<GCONST> 2.019727e+01
<TRANSP> 5
 0.000000e+00 1.000000e+00 0.000000e+00 0.000000e+00 0.000000e+00
 0.000000e+00 9.363652e-01 6.363481e-02 0.000000e+00 0.000000e+00
 0.000000e+00 0.000000e+00 9.697480e-01 3.025200e-02 0.000000e+00
 0.000000e+00 0.000000e+00 0.000000e+00 9.528961e-01 4.710390e-02
 0.000000e+00 0.000000e+00 0.000000e+00 0.000000e+00 0.000000e+00
<ENDHMM>
