~o
<STREAMINFO> 1 6
<VECSIZE> 6<NULLD><MFCC><DIAGC>
~h "fp_key_0"
<BEGINHMM>
<NUMSTATES> 5
<STATE> 2
<MEAN> 6
 2.908692e+02 3.156029e+00 4.223813e+00 1.005282e+00 9.664258e-01 4.631025e-01
<VARIANCE> 6
 1.243917e+03 4.229905e+01 1.710623e+01 2.866027e+00 1.179603e+00 3.876679e-01
<GCONST> 2.500799e+01
<STATE> 3
<MEAN> 6
 4.358551e+02 4.037367e+01 5.397430e+01 1.296310e+01 1.580767e+01 5.144184e+00
<VARIANCE> 6
 1.182169e+04 1.732973e+03 2.972734e+03 1.172975e+02 1.962578e+02 1.730712e+01
<GCONST> 4.875504e+01
<STATE> 4
<MEAN> 6
 5.339835e+02 6.000174e+01 1.400451e+01 1.718314e+01 5.131598e+00 2.184050e+00
<VARIANCE> 6
 2.753069e+04 2.906614e+03 4.159857e+02 1.864948e+02 4.123221e+01 6.689404e+00
<GCONST> 4.610386e+01
<TRANSP> 5
 0.000000e+00 1.000000e+00 0.000000e+00 0.000000e+00 0.000000e+00
 0.000000e+00 8.674238e-01 1.325762e-01 0.000000e+00 0.000000e+00
 0.000000e+00 0.000000e+00 4.877128e-02 9.512287e-01 0.000000e+00
 0.000000e+00 0.000000e+00 0.000000e+00 7.063915e-01 2.936085e-01
 0.000000e+00 0.000000e+00 0.000000e+00 0.000000e+00 0.000000e+00
<ENDHMM>
