~o
<STREAMINFO> 1 6
<VECSIZE> 6<NULLD><MFCC><DIAGC>
~h "fp_key_4"
<BEGINHMM>
<NUMSTATES> 5
<STATE> 2
<MEAN> 6
 4.378102e+02 4.522070e+01 8.762283e+00 1.302432e+01 3.923304e+00 2.120020e+00
<VARIANCE> 6
 2.311563e+04 2.308354e+03 1.561403e+02 1.036879e+02 5.396164e+01 5.701701e+00
<GCONST> 4.424099e+01
<STATE> 3
<MEAN> 6
 4.105848e+02 4.528212e+01 3.873209e+01 1.643608e+01 1.599301e+01 7.190261e+00
<VARIANCE> 6
 1.626063e+04 2.538457e+03 2.015015e+03 1.765739e+02 1.921704e+02 3.708017e+01
<GCONST> 5.021666e+01
<STATE> 4
<MEAN> 6
 3.000376e+02 2.695652e+00 2.706457e+00 7.122455e-01 7.850631e-01 3.735203e-01
<VARIANCE> 6
 4.474346e+03 6.807764e+00 7.500545e+00 2.093940e-01 5.630826e-01 2.619772e-02
<GCONST> 1.758647e+01
<TRANSP> 5
 0.000000e+00 1.000000e+00 0.000000e+00 0.000000e+00 0.000000e+00
 0.000000e+00 7.473138e-01 2.526862e-01 0.000000e+00 0.000000e+00
 0.000000e+00 0.000000e+00 5.697868e-01 4.302132e-01 0.000000e+00
 0.000000e+00 0.000000e+00 0.000000e+00 8.511483e-01 1.488518e-01
 0.000000e+00 0.000000e+00 0.000000e+00 0.000000e+00 0.000000e+00
<ENDHMM>
