~o
<STREAMINFO> 1 6
<VECSIZE> 6<NULLD><MFCC><DIAGC>
~h "fp_key_3"
<BEGINHMM>
<NUMSTATES> 5
<STATE> 2
<MEAN> 6
 4.483236e+02 6.975509e+01 1.479157e+01 1.516865e+01 4.664011e+00 1.859734e+00
<VARIANCE> 6
 2.069838e+04 2.837412e+03 5.969172e+02 1.219440e+02 4.617852e+01 4.977315e+00
<GCONST> 4.554847e+01
<STATE> 3
<MEAN> 6
 4.723026e+02 5.383366e+01 4.223785e+01 1.965785e+01 1.610725e+01 5.211536e+00
<VARIANCE> 6
 1.876671e+04 1.805196e+03 2.858262e+03 1.578630e+02 2.659988e+02 2.805520e+01
<GCONST> 5.030289e+01
<STATE> 4
<MEAN> 6
 3.019095e+02 9.932528e+00 4.777912e+00 3.576952e+00 2.364985e+00 1.290799e+00
<VARIANCE> 6
 7.724151e+03 5.538052e+02 8.559056e+01 4.202376e+01 3.629006e+01 4.262095e+00
<GCONST> 3.952530e+01
<TRANSP> 5
 0.000000e+00 1.000000e+00 0.000000e+00 0.000000e+00 0.000000e+00
 0.000000e+00 7.179709e-01 2.820291e-01 0.000000e+00 0.000000e+00
 0.000000e+00 0.000000e+00 5.916971e-01 4.083029e-01 0.000000e+00
 0.000000e+00 0.000000e+00 0.000000e+00 8.334750e-01 1.665250e-01
 0.000000e+00 0.000000e+00 0.000000e+00 0.000000e+00 0.000000e+00
<ENDHMM>
