~o
<STREAMINFO> 1 6
<VECSIZE> 6<NULLD><MFCC><DIAGC>
~h "fp_key_2"
<BEGINHMM>
<NUMSTATES> 5
<STATE> 2
<MEAN> 6
 4.658346e+02 1.192150e+01 8.825424e+00 4.076374e+00 2.215062e+00 1.031587e+00
<VARIANCE> 6
 1.917909e+04 4.139623e+02 8.084732e+01 3.531031e+01 1.457896e+01 2.885684e+00
<GCONST> 3.861069e+01
<STATE> 3
<MEAN> 6
 5.208360e+02 5.359190e+01 4.079202e+01 1.972682e+01 1.471298e+01 6.658477e+00
<VARIANCE> 6
 2.582529e+04 1.659505e+03 2.106382e+03 1.768486e+02 2.039463e+02 4.435017e+01
<GCONST> 5.053864e+01
<STATE> 4
<MEAN> 6
 5.241365e+02 7.662431e+01 1.921842e+01 1.427543e+01 4.990149e+00 2.230395e+00
<VARIANCE> 6
 1.921646e+04 2.412743e+03 7.902402e+02 7.269481e+01 5.003105e+01 5.977565e+00
<GCONST> 4.533857e+01
<TRANSP> 5
 0.000000e+00 1.000000e+00 0.000000e+00 0.000000e+00 0.000000e+00
 0.000000e+00 8.681498e-01 1.318502e-01 0.000000e+00 0.000000e+00
 0.000000e+00 0.000000e+00 5.647128e-01 4.352872e-01 0.000000e+00
 0.000000e+00 0.000000e+00 0.000000e+00 6.793125e-01 3.206875e-01
 0.000000e+00 0.000000e+00 0.000000e+00 0.000000e+00 0.000000e+00
<ENDHMM>
