~o
<STREAMINFO> 1 6
<VECSIZE> 6<NULLD><MFCC><DIAGC>
~h "fp_logo_5"
<BEGINHMM>
<NUMSTATES> 5
<STATE> 2
<MEAN> 6
 3.072629e+02 4.037927e+00 2.694745e+00 7.385082e-01 7.813518e-01 3.881207e-01
<VARIANCE> 6
 2.485406e+03 2.479515e+01 2.773600e+00 3.270624e-01 5.989179e-01 5.244800e-02
<GCONST> 1.849808e+01
<STATE> 3
<MEAN> 6
 3.098799e+02 9.050902e+00 1.755881e+01 1.883465e+00 6.019939e+00 5.010710e-01
<VARIANCE> 6
 2.806839e+03 9.908138e+01 1.368872e+02 4.582046e+00 1.791397e+01 7.780180e-02
<GCONST> 3.033631e+01
<STATE> 4
<MEAN> 6
 3.354207e+02 3.898802e+00 1.503650e+01 8.341354e-01 5.155653e+00 5.121221e-01
<VARIANCE> 6
 3.567539e+03 1.085478e+01 1.454298e+02 5.643660e-01 2.122238e+01 5.440873e-02
<GCONST> 2.614297e+01
<TRANSP> 5
 0.000000e+00 1.000000e+00 0.000000e+00 0.000000e+00 0.000000e+00
 0.000000e+00 8.489685e-01 1.510315e-01 0.000000e+00 0.000000e+00
 0.000000e+00 0.000000e+00 4.424243e-01 5.575757e-01 0.000000e+00
 0.000000e+00 0.000000e+00 0.000000e+00 7.210901e-01 2.789099e-01
 0.000000e+00 0.000000e+00 0.000000e+00 0.000000e+00 0.000000e+00
<ENDHMM>
