~o
<STREAMINFO> 1 6
<VECSIZE> 6<NULLD><MFCC><DIAGC>
~h "fp_logo_4"
<BEGINHMM>
<NUMSTATES> 5
<STATE> 2
<MEAN> 6
 2.697864e+02 2.085301e+01 4.490184e+00 4.681600e+00 2.017845e+00 1.038565e+00
<VARIANCE> 6
 4.947212e+03 1.551366e+03 1.623517e+01 2.632503e+01 2.765125e+00 6.503127e-01
<GCONST> 3.352522e+01
<STATE> 3
<MEAN> 6
 3.336001e+02 5.808440e+01 1.075191e+01 7.232408e+00 2.269151e+00 7.170732e-01
<VARIANCE> 6
 1.667022e+04 9.214677e+03 2.733130e+02 9.424676e+01 5.827853e+00 2.718869e-01
<GCONST> 4.049401e+01
<STATE> 4
<MEAN> 6
 2.651324e+02 4.389283e+00 2.260216e+00 7.295095e-01 7.315773e-01 3.722918e-01
<VARIANCE> 6
 2.214945e+03 3.620687e+01 3.659311e+00 2.948528e-01 5.513670e-01 3.776992e-02
<GCONST> 1.852390e+01
<TRANSP> 5
 0.000000e+00 1.000000e+00 0.000000e+00 0.000000e+00 0.000000e+00
 0.000000e+00 5.744522e-01 4.255478e-01 0.000000e+00 0.000000e+00
 0.000000e+00 0.000000e+00 4.174918e-01 5.825082e-01 0.000000e+00
 0.000000e+00 0.000000e+00 0.000000e+00 8.880602e-01 1.119398e-01
 0.000000e+00 0.000000e+00 0.000000e+00 0.000000e+00 0.000000e+00
<ENDHMM>
