~o
<STREAMINFO> 1 6
<VECSIZE> 6<NULLD><MFCC><DIAGC>
~h "fp_logo_3"
<BEGINHMM>
<NUMSTATES> 5
<STATE> 2
<MEAN> 6
 2.810832e+02 2.526614e+01 2.663519e+00 9.872522e+00 1.854520e+00 2.706415e+00
<VARIANCE> 6
 9.907106e+03 2.559330e+03 3.584714e+00 3.266654e+02 4.701269e+00 2.602985e+01
<GCONST> 3.994846e+01
<STATE> 3
<MEAN> 6
 3.733361e+02 9.325590e+01 9.179517e+00 1.302092e+01 2.461045e+00 1.288168e+00
<VARIANCE> 6
 2.606170e+04 1.126870e+04 7.172227e+02 1.692093e+02 1.583463e+01 4.373245e+00
<GCONST> 4.646950e+01
<STATE> 4
<MEAN> 6
 2.494690e+02 8.118481e+00 2.163554e+00 1.390951e+00 7.279822e-01 3.574668e-01
<VARIANCE> 6
 3.696810e+03 4.429683e+02 2.698128e+00 4.987642e+00 1.892307e-01 3.263178e-02
<GCONST> 2.284825e+01
<TRANSP> 5
 0.000000e+00 1.000000e+00 0.000000e+00 0.000000e+00 0.000000e+00
 0.000000e+00 2.603787e-01 7.396213e-01 0.000000e+00 0.000000e+00
 0.000000e+00 0.000000e+00 4.815398e-01 5.184602e-01 0.000000e+00
 0.000000e+00 0.000000e+00 0.000000e+00 8.853102e-01 1.146898e-01
 0.000000e+00 0.000000e+00 0.000000e+00 0.000000e+00 0.000000e+00
<ENDHMM>
