~o
<STREAMINFO> 1 6
<VECSIZE> 6<NULLD><MFCC><DIAGC>
~h "fp_logo_1"
<BEGINHMM>
<NUMSTATES> 5
<STATE> 2
<MEAN> 6
 2.432815e+02 1.139050e+01 2.562445e+00 2.892387e+00 9.143450e-01 4.201282e-01
<VARIANCE> 6
 4.889675e+03 3.991414e+02 6.995175e+00 2.721711e+01 8.202724e-01 1.440034e-01
<GCONST> 2.862449e+01
<STATE> 3
<MEAN> 6
 4.577432e+02 9.933538e+01 6.810564e+00 1.997442e+01 2.554573e+00 1.246101e+00
<VARIANCE> 6
 5.909827e+04 9.711350e+03 7.005212e+01 3.723871e+02 7.669624e+00 1.782190e+00
<GCONST> 4.397955e+01
<STATE> 4
<MEAN> 6
 3.309703e+02 4.745577e+01 4.044196e+01 1.415000e+01 1.134184e+01 6.244754e+00
<VARIANCE> 6
 1.546479e+04 3.248216e+03 2.159612e+03 2.323743e+02 2.069925e+02 6.963690e+01
<GCONST> 5.146146e+01
<TRANSP> 5
 0.000000e+00 1.000000e+00 0.000000e+00 0.000000e+00 0.000000e+00
 0.000000e+00 8.999949e-01 1.000051e-01 0.000000e+00 0.000000e+00
 0.000000e+00 0.000000e+00 4.168322e-01 5.831678e-01 0.000000e+00
 0.000000e+00 0.000000e+00 0.000000e+00 2.222358e-01 7.777643e-01
 0.000000e+00 0.000000e+00 0.000000e+00 0.000000e+00 0.000000e+00
<ENDHMM>
