~o
<STREAMINFO> 1 6
<VECSIZE> 6<NULLD><MFCC><DIAGC>
~h "fp_logo_2"
<BEGINHMM>
<NUMSTATES> 5
<STATE> 2
<MEAN> 6
 3.376426e+02 3.797050e+01 3.127396e+01 9.777977e+00 1.107084e+01 3.897684e+00
<VARIANCE> 6
 1.939144e+04 3.136958e+03 2.392697e+03 1.774525e+02 2.635792e+02 4.767422e+01
<GCONST> 5.134848e+01
<STATE> 3
<MEAN> 6
 3.923790e+02 7.738248e+01 4.670047e+01 2.015171e+01 1.626096e+01 7.555034e+00
<VARIANCE> 6
 2.081130e+04 5.996825e+03 3.009384e+03 2.636973e+02 2.876662e+02 6.266624e+01
<GCONST> 5.305341e+01
<STATE> 4
<MEAN> 6
 2.712251e+02 1.332658e+01 2.277447e+00 3.386275e+00 8.669195e-01 8.359304e-01
<VARIANCE> 6
 5.425725e+03 6.178326e+02 3.142257e+00 6.977186e+01 9.935167e-01 5.770301e+00
<GCONST> 3.318878e+01
<TRANSP> 5
 0.000000e+00 1.000000e+00 0.000000e+00 0.000000e+00 0.000000e+00
 0.000000e+00 5.961016e-06 9.999940e-01 0.000000e+00 0.000000e+00
 0.000000e+00 0.000000e+00 7.703990e-01 2.296010e-01 0.000000e+00
 0.000000e+00 0.000000e+00 0.000000e+00 8.691889e-01 1.308111e-01
 0.000000e+00 0.000000e+00 0.000000e+00 0.000000e+00 0.000000e+00
<ENDHMM>
