~o
<STREAMINFO> 1 6
<VECSIZE> 6<NULLD><MFCC><DIAGC>
~h "fp_logo"
<BEGINHMM>
<NUMSTATES> 5
<STATE> 2
<MEAN> 6
 2.437850e+02 1.405177e+01 3.426480e+00 3.315974e+00 1.206328e+00 6.082343e-01
<VARIANCE> 6
 3.091064e+03 2.236120e+02 1.730511e+01 1.780135e+01 1.453663e+00 4.633247e-01
<GCONST> 2.980848e+01
<STATE> 3
<MEAN> 6
 4.371629e+02 1.028456e+02 3.598302e+01 2.275100e+01 1.166184e+01 5.654556e+00
<VARIANCE> 6
 3.319238e+04 8.618890e+03 2.342271e+03 2.818708e+02 2.054233e+02 5.105510e+01
<GCONST> 5.315736e+01
<STATE> 4
<MEAN> 6
 2.717176e+02 3.235643e+00 4.007425e+00 7.690424e-01 1.292266e+00 3.545126e-01
<VARIANCE> 6
 4.353054e+03 5.487058e+00 4.037852e+01 2.502626e-01 5.594684e+00 3.199065e-02
<GCONST> 2.170085e+01
<TRANSP> 5
 0.000000e+00 1.000000e+00 0.000000e+00 0.000000e+00 0.000000e+00
 0.000000e+00 9.624817e-01 3.751837e-02 0.000000e+00 0.000000e+00
 0.000000e+00 0.000000e+00 8.861603e-01 1.138397e-01 0.000000e+00
 0.000000e+00 0.000000e+00 0.000000e+00 9.710666e-01 2.893343e-02
 0.000000e+00 0.000000e+00 0.000000e+00 0.000000e+00 0.000000e+00
<ENDHMM>
