~o
<STREAMINFO> 1 6
<VECSIZE> 6<NULLD><MFCC><DIAGC>
~h "fp_logo_0"
<BEGINHMM>
<NUMSTATES> 5
<STATE> 2
<MEAN> 6
 2.039864e+02 4.614908e+00 2.359251e+00 1.373197e+00 6.922725e-01 4.074487e-01
<VARIANCE> 6
 2.346541e+03 1.756413e+01 4.064018e+00 6.429150e+00 2.938454e-01 1.670602e-01
<GCONST> 2.190273e+01
<STATE> 3
<MEAN> 6
 3.047617e+02 3.373879e+01 1.424085e+01 1.262476e+01 3.474214e+00 1.463747e+00
<VARIANCE> 6
 3.266421e+04 2.771025e+03 8.158687e+02 2.497792e+02 1.723962e+01 2.396704e+00
<GCONST> 4.529441e+01
<STATE> 4
<MEAN> 6
 2.756915e+02 2.538553e+01 3.660304e+00 6.798648e+00 1.566350e+00 6.018718e-01
<VARIANCE> 6
 1.081667e+04 1.257743e+03 1.901263e+01 8.718303e+01 3.536650e+00 2.856997e-01
<GCONST> 3.487666e+01
<TRANSP> 5
 0.000000e+00 1.000000e+00 0.000000e+00 0.000000e+00 0.000000e+00
 0.000000e+00 8.737381e-01 1.262619e-01 0.000000e+00 0.000000e+00
 0.000000e+00 0.000000e+00 5.080603e-01 4.919397e-01 0.000000e+00
 0.000000e+00 0.000000e+00 0.000000e+00 5.115247e-01 4.884752e-01
 0.000000e+00 0.000000e+00 0.000000e+00 0.000000e+00 0.000000e+00
<ENDHMM>
