~o
<STREAMINFO> 1 6
<VECSIZE> 6<NULLD><MFCC><DIAGC>
~h "fp_screen"
<BEGINHMM>
<NUMSTATES> 5
<STATE> 2
<MEAN> 6
 4.097902e+02 8.764032e+00 8.263959e+00 2.432729e+00 2.111692e+00 5.150027e-01
<VARIANCE> 6
 2.729687e+04 1.259805e+02 2.783773e+02 1.225619e+01 1.125472e+01 3.951196e-01
<GCONST> 3.570515e+01
<STATE> 3
<MEAN> 6
 5.959011e+02 4.999283e+01 2.075052e+01 1.459779e+01 6.835095e+00 3.709762e+00
<VARIANCE> 6
 1.884556e+04 2.216095e+03 1.030152e+03 1.482959e+02 7.240145e+01 1.982157e+01
<GCONST> 4.778047e+01
<STATE> 4
<MEAN> 6
 4.554358e+02 2.110304e+00 5.630164e+00 6.442285e-01 1.125175e+00 3.676955e-01
<VARIANCE> 6
 6.394135e+03 4.983678e+00 8.432841e+01 2.843910e-01 2.372741e+00 3.931135e-02
<GCONST> 2.220169e+01
<TRANSP> 5
 0.000000e+00 1.000000e+00 0.000000e+00 0.000000e+00 0.000000e+00
 0.000000e+00 9.574750e-01 4.252500e-02 0.000000e+00 0.000000e+00
 0.000000e+00 0.000000e+00 9.283035e-01 7.169650e-02 0.000000e+00
 0.000000e+00 0.000000e+00 0.000000e+00 9.692655e-01 3.073448e-02
 0.000000e+00 0.000000e+00 0.000000e+00 0.000000e+00 0.000000e+00
<ENDHMM>
