~o
<STREAMINFO> 1 6
<VECSIZE> 6<NULLD><MFCC><DIAGC>
~h "fp_screen_1"
<BEGINHMM>
<NUMSTATES> 5
<STATE> 2
<MEAN> 6
 5.229438e+02 2.329397e+01 2.823848e+00 5.860960e+00 1.227703e+00 5.714134e-01
<VARIANCE> 6
 9.402297e+03 9.201673e+02 8.787880e+00 5.071944e+01 2.451058e+00 5.017858e-01
<GCONST> 3.330714e+01
<STATE> 3
<MEAN> 6
 6.581686e+02 4.798384e+01 2.208841e+01 1.206146e+01 6.569171e+00 5.223823e+00
<VARIANCE> 6
 1.896259e+04 1.838577e+03 8.819186e+02 1.041101e+02 4.503251e+01 2.891099e+01
<GCONST> 4.699339e+01
<STATE> 4
<MEAN> 6
 5.947269e+02 6.305701e+00 2.117887e+00 1.808087e+00 6.019933e-01 3.103481e-01
<VARIANCE> 6
 2.418322e+03 1.651283e+02 2.775676e+00 2.065758e+01 1.261928e-01 1.962945e-02
<GCONST> 2.197312e+01
<TRANSP> 5
 0.000000e+00 1.000000e+00 0.000000e+00 0.000000e+00 0.000000e+00
 0.000000e+00 7.285094e-01 2.714907e-01 0.000000e+00 0.000000e+00
 0.000000e+00 0.000000e+00 5.787707e-01 4.212294e-01 0.000000e+00
 0.000000e+00 0.000000e+00 0.000000e+00 8.559623e-01 1.440377e-01
 0.000000e+00 0.000000e+00 0.000000e+00 0.000000e+00 0.000000e+00
<ENDHMM>
