~o
<STREAMINFO> 1 6
<VECSIZE> 6<NULLD><MFCC><DIAGC>
~h "fp_screen_4"
<BEGINHMM>
<NUMSTATES> 5
<STATE> 2
<MEAN> 6
 4.173520e+02 1.955637e+01 6.770105e+00 3.757275e+00 2.025915e+00 8.431664e-01
<VARIANCE> 6
 3.884219e+03 6.840497e+02 1.195741e+02 2.758314e+01 2.771389e+01 2.456355e+00
<GCONST> 3.814172e+01
<STATE> 3
<MEAN> 6
 5.123893e+02 4.042245e+01 3.156489e+01 9.080866e+00 7.899797e+00 4.071369e+00
<VARIANCE> 6
 2.960317e+04 3.518406e+03 1.906886e+03 1.339607e+02 8.838636e+01 2.374085e+01
<GCONST> 4.958835e+01
<STATE> 4
<MEAN> 6
 3.708064e+02 2.142430e+00 5.748828e+00 6.722931e-01 1.187543e+00 3.960811e-01
<VARIANCE> 6
 1.864503e+03 3.841512e+00 4.924776e+01 3.295682e-01 1.045811e+00 4.705167e-02
<GCONST> 1.967905e+01
<TRANSP> 5
 0.000000e+00 1.000000e+00 0.000000e+00 0.000000e+00 0.000000e+00
 0.000000e+00 5.785667e-01 4.214333e-01 0.000000e+00 0.000000e+00
 0.000000e+00 0.000000e+00 3.444882e-01 6.555119e-01 0.000000e+00
 0.000000e+00 0.000000e+00 0.000000e+00 8.901294e-01 1.098706e-01
 0.000000e+00 0.000000e+00 0.000000e+00 0.000000e+00 0.000000e+00
<ENDHMM>
