~o
<STREAMINFO> 1 6
<VECSIZE> 6<NULLD><MFCC><DIAGC>
~h "fp_screen_3"
<BEGINHMM>
<NUMSTATES> 5
<STATE> 2
<MEAN> 6
 5.407756e+02 4.429243e+01 8.926421e+00 1.236038e+01 3.528703e+00 1.954271e+00
<VARIANCE> 6
 8.255161e+03 1.231494e+03 4.669791e+02 9.489410e+01 4.388035e+01 8.807427e+00
<GCONST> 4.381795e+01
<STATE> 3
<MEAN> 6
 6.391437e+02 7.562188e+01 1.933785e+01 1.546297e+01 9.958685e+00 5.564001e+00
<VARIANCE> 6
 1.988519e+04 4.183760e+03 7.467274e+02 9.903665e+01 8.444284e+01 2.327776e+01
<GCONST> 4.805872e+01
<STATE> 4
<MEAN> 6
 4.610767e+02 8.809498e+00 3.921968e+00 2.245510e+00 1.200696e+00 5.713189e-01
<VARIANCE> 6
 3.097244e+03 1.877157e+02 3.491810e+01 9.953218e+00 9.346704e+00 9.676822e-01
<GCONST> 3.235353e+01
<TRANSP> 5
 0.000000e+00 1.000000e+00 0.000000e+00 0.000000e+00 0.000000e+00
 0.000000e+00 5.890781e-01 4.109219e-01 0.000000e+00 0.000000e+00
 0.000000e+00 0.000000e+00 5.146902e-01 4.853099e-01 0.000000e+00
 0.000000e+00 0.000000e+00 0.000000e+00 8.667716e-01 1.332284e-01
 0.000000e+00 0.000000e+00 0.000000e+00 0.000000e+00 0.000000e+00
<ENDHMM>
