~o
<STREAMINFO> 1 6
<VECSIZE> 6<NULLD><MFCC><DIAGC>
~h "fp_screen_5"
<BEGINHMM>
<NUMSTATES> 5
<STATE> 2
<MEAN> 6
 4.181521e+02 1.372574e+00 2.518995e+00 4.575841e-01 5.232296e-01 3.873992e-01
<VARIANCE> 6
 4.372614e+02 1.192128e+00 2.464994e+00 5.854031e-02 6.758853e-02 3.123120e-02
<GCONST> 9.187029e+00
<STATE> 3
<MEAN> 6
 4.892370e+02 1.248486e+00 4.534701e+00 3.281763e-01 5.635545e-01 3.219360e-01
<VARIANCE> 6
 1.161196e+03 9.907036e-01 3.305898e+00 1.935426e-02 5.868990e-02 2.698488e-02
<GCONST> 8.878027e+00
<STATE> 4
<MEAN> 6
 5.226360e+02 2.182393e+00 1.117629e+01 4.606892e-01 2.324024e+00 4.105451e-01
<VARIANCE> 6
 4.147295e+03 2.071462e+00 7.716568e+01 4.600385e-02 5.552606e+00 2.518669e-02
<GCONST> 1.938548e+01
<TRANSP> 5
 0.000000e+00 1.000000e+00 0.000000e+00 0.000000e+00 0.000000e+00
 0.000000e+00 7.562693e-01 2.437308e-01 0.000000e+00 0.000000e+00
 0.000000e+00 0.000000e+00 7.918491e-01 2.081509e-01 0.000000e+00
 0.000000e+00 0.000000e+00 0.000000e+00 6.766792e-01 3.233208e-01
 0.000000e+00 0.000000e+00 0.000000e+00 0.000000e+00 0.000000e+00
<ENDHMM>
