~o
<STREAMINFO> 1 6
<VECSIZE> 6<NULLD><MFCC><DIAGC>
~h "fp_screen_2"
<BEGINHMM>
<NUMSTATES> 5
<STATE> 2
<MEAN> 6
 5.114538e+02 6.993009e+00 1.427085e+01 2.112980e+00 2.448064e+00 3.599384e-01
<VARIANCE> 6
 6.428829e+03 1.779142e+02 6.418566e+02 2.094635e+01 1.087696e+01 2.706743e-02
<GCONST> 3.326066e+01
<STATE> 3
<MEAN> 6
 6.260330e+02 4.292907e+01 2.388741e+01 2.208122e+01 8.570137e+00 3.959208e+00
<VARIANCE> 6
 2.234014e+04 1.284448e+03 1.210953e+03 2.350413e+02 1.076761e+02 1.754095e+01
<GCONST> 4.830208e+01
<STATE> 4
<MEAN> 6
 5.591760e+02 2.153004e+01 8.461482e+00 8.931454e+00 3.564310e+00 2.119462e+00
<VARIANCE> 6
 7.947293e+03 4.993351e+02 4.348597e+02 7.843950e+01 3.736017e+01 7.127110e+00
<GCONST> 4.224299e+01
<TRANSP> 5
 0.000000e+00 1.000000e+00 0.000000e+00 0.000000e+00 0.000000e+00
 0.000000e+00 8.621834e-01 1.378167e-01 0.000000e+00 0.000000e+00
 0.000000e+00 0.000000e+00 6.515913e-01 3.484087e-01 0.000000e+00
 0.000000e+00 0.000000e+00 0.000000e+00 6.520275e-01 3.479725e-01
 0.000000e+00 0.000000e+00 0.000000e+00 0.000000e+00 0.000000e+00
<ENDHMM>
