~o
<STREAMINFO> 1 6
<VECSIZE> 6<NULLD><MFCC><DIAGC>
~h "fp_screen_0"
<BEGINHMM>
<NUMSTATES> 5
<STATE> 2
<MEAN> 6
 2.305930e+02 2.833405e+00 8.214833e+00 8.767225e-01 2.320692e+00 3.631741e-01
<VARIANCE> 6
 1.231684e+03 7.215446e+00 1.280316e+02 3.392333e-01 1.089324e+01 4.639849e-02
<GCONST> 2.320849e+01
<STATE> 3
<MEAN> 6
 4.494051e+02 2.226663e+01 4.792905e+01 5.623121e+00 1.094399e+01 2.225540e+00
<VARIANCE> 6
 2.358035e+04 1.105979e+03 1.553890e+03 5.837107e+01 3.558345e+01 1.154346e+01
<GCONST> 4.553726e+01
<STATE> 4
<MEAN> 6
 5.273578e+02 1.717481e+01 4.105119e+00 5.760121e+00 1.378691e+00 6.641142e-01
<VARIANCE> 6
 1.815347e+04 8.074948e+02 1.591548e+01 9.054597e+01 3.794254e+00 7.312624e-01
<GCONST> 3.582147e+01
<TRANSP> 5
 0.000000e+00 1.000000e+00 0.000000e+00 0.000000e+00 0.000000e+00
 0.000000e+00 8.840103e-01 1.159898e-01 0.000000e+00 0.000000e+00
 0.000000e+00 0.000000e+00 3.256230e-01 6.743771e-01 0.000000e+00
 0.000000e+00 0.000000e+00 0.000000e+00 4.724900e-01 5.275101e-01
 0.000000e+00 0.000000e+00 0.000000e+00 0.000000e+00 0.000000e+00
<ENDHMM>
