~o
<STREAMINFO> 1 6
<VECSIZE> 6<NULLD><MFCC><DIAGC>
~h "bg_red_0"
<BEGINHMM>
<NUMSTATES> 5
<STATE> 2
<MEAN> 6
 3.914090e+02 1.103364e+01 4.439047e+00 3.694160e+00 1.312522e+00 6.913781e-01
<VARIANCE> 6
 7.175718e+03 2.734190e+02 3.303198e+01 2.956022e+01 2.579209e+00 7.170471e-01
<GCONST> 3.301550e+01
<STATE> 3
<MEAN> 6
 4.699014e+02 5.557537e+01 1.049710e+01 1.249486e+01 2.323218e+00 1.076284e+00
<VARIANCE> 6
 3.246911e+04 4.595045e+03 2.814823e+02 1.359800e+02 3.671317e+01 1.493464e+00
<GCONST> 4.440485e+01
<STATE> 4
<MEAN> 6
 3.384751e+02 5.576896e+00 2.482964e+00 1.528760e+00 6.344168e-01 3.479294e-01
<VARIANCE> 6
 2.484898e+03 3.663596e+01 9.676001e+00 3.947752e+00 5.540670e-01 1.929791e-01
<GCONST> 2.385343e+01
<TRANSP> 5
 0.000000e+00 1.000000e+00 0.000000e+00 0.000000e+00 0.000000e+00
 0.000000e+00 9.090043e-01 9.099574e-02 0.000000e+00 0.000000e+00
 0.000000e+00 0.000000e+00 8.810871e-01 1.189129e-01 0.000000e+00
 0.000000e+00 0.000000e+00 0.000000e+00 9.802375e-01 1.976247e-02
 0.000000e+00 0.000000e+00 0.000000e+00 0.000000e+00 0.000000e+00
<ENDHMM>
~h "bg_red_0_0"
<BEGINHMM>
<NUMSTATES> 5
<STATE> 2
<MEAN> 6
 4.611212e+02 7.347871e+00 4.765203e+00 2.440297e+00 1.616211e+00 7.656630e-01
<VARIANCE> 6
 7.893074e+02 5.692729e+01 2.163566e+01 3.575323e+00 2.749780e+00 5.390063e-01
<GCONST> 2.648208e+01
<STATE> 3
<MEAN> 6
 5.548036e+02 3.361472e+01 1.676392e+01 1.241954e+01 4.192840e+00 2.295818e+00
<VARIANCE> 6
 2.386842e+04 1.104228e+03 3.259888e+02 1.422404e+02 2.781768e+01 3.370676e+00
<GCONST> 4.339964e+01
<STATE> 4
<MEAN> 6
 4.310639e+02 8.390200e+00 3.155110e+00 1.876111e+00 4.949213e-01 2.912722e-01
<VARIANCE> 6
 2.033103e+03 4.704069e+02 1.117768e+01 1.558676e+01 1.046538e-01 1.788561e-02
<GCONST> 2.367766e+01
<TRANSP> 5
 0.000000e+00 1.000000e+00 0.000000e+00 0.000000e+00 0.000000e+00
 0.000000e+00 8.090456e-01 1.909545e-01 0.000000e+00 0.000000e+00
 0.000000e+00 0.000000e+00 5.249093e-01 4.750907e-01 0.000000e+00
 0.000000e+00 0.000000e+00 0.000000e+00 7.853289e-01 2.146711e-01
 0.000000e+00 0.000000e+00 0.000000e+00 0.000000e+00 0.000000e+00
<ENDHMM>
~h "bg_red_0_1"
<BEGINHMM>
<NUMSTATES> 5
<STATE> 2
<MEAN> 6
 4.465361e+02 1.681263e+01 3.383798e+00 3.341846e+00 3.990428e-01 3.189341e-01
<VARIANCE> 6
 5.323550e+03 1.606824e+03 1.344527e+01 5.473360e+01 4.691228e-02 2.057465e-02
<GCONST> 2.664711e+01
<STATE> 3
<MEAN> 6
 4.333318e+02 5.523804e+01 6.336722e+00 1.009438e+01 4.944271e-01 5.801687e-01
<VARIANCE> 6
 5.850727e+03 5.514023e+03 2.738743e+01 1.374884e+02 6.296735e-02 1.596912e-01
<GCONST> 3.195060e+01
<STATE> 4
<MEAN> 6
 3.786808e+02 2.612260e+00 1.506051e+00 7.340822e-01 3.651611e-01 2.373376e-01
<VARIANCE> 6
 2.657755e+02 5.458555e+00 1.378657e+00 2.909989e-01 7.467713e-02 1.579155e-02
<GCONST> 1.065091e+01
<TRANSP> 5
 0.000000e+00 1.000000e+00 0.000000e+00 0.000000e+00 0.000000e+00
 0.000000e+00 1.620471e-01 8.379529e-01 0.000000e+00 0.000000e+00
 0.000000e+00 0.000000e+00 4.775062e-01 5.224938e-01 0.000000e+00
 0.000000e+00 0.000000e+00 0.000000e+00 8.989155e-01 1.010845e-01
 0.000000e+00 0.000000e+00 0.000000e+00 0.000000e+00 0.000000e+00
<ENDHMM>
~h "bg_red_0_2"
<BEGINHMM>
<NUMSTATES> 5
<STATE> 2
<MEAN> 6
 3.550195e+02 2.518191e+00 1.375962e+00 6.856897e-01 4.280643e-01 2.188075e-01
<VARIANCE> 6
 1.308264e+02 3.269298e+00 1.213322e+00 1.677765e-01 8.292238e-02 1.159328e-02
<GCONST> 8.546768e+00
<STATE> 3
<MEAN> 6
 3.282190e+02 5.820685e+00 2.537997e+00 2.047241e+00 9.480993e-01 3.575476e-01
<VARIANCE> 6
 4.628050e+02 5.006930e+01 3.598397e+00 3.742349e+00 3.314551e-01 3.653424e-02
<GCONST> 1.926441e+01
<STATE> 4
<MEAN> 6
 3.283966e+02 5.730311e+00 1.158897e+00 8.436559e-01 2.707303e-01 2.686006e-01
<VARIANCE> 6
 4.678533e+02 8.673596e+01 8.158293e-01 8.138051e-01 2.247616e-02 1.985397e-02
<GCONST> 1.351405e+01
<TRANSP> 5
 0.000000e+00 1.000000e+00 0.000000e+00 0.000000e+00 0.000000e+00
 0.000000e+00 8.530424e-01 1.469576e-01 0.000000e+00 0.000000e+00
 0.000000e+00 0.000000e+00 6.865048e-01 3.134952e-01 0.000000e+00
 0.000000e+00 0.000000e+00 0.000000e+00 6.672737e-01 3.327263e-01
 0.000000e+00 0.000000e+00 0.000000e+00 0.000000e+00 0.000000e+00
<ENDHMM>
~h "bg_red_0_3"
<BEGINHMM>
<NUMSTATES> 5
<STATE> 2
<MEAN> 6
 2.797799e+02 1.719032e+01 1.725499e+00 3.732803e+00 4.189347e-01 3.762094e-01
<VARIANCE> 6
 1.745634e+03 2.318760e+02 1.996051e+00 1.118834e+01 5.213656e-02 1.862397e-02
<GCONST> 2.010719e+01
<STATE> 3
<MEAN> 6
 3.110843e+02 8.211850e+00 7.521212e-01 1.594679e+00 2.618869e-01 2.180034e-01
<VARIANCE> 6
 1.631531e+03 2.497988e+01 2.447392e-01 6.927002e+00 3.964785e-02 2.951464e-02
<GCONST> 1.541989e+01
<STATE> 4
<MEAN> 6
 3.095697e+02 5.704830e+00 1.351988e+00 9.048105e-01 3.660826e-01 2.517405e-01
<VARIANCE> 6
 1.002688e+03 7.625384e+00 1.222775e+00 1.171547e+00 8.956489e-02 1.576451e-02
<GCONST> 1.376585e+01
<TRANSP> 5
 0.000000e+00 1.000000e+00 0.000000e+00 0.000000e+00 0.000000e+00
 0.000000e+00 6.552138e-01 3.447862e-01 0.000000e+00 0.000000e+00
 0.000000e+00 0.000000e+00 6.301906e-05 9.999370e-01 0.000000e+00
 0.000000e+00 0.000000e+00 0.000000e+00 8.765370e-01 1.234631e-01
 0.000000e+00 0.000000e+00 0.000000e+00 0.000000e+00 0.000000e+00
<ENDHMM>
~h "bg_red_0_4"
<BEGINHMM>
<NUMSTATES> 5
<STATE> 2
<MEAN> 6
 2.638502e+02 1.045442e+01 2.145219e+00 3.176188e+00 5.781063e-01 3.718904e-01
<VARIANCE> 6
 6.941141e+02 6.738238e+01 3.326648e+00 7.567243e+00 1.180565e-01 2.295457e-02
<GCONST> 1.909525e+01
<STATE> 3
<MEAN> 6
 3.822704e+02 6.278842e+01 1.108009e+01 1.405630e+01 1.489646e+00 7.198701e-01
<VARIANCE> 6
 1.827287e+04 5.174541e+03 3.953360e+01 1.615849e+02 1.541283e+00 1.311258e-01
<GCONST> 3.655514e+01
<STATE> 4
<MEAN> 6
 3.225234e+02 7.240936e+00 2.320190e+00 2.487154e+00 7.564870e-01 4.363194e-01
<VARIANCE> 6
 3.943727e+03 7.334882e+01 4.373660e+00 8.731732e+00 3.055542e-01 8.949113e-02
<GCONST> 2.364569e+01
<TRANSP> 5
 0.000000e+00 1.000000e+00 0.000000e+00 0.000000e+00 0.000000e+00
 0.000000e+00 8.256814e-01 1.743186e-01 0.000000e+00 0.000000e+00
 0.000000e+00 0.000000e+00 5.336131e-01 4.663870e-01 0.000000e+00
 0.000000e+00 0.000000e+00 0.000000e+00 8.046584e-01 1.953417e-01
 0.000000e+00 0.000000e+00 0.000000e+00 0.000000e+00 0.000000e+00
<ENDHMM>
~h "bg_red_0_5"
<BEGINHMM>
<NUMSTATES> 5
<STATE> 2
<MEAN> 6
 3.820867e+02 1.111385e+01 3.832947e+00 4.395384e+00 7.888612e-01 4.811334e-01
<VARIANCE> 6
 3.541818e+04 1.263687e+02 7.453169e+00 1.014440e+01 3.306425e-01 1.159070e-01
<GCONST> 2.740532e+01
<STATE> 3
<MEAN> 6
 4.320038e+02 7.601389e+01 1.763138e+01 1.562765e+01 5.235054e+00 1.640863e+00
<VARIANCE> 6
 1.861655e+04 5.526685e+03 6.569793e+02 1.530503e+02 1.031956e+02 2.857363e+00
<GCONST> 4.668136e+01
<STATE> 4
<MEAN> 6
 3.288513e+02 5.389338e+00 4.979393e+00 2.192508e+00 1.393749e+00 6.789913e-01
<VARIANCE> 6
 1.112935e+03 1.370335e+01 1.824590e+01 2.465559e+00 1.625941e+00 6.851676e-01
<GCONST> 2.457401e+01
<TRANSP> 5
 0.000000e+00 1.000000e+00 0.000000e+00 0.000000e+00 0.000000e+00
 0.000000e+00 7.390323e-01 2.609677e-01 0.000000e+00 0.000000e+00
 0.000000e+00 0.000000e+00 5.253890e-01 4.746111e-01 0.000000e+00
 0.000000e+00 0.000000e+00 0.000000e+00 8.350140e-01 1.649860e-01
 0.000000e+00 0.000000e+00 0.000000e+00 0.000000e+00 0.000000e+00
<ENDHMM>
~h "bg_dark_0"
<BEGINHMM>
<NUMSTATES> 5
<STATE> 2
<MEAN> 6
 2.245991e+02 1.027837e+01 1.188157e+01 4.213973e+00 4.443317e+00 1.727520e+00
<VARIANCE> 6
 3.848989e+03 1.164853e+02 1.535953e+02 8.451879e+00 1.121681e+01 1.859362e+00
<GCONST> 3.424695e+01
<STATE> 3
<MEAN> 6
 1.850151e+02 2.304136e+01 1.973667e+01 7.337406e+00 6.970967e+00 2.956552e+00
<VARIANCE> 6
 3.368394e+03 5.645003e+02 3.393308e+02 1.780804e+01 1.965317e+01 4.200613e+00
<GCONST> 3.860549e+01
<STATE> 4
<MEAN> 6
 1.488530e+02 1.499241e+01 1.457186e+01 5.059154e+00 4.742461e+00 2.113732e+00
<VARIANCE> 6
 1.374041e+03 2.476958e+02 1.410204e+02 9.222505e+00 4.849980e+00 1.569524e+00
<GCONST> 3.296527e+01
<TRANSP> 5
 0.000000e+00 1.000000e+00 0.000000e+00 0.000000e+00 0.000000e+00
 0.000000e+00 9.635372e-01 3.646283e-02 0.000000e+00 0.000000e+00
 0.000000e+00 0.000000e+00 9.738026e-01 2.619741e-02 0.000000e+00
 0.000000e+00 0.000000e+00 0.000000e+00 7.728868e-01 2.271132e-01
 0.000000e+00 0.000000e+00 0.000000e+00 0.000000e+00 0.000000e+00
<ENDHMM>
~h "bg_dark_0_0"
<BEGINHMM>
<NUMSTATES> 5
<STATE> 2
<MEAN> 6
 2.686844e+02 9.669827e+00 1.147426e+01 3.321252e+00 4.238683e+00 1.496066e+00
<VARIANCE> 6
 2.070276e+03 1.711196e+02 8.980345e+01 4.859617e+00 6.298776e+00 1.732327e+00
<GCONST> 3.227347e+01
<STATE> 3
<MEAN> 6
 1.957252e+02 3.225787e+01 1.844940e+01 8.126476e+00 7.410951e+00 2.995869e+00
<VARIANCE> 6
 4.158378e+03 1.070510e+03 3.283359e+02 1.452705e+01 1.933282e+01 3.390830e+00
<GCONST> 3.898896e+01
<STATE> 4
<MEAN> 6
 2.120489e+02 1.172959e+01 1.327111e+01 3.857326e+00 4.175391e+00 1.802374e+00
<VARIANCE> 6
 5.042732e+03 1.436742e+02 1.688210e+02 3.943694e+00 6.331616e+00 1.143880e+00
<GCONST> 3.300145e+01
<TRANSP> 5
 0.000000e+00 1.000000e+00 0.000000e+00 0.000000e+00 0.000000e+00
 0.000000e+00 8.319330e-01 1.680670e-01 0.000000e+00 0.000000e+00
 0.000000e+00 0.000000e+00 5.247861e-01 4.752140e-01 0.000000e+00
 0.000000e+00 0.000000e+00 0.000000e+00 7.465581e-01 2.534419e-01
 0.000000e+00 0.000000e+00 0.000000e+00 0.000000e+00 0.000000e+00
<ENDHMM>
~h "bg_dark_0_1"
<BEGINHMM>
<NUMSTATES> 5
<STATE> 2
<MEAN> 6
 1.898856e+02 9.269225e+00 1.113564e+01 4.064104e+00 4.023993e+00 1.708046e+00
<VARIANCE> 6
 5.652704e+03 1.109441e+02 1.316353e+02 6.300208e+00 5.039848e+00 1.538789e+00
<GCONST> 3.314517e+01
<STATE> 3
<MEAN> 6
 1.693006e+02 3.850933e+01 2.542525e+01 9.373450e+00 7.592702e+00 2.879235e+00
<VARIANCE> 6
 3.087646e+03 1.116180e+03 5.274712e+02 1.727602e+01 2.120125e+01 2.353899e+00
<GCONST> 3.910764e+01
<STATE> 4
<MEAN> 6
 1.961708e+02 1.379573e+01 1.831600e+01 5.755110e+00 6.920371e+00 2.447147e+00
<VARIANCE> 6
 3.103332e+03 1.337912e+02 2.468003e+02 1.425201e+01 2.009592e+01 2.990765e+00
<GCONST> 3.622529e+01
<TRANSP> 5
 0.000000e+00 1.000000e+00 0.000000e+00 0.000000e+00 0.000000e+00
 0.000000e+00 8.146865e-01 1.853135e-01 0.000000e+00 0.000000e+00
 0.000000e+00 0.000000e+00 5.000758e-01 4.999242e-01 0.000000e+00
 0.000000e+00 0.000000e+00 0.000000e+00 8.215379e-01 1.784620e-01
 0.000000e+00 0.000000e+00 0.000000e+00 0.000000e+00 0.000000e+00
<ENDHMM>
~h "bg_dark_0_2"
<BEGINHMM>
<NUMSTATES> 5
<STATE> 2
<MEAN> 6
 1.544442e+02 2.083815e+01 1.547960e+01 6.079638e+00 5.877162e+00 2.052851e+00
<VARIANCE> 6
 2.326696e+03 4.884800e+02 2.033260e+02 1.962402e+01 1.004365e+01 1.898656e+00
<GCONST> 3.621042e+01
<STATE> 3
<MEAN> 6
 1.934304e+02 2.161277e+01 2.602482e+01 8.232545e+00 9.262069e+00 4.009266e+00
<VARIANCE> 6
 1.824333e+03 4.237892e+02 3.494020e+02 1.895306e+01 2.202717e+01 5.341733e+00
<GCONST> 3.815149e+01
<STATE> 4
<MEAN> 6
 1.897515e+02 1.055000e+01 1.013811e+01 4.319398e+00 4.181208e+00 1.849629e+00
<VARIANCE> 6
 2.327954e+03 1.179967e+02 1.035181e+02 8.464396e+00 7.900727e+00 2.169880e+00
<GCONST> 3.316791e+01
<TRANSP> 5
 0.000000e+00 1.000000e+00 0.000000e+00 0.000000e+00 0.000000e+00
 0.000000e+00 6.995710e-01 3.004290e-01 0.000000e+00 0.000000e+00
 0.000000e+00 0.000000e+00 7.710498e-01 2.289502e-01 0.000000e+00
 0.000000e+00 0.000000e+00 0.000000e+00 8.114512e-01 1.885488e-01
 0.000000e+00 0.000000e+00 0.000000e+00 0.000000e+00 0.000000e+00
<ENDHMM>
~h "bg_dark_0_3"
<BEGINHMM>
<NUMSTATES> 5
<STATE> 2
<MEAN> 6
 1.786826e+02 1.208379e+01 1.130854e+01 5.105873e+00 5.208857e+00 2.003036e+00
<VARIANCE> 6
 1.204284e+03 1.133725e+02 1.146422e+02 8.434581e+00 9.780576e+00 1.572654e+00
<GCONST> 3.245890e+01
<STATE> 3
<MEAN> 6
 1.929719e+02 2.801907e+01 1.691372e+01 7.206776e+00 6.289033e+00 2.878304e+00
<VARIANCE> 6
 4.406500e+03 7.031683e+02 2.570033e+02 1.139055e+01 1.937767e+01 4.568324e+00
<GCONST> 3.843884e+01
<STATE> 4
<MEAN> 6
 2.292594e+02 9.261724e+00 5.209164e+00 2.944415e+00 1.857133e+00 1.065595e+00
<VARIANCE> 6
 2.595299e+03 3.173763e+02 5.519683e+01 8.589162e+00 4.282962e+00 1.978684e+00
<GCONST> 3.294729e+01
<TRANSP> 5
 0.000000e+00 1.000000e+00 0.000000e+00 0.000000e+00 0.000000e+00
 0.000000e+00 8.319040e-01 1.680960e-01 0.000000e+00 0.000000e+00
 0.000000e+00 0.000000e+00 6.904082e-01 3.095918e-01 0.000000e+00
 0.000000e+00 0.000000e+00 0.000000e+00 6.455106e-01 3.544894e-01
 0.000000e+00 0.000000e+00 0.000000e+00 0.000000e+00 0.000000e+00
<ENDHMM>
~h "bg_dark_0_4"
<BEGINHMM>
<NUMSTATES> 5
<STATE> 2
<MEAN> 6
 2.311152e+02 1.359243e+01 1.391152e+01 5.070453e+00 4.912502e+00 1.912508e+00
<VARIANCE> 6
 4.543336e+03 3.101175e+02 3.815170e+02 1.008875e+01 2.881961e+01 2.761943e+00
<GCONST> 3.781820e+01
<STATE> 3
<MEAN> 6
 1.873113e+02 3.548252e+01 2.249443e+01 1.069321e+01 7.813642e+00 4.326700e+00
<VARIANCE> 6
 3.112224e+03 8.865694e+02 3.840322e+02 1.763613e+01 1.823697e+01 7.047224e+00
<GCONST> 3.953447e+01
<STATE> 4
<MEAN> 6
 1.892290e+02 1.671498e+01 2.102713e+01 6.909662e+00 7.421996e+00 2.759570e+00
<VARIANCE> 6
 2.223233e+03 1.775842e+02 2.730992e+02 9.470742e+00 1.470106e+01 2.446758e+00
<GCONST> 3.535415e+01
<TRANSP> 5
 0.000000e+00 1.000000e+00 0.000000e+00 0.000000e+00 0.000000e+00
 0.000000e+00 7.472066e-01 2.527934e-01 0.000000e+00 0.000000e+00
 0.000000e+00 0.000000e+00 7.548886e-01 2.451114e-01 0.000000e+00
 0.000000e+00 0.000000e+00 0.000000e+00 7.985667e-01 2.014333e-01
 0.000000e+00 0.000000e+00 0.000000e+00 0.000000e+00 0.000000e+00
<ENDHMM>
~h "bg_dark_0_5"
<BEGINHMM>
<NUMSTATES> 5
<STATE> 2
<MEAN> 6
 1.977287e+02 1.693556e+01 2.025609e+01 6.277798e+00 5.893441e+00 2.305606e+00
<VARIANCE> 6
 6.474944e+03 2.392420e+02 2.868865e+02 9.581656e+00 1.394164e+01 2.200984e+00
<GCONST> 3.662316e+01
<STATE> 3
<MEAN> 6
 2.022902e+02 3.003913e+01 2.979080e+01 9.743771e+00 8.669679e+00 3.782398e+00
<VARIANCE> 6
 2.777419e+03 4.994514e+02 4.992831e+02 2.554787e+01 2.338120e+01 3.736096e+00
<GCONST> 3.909375e+01
<STATE> 4
<MEAN> 6
 1.500481e+02 1.516858e+01 1.399324e+01 5.101439e+00 4.796746e+00 2.082967e+00
<VARIANCE> 6
 1.438439e+03 2.467318e+02 1.336616e+02 9.511913e+00 5.153894e+00 1.463847e+00
<GCONST> 3.297556e+01
<TRANSP> 5
 0.000000e+00 1.000000e+00 0.000000e+00 0.000000e+00 0.000000e+00
 0.000000e+00 7.609646e-01 2.390355e-01 0.000000e+00 0.000000e+00
 0.000000e+00 0.000000e+00 7.016526e-01 2.983474e-01 0.000000e+00
 0.000000e+00 0.000000e+00 0.000000e+00 7.760220e-01 2.239781e-01
 0.000000e+00 0.000000e+00 0.000000e+00 0.000000e+00 0.000000e+00
<ENDHMM>
~h "bg_white_0"
<BEGINHMM>
<NUMSTATES> 5
<STATE> 2
<MEAN> 6
 7.559077e+02 3.262673e+00 5.490735e+00 1.449329e+00 2.237943e+00 9.680343e-01
<VARIANCE> 6
 1.108774e+04 3.027511e+01 4.790693e+02 4.860061e+00 2.855649e+01 2.455423e+00
<GCONST> 3.575426e+01
<STATE> 3
<MEAN> 6
 7.192190e+02 3.744257e+01 1.298494e+01 1.317452e+01 9.867117e+00 7.125050e+00
<VARIANCE> 6
 8.380371e+03 1.665508e+03 2.786233e+02 1.095356e+02 8.906527e+01 3.857321e+01
<GCONST> 4.594683e+01
<STATE> 4
<MEAN> 6
 7.553005e+02 1.677557e+00 6.100656e+00 6.663995e-01 1.663587e+00 4.103741e-01
<VARIANCE> 6
 7.456179e+03 1.030434e+01 7.263737e+02 1.125173e+00 2.574747e+01 5.309377e-01
<GCONST> 3.159785e+01
<TRANSP> 5
 0.000000e+00 1.000000e+00 0.000000e+00 0.000000e+00 0.000000e+00
 0.000000e+00 9.486308e-01 5.136929e-02 0.000000e+00 0.000000e+00
 0.000000e+00 0.000000e+00 9.684584e-01 3.154161e-02 0.000000e+00
 0.000000e+00 0.000000e+00 0.000000e+00 9.468904e-01 5.310967e-02
 0.000000e+00 0.000000e+00 0.000000e+00 0.000000e+00 0.000000e+00
<ENDHMM>
~h "bg_white_0_0"
<BEGINHMM>
<NUMSTATES> 5
<STATE> 2
<MEAN> 6
 6.424936e+02 3.704813e+00 9.542579e+00 1.257558e+00 3.094136e+00 4.457598e-01
<VARIANCE> 6
 3.809004e+04 6.540472e+01 9.540240e+02 6.544693e+00 4.959008e+01 2.801753e-01
<GCONST> 3.712636e+01
<STATE> 3
<MEAN> 6
 6.510385e+02 3.492761e+01 4.125517e+01 1.035022e+01 1.457300e+01 4.589817e+00
<VARIANCE> 6
 2.510029e+04 3.411160e+03 2.921576e+03 1.504205e+02 1.587946e+02 3.334161e+01
<GCONST> 5.086044e+01
<STATE> 4
<MEAN> 6
 7.826291e+02 5.861111e+00 2.636345e+00 2.503607e+00 1.661419e+00 1.201050e+00
<VARIANCE> 6
 9.033286e+02 3.180422e+02 2.900653e+01 3.561326e+01 1.501278e+01 8.891536e+00
<GCONST> 3.542978e+01
<TRANSP> 5
 0.000000e+00 1.000000e+00 0.000000e+00 0.000000e+00 0.000000e+00
 0.000000e+00 6.945115e-01 3.054885e-01 0.000000e+00 0.000000e+00
 0.000000e+00 0.000000e+00 3.416177e-01 6.583823e-01 0.000000e+00
 0.000000e+00 0.000000e+00 0.000000e+00 8.612591e-01 1.387409e-01
 0.000000e+00 0.000000e+00 0.000000e+00 0.000000e+00 0.000000e+00
<ENDHMM>
~h "bg_white_0_1"
<BEGINHMM>
<NUMSTATES> 5
<STATE> 2
<MEAN> 6
 7.450232e+02 1.719602e+01 5.782696e+00 7.154181e+00 4.318016e+00 3.324695e+00
<VARIANCE> 6
 1.284337e+04 8.021278e+02 9.368875e+01 7.849592e+01 3.927225e+01 2.189178e+01
<GCONST> 4.283477e+01
<STATE> 3
<MEAN> 6
 7.110508e+02 5.259933e+01 1.750567e+01 1.744289e+01 1.403027e+01 1.000968e+01
<VARIANCE> 6
 3.444814e+03 1.606633e+03 3.110530e+02 1.059529e+02 1.006592e+02 4.017523e+01
<GCONST> 4.526173e+01
<STATE> 4
<MEAN> 6
 7.802581e+02 7.474460e+00 3.090129e+00 3.321932e+00 2.689474e+00 2.087972e+00
<VARIANCE> 6
 1.148429e+03 3.387585e+02 4.159729e+01 2.968112e+01 2.895008e+01 1.176879e+01
<GCONST> 3.684827e+01
<TRANSP> 5
 0.000000e+00 1.000000e+00 0.000000e+00 0.000000e+00 0.000000e+00
 0.000000e+00 5.875788e-01 4.124212e-01 0.000000e+00 0.000000e+00
 0.000000e+00 0.000000e+00 7.557079e-01 2.442922e-01 0.000000e+00
 0.000000e+00 0.000000e+00 0.000000e+00 8.457227e-01 1.542773e-01
 0.000000e+00 0.000000e+00 0.000000e+00 0.000000e+00 0.000000e+00
<ENDHMM>
~h "bg_white_0_2"
<BEGINHMM>
<NUMSTATES> 5
<STATE> 2
<MEAN> 6
 7.754778e+02 9.679705e+00 3.971819e+00 4.090289e+00 3.290366e+00 2.551355e+00
<VARIANCE> 6
 1.032247e+03 3.179214e+02 5.140585e+01 3.128336e+01 3.086530e+01 1.422600e+01
<GCONST> 3.719611e+01
<STATE> 3
<MEAN> 6
 7.107134e+02 5.107320e+01 1.947219e+01 1.731222e+01 1.428650e+01 9.897995e+00
<VARIANCE> 6
 3.246694e+03 1.335660e+03 4.280513e+02 9.371944e+01 1.011620e+02 3.954201e+01
<GCONST> 4.520347e+01
<STATE> 4
<MEAN> 6
 6.749954e+02 4.131003e+01 6.797986e+00 1.155653e+01 5.711533e+00 3.624346e+00
<VARIANCE> 6
 2.796484e+04 3.044584e+03 1.016037e+02 1.698479e+02 6.281866e+01 2.073444e+01
<GCONST> 4.621511e+01
<TRANSP> 5
 0.000000e+00 1.000000e+00 0.000000e+00 0.000000e+00 0.000000e+00
 0.000000e+00 8.582382e-01 1.417618e-01 0.000000e+00 0.000000e+00
 0.000000e+00 0.000000e+00 7.534315e-01 2.465685e-01 0.000000e+00
 0.000000e+00 0.000000e+00 0.000000e+00 4.709685e-01 5.290315e-01
 0.000000e+00 0.000000e+00 0.000000e+00 0.000000e+00 0.000000e+00
<ENDHMM>
~h "bg_white_0_3"
<BEGINHMM>
<NUMSTATES> 5
<STATE> 2
<MEAN> 6
 6.993041e+02 3.338144e+01 6.808585e+00 1.084464e+01 6.254761e+00 3.955210e+00
<VARIANCE> 6
 2.041834e+04 2.094090e+03 9.252949e+01 1.485447e+02 6.150556e+01 2.069938e+01
<GCONST> 4.527597e+01
<STATE> 3
<MEAN> 6
 7.151025e+02 3.994014e+01 1.837593e+01 1.533527e+01 1.380185e+01 1.018071e+01
<VARIANCE> 6
 2.991767e+03 1.261917e+03 3.513452e+02 9.807847e+01 8.497520e+01 3.938486e+01
<GCONST> 4.473455e+01
<STATE> 4
<MEAN> 6
 7.711108e+02 8.367572e+00 3.827987e+00 3.901131e+00 2.891964e+00 2.187772e+00
<VARIANCE> 6
 1.119977e+03 3.334428e+02 5.224003e+01 3.087604e+01 2.096933e+01 9.120282e+00
<GCONST> 3.649718e+01
<TRANSP> 5
 0.000000e+00 1.000000e+00 0.000000e+00 0.000000e+00 0.000000e+00
 0.000000e+00 5.306032e-01 4.693967e-01 0.000000e+00 0.000000e+00
 0.000000e+00 0.000000e+00 7.635434e-01 2.364566e-01 0.000000e+00
 0.000000e+00 0.000000e+00 0.000000e+00 8.227108e-01 1.772892e-01
 0.000000e+00 0.000000e+00 0.000000e+00 0.000000e+00 0.000000e+00
<ENDHMM>
~h "bg_white_0_4"
<BEGINHMM>
<NUMSTATES> 5
<STATE> 2
<MEAN> 6
 7.486705e+02 2.204733e+01 6.949193e+00 8.872458e+00 5.151425e+00 3.867552e+00
<VARIANCE> 6
 2.488684e+03 8.948995e+02 1.182525e+02 7.097756e+01 3.944429e+01 1.663582e+01
<GCONST> 4.116512e+01
<STATE> 3
<MEAN> 6
 6.993513e+02 4.823637e+01 1.686571e+01 1.559787e+01 1.159837e+01 8.530281e+00
<VARIANCE> 6
 7.806085e+03 1.710320e+03 3.814531e+02 1.144538e+02 8.947761e+01 4.497189e+01
<GCONST> 4.641854e+01
<STATE> 4
<MEAN> 6
 7.707578e+02 4.114621e+00 2.069717e+00 1.886164e+00 1.783338e+00 1.354046e+00
<VARIANCE> 6
 9.257473e+02 1.522880e+02 1.970749e+01 1.675297e+01 1.643722e+01 7.119639e+00
<GCONST> 3.344562e+01
<TRANSP> 5
 0.000000e+00 1.000000e+00 0.000000e+00 0.000000e+00 0.000000e+00
 0.000000e+00 5.321674e-01 4.678326e-01 0.000000e+00 0.000000e+00
 0.000000e+00 0.000000e+00 7.184373e-01 2.815627e-01 0.000000e+00
 0.000000e+00 0.000000e+00 0.000000e+00 8.632175e-01 1.367825e-01
 0.000000e+00 0.000000e+00 0.000000e+00 0.000000e+00 0.000000e+00
<ENDHMM>
~h "bg_white_0_5"
<BEGINHMM>
<NUMSTATES> 5
<STATE> 2
<MEAN> 6
 7.558295e+02 5.014236e+00 2.840895e+00 2.204363e+00 2.211095e+00 1.558956e+00
<VARIANCE> 6
 1.236657e+03 2.579158e+02 2.910893e+01 2.625274e+01 2.394708e+01 1.006730e+01
<GCONST> 3.582402e+01
<STATE> 3
<MEAN> 6
 6.733248e+02 3.980014e+01 3.638859e+01 1.148627e+01 1.230618e+01 5.236491e+00
<VARIANCE> 6
 1.348880e+04 1.929744e+03 3.700882e+03 1.083027e+02 1.375646e+02 3.504827e+01
<GCONST> 4.948409e+01
<STATE> 4
<MEAN> 6
 7.262195e+02 1.918580e+00 8.092723e+00 5.580031e-01 2.331393e+00 2.688660e-01
<VARIANCE> 6
 1.962868e+04 2.287092e+01 8.260841e+02 1.826647e+00 3.753109e+01 1.151120e-01
<GCONST> 3.282437e+01
<TRANSP> 5
 0.000000e+00 1.000000e+00 0.000000e+00 0.000000e+00 0.000000e+00
 0.000000e+00 7.574624e-01 2.425376e-01 0.000000e+00 0.000000e+00
 0.000000e+00 0.000000e+00 4.796174e-01 5.203826e-01 0.000000e+00
 0.000000e+00 0.000000e+00 0.000000e+00 8.320814e-01 1.679187e-01
 0.000000e+00 0.000000e+00 0.000000e+00 0.000000e+00 0.000000e+00
<ENDHMM>
~h "bg_board"
<BEGINHMM>
<NUMSTATES> 5
<STATE> 2
<MEAN> 6
 2.852350e+02 2.194471e+01 1.041562e+01 8.840831e+00 4.382411e+00 2.483041e+00
<VARIANCE> 6
 6.805107e+03 3.808942e+02 1.247340e+02 3.386223e+01 1.030967e+01 4.630196e+00
<GCONST> 3.800938e+01
<STATE> 3
<MEAN> 6
 3.953521e+02 7.113002e+01 1.188750e+01 1.453480e+01 4.735381e+00 2.587999e+00
<VARIANCE> 6
 2.348751e+04 4.913783e+03 1.762932e+02 7.848814e+01 2.132114e+01 8.619546e+00
<GCONST> 4.434011e+01
<STATE> 4
<MEAN> 6
 4.050890e+02 5.844683e+00 3.653739e+00 1.224672e+00 8.693898e-01 3.393789e-01
<VARIANCE> 6
 6.595795e+03 6.819975e+01 1.101348e+01 2.044575e+00 5.619708e-01 8.204971e-02
<GCONST> 2.408146e+01
<TRANSP> 5
 0.000000e+00 1.000000e+00 0.000000e+00 0.000000e+00 0.000000e+00
 0.000000e+00 9.659280e-01 3.407201e-02 0.000000e+00 0.000000e+00
 0.000000e+00 0.000000e+00 8.633593e-01 1.366407e-01 0.000000e+00
 0.000000e+00 0.000000e+00 0.000000e+00 9.699987e-01 3.000128e-02
 0.000000e+00 0.000000e+00 0.000000e+00 0.000000e+00 0.000000e+00
<ENDHMM>
~h "bg_board_0"
<BEGINHMM>
<NUMSTATES> 5
<STATE> 2
<MEAN> 6
 3.566279e+02 2.094637e+01 1.056043e+01 8.691310e+00 4.272169e+00 2.438588e+00
<VARIANCE> 6
 8.156802e+03 5.188924e+02 8.537518e+01 2.879842e+01 7.222864e+00 4.025403e+00
<GCONST> 3.746282e+01
<STATE> 3
<MEAN> 6
 3.980677e+02 4.755275e+01 1.624171e+01 1.195793e+01 6.001653e+00 2.837292e+00
<VARIANCE> 6
 2.491263e+04 4.307381e+03 5.934280e+02 7.885345e+01 3.861442e+01 9.944170e+00
<GCONST> 4.622260e+01
<STATE> 4
<MEAN> 6
 4.501680e+02 7.003405e+00 3.514586e+00 2.559015e+00 1.365819e+00 6.405237e-01
<VARIANCE> 6
 8.457505e+03 3.520729e+02 3.328659e+01 2.436710e+01 4.037017e+00 9.840263e-01
<GCONST> 3.401170e+01
<TRANSP> 5
 0.000000e+00 1.000000e+00 0.000000e+00 0.000000e+00 0.000000e+00
 0.000000e+00 7.755396e-01 2.244604e-01 0.000000e+00 0.000000e+00
 0.000000e+00 0.000000e+00 5.594980e-01 4.405020e-01 0.000000e+00
 0.000000e+00 0.000000e+00 0.000000e+00 8.104171e-01 1.895830e-01
 0.000000e+00 0.000000e+00 0.000000e+00 0.000000e+00 0.000000e+00
<ENDHMM>
~h "bg_board_1"
<BEGINHMM>
<NUMSTATES> 5
<STATE> 2
<MEAN> 6
 3.102661e+02 2.302003e+01 1.051643e+01 9.394306e+00 5.072594e+00 3.097812e+00
<VARIANCE> 6
 1.045191e+04 6.060931e+02 1.065142e+02 4.166522e+01 1.134517e+01 4.887002e+00
<GCONST> 3.910215e+01
<STATE> 3
<MEAN> 6
 4.350728e+02 6.443285e+01 1.321195e+01 1.452720e+01 5.183058e+00 3.396094e+00
<VARIANCE> 6
 2.369559e+04 4.698560e+03 2.115875e+02 1.154026e+02 2.337041e+01 1.168038e+01
<GCONST> 4.526777e+01
<STATE> 4
<MEAN> 6
 4.542874e+02 7.171088e+00 3.579061e+00 1.959027e+00 1.149038e+00 6.068926e-01
<VARIANCE> 6
 4.679637e+03 3.376489e+02 1.891176e+01 1.943617e+01 4.219844e+00 1.392218e+00
<GCONST> 3.297786e+01
<TRANSP> 5
 0.000000e+00 1.000000e+00 0.000000e+00 0.000000e+00 0.000000e+00
 0.000000e+00 7.925174e-01 2.074826e-01 0.000000e+00 0.000000e+00
 0.000000e+00 0.000000e+00 5.731265e-01 4.268735e-01 0.000000e+00
 0.000000e+00 0.000000e+00 0.000000e+00 8.286998e-01 1.713003e-01
 0.000000e+00 0.000000e+00 0.000000e+00 0.000000e+00 0.000000e+00
<ENDHMM>
~h "bg_board_2"
<BEGINHMM>
<NUMSTATES> 5
<STATE> 2
<MEAN> 6
 3.230647e+02 2.430242e+01 1.172729e+01 1.014546e+01 4.748237e+00 2.611568e+00
<VARIANCE> 6
 1.062782e+04 6.363887e+02 1.214382e+02 4.502510e+01 1.051352e+01 4.760201e+00
<GCONST> 3.927388e+01
<STATE> 3
<MEAN> 6
 3.641373e+02 5.481368e+01 1.262970e+01 1.262298e+01 5.105041e+00 3.521657e+00
<VARIANCE> 6
 1.677283e+04 3.281412e+03 2.100791e+02 8.452034e+01 2.208617e+01 1.451393e+01
<GCONST> 4.440535e+01
<STATE> 4
<MEAN> 6
 3.885001e+02 8.268376e+00 4.975488e+00 2.123631e+00 1.251820e+00 5.597209e-01
<VARIANCE> 6
 8.484629e+03 1.495218e+02 2.520139e+01 1.244878e+01 2.190141e+00 7.434179e-01
<GCONST> 3.131670e+01
<TRANSP> 5
 0.000000e+00 1.000000e+00 0.000000e+00 0.000000e+00 0.000000e+00
 0.000000e+00 7.409505e-01 2.590495e-01 0.000000e+00 0.000000e+00
 0.000000e+00 0.000000e+00 5.569975e-01 4.430024e-01 0.000000e+00
 0.000000e+00 0.000000e+00 0.000000e+00 8.547021e-01 1.452980e-01
 0.000000e+00 0.000000e+00 0.000000e+00 0.000000e+00 0.000000e+00
<ENDHMM>
~h "bg_board_3"
<BEGINHMM>
<NUMSTATES> 5
<STATE> 2
<MEAN> 6
 2.738383e+02 2.341632e+01 1.013968e+01 9.429229e+00 4.275601e+00 2.384235e+00
<VARIANCE> 6
 7.762603e+03 4.679767e+02 9.233307e+01 4.020559e+01 9.143641e+00 3.426864e+00
<GCONST> 3.779687e+01
<STATE> 3
<MEAN> 6
 3.332640e+02 4.157063e+01 7.924395e+00 9.951459e+00 3.530251e+00 1.995613e+00
<VARIANCE> 6
 9.934742e+03 2.320826e+03 5.864549e+01 6.995624e+01 1.113421e+01 4.463803e+00
<GCONST> 4.020614e+01
<STATE> 4
<MEAN> 6
 3.368454e+02 8.698552e+00 4.339595e+00 2.170086e+00 1.278453e+00 5.261592e-01
<VARIANCE> 6
 8.525805e+03 1.523602e+02 1.290954e+01 7.805748e+00 1.159821e+00 3.699864e-01
<GCONST> 2.887117e+01
<TRANSP> 5
 0.000000e+00 1.000000e+00 0.000000e+00 0.000000e+00 0.000000e+00
 0.000000e+00 7.549871e-01 2.450129e-01 0.000000e+00 0.000000e+00
 0.000000e+00 0.000000e+00 4.954872e-01 5.045127e-01 0.000000e+00
 0.000000e+00 0.000000e+00 0.000000e+00 8.315497e-01 1.684503e-01
 0.000000e+00 0.000000e+00 0.000000e+00 0.000000e+00 0.000000e+00
<ENDHMM>
~h "bg_board_4"
<BEGINHMM>
<NUMSTATES> 5
<STATE> 2
<MEAN> 6
 2.643021e+02 1.745821e+01 6.289416e+00 6.108283e+00 2.540058e+00 1.356224e+00
<VARIANCE> 6
 6.700560e+03 3.495378e+02 2.882438e+01 1.725710e+01 2.937396e+00 1.080502e+00
<GCONST> 3.305821e+01
<STATE> 3
<MEAN> 6
 2.750718e+02 3.509040e+01 1.021688e+01 1.000035e+01 4.438962e+00 2.418192e+00
<VARIANCE> 6
 3.929829e+03 1.596063e+03 9.699812e+01 4.453648e+01 1.455924e+01 5.300657e+00
<GCONST> 3.939597e+01
<STATE> 4
<MEAN> 6
 3.162921e+02 7.800455e+00 3.662217e+00 1.846996e+00 1.129303e+00 4.228206e-01
<VARIANCE> 6
 4.446104e+03 1.486193e+02 1.123908e+01 5.879197e+00 1.232927e+00 1.715839e-01
<GCONST> 2.706596e+01
<TRANSP> 5
 0.000000e+00 1.000000e+00 0.000000e+00 0.000000e+00 0.000000e+00
 0.000000e+00 7.277623e-01 2.722377e-01 0.000000e+00 0.000000e+00
 0.000000e+00 0.000000e+00 6.773710e-01 3.226291e-01 0.000000e+00
 0.000000e+00 0.000000e+00 0.000000e+00 8.394144e-01 1.605857e-01
 0.000000e+00 0.000000e+00 0.000000e+00 0.000000e+00 0.000000e+00
<ENDHMM>
~h "bg_board_5"
<BEGINHMM>
<NUMSTATES> 5
<STATE> 2
<MEAN> 6
 2.917508e+02 1.804379e+01 8.043615e+00 5.926554e+00 2.763748e+00 1.123364e+00
<VARIANCE> 6
 2.799972e+03 2.937025e+02 5.349862e+01 1.941914e+01 4.135940e+00 8.280246e-01
<GCONST> 3.282411e+01
<STATE> 3
<MEAN> 6
 3.171053e+02 4.063881e+01 5.712049e+00 6.297301e+00 1.423056e+00 6.954340e-01
<VARIANCE> 6
 4.773298e+03 4.446575e+03 3.173170e+01 4.392097e+01 1.224351e+00 4.351250e-01
<GCONST> 3.450794e+01
<STATE> 4
<MEAN> 6
 3.996624e+02 7.686944e+00 5.101711e+00 2.031352e+00 1.251178e+00 4.852184e-01
<VARIANCE> 6
 4.452917e+03 2.020787e+02 1.706337e+01 5.126406e+00 1.230075e+00 2.212303e-01
<GCONST> 2.790710e+01
<TRANSP> 5
 0.000000e+00 1.000000e+00 0.000000e+00 0.000000e+00 0.000000e+00
 0.000000e+00 7.937195e-01 2.062805e-01 0.000000e+00 0.000000e+00
 0.000000e+00 0.000000e+00 2.080989e-01 7.919012e-01 0.000000e+00
 0.000000e+00 0.000000e+00 0.000000e+00 8.302048e-01 1.697952e-01
 0.000000e+00 0.000000e+00 0.000000e+00 0.000000e+00 0.000000e+00
<ENDHMM>
~h "fp_logo"
<BEGINHMM>
<NUMSTATES> 5
<STATE> 2
<MEAN> 6
 2.437850e+02 1.405177e+01 3.426480e+00 3.315974e+00 1.206328e+00 6.082343e-01
<VARIANCE> 6
 3.091064e+03 2.236120e+02 1.730511e+01 1.780135e+01 1.453663e+00 4.633247e-01
<GCONST> 2.980848e+01
<STATE> 3
<MEAN> 6
 4.371629e+02 1.028456e+02 3.598302e+01 2.275100e+01 1.166184e+01 5.654556e+00
<VARIANCE> 6
 3.319238e+04 8.618890e+03 2.342271e+03 2.818708e+02 2.054233e+02 5.105510e+01
<GCONST> 5.315736e+01
<STATE> 4
<MEAN> 6
 2.717176e+02 3.235643e+00 4.007425e+00 7.690424e-01 1.292266e+00 3.545126e-01
<VARIANCE> 6
 4.353054e+03 5.487058e+00 4.037852e+01 2.502626e-01 5.594684e+00 3.199065e-02
<GCONST> 2.170085e+01
<TRANSP> 5
 0.000000e+00 1.000000e+00 0.000000e+00 0.000000e+00 0.000000e+00
 0.000000e+00 9.624817e-01 3.751837e-02 0.000000e+00 0.000000e+00
 0.000000e+00 0.000000e+00 8.861603e-01 1.138397e-01 0.000000e+00
 0.000000e+00 0.000000e+00 0.000000e+00 9.710666e-01 2.893343e-02
 0.000000e+00 0.000000e+00 0.000000e+00 0.000000e+00 0.000000e+00
<ENDHMM>
~h "fp_logo_0"
<BEGINHMM>
<NUMSTATES> 5
<STATE> 2
<MEAN> 6
 2.039864e+02 4.614908e+00 2.359251e+00 1.373197e+00 6.922725e-01 4.074487e-01
<VARIANCE> 6
 2.346541e+03 1.756413e+01 4.064018e+00 6.429150e+00 2.938454e-01 1.670602e-01
<GCONST> 2.190273e+01
<STATE> 3
<MEAN> 6
 3.047617e+02 3.373879e+01 1.424085e+01 1.262476e+01 3.474214e+00 1.463747e+00
<VARIANCE> 6
 3.266421e+04 2.771025e+03 8.158687e+02 2.497792e+02 1.723962e+01 2.396704e+00
<GCONST> 4.529441e+01
<STATE> 4
<MEAN> 6
 2.756915e+02 2.538553e+01 3.660304e+00 6.798648e+00 1.566350e+00 6.018718e-01
<VARIANCE> 6
 1.081667e+04 1.257743e+03 1.901263e+01 8.718303e+01 3.536650e+00 2.856997e-01
<GCONST> 3.487666e+01
<TRANSP> 5
 0.000000e+00 1.000000e+00 0.000000e+00 0.000000e+00 0.000000e+00
 0.000000e+00 8.737381e-01 1.262619e-01 0.000000e+00 0.000000e+00
 0.000000e+00 0.000000e+00 5.080603e-01 4.919397e-01 0.000000e+00
 0.000000e+00 0.000000e+00 0.000000e+00 5.115247e-01 4.884752e-01
 0.000000e+00 0.000000e+00 0.000000e+00 0.000000e+00 0.000000e+00
<ENDHMM>
~h "fp_logo_1"
<BEGINHMM>
<NUMSTATES> 5
<STATE> 2
<MEAN> 6
 2.432815e+02 1.139050e+01 2.562445e+00 2.892387e+00 9.143450e-01 4.201282e-01
<VARIANCE> 6
 4.889675e+03 3.991414e+02 6.995175e+00 2.721711e+01 8.202724e-01 1.440034e-01
<GCONST> 2.862449e+01
<STATE> 3
<MEAN> 6
 4.577432e+02 9.933538e+01 6.810564e+00 1.997442e+01 2.554573e+00 1.246101e+00
<VARIANCE> 6
 5.909827e+04 9.711350e+03 7.005212e+01 3.723871e+02 7.669624e+00 1.782190e+00
<GCONST> 4.397955e+01
<STATE> 4
<MEAN> 6
 3.309703e+02 4.745577e+01 4.044196e+01 1.415000e+01 1.134184e+01 6.244754e+00
<VARIANCE> 6
 1.546479e+04 3.248216e+03 2.159612e+03 2.323743e+02 2.069925e+02 6.963690e+01
<GCONST> 5.146146e+01
<TRANSP> 5
 0.000000e+00 1.000000e+00 0.000000e+00 0.000000e+00 0.000000e+00
 0.000000e+00 8.999949e-01 1.000051e-01 0.000000e+00 0.000000e+00
 0.000000e+00 0.000000e+00 4.168322e-01 5.831678e-01 0.000000e+00
 0.000000e+00 0.000000e+00 0.000000e+00 2.222358e-01 7.777643e-01
 0.000000e+00 0.000000e+00 0.000000e+00 0.000000e+00 0.000000e+00
<ENDHMM>
~h "fp_logo_2"
<BEGINHMM>
<NUMSTATES> 5
<STATE> 2
<MEAN> 6
 3.376426e+02 3.797050e+01 3.127396e+01 9.777977e+00 1.107084e+01 3.897684e+00
<VARIANCE> 6
 1.939144e+04 3.136958e+03 2.392697e+03 1.774525e+02 2.635792e+02 4.767422e+01
<GCONST> 5.134848e+01
<STATE> 3
<MEAN> 6
 3.923790e+02 7.738248e+01 4.670047e+01 2.015171e+01 1.626096e+01 7.555034e+00
<VARIANCE> 6
 2.081130e+04 5.996825e+03 3.009384e+03 2.636973e+02 2.876662e+02 6.266624e+01
<GCONST> 5.305341e+01
<STATE> 4
<MEAN> 6
 2.712251e+02 1.332658e+01 2.277447e+00 3.386275e+00 8.669195e-01 8.359304e-01
<VARIANCE> 6
 5.425725e+03 6.178326e+02 3.142257e+00 6.977186e+01 9.935167e-01 5.770301e+00
<GCONST> 3.318878e+01
<TRANSP> 5
 0.000000e+00 1.000000e+00 0.000000e+00 0.000000e+00 0.000000e+00
 0.000000e+00 5.961016e-06 9.999940e-01 0.000000e+00 0.000000e+00
 0.000000e+00 0.000000e+00 7.703990e-01 2.296010e-01 0.000000e+00
 0.000000e+00 0.000000e+00 0.000000e+00 8.691889e-01 1.308111e-01
 0.000000e+00 0.000000e+00 0.000000e+00 0.000000e+00 0.000000e+00
<ENDHMM>
~h "fp_logo_3"
<BEGINHMM>
<NUMSTATES> 5
<STATE> 2
<MEAN> 6
 2.810832e+02 2.526614e+01 2.663519e+00 9.872522e+00 1.854520e+00 2.706415e+00
<VARIANCE> 6
 9.907106e+03 2.559330e+03 3.584714e+00 3.266654e+02 4.701269e+00 2.602985e+01
<GCONST> 3.994846e+01
<STATE> 3
<MEAN> 6
 3.733361e+02 9.325590e+01 9.179517e+00 1.302092e+01 2.461045e+00 1.288168e+00
<VARIANCE> 6
 2.606170e+04 1.126870e+04 7.172227e+02 1.692093e+02 1.583463e+01 4.373245e+00
<GCONST> 4.646950e+01
<STATE> 4
<MEAN> 6
 2.494690e+02 8.118481e+00 2.163554e+00 1.390951e+00 7.279822e-01 3.574668e-01
<VARIANCE> 6
 3.696810e+03 4.429683e+02 2.698128e+00 4.987642e+00 1.892307e-01 3.263178e-02
<GCONST> 2.284825e+01
<TRANSP> 5
 0.000000e+00 1.000000e+00 0.000000e+00 0.000000e+00 0.000000e+00
 0.000000e+00 2.603787e-01 7.396213e-01 0.000000e+00 0.000000e+00
 0.000000e+00 0.000000e+00 4.815398e-01 5.184602e-01 0.000000e+00
 0.000000e+00 0.000000e+00 0.000000e+00 8.853102e-01 1.146898e-01
 0.000000e+00 0.000000e+00 0.000000e+00 0.000000e+00 0.000000e+00
<ENDHMM>
~h "fp_logo_4"
<BEGINHMM>
<NUMSTATES> 5
<STATE> 2
<MEAN> 6
 2.697864e+02 2.085301e+01 4.490184e+00 4.681600e+00 2.017845e+00 1.038565e+00
<VARIANCE> 6
 4.947212e+03 1.551366e+03 1.623517e+01 2.632503e+01 2.765125e+00 6.503127e-01
<GCONST> 3.352522e+01
<STATE> 3
<MEAN> 6
 3.336001e+02 5.808440e+01 1.075191e+01 7.232408e+00 2.269151e+00 7.170732e-01
<VARIANCE> 6
 1.667022e+04 9.214677e+03 2.733130e+02 9.424676e+01 5.827853e+00 2.718869e-01
<GCONST> 4.049401e+01
<STATE> 4
<MEAN> 6
 2.651324e+02 4.389283e+00 2.260216e+00 7.295095e-01 7.315773e-01 3.722918e-01
<VARIANCE> 6
 2.214945e+03 3.620687e+01 3.659311e+00 2.948528e-01 5.513670e-01 3.776992e-02
<GCONST> 1.852390e+01
<TRANSP> 5
 0.000000e+00 1.000000e+00 0.000000e+00 0.000000e+00 0.000000e+00
 0.000000e+00 5.744522e-01 4.255478e-01 0.000000e+00 0.000000e+00
 0.000000e+00 0.000000e+00 4.174918e-01 5.825082e-01 0.000000e+00
 0.000000e+00 0.000000e+00 0.000000e+00 8.880602e-01 1.119398e-01
 0.000000e+00 0.000000e+00 0.000000e+00 0.000000e+00 0.000000e+00
<ENDHMM>
~h "fp_logo_5"
<BEGINHMM>
<NUMSTATES> 5
<STATE> 2
<MEAN> 6
 3.072629e+02 4.037927e+00 2.694745e+00 7.385082e-01 7.813518e-01 3.881207e-01
<VARIANCE> 6
 2.485406e+03 2.479515e+01 2.773600e+00 3.270624e-01 5.989179e-01 5.244800e-02
<GCONST> 1.849808e+01
<STATE> 3
<MEAN> 6
 3.098799e+02 9.050902e+00 1.755881e+01 1.883465e+00 6.019939e+00 5.010710e-01
<VARIANCE> 6
 2.806839e+03 9.908138e+01 1.368872e+02 4.582046e+00 1.791397e+01 7.780180e-02
<GCONST> 3.033631e+01
<STATE> 4
<MEAN> 6
 3.354207e+02 3.898802e+00 1.503650e+01 8.341354e-01 5.155653e+00 5.121221e-01
<VARIANCE> 6
 3.567539e+03 1.085478e+01 1.454298e+02 5.643660e-01 2.122238e+01 5.440873e-02
<GCONST> 2.614297e+01
<TRANSP> 5
 0.000000e+00 1.000000e+00 0.000000e+00 0.000000e+00 0.000000e+00
 0.000000e+00 8.489685e-01 1.510315e-01 0.000000e+00 0.000000e+00
 0.000000e+00 0.000000e+00 4.424243e-01 5.575757e-01 0.000000e+00
 0.000000e+00 0.000000e+00 0.000000e+00 7.210901e-01 2.789099e-01
 0.000000e+00 0.000000e+00 0.000000e+00 0.000000e+00 0.000000e+00
<ENDHMM>
~h "fp_screen"
<BEGINHMM>
<NUMSTATES> 5
<STATE> 2
<MEAN> 6
 4.097902e+02 8.764032e+00 8.263959e+00 2.432729e+00 2.111692e+00 5.150027e-01
<VARIANCE> 6
 2.729687e+04 1.259805e+02 2.783773e+02 1.225619e+01 1.125472e+01 3.951196e-01
<GCONST> 3.570515e+01
<STATE> 3
<MEAN> 6
 5.959011e+02 4.999283e+01 2.075052e+01 1.459779e+01 6.835095e+00 3.709762e+00
<VARIANCE> 6
 1.884556e+04 2.216095e+03 1.030152e+03 1.482959e+02 7.240145e+01 1.982157e+01
<GCONST> 4.778047e+01
<STATE> 4
<MEAN> 6
 4.554358e+02 2.110304e+00 5.630164e+00 6.442285e-01 1.125175e+00 3.676955e-01
<VARIANCE> 6
 6.394135e+03 4.983678e+00 8.432841e+01 2.843910e-01 2.372741e+00 3.931135e-02
<GCONST> 2.220169e+01
<TRANSP> 5
 0.000000e+00 1.000000e+00 0.000000e+00 0.000000e+00 0.000000e+00
 0.000000e+00 9.574750e-01 4.252500e-02 0.000000e+00 0.000000e+00
 0.000000e+00 0.000000e+00 9.283035e-01 7.169650e-02 0.000000e+00
 0.000000e+00 0.000000e+00 0.000000e+00 9.692655e-01 3.073448e-02
 0.000000e+00 0.000000e+00 0.000000e+00 0.000000e+00 0.000000e+00
<ENDHMM>
~h "fp_screen_0"
<BEGINHMM>
<NUMSTATES> 5
<STATE> 2
<MEAN> 6
 2.305930e+02 2.833405e+00 8.214833e+00 8.767225e-01 2.320692e+00 3.631741e-01
<VARIANCE> 6
 1.231684e+03 7.215446e+00 1.280316e+02 3.392333e-01 1.089324e+01 4.639849e-02
<GCONST> 2.320849e+01
<STATE> 3
<MEAN> 6
 4.494051e+02 2.226663e+01 4.792905e+01 5.623121e+00 1.094399e+01 2.225540e+00
<VARIANCE> 6
 2.358035e+04 1.105979e+03 1.553890e+03 5.837107e+01 3.558345e+01 1.154346e+01
<GCONST> 4.553726e+01
<STATE> 4
<MEAN> 6
 5.273578e+02 1.717481e+01 4.105119e+00 5.760121e+00 1.378691e+00 6.641142e-01
<VARIANCE> 6
 1.815347e+04 8.074948e+02 1.591548e+01 9.054597e+01 3.794254e+00 7.312624e-01
<GCONST> 3.582147e+01
<TRANSP> 5
 0.000000e+00 1.000000e+00 0.000000e+00 0.000000e+00 0.000000e+00
 0.000000e+00 8.840103e-01 1.159898e-01 0.000000e+00 0.000000e+00
 0.000000e+00 0.000000e+00 3.256230e-01 6.743771e-01 0.000000e+00
 0.000000e+00 0.000000e+00 0.000000e+00 4.724900e-01 5.275101e-01
 0.000000e+00 0.000000e+00 0.000000e+00 0.000000e+00 0.000000e+00
<ENDHMM>
~h "fp_screen_1"
<BEGINHMM>
<NUMSTATES> 5
<STATE> 2
<MEAN> 6
 5.229438e+02 2.329397e+01 2.823848e+00 5.860960e+00 1.227703e+00 5.714134e-01
<VARIANCE> 6
 9.402297e+03 9.201673e+02 8.787880e+00 5.071944e+01 2.451058e+00 5.017858e-01
<GCONST> 3.330714e+01
<STATE> 3
<MEAN> 6
 6.581686e+02 4.798384e+01 2.208841e+01 1.206146e+01 6.569171e+00 5.223823e+00
<VARIANCE> 6
 1.896259e+04 1.838577e+03 8.819186e+02 1.041101e+02 4.503251e+01 2.891099e+01
<GCONST> 4.699339e+01
<STATE> 4
<MEAN> 6
 5.947269e+02 6.305701e+00 2.117887e+00 1.808087e+00 6.019933e-01 3.103481e-01
<VARIANCE> 6
 2.418322e+03 1.651283e+02 2.775676e+00 2.065758e+01 1.261928e-01 1.962945e-02
<GCONST> 2.197312e+01
<TRANSP> 5
 0.000000e+00 1.000000e+00 0.000000e+00 0.000000e+00 0.000000e+00
 0.000000e+00 7.285094e-01 2.714907e-01 0.000000e+00 0.000000e+00
 0.000000e+00 0.000000e+00 5.787707e-01 4.212294e-01 0.000000e+00
 0.000000e+00 0.000000e+00 0.000000e+00 8.559623e-01 1.440377e-01
 0.000000e+00 0.000000e+00 0.000000e+00 0.000000e+00 0.000000e+00
<ENDHMM>
~h "fp_screen_2"
<BEGINHMM>
<NUMSTATES> 5
<STATE> 2
<MEAN> 6
 5.114538e+02 6.993009e+00 1.427085e+01 2.112980e+00 2.448064e+00 3.599384e-01
<VARIANCE> 6
 6.428829e+03 1.779142e+02 6.418566e+02 2.094635e+01 1.087696e+01 2.706743e-02
<GCONST> 3.326066e+01
<STATE> 3
<MEAN> 6
 6.260330e+02 4.292907e+01 2.388741e+01 2.208122e+01 8.570137e+00 3.959208e+00
<VARIANCE> 6
 2.234014e+04 1.284448e+03 1.210953e+03 2.350413e+02 1.076761e+02 1.754095e+01
<GCONST> 4.830208e+01
<STATE> 4
<MEAN> 6
 5.591760e+02 2.153004e+01 8.461482e+00 8.931454e+00 3.564310e+00 2.119462e+00
<VARIANCE> 6
 7.947293e+03 4.993351e+02 4.348597e+02 7.843950e+01 3.736017e+01 7.127110e+00
<GCONST> 4.224299e+01
<TRANSP> 5
 0.000000e+00 1.000000e+00 0.000000e+00 0.000000e+00 0.000000e+00
 0.000000e+00 8.621834e-01 1.378167e-01 0.000000e+00 0.000000e+00
 0.000000e+00 0.000000e+00 6.515913e-01 3.484087e-01 0.000000e+00
 0.000000e+00 0.000000e+00 0.000000e+00 6.520275e-01 3.479725e-01
 0.000000e+00 0.000000e+00 0.000000e+00 0.000000e+00 0.000000e+00
<ENDHMM>
~h "fp_screen_3"
<BEGINHMM>
<NUMSTATES> 5
<STATE> 2
<MEAN> 6
 5.407756e+02 4.429243e+01 8.926421e+00 1.236038e+01 3.528703e+00 1.954271e+00
<VARIANCE> 6
 8.255161e+03 1.231494e+03 4.669791e+02 9.489410e+01 4.388035e+01 8.807427e+00
<GCONST> 4.381795e+01
<STATE> 3
<MEAN> 6
 6.391437e+02 7.562188e+01 1.933785e+01 1.546297e+01 9.958685e+00 5.564001e+00
<VARIANCE> 6
 1.988519e+04 4.183760e+03 7.467274e+02 9.903665e+01 8.444284e+01 2.327776e+01
<GCONST> 4.805872e+01
<STATE> 4
<MEAN> 6
 4.610767e+02 8.809498e+00 3.921968e+00 2.245510e+00 1.200696e+00 5.713189e-01
<VARIANCE> 6
 3.097244e+03 1.877157e+02 3.491810e+01 9.953218e+00 9.346704e+00 9.676822e-01
<GCONST> 3.235353e+01
<TRANSP> 5
 0.000000e+00 1.000000e+00 0.000000e+00 0.000000e+00 0.000000e+00
 0.000000e+00 5.890781e-01 4.109219e-01 0.000000e+00 0.000000e+00
 0.000000e+00 0.000000e+00 5.146902e-01 4.853099e-01 0.000000e+00
 0.000000e+00 0.000000e+00 0.000000e+00 8.667716e-01 1.332284e-01
 0.000000e+00 0.000000e+00 0.000000e+00 0.000000e+00 0.000000e+00
<ENDHMM>
~h "fp_screen_4"
<BEGINHMM>
<NUMSTATES> 5
<STATE> 2
<MEAN> 6
 4.173520e+02 1.955637e+01 6.770105e+00 3.757275e+00 2.025915e+00 8.431664e-01
<VARIANCE> 6
 3.884219e+03 6.840497e+02 1.195741e+02 2.758314e+01 2.771389e+01 2.456355e+00
<GCONST> 3.814172e+01
<STATE> 3
<MEAN> 6
 5.123893e+02 4.042245e+01 3.156489e+01 9.080866e+00 7.899797e+00 4.071369e+00
<VARIANCE> 6
 2.960317e+04 3.518406e+03 1.906886e+03 1.339607e+02 8.838636e+01 2.374085e+01
<GCONST> 4.958835e+01
<STATE> 4
<MEAN> 6
 3.708064e+02 2.142430e+00 5.748828e+00 6.722931e-01 1.187543e+00 3.960811e-01
<VARIANCE> 6
 1.864503e+03 3.841512e+00 4.924776e+01 3.295682e-01 1.045811e+00 4.705167e-02
<GCONST> 1.967905e+01
<TRANSP> 5
 0.000000e+00 1.000000e+00 0.000000e+00 0.000000e+00 0.000000e+00
 0.000000e+00 5.785667e-01 4.214333e-01 0.000000e+00 0.000000e+00
 0.000000e+00 0.000000e+00 3.444882e-01 6.555119e-01 0.000000e+00
 0.000000e+00 0.000000e+00 0.000000e+00 8.901294e-01 1.098706e-01
 0.000000e+00 0.000000e+00 0.000000e+00 0.000000e+00 0.000000e+00
<ENDHMM>
~h "fp_screen_5"
<BEGINHMM>
<NUMSTATES> 5
<STATE> 2
<MEAN> 6
 4.181521e+02 1.372574e+00 2.518995e+00 4.575841e-01 5.232296e-01 3.873992e-01
<VARIANCE> 6
 4.372614e+02 1.192128e+00 2.464994e+00 5.854031e-02 6.758853e-02 3.123120e-02
<GCONST> 9.187029e+00
<STATE> 3
<MEAN> 6
 4.892370e+02 1.248486e+00 4.534701e+00 3.281763e-01 5.635545e-01 3.219360e-01
<VARIANCE> 6
 1.161196e+03 9.907036e-01 3.305898e+00 1.935426e-02 5.868990e-02 2.698488e-02
<GCONST> 8.878027e+00
<STATE> 4
<MEAN> 6
 5.226360e+02 2.182393e+00 1.117629e+01 4.606892e-01 2.324024e+00 4.105451e-01
<VARIANCE> 6
 4.147295e+03 2.071462e+00 7.716568e+01 4.600385e-02 5.552606e+00 2.518669e-02
<GCONST> 1.938548e+01
<TRANSP> 5
 0.000000e+00 1.000000e+00 0.000000e+00 0.000000e+00 0.000000e+00
 0.000000e+00 7.562693e-01 2.437308e-01 0.000000e+00 0.000000e+00
 0.000000e+00 0.000000e+00 7.918491e-01 2.081509e-01 0.000000e+00
 0.000000e+00 0.000000e+00 0.000000e+00 6.766792e-01 3.233208e-01
 0.000000e+00 0.000000e+00 0.000000e+00 0.000000e+00 0.000000e+00
<ENDHMM>
~h "fp_key"
<BEGINHMM>
<NUMSTATES> 5
<STATE> 2
<MEAN> 6
 3.268324e+02 5.059796e+00 4.899647e+00 1.450524e+00 1.127084e+00 5.310885e-01
<VARIANCE> 6
 7.189042e+03 5.005009e+01 2.568482e+01 3.478388e+00 2.303786e+00 5.089179e-01
<GCONST> 2.847216e+01
<STATE> 3
<MEAN> 6
 5.237932e+02 4.696074e+01 2.009787e+01 1.374506e+01 7.005179e+00 2.964823e+00
<VARIANCE> 6
 2.605131e+04 2.203717e+03 1.044761e+03 1.386213e+02 1.072276e+02 1.617494e+01
<GCONST> 4.823469e+01
<STATE> 4
<MEAN> 6
 3.629071e+02 2.744336e+00 4.737007e+00 6.453979e-01 9.999315e-01 3.807240e-01
<VARIANCE> 6
 1.095569e+04 5.181823e+00 2.184586e+01 1.753769e-01 1.371290e+00 3.220269e-02
<GCONST> 2.019727e+01
<TRANSP> 5
 0.000000e+00 1.000000e+00 0.000000e+00 0.000000e+00 0.000000e+00
 0.000000e+00 9.363652e-01 6.363481e-02 0.000000e+00 0.000000e+00
 0.000000e+00 0.000000e+00 9.697480e-01 3.025200e-02 0.000000e+00
 0.000000e+00 0.000000e+00 0.000000e+00 9.528961e-01 4.710390e-02
 0.000000e+00 0.000000e+00 0.000000e+00 0.000000e+00 0.000000e+00
<ENDHMM>
~h "fp_key_0"
<BEGINHMM>
<NUMSTATES> 5
<STATE> 2
<MEAN> 6
 2.908692e+02 3.156029e+00 4.223813e+00 1.005282e+00 9.664258e-01 4.631025e-01
<VARIANCE> 6
 1.243917e+03 4.229905e+01 1.710623e+01 2.866027e+00 1.179603e+00 3.876679e-01
<GCONST> 2.500799e+01
<STATE> 3
<MEAN> 6
 4.358551e+02 4.037367e+01 5.397430e+01 1.296310e+01 1.580767e+01 5.144184e+00
<VARIANCE> 6
 1.182169e+04 1.732973e+03 2.972734e+03 1.172975e+02 1.962578e+02 1.730712e+01
<GCONST> 4.875504e+01
<STATE> 4
<MEAN> 6
 5.339835e+02 6.000174e+01 1.400451e+01 1.718314e+01 5.131598e+00 2.184050e+00
<VARIANCE> 6
 2.753069e+04 2.906614e+03 4.159857e+02 1.864948e+02 4.123221e+01 6.689404e+00
<GCONST> 4.610386e+01
<TRANSP> 5
 0.000000e+00 1.000000e+00 0.000000e+00 0.000000e+00 0.000000e+00
 0.000000e+00 8.674238e-01 1.325762e-01 0.000000e+00 0.000000e+00
 0.000000e+00 0.000000e+00 4.877128e-02 9.512287e-01 0.000000e+00
 0.000000e+00 0.000000e+00 0.000000e+00 7.063915e-01 2.936085e-01
 0.000000e+00 0.000000e+00 0.000000e+00 0.000000e+00 0.000000e+00
<ENDHMM>
~h "fp_key_1"
<BEGINHMM>
<NUMSTATES> 5
<STATE> 2
<MEAN> 6
 5.343281e+02 3.962463e+01 1.808648e+01 1.090622e+01 5.919662e+00 2.337938e+00
<VARIANCE> 6
 1.377684e+04 1.910220e+03 6.837075e+02 1.199057e+02 6.596899e+01 9.206288e+00
<GCONST> 4.583629e+01
<STATE> 3
<MEAN> 6
 7.040838e+02 4.884943e+01 1.811055e+01 1.725033e+01 5.431402e+00 2.385235e+00
<VARIANCE> 6
 2.627884e+04 1.445365e+03 7.696405e+02 1.447346e+02 6.023120e+01 1.061517e+01
<GCONST> 4.656120e+01
<STATE> 4
<MEAN> 6
 5.431953e+02 1.363062e+01 8.421290e+00 4.156468e+00 2.292701e+00 9.293688e-01
<VARIANCE> 6
 1.166045e+04 3.605580e+02 7.302611e+01 3.647172e+01 1.325842e+01 2.196045e+00
<GCONST> 3.753752e+01
<TRANSP> 5
 0.000000e+00 1.000000e+00 0.000000e+00 0.000000e+00 0.000000e+00
 0.000000e+00 5.125183e-01 4.874817e-01 0.000000e+00 0.000000e+00
 0.000000e+00 0.000000e+00 7.264026e-01 2.735974e-01 0.000000e+00
 0.000000e+00 0.000000e+00 0.000000e+00 8.628941e-01 1.371059e-01
 0.000000e+00 0.000000e+00 0.000000e+00 0.000000e+00 0.000000e+00
<ENDHMM>
~h "fp_key_2"
<BEGINHMM>
<NUMSTATES> 5
<STATE> 2
<MEAN> 6
 4.658346e+02 1.192150e+01 8.825424e+00 4.076374e+00 2.215062e+00 1.031587e+00
<VARIANCE> 6
 1.917909e+04 4.139623e+02 8.084732e+01 3.531031e+01 1.457896e+01 2.885684e+00
<GCONST> 3.861069e+01
<STATE> 3
<MEAN> 6
 5.208360e+02 5.359190e+01 4.079202e+01 1.972682e+01 1.471298e+01 6.658477e+00
<VARIANCE> 6
 2.582529e+04 1.659505e+03 2.106382e+03 1.768486e+02 2.039463e+02 4.435017e+01
<GCONST> 5.053864e+01
<STATE> 4
<MEAN> 6
 5.241365e+02 7.662431e+01 1.921842e+01 1.427543e+01 4.990149e+00 2.230395e+00
<VARIANCE> 6
 1.921646e+04 2.412743e+03 7.902402e+02 7.269481e+01 5.003105e+01 5.977565e+00
<GCONST> 4.533857e+01
<TRANSP> 5
 0.000000e+00 1.000000e+00 0.000000e+00 0.000000e+00 0.000000e+00
 0.000000e+00 8.681498e-01 1.318502e-01 0.000000e+00 0.000000e+00
 0.000000e+00 0.000000e+00 5.647128e-01 4.352872e-01 0.000000e+00
 0.000000e+00 0.000000e+00 0.000000e+00 6.793125e-01 3.206875e-01
 0.000000e+00 0.000000e+00 0.000000e+00 0.000000e+00 0.000000e+00
<ENDHMM>
~h "fp_key_3"
<BEGINHMM>
<NUMSTATES> 5
<STATE> 2
<MEAN> 6
 4.483236e+02 6.975509e+01 1.479157e+01 1.516865e+01 4.664011e+00 1.859734e+00
<VARIANCE> 6
 2.069838e+04 2.837412e+03 5.969172e+02 1.219440e+02 4.617852e+01 4.977315e+00
<GCONST> 4.554847e+01
<STATE> 3
<MEAN> 6
 4.723026e+02 5.383366e+01 4.223785e+01 1.965785e+01 1.610725e+01 5.211536e+00
<VARIANCE> 6
 1.876671e+04 1.805196e+03 2.858262e+03 1.578630e+02 2.659988e+02 2.805520e+01
<GCONST> 5.030289e+01
<STATE> 4
<MEAN> 6
 3.019095e+02 9.932528e+00 4.777912e+00 3.576952e+00 2.364985e+00 1.290799e+00
<VARIANCE> 6
 7.724151e+03 5.538052e+02 8.559056e+01 4.202376e+01 3.629006e+01 4.262095e+00
<GCONST> 3.952530e+01
<TRANSP> 5
 0.000000e+00 1.000000e+00 0.000000e+00 0.000000e+00 0.000000e+00
 0.000000e+00 7.179709e-01 2.820291e-01 0.000000e+00 0.000000e+00
 0.000000e+00 0.000000e+00 5.916971e-01 4.083029e-01 0.000000e+00
 0.000000e+00 0.000000e+00 0.000000e+00 8.334750e-01 1.665250e-01
 0.000000e+00 0.000000e+00 0.000000e+00 0.000000e+00 0.000000e+00
<ENDHMM>
~h "fp_key_4"
<BEGINHMM>
<NUMSTATES> 5
<STATE> 2
<MEAN> 6
 4.378102e+02 4.522070e+01 8.762283e+00 1.302432e+01 3.923304e+00 2.120020e+00
<VARIANCE> 6
 2.311563e+04 2.308354e+03 1.561403e+02 1.036879e+02 5.396164e+01 5.701701e+00
<GCONST> 4.424099e+01
<STATE> 3
<MEAN> 6
 4.105848e+02 4.528212e+01 3.873209e+01 1.643608e+01 1.599301e+01 7.190261e+00
<VARIANCE> 6
 1.626063e+04 2.538457e+03 2.015015e+03 1.765739e+02 1.921704e+02 3.708017e+01
<GCONST> 5.021666e+01
<STATE> 4
<MEAN> 6
 3.000376e+02 2.695652e+00 2.706457e+00 7.122455e-01 7.850631e-01 3.735203e-01
<VARIANCE> 6
 4.474346e+03 6.807764e+00 7.500545e+00 2.093940e-01 5.630826e-01 2.619772e-02
<GCONST> 1.758647e+01
<TRANSP> 5
 0.000000e+00 1.000000e+00 0.000000e+00 0.000000e+00 0.000000e+00
 0.000000e+00 7.473138e-01 2.526862e-01 0.000000e+00 0.000000e+00
 0.000000e+00 0.000000e+00 5.697868e-01 4.302132e-01 0.000000e+00
 0.000000e+00 0.000000e+00 0.000000e+00 8.511483e-01 1.488518e-01
 0.000000e+00 0.000000e+00 0.000000e+00 0.000000e+00 0.000000e+00
<ENDHMM>
~h "fp_key_5"
<BEGINHMM>
<NUMSTATES> 5
<STATE> 2
<MEAN> 6
 3.135101e+02 3.024385e+00 5.289945e+00 5.548603e-01 1.282836e+00 4.085863e-01
<VARIANCE> 6
 5.073590e+03 6.033923e+00 1.801770e+01 7.181439e-02 1.501892e+00 3.095511e-02
<GCONST> 1.854565e+01
<STATE> 3
<MEAN> 6
 3.118814e+02 4.206440e+00 8.971063e+00 9.823754e-01 2.554648e+00 5.345683e-01
<VARIANCE> 6
 4.675330e+03 1.439140e+01 7.977702e+01 5.748923e-01 8.041776e+00 8.107010e-02
<GCONST> 2.554182e+01
<STATE> 4
<MEAN> 6
 4.660272e+02 2.451082e+00 4.953736e+00 4.199211e-01 6.843681e-01 3.818886e-01
<VARIANCE> 6
 5.649134e+03 3.007273e+00 9.229609e+00 4.679700e-02 1.121231e-01 2.653597e-02
<GCONST> 1.411062e+01
<TRANSP> 5
 0.000000e+00 1.000000e+00 0.000000e+00 0.000000e+00 0.000000e+00
 0.000000e+00 6.386315e-01 3.613685e-01 0.000000e+00 0.000000e+00
 0.000000e+00 0.000000e+00 6.377989e-01 3.622011e-01 0.000000e+00
 0.000000e+00 0.000000e+00 0.000000e+00 8.454846e-01 1.545154e-01
 0.000000e+00 0.000000e+00 0.000000e+00 0.000000e+00 0.000000e+00
<ENDHMM>
